Cingulate area 2,Glomerular layer of the accessory olfactory bulb,Glomerular layer of the olfactory bulb,"Olfactory bulb, unspecified",Frontal association cortex,Cornu ammonis 3,Dentate gyrus,Cornu ammonis 2,Cornu ammonis 1,Fasciola cinereum,Subiculum,Postrhinal cortex,Presubiculum,Parasubiculum,Perirhinal area 35,Perirhinal area 36,Medial entorhinal cortex,Lateral entorhinal cortex,Primary auditory area,"Secondary auditory area, dorsal part","Secondary auditory area, ventral part","Piriform cortex, layer 1","Piriform cortex, layer 2","Piriform cortex, layer 3",Ventrolateral orbital area,Lateral orbital area,Ventral orbital area,Medial orbital area,Dorsolateral orbital area,Prelimbic area,Secondary motor area,Frontal association area 3,Primary motor area,"Agranular insular cortex, ventral area",Agranular insular cortex dorsal area,Cingulate area 1,Infralimbic area,Dysgranular insular cortex,Granular insular cortex,"Primary somatosensory area, forelimb representation","Primary somatosensory area, dysgranular zone","Primary somatosensory area, face representation",Secondary somatosensory area,"Primary somatosensory area, hindlimb representation","Agranular insular cortex, posterior area","Primary somatosensory area, barrel field",Retrosplenial dysgranular area,"Primary somatosensory area, trunk representation",Retrosplenial granular area,"Parietal association cortex, lateral area","Parietal association cortex, medial area","Parietal association cortex, posterior area",Primary visual area,"Secondary visual area, lateral part",Temporal association cortex,"Secondary visual area, medial part",Nucleus of the lateral olfactory tract
0.0,0.22931699795273852,0.20108529919167675,0.2575071144894277,0.2917877875515879,0.7213568986194631,0.8636432955958473,0.6674397490563988,0.8017921073996289,0.6893765309354644,0.7553930460904261,0.5975854947506125,0.7568656705156956,0.7156373009497354,0.517784217144534,0.5976898837253893,0.720664813633627,0.7102834579590294,0.624799754116723,0.6409898448450885,0.6120379948779298,0.667096823464091,0.694267101874523,0.6676815139795494,0.5609724492370323,0.48971111911014764,0.5635543162604625,0.39363253781345153,0.4761345833821231,0.5754906168466679,0.647519854617576,0.7528144860030201,0.8062085196634103,0.6262420875752149,0.7651886710332826,0.9703635135473592,0.6579640216495174,0.6177391153930306,0.5811540694036558,0.8501195053438672,0.8073459357873104,0.700607597109935,0.5502237240093214,0.7026824910207898,0.4781038926860128,0.6805791149000897,0.7554759897914701,0.748550251677016,0.7787809212696946,0.6322729326725117,0.624143339909802,0.5674239691948288,0.7803442400824654,0.7902246960111425,0.6516240244512268,0.6503997420081468,0.7010649273599194
0.22931699795273852,0.0,0.9656324113868466,0.9157612767663583,0.7757085442847753,0.27845838661006456,0.27360248236922,0.3512790962298779,0.2962851441376257,0.2191032984340512,0.30187224944950114,0.3233311104431379,0.29061996844632576,0.25677229073557734,0.396383043922301,0.37049526430522284,0.32155716681157787,0.32846587540852706,0.3649185930550471,0.3694108094919516,0.3408122112954681,0.36076684855548463,0.33469649631618614,0.33792656450204284,0.4855375694773407,0.5592346927159031,0.43620480947104606,0.6909728993753488,0.5873379868614641,0.49789154056760093,0.43234209047617284,0.3754742503692567,0.34810462356959765,0.4126455118999256,0.3625210777374721,0.3157701155349449,0.3249187768592639,0.3641944646651366,0.348250518545004,0.27649787886351984,0.26810318569453206,0.3906392009837416,0.33926027547529863,0.2503569109347465,0.40701065490907395,0.31109168700125495,0.29623819923549977,0.38620918902713264,0.3161921568512302,0.17770056237113221,0.2565457332655737,0.21332261763998753,0.33403920936590487,0.3023957057823936,0.3053456942399145,0.29780511695283257,0.21264548613887452
0.20108529919167675,0.9656324113868466,0.0,0.8533553833045223,0.7772782754341132,0.252958480373497,0.24634797852625395,0.3286742516119354,0.2641596203493456,0.20507818439632988,0.2701350839992763,0.3007591857804523,0.26591195228390907,0.24131225037204962,0.3809210680977545,0.3368068695514328,0.2991164401554536,0.2998093380101882,0.33722317272482455,0.344252098203628,0.3202011099222413,0.32665393737916454,0.3012972944331078,0.30611015947451836,0.43164964782694204,0.4693258838510242,0.40262332792212785,0.6436801711381458,0.5225239480504514,0.43117513628030496,0.3669435056608764,0.3164080143594768,0.2912099621627374,0.36053904374491347,0.30991364739733024,0.2737574224315859,0.2951595454830523,0.31820951215905924,0.3214717485836683,0.2444695622364272,0.24494805687003882,0.336376005957945,0.3192622462429303,0.22616589113803234,0.3770528092852581,0.2813266233720474,0.2766195782142834,0.33956944068479084,0.29138938806303327,0.16578643684912034,0.23517564445509703,0.21256289868239545,0.2978237198165678,0.2702762188013778,0.2874010047008429,0.2690344516077744,0.19663641846906152
0.2575071144894277,0.9157612767663583,0.8533553833045223,0.0,0.911330590831328,0.32982919972183505,0.3245451813185057,0.4291329260953467,0.35411979831787727,0.2660544676004966,0.3612274002487325,0.3855482333846882,0.3439335886308516,0.30209968533966575,0.4669345988715013,0.43991751063481643,0.4087358585367484,0.39698804885145267,0.4407998150856678,0.4333203161725594,0.40911308959208864,0.43169046463313154,0.41178361575482497,0.4078361072604621,0.5787004462712738,0.6546137343594423,0.518444604052645,0.878450676034276,0.681702019362085,0.5949636061192655,0.5111112662203354,0.44844360826107965,0.41228741622632425,0.48125963554033657,0.4290852641132214,0.3678068868114141,0.4044731393716879,0.4332152565186999,0.43668375310963226,0.32107786392403614,0.3251196782051535,0.45818504250344927,0.421697907684441,0.30111839449188726,0.4897847703254154,0.3768006585734564,0.36141192313973897,0.4600799282043004,0.3785359875358822,0.21060699024441143,0.3123463281967208,0.25446455802950724,0.4013954694976439,0.3611402629818787,0.36581768954828947,0.35697455568202613,0.2542030013245449
0.2917877875515879,0.7757085442847753,0.7772782754341132,0.911330590831328,0.0,0.39693010391785033,0.38354932858200946,0.5158173671001403,0.4132597709839121,0.31187472532882293,0.4320476182316084,0.4711953673246114,0.39643816791531644,0.3542371484764501,0.5779218208956227,0.538865329551456,0.47171944217705364,0.48231696356362813,0.5265449742347786,0.5368858661587892,0.49558232949382386,0.5156104284316058,0.49231191161711674,0.49436255341712715,0.6439311004681829,0.688577091441881,0.6303947854570149,0.9189013848026981,0.8225825124113876,0.6815308499721621,0.5957378032118127,0.5065562274936092,0.4838082419940174,0.5775798719438457,0.4836955615076841,0.42156734684207153,0.4876190233257081,0.5152965531796008,0.5169274936941279,0.3790913739258651,0.38257851394327014,0.5341793176984393,0.5267636163275624,0.3574688920973768,0.6070324132398706,0.44700529888809654,0.42810025716692757,0.5404386803369179,0.4555516530554741,0.2433498214868481,0.3853209409828116,0.30605972870253456,0.4822485608495838,0.41760424126391377,0.4564928578930023,0.4173726392366318,0.2957906112517586
0.7213568986194631,0.27845838661006456,0.252958480373497,0.32982919972183505,0.39693010391785033,0.0,0.9413481534621724,0.8986105190005986,0.9841581132203716,0.8384819210833666,0.9784839337457896,0.780308352777049,0.8434395479115958,0.8470345839960368,0.8106429910880978,0.8623268028675205,0.9044407057998188,0.8581604999661704,0.8211712240392788,0.868903983781501,0.8148345664938443,0.8593722142688726,0.8924201196597552,0.7862812912707519,0.6547335216357796,0.5803730804406818,0.8040366690380065,0.49258910736069783,0.6250289993809187,0.7643413840384252,0.7175471634304931,0.7906677289170632,0.8818219978902633,0.7780985679376059,0.8157328067709273,0.9087634066984599,0.9050310003570401,0.8025497614684912,0.8223711632497362,0.9277008571719854,0.9067832415494698,0.8427330570767401,0.8567654352795294,0.838986062743709,0.6658465333814165,0.969828409228992,0.9457807136320697,0.8203738245235582,0.9491276603450232,0.7233177840732529,0.850066940819366,0.8087940884088346,0.9411619653325274,0.8512844881026328,0.893306436117346,0.8121679066426337,0.8527424836342145
0.8636432955958473,0.27360248236922,0.24634797852625395,0.3245451813185057,0.38354932858200946,0.9413481534621724,0.0,0.9081937076660095,1.0,0.8760289440890319,1.0,0.8082551720716489,0.9539697027263633,0.9271736419005575,0.7369912613217561,0.8910175916290204,0.8967853182287897,0.8607835056799059,0.8535098505565827,0.9571367167637153,0.8293301839525439,0.890746863520563,0.8871414712468624,0.8493055972212455,0.6884212891374865,0.6134982396303004,0.7816143069985885,0.5114389590481146,0.6195685774252889,0.7752594231286707,0.779242294666452,0.8636239454588452,0.9212100831316502,0.8495400742943745,0.8434581736002084,0.9349407116220831,0.8485823031663142,0.8077539326916331,0.829232550128954,0.9435824127459541,0.966487474844967,0.9789357892705892,0.7806783558928847,0.8816204921449897,0.6707038338367234,0.9360067309321471,0.9174985851632593,0.9430908434390609,1.0,0.7680234005392141,0.8279403205264901,0.7697599474769832,1.0,0.9287014651503213,0.9272889556744027,0.8945090566913237,0.8574754431203113
0.6674397490563988,0.3512790962298779,0.3286742516119354,0.4291329260953467,0.5158173671001403,0.8986105190005986,0.9081937076660095,0.0,0.8819118994282141,0.7752877594886852,0.9913958531828657,0.8543124150704624,0.8675524962840306,0.7936359279047044,0.9536459386671956,0.9856815326354842,0.9680970176865333,0.88387874304175,0.9749706475398556,0.9952513336084711,0.8829062242811946,1.0,0.9798037047321919,0.8651748603369824,0.8215265161494942,0.7643181629208389,0.9276290898220096,0.6299780594670149,0.779371957300612,0.8971627521027162,0.8446717372572154,0.8578151360442063,0.9218631875780363,0.9520757867700408,0.8016783035697946,0.8527069533012495,0.9770142769549646,0.9040113502886432,0.9358974780591449,0.8832389237164969,0.8738311096898201,0.900197901475481,0.8700887649135425,0.7642919775285769,0.8351095360290964,0.9516778816934076,0.9165334731142356,0.8872991265214657,0.9544624655147929,0.6018254535567902,0.7882967190803059,0.720990449344225,0.9403239311072645,0.9657788358644779,0.9741892819877247,0.859669280350864,0.7408820262614179
0.8017921073996289,0.2962851441376257,0.2641596203493456,0.35411979831787727,0.4132597709839121,0.9841581132203716,1.0,0.8819118994282141,0.0,0.8297969113045042,1.0,0.8445972151121973,0.9324905676380141,0.8629908678842526,0.7488326213337589,0.8660336138190652,0.9578185311237116,0.861929304799404,0.8958659796015437,0.9288670349687479,0.8407390316845812,0.9213180241302861,0.8914801604630953,0.8492703768639872,0.7363675157380561,0.6585713729479269,0.7849094059985545,0.5477862621344433,0.6777900960524614,0.7947425122605435,0.8481657001368615,0.8972219452412867,0.9716275766697411,0.8901409660633073,0.8821260080516892,0.9745723508032044,0.9402056777940462,0.8146917395575719,0.8623248751543756,0.891200254650559,0.9379447811271406,0.9392027171717422,0.7849169606043692,0.8681329978288459,0.6985679945979772,0.9973323484387481,0.9203045718066735,0.9057575449829317,1.0,0.7201549592441282,0.854363711344654,0.7530471750921941,1.0,0.9915978256033452,0.8700922568339847,0.8562102423491753,0.8736847049840051
0.6893765309354644,0.2191032984340512,0.20507818439632988,0.2660544676004966,0.31187472532882293,0.8384819210833666,0.8760289440890319,0.7752877594886852,0.8297969113045042,0.0,0.8673366084283488,0.7390142673913164,0.8427809887535236,0.7949351330779493,0.6516314740408784,0.774254035976426,0.7841789117565408,0.7695198040969313,0.7208654048019753,0.8110033519649581,0.7301153059189507,0.8160419932583988,0.7854057202443373,0.7734832026537934,0.5338558345634915,0.47641854745338413,0.6132313917932569,0.3854883602762175,0.48986360879483837,0.5853929223098631,0.6197413200324935,0.7293474978728905,0.7841629617385225,0.6413714167473511,0.6854088558707141,0.7872114705495572,0.8195530531507624,0.7633280288299619,0.7302299890804328,0.8715277765054654,0.9640509083609939,0.7289545452982495,0.7613142231207484,0.8716904940589328,0.6114533220874625,0.888993140181337,0.8472172901509111,0.7377585910092413,0.8167547503024961,0.896200573806434,0.8518834777935942,0.8123876581148136,0.7965251477688724,0.7928780082806007,0.8341232895885888,0.8025017830318021,0.9291594900666307
0.7553930460904261,0.30187224944950114,0.2701350839992763,0.3612274002487325,0.4320476182316084,0.9784839337457896,1.0,0.9913958531828657,1.0,0.8673366084283488,0.0,0.8839429952869489,0.9287100695876804,0.8924174312907224,0.8242435536846451,0.8771602452443842,0.985334054803164,0.9246542396473738,0.9059491456408254,0.9258926841810996,0.8410472888964245,0.988993492834084,0.930409840687438,0.847185654600762,0.7534240865881991,0.6745064807482838,0.8484598368150394,0.5494618231029595,0.6811948877664201,0.7923449882022486,0.8358173953935384,0.8368271878764385,1.0,0.9305311857596853,0.825884025281104,0.9330941277518477,0.9775907605179107,0.8931626390190148,0.9098502197394818,0.9279781574702352,0.9630798648175821,0.8948854262800776,0.8650515927226134,0.9341615012901098,0.7775747625588153,0.9342431872656518,0.9592075167588733,0.8750382371914904,0.9853614755989993,0.7503706069562276,0.9309795799833763,0.7929553264607347,1.0,0.9625020479411961,0.9519769291417368,0.9021406817650343,0.8699922438214632
0.5975854947506125,0.3233311104431379,0.3007591857804523,0.3855482333846882,0.4711953673246114,0.780308352777049,0.8082551720716489,0.8543124150704624,0.8445972151121973,0.7390142673913164,0.8839429952869489,0.0,0.8601614980923222,0.7831899232160835,0.8942189244742703,0.9332041634793735,0.8884538026450381,0.9643353503627259,0.8985860644864672,0.9329604550388975,0.9330420369836309,0.8471759930169079,0.8593832424852212,0.8499512236096703,0.6904123951857231,0.6368486123555115,0.7620560728350886,0.5611985463008021,0.7136322722520935,0.7630789871736562,0.7491564675567837,0.7943815776958443,0.8015929084211701,0.8403002419528033,0.7983115262579168,0.7977117763066822,0.859447310738445,0.8526439124308668,0.8180167259361393,0.8031597220021967,0.8476181926748724,0.846584149708126,0.7964023320637595,0.7310747662490173,0.7864918731992557,0.9045248013251936,0.8438740393996708,0.8864884837921314,0.8497131955535832,0.6601175483047454,0.8128673130784778,0.7388230637197497,0.9429435578978929,0.9182286393198086,0.9285731515798756,0.8506635354424761,0.7087199151183411
0.7568656705156956,0.29061996844632576,0.26591195228390907,0.3439335886308516,0.39643816791531644,0.8434395479115958,0.9539697027263633,0.8675524962840306,0.9324905676380141,0.8427809887535236,0.9287100695876804,0.8601614980923222,0.0,0.8784409854650289,0.7613693477634333,0.8414144283238141,0.9731173031246906,0.9612975031740842,0.8594976280916871,0.927334644612047,0.8844317938339589,0.8523345202535535,0.8318039935244216,0.8253443216404184,0.6738414430318489,0.6057261930007322,0.7444495434967072,0.5351659083714225,0.6472518755438589,0.751693717442063,0.7456071891404261,0.8267367171615215,0.8591808467232157,0.8813936619164209,0.8249398034908545,0.9062960116436625,0.8338903281379106,0.78711809287355,0.7604791547672096,0.8617739469478081,0.8952851916142632,0.825813114074479,0.765480117931463,0.7862028165995676,0.635425930256036,0.8708355700486531,0.8785364860066625,0.9080009006756055,0.8773898622403119,0.7007946432784188,0.8276035312770776,0.8581621297712199,0.9550847115943736,0.9305130953657754,0.931709955474581,0.9261902787202518,0.7868864127507592
0.7156373009497354,0.25677229073557734,0.24131225037204962,0.30209968533966575,0.3542371484764501,0.8470345839960368,0.9271736419005575,0.7936359279047044,0.8629908678842526,0.7949351330779493,0.8924174312907224,0.7831899232160835,0.8784409854650289,0.0,0.7390226033120756,0.7828429443232221,0.861240438946602,0.8740237053172678,0.7528453960802104,0.838200623382925,0.7994651274302518,0.7869604642293723,0.848312024036984,0.7698098482450686,0.5990084398804579,0.5166984864568265,0.6822957394775049,0.4632981944081767,0.5625430806913146,0.6662656050787237,0.6753732471294237,0.748899010369134,0.7833382510321756,0.6944562420644954,0.7645951280425825,0.8381396161612021,0.7657624222690497,0.7456300769824606,0.7537072406434591,0.8279937940487243,0.8829415789818096,0.7787071136851171,0.7229837908087505,0.7180202030333713,0.6037137260606538,0.854331517634411,0.8477316482332535,0.7858043033757175,0.8216960582785021,0.6741297590000122,0.7436933518603673,0.8487219222009734,0.8727443544587501,0.9374862019933612,0.8854699357047761,0.8155810660300722,0.7562350445799726
0.517784217144534,0.396383043922301,0.3809210680977545,0.4669345988715013,0.5779218208956227,0.8106429910880978,0.7369912613217561,0.9536459386671956,0.7488326213337589,0.6516314740408784,0.8242435536846451,0.8942189244742703,0.7613693477634333,0.7390226033120756,0.0,0.9843827544420487,0.8718671935202992,0.8455091666683913,0.9414388961264762,0.9806206415474652,0.9538313034256987,0.9433844048304565,0.9002228042416478,0.8792016256201711,0.7790844834686206,0.7290956958256077,0.8754066383968458,0.6606434683239596,0.8209546667834194,0.8831817948489769,0.8006815814986521,0.8333936900742378,0.7795750187431807,0.8672406689206921,0.7090622179991739,0.7319628728684543,0.8211868739847336,0.862779088396415,0.8860852882843376,0.7796391266795024,0.7507956982988623,0.8683648478785129,0.8844186438522486,0.6587501991558481,0.9284409904769823,0.8848795512199734,0.7991268816156826,0.9139161360486844,0.8027244603587669,0.5276704346078914,0.7238415485565728,0.7089688930927583,0.8982262487664837,0.8814073204848931,0.8620386619485592,0.7732896825302704,0.6137282371867633
0.5976898837253893,0.37049526430522284,0.3368068695514328,0.43991751063481643,0.538865329551456,0.8623268028675205,0.8910175916290204,0.9856815326354842,0.8660336138190652,0.774254035976426,0.8771602452443842,0.9332041634793735,0.8414144283238141,0.7828429443232221,0.9843827544420487,0.0,1.0,0.8865168862829151,1.0,1.0,0.9025285819470518,0.9860509532548873,0.9483435127669563,0.862044158110037,0.8081325080347079,0.7547044942104516,0.8807745863878197,0.6402598941278826,0.810224946276129,0.9133746468379986,0.8274675258182468,0.8872688255125477,0.8637299306692242,0.9219607558951833,0.8286896110591883,0.8317906926901861,0.8926580091364202,0.9146132603984365,0.947592900358191,0.8578949866110902,0.8903382834564372,0.9137706806850109,0.9771005593456465,0.7194192268046449,0.8757420007455587,0.9475221551231535,0.868311741783064,0.9468363285217624,0.9006789506693067,0.6239707828070692,0.7779365308801053,0.7860846947133473,0.9452157339128249,0.8925026555208868,1.0,0.8316020071922189,0.6911761478934867
0.720664813633627,0.32155716681157787,0.2991164401554536,0.4087358585367484,0.47171944217705364,0.9044407057998188,0.8967853182287897,0.9680970176865333,0.9578185311237116,0.7841789117565408,0.985334054803164,0.8884538026450381,0.9731173031246906,0.861240438946602,0.8718671935202992,1.0,0.0,0.98603019298601,0.9439086433937403,1.0,0.905996675382204,0.9012600230608521,0.9274398939034718,0.8850575012642834,0.7898415871608664,0.7158718253127043,0.8640228205080617,0.5992479936626305,0.7612321545344187,0.8891338849614103,0.7974530566297433,0.8547909002291001,0.9417306745264062,0.8927767789263374,0.8922754897441167,0.914185162723183,0.9131023231924786,0.9086554562386193,0.8321238555165654,0.899534471301855,0.9172280631592523,0.8608576534125927,0.8266654903379447,0.8401440192163627,0.7673723441484392,0.8793705488839432,0.9486460337727276,0.9931958652185887,0.994890075283041,0.6378424383097722,0.8404317551128059,0.8451343858619466,1.0,1.0,0.9422357276729952,0.8957752419158742,0.7525747439029182
0.7102834579590294,0.32846587540852706,0.2998093380101882,0.39698804885145267,0.48231696356362813,0.8581604999661704,0.8607835056799059,0.88387874304175,0.861929304799404,0.7695198040969313,0.9246542396473738,0.9643353503627259,0.9612975031740842,0.8740237053172678,0.8455091666683913,0.8865168862829151,0.98603019298601,0.0,0.9553193612965817,0.9996348298209705,0.974753682939273,0.9185753883680656,0.9135663625500637,0.8761234287614204,0.747645905561278,0.6707319944955253,0.8527429020171686,0.5741676423561222,0.7541084344157026,0.8575429810991023,0.814964625202166,0.9041705864688123,0.954139450717113,0.8498221992006837,0.8183765917561592,0.8984976883856857,0.9120522574731641,0.8528680313838326,0.854077459946869,0.8853037624617283,0.8959076013751837,0.8752014008218372,0.8897057025937323,0.8033208003826786,0.7521215322657976,0.9438747703381729,0.9295110163057893,0.9885758419879718,0.9170485974805281,0.6388452041329584,0.8012605931928645,0.7987258898315527,0.9941572837494547,0.9652180014052413,0.9495035611624693,0.8722708700871803,0.7348355627754152
0.624799754116723,0.3649185930550471,0.33722317272482455,0.4407998150856678,0.5265449742347786,0.8211712240392788,0.8535098505565827,0.9749706475398556,0.8958659796015437,0.7208654048019753,0.9059491456408254,0.8985860644864672,0.8594976280916871,0.7528453960802104,0.9414388961264762,1.0,0.9439086433937403,0.9553193612965817,0.0,0.9980040239732935,0.9380712189016016,0.9409543983938424,0.8783814473765781,0.8576466417535832,0.8311844480102744,0.7312288240875285,0.9163674019982491,0.6127333825025011,0.8020051486253403,0.8496430788096019,0.8154900033252045,0.8533197188204121,0.9114698203167227,0.9193859234482717,0.7924521553365365,0.8567255018742151,0.9734457155547349,0.958752605406195,0.8863240341386497,0.7946685768928753,0.8243865033148485,0.8809713723157176,0.8757208157972114,0.7700455585022612,0.9235615637683536,0.892649313079363,0.8600020163818567,0.9985094469506223,0.8642086588994713,0.5869471239059683,0.8064545281946731,0.7578568181256834,0.9946661481415766,0.9455293991136381,0.972887994560404,0.8607731161225071,0.6969662905204447
0.6409898448450885,0.3694108094919516,0.344252098203628,0.4333203161725594,0.5368858661587892,0.868903983781501,0.9571367167637153,0.9952513336084711,0.9288670349687479,0.8110033519649581,0.9258926841810996,0.9329604550388975,0.927334644612047,0.838200623382925,0.9806206415474652,1.0,1.0,0.9996348298209705,0.9980040239732935,0.0,0.9512794464331334,0.9674793299349057,0.911755174666302,0.9273967918724147,0.8457880666765268,0.7630823313353012,0.9574604790905898,0.7179532627316858,0.8774736748161399,0.9456676116156119,0.8820665269596824,0.9336753978083656,0.9310825361289609,0.9891196494483626,0.8823185147432699,0.9060127667233492,0.9174335324775451,0.9362750964327966,0.9119681829238517,0.8754022996441966,0.8767308350587255,0.9418148727612812,0.9188860654074626,0.817049216780383,0.8844104962135366,0.9488731279795931,0.987298304358685,0.9991454236640384,0.9706595218801908,0.620535184659224,0.8090073101507242,0.7648627122985534,1.0,1.0,1.0,0.8828888136212505,0.77724462042315
0.6120379948779298,0.3408122112954681,0.3202011099222413,0.40911308959208864,0.49558232949382386,0.8148345664938443,0.8293301839525439,0.8829062242811946,0.8407390316845812,0.7301153059189507,0.8410472888964245,0.9330420369836309,0.8844317938339589,0.7994651274302518,0.9538313034256987,0.9025285819470518,0.905996675382204,0.974753682939273,0.9380712189016016,0.9512794464331334,0.0,0.8882613700605326,0.8175584270301537,0.9220270209084092,0.7854542428038733,0.6580334581859782,0.843022003752198,0.6043947604144229,0.7311206187854691,0.8769137109768372,0.7754567933190305,0.8172657384198274,0.8481620684431986,0.8728206854965306,0.8117546213398746,0.8573628718307262,0.8146296476625321,0.843803089467422,0.804013722253761,0.8229383664063429,0.838337866916555,0.9241689696059822,0.7912059627249407,0.7455770860780319,0.7689646764639906,0.8832620674192067,0.9196238044856566,0.924919506655156,0.8232192039646139,0.622304158191841,0.7883414166540196,0.7598307283303273,0.9615502726216346,0.9088595141847259,0.9555624833482617,0.8287248515212641,0.6983820890771537
0.667096823464091,0.36076684855548463,0.32665393737916454,0.43169046463313154,0.5156104284316058,0.8593722142688726,0.890746863520563,1.0,0.9213180241302861,0.8160419932583988,0.988993492834084,0.8471759930169079,0.8523345202535535,0.7869604642293723,0.9433844048304565,0.9860509532548873,0.9012600230608521,0.9185753883680656,0.9409543983938424,0.9674793299349057,0.8882613700605326,0.0,0.9241092774229986,0.9150342464755997,0.8314481029117019,0.7820868037275421,0.8997685913106621,0.6197490759433735,0.809339297000708,0.8927152778635162,0.890707948049275,0.8882310009511851,0.9631454150251229,0.8882577466539603,0.8777708719053904,0.8901799164027074,0.9436702221154274,0.9506952065623461,0.9316838355199181,0.8901041732780148,0.8942812556881208,0.9299361253210969,0.9336377110491224,0.7742875399653902,0.9099042363254064,1.0,0.9124404094302248,0.9863510577403954,0.9046579178141271,0.6059223927714371,0.8035574856394421,0.7056993449859504,0.9951232109545195,0.8942649905038386,0.8864269319681093,0.8652956136058728,0.7344860577845269
0.694267101874523,0.33469649631618614,0.3012972944331078,0.41178361575482497,0.49231191161711674,0.8924201196597552,0.8871414712468624,0.9798037047321919,0.8914801604630953,0.7854057202443373,0.930409840687438,0.8593832424852212,0.8318039935244216,0.848312024036984,0.9002228042416478,0.9483435127669563,0.9274398939034718,0.9135663625500637,0.8783814473765781,0.911755174666302,0.8175584270301537,0.9241092774229986,0.0,0.8470290057597691,0.7623630595702757,0.7472088810255708,0.8904413297460498,0.5924793014817858,0.7621190268847673,0.8268118788084452,0.8509098385717,0.8282285242030384,0.8729620419979539,0.9051395514940469,0.8551379855390246,0.8689767610865647,0.9235085689402142,0.9286600530082392,0.8699240124484677,0.8187782236056842,0.9296968296461945,0.94988194055042,0.9386436952494468,0.839394930020736,0.792812911233258,0.908389319927918,0.8927189970181273,0.8911385423443455,0.9207656396291575,0.6192903603482913,0.8142084383137592,0.700289515319368,0.9292458060262044,0.8935109937138492,0.8727519495545146,0.830416180194004,0.7102684897941381
0.6676815139795494,0.33792656450204284,0.30611015947451836,0.4078361072604621,0.49436255341712715,0.7862812912707519,0.8493055972212455,0.8651748603369824,0.8492703768639872,0.7734832026537934,0.847185654600762,0.8499512236096703,0.8253443216404184,0.7698098482450686,0.8792016256201711,0.862044158110037,0.8850575012642834,0.8761234287614204,0.8576466417535832,0.9273967918724147,0.9220270209084092,0.9150342464755997,0.8470290057597691,0.0,0.7513556497382912,0.7270713393816544,0.8597776900767791,0.5819371004641102,0.738958966246615,0.859201121477925,0.8032450859546888,0.9207713359184461,0.9276234247508012,0.8610476375585574,0.7945066568764728,0.8346000650675643,0.822954148082539,0.9003883156474763,0.9015128460366651,0.8419789958105676,0.9185744631195109,0.9272573455135091,0.8737972955912607,0.782845486618156,0.7782087606126761,0.9464572390535427,0.8201023414878329,0.8623719299574699,0.8770773000694786,0.6195664399699496,0.771067366391321,0.6908064714106822,0.9247528678759139,0.8582424644587419,0.8917616133213686,0.8188454332388916,0.6794410400626134
0.5609724492370323,0.4855375694773407,0.43164964782694204,0.5787004462712738,0.6439311004681829,0.6547335216357796,0.6884212891374865,0.8215265161494942,0.7363675157380561,0.5338558345634915,0.7534240865881991,0.6904123951857231,0.6738414430318489,0.5990084398804579,0.7790844834686206,0.8081325080347079,0.7898415871608664,0.747645905561278,0.8311844480102744,0.8457880666765268,0.7854542428038733,0.8314481029117019,0.7623630595702757,0.7513556497382912,0.0,0.8974299136822108,0.944513855310141,0.8589807970162816,0.9019282042945801,0.9161821436928356,0.9185947032265283,0.855269617385763,0.8249455348460468,0.9846603564527191,0.8323178216171744,0.7743294873030777,0.7340134159498466,0.8108716431004955,0.727645646574761,0.6628373130585401,0.6738030205533238,0.8909012389376277,0.6697882878952777,0.6269229378360821,0.8009858017943556,0.693750910449662,0.6983470341278518,0.887385128991581,0.7794225509937799,0.41068182630897576,0.5693785244515226,0.47036471614668796,0.8298443629806144,0.7456516422086032,0.7096342420372561,0.6750922344457198,0.5296940468013314
0.48971111911014764,0.5592346927159031,0.4693258838510242,0.6546137343594423,0.688577091441881,0.5803730804406818,0.6134982396303004,0.7643181629208389,0.6585713729479269,0.47641854745338413,0.6745064807482838,0.6368486123555115,0.6057261930007322,0.5166984864568265,0.7290956958256077,0.7547044942104516,0.7158718253127043,0.6707319944955253,0.7312288240875285,0.7630823313353012,0.6580334581859782,0.7820868037275421,0.7472088810255708,0.7270713393816544,0.8974299136822108,0.0,0.8832562620339348,0.9105202364906027,0.9624153317271722,0.9431571961642431,0.8666102458596213,0.7525458220196641,0.767590317740765,0.8274458692580133,0.7237872960074538,0.7060937260790227,0.7131914568502157,0.7530772023172712,0.6945663643380882,0.6231592085603788,0.5941391004273042,0.7900058676189099,0.6758470038316542,0.5793795018913025,0.7535418024525403,0.6248171744231436,0.645237724981097,0.8232530236949298,0.7078931503038954,0.3767415742643461,0.5580927693628445,0.41857361906997875,0.7826391035376585,0.6855250959693958,0.6509932445218839,0.6093526802441847,0.4649115695309904
0.5635543162604625,0.43620480947104606,0.40262332792212785,0.518444604052645,0.6303947854570149,0.8040366690380065,0.7816143069985885,0.9276290898220096,0.7849094059985545,0.6132313917932569,0.8484598368150394,0.7620560728350886,0.7444495434967072,0.6822957394775049,0.8754066383968458,0.8807745863878197,0.8640228205080617,0.8527429020171686,0.9163674019982491,0.9574604790905898,0.843022003752198,0.8997685913106621,0.8904413297460498,0.8597776900767791,0.944513855310141,0.8832562620339348,0.0,0.7899717583493356,0.8723121868790275,1.0,0.8622850069911578,0.8687676790943414,0.8787523282171076,0.97860722565455,0.8304401032475882,0.832111129952779,0.9152844103925687,0.9079404678757133,0.8562155094234073,0.7986421463159621,0.821356124818818,0.8866385326508576,0.8698745240643039,0.7248037950040782,0.8945231527643163,0.8646910926252425,0.8383370337943861,0.8853368494595494,0.8367037012651413,0.5084535424498352,0.7049462990700245,0.6022521403745708,0.9106774632525528,0.8075938653472978,0.8364640163193708,0.712296810960761,0.5950445776402556
0.39363253781345153,0.6909728993753488,0.6436801711381458,0.878450676034276,0.9189013848026981,0.49258910736069783,0.5114389590481146,0.6299780594670149,0.5477862621344433,0.3854883602762175,0.5494618231029595,0.5611985463008021,0.5351659083714225,0.4632981944081767,0.6606434683239596,0.6402598941278826,0.5992479936626305,0.5741676423561222,0.6127333825025011,0.7179532627316858,0.6043947604144229,0.6197490759433735,0.5924793014817858,0.5819371004641102,0.8589807970162816,0.9105202364906027,0.7899717583493356,0.0,0.8910497165477026,0.8712502126412529,0.7400016670632462,0.6872653560896953,0.5942332957756347,0.7533637131434727,0.639120396016179,0.5560193035199253,0.5973894441297973,0.5932517040929675,0.5923942935664319,0.466742062887936,0.48074892051383744,0.6917331249899507,0.5567157955301697,0.44439353204682613,0.6749228798990604,0.5471816282786897,0.5423245840243642,0.7228278078958531,0.6047638625205685,0.3029568092042382,0.44064661480606554,0.37466130409568155,0.6381148510132933,0.5754939729499018,0.561081770897097,0.5125134030509045,0.36352068096442025
0.4761345833821231,0.5873379868614641,0.5225239480504514,0.681702019362085,0.8225825124113876,0.6250289993809187,0.6195685774252889,0.779371957300612,0.6777900960524614,0.48986360879483837,0.6811948877664201,0.7136322722520935,0.6472518755438589,0.5625430806913146,0.8209546667834194,0.810224946276129,0.7612321545344187,0.7541084344157026,0.8020051486253403,0.8774736748161399,0.7311206187854691,0.809339297000708,0.7621190268847673,0.738958966246615,0.9019282042945801,0.9624153317271722,0.8723121868790275,0.8910497165477026,0.0,0.9973003401602453,0.8417488172866213,0.7680482194252686,0.7558145502666844,0.8772363435531295,0.8107660990973049,0.6953598246110835,0.7414974605109661,0.7934872887710848,0.7734183296352847,0.613684140556629,0.6039616320798538,0.8628719765004471,0.7210331937012617,0.5394943756757822,0.8109504929811877,0.701542760318139,0.6848081822447052,0.8515414533857988,0.7037626745202329,0.400856222314851,0.5872345141733031,0.4588290148722048,0.7418765140544752,0.6731069782275968,0.6945062430499409,0.6533248848290008,0.49501881697690875
0.5754906168466679,0.49789154056760093,0.43117513628030496,0.5949636061192655,0.6815308499721621,0.7643413840384252,0.7752594231286707,0.8971627521027162,0.7947425122605435,0.5853929223098631,0.7923449882022486,0.7630789871736562,0.751693717442063,0.6662656050787237,0.8831817948489769,0.9133746468379986,0.8891338849614103,0.8575429810991023,0.8496430788096019,0.9456676116156119,0.8769137109768372,0.8927152778635162,0.8268118788084452,0.859201121477925,0.9161821436928356,0.9431571961642431,1.0,0.8712502126412529,0.9973003401602453,0.0,0.9825532104266573,0.9260102274236507,0.8690467107646221,0.9602814497347436,0.8715324575332454,0.821877999820597,0.8375943501561138,0.8855592524815151,0.8262413067216836,0.7347453630093658,0.7717604870610928,0.9877013697727427,0.8467237469845,0.647047913908337,0.8249272004114473,0.8300014212181553,0.8423006153228557,0.9220716112210888,0.7752608076868136,0.459105713939552,0.638291711544799,0.5510409753960359,0.851457436477859,0.8191720179488318,0.8483173780906288,0.7386364001357427,0.5924653074067826
0.647519854617576,0.43234209047617284,0.3669435056608764,0.5111112662203354,0.5957378032118127,0.7175471634304931,0.779242294666452,0.8446717372572154,0.8481657001368615,0.6197413200324935,0.8358173953935384,0.7491564675567837,0.7456071891404261,0.6753732471294237,0.8006815814986521,0.8274675258182468,0.7974530566297433,0.814964625202166,0.8154900033252045,0.8820665269596824,0.7754567933190305,0.890707948049275,0.8509098385717,0.8032450859546888,0.9185947032265283,0.8666102458596213,0.8622850069911578,0.7400016670632462,0.8417488172866213,0.9825532104266573,0.0,0.9769271296920874,0.982773889416651,0.9605180410743879,0.9191044579289688,0.9346640251289695,0.8241313757124338,0.9184873127908514,0.8362591963379938,0.8211480362778596,0.8158466272044868,0.9909553105242792,0.768028558547244,0.6944321679058938,0.7682985144500212,0.8320641196243767,0.7696243417068247,1.0,0.8570366924650619,0.5031383555940853,0.6694132827006025,0.5255005441700311,0.8958051652255176,0.8028472258237872,0.7472959894013799,0.7396683643912831,0.6213285540614617
0.7528144860030201,0.3754742503692567,0.3164080143594768,0.44844360826107965,0.5065562274936092,0.7906677289170632,0.8636239454588452,0.8578151360442063,0.8972219452412867,0.7293474978728905,0.8368271878764385,0.7943815776958443,0.8267367171615215,0.748899010369134,0.8333936900742378,0.8872688255125477,0.8547909002291001,0.9041705864688123,0.8533197188204121,0.9336753978083656,0.8172657384198274,0.8882310009511851,0.8282285242030384,0.9207713359184461,0.855269617385763,0.7525458220196641,0.8687676790943414,0.6872653560896953,0.7680482194252686,0.9260102274236507,0.9769271296920874,0.0,0.9911582273781185,0.9257752153315861,1.0,0.9684099318604314,0.8048179815257808,0.9180611383632946,0.7987111237172585,0.827199729935545,0.8788387700502468,0.9840209553631739,0.8312580761861922,0.7166077572807146,0.7570734127872508,0.8678658489363826,0.8119186659504478,0.9954449613436472,0.9176891103252748,0.5742761640058093,0.7311879465874659,0.6241249703937812,0.9232843069661106,0.8458933700177493,0.8338834008988865,0.784387818279661,0.6725130397873923
0.8062085196634103,0.34810462356959765,0.2912099621627374,0.41228741622632425,0.4838082419940174,0.8818219978902633,0.9212100831316502,0.9218631875780363,0.9716275766697411,0.7841629617385225,1.0,0.8015929084211701,0.8591808467232157,0.7833382510321756,0.7795750187431807,0.8637299306692242,0.9417306745264062,0.954139450717113,0.9114698203167227,0.9310825361289609,0.8481620684431986,0.9631454150251229,0.8729620419979539,0.9276234247508012,0.8249455348460468,0.767590317740765,0.8787523282171076,0.5942332957756347,0.7558145502666844,0.8690467107646221,0.982773889416651,0.9911582273781185,0.0,0.97518875774241,0.9673367767420886,1.0,0.9050368481457658,0.9399964440551961,0.859702070271456,0.9688044008225127,1.0,0.9821151248157601,0.8358622063413002,0.8871077836786955,0.8002358668982288,0.9704616275941742,0.9456241452024018,0.9396999678249994,0.9463803245844294,0.6957515322453384,0.8312378729663318,0.6353469409286693,0.9481054078100858,0.9327414611134667,0.909719086803512,0.8060404639822374,0.7885883675128428
0.6262420875752149,0.4126455118999256,0.36053904374491347,0.48125963554033657,0.5775798719438457,0.7780985679376059,0.8495400742943745,0.9520757867700408,0.8901409660633073,0.6413714167473511,0.9305311857596853,0.8403002419528033,0.8813936619164209,0.6944562420644954,0.8672406689206921,0.9219607558951833,0.8927767789263374,0.8498221992006837,0.9193859234482717,0.9891196494483626,0.8728206854965306,0.8882577466539603,0.9051395514940469,0.8610476375585574,0.9846603564527191,0.8274458692580133,0.97860722565455,0.7533637131434727,0.8772363435531295,0.9602814497347436,0.9605180410743879,0.9257752153315861,0.97518875774241,0.0,0.9987291688434358,0.94632193314887,0.8616580144768367,0.8846953386742403,0.7868769867298141,0.8310695940441474,0.8027400647102312,1.0,0.784519523011583,0.7774743295156427,0.7904264143220049,0.8333187813370757,0.8832746679304423,0.9900085730225988,0.9274288412894,0.5213666051109218,0.7399766046289464,0.5894881091954403,0.9737255071188808,0.9089653777599731,0.8170525299469158,0.8644802000102023,0.647246413218267
0.7651886710332826,0.3625210777374721,0.30991364739733024,0.4290852641132214,0.4836955615076841,0.8157328067709273,0.8434581736002084,0.8016783035697946,0.8821260080516892,0.6854088558707141,0.825884025281104,0.7983115262579168,0.8249398034908545,0.7645951280425825,0.7090622179991739,0.8286896110591883,0.8922754897441167,0.8183765917561592,0.7924521553365365,0.8823185147432699,0.8117546213398746,0.8777708719053904,0.8551379855390246,0.7945066568764728,0.8323178216171744,0.7237872960074538,0.8304401032475882,0.639120396016179,0.8107660990973049,0.8715324575332454,0.9191044579289688,1.0,0.9673367767420886,0.9987291688434358,0.0,0.9703512566294462,0.7928595488335166,0.8357759768654922,0.7724281632013986,0.841129831780927,0.8391580563889954,0.9182431615597895,0.7239563206256916,0.7167935828345235,0.6948589758595792,0.8523813695103943,0.8019015364811228,0.9932341076386657,0.9135573139637007,0.5622250878813732,0.7004091730461033,0.5821714513559584,0.9112890320273838,0.8417460916990422,0.8268316579047265,0.8358454349377625,0.695406172537189
0.9703635135473592,0.3157701155349449,0.2737574224315859,0.3678068868114141,0.42156734684207153,0.9087634066984599,0.9349407116220831,0.8527069533012495,0.9745723508032044,0.7872114705495572,0.9330941277518477,0.7977117763066822,0.9062960116436625,0.8381396161612021,0.7319628728684543,0.8317906926901861,0.914185162723183,0.8984976883856857,0.8567255018742151,0.9060127667233492,0.8573628718307262,0.8901799164027074,0.8689767610865647,0.8346000650675643,0.7743294873030777,0.7060937260790227,0.832111129952779,0.5560193035199253,0.6953598246110835,0.821877999820597,0.9346640251289695,0.9684099318604314,1.0,0.94632193314887,0.9703512566294462,0.0,0.8306801472502249,0.9210515152606383,0.7605008981576139,0.9811486727028841,0.9633841192995841,0.9350926380029272,0.7866356293700537,0.8701179608161246,0.6967072988528833,0.9135279496439437,0.9157331983614493,0.9606383584551265,0.9818526480735599,0.674327452449025,0.7432143643853402,0.6686785127159978,1.0,1.0,0.8320366674179227,0.8453553410359155,0.8053467656990292
