Cingulate area 2,Glomerular layer of the accessory olfactory bulb,Glomerular layer of the olfactory bulb,"Olfactory bulb, unspecified",Frontal association cortex,Cornu ammonis 3,Dentate gyrus,Cornu ammonis 2,Cornu ammonis 1,Fasciola cinereum,Subiculum,Postrhinal cortex,Presubiculum,Parasubiculum,Perirhinal area 35,Perirhinal area 36,Medial entorhinal cortex,Lateral entorhinal cortex,Primary auditory area,"Secondary auditory area, dorsal part","Secondary auditory area, ventral part","Piriform cortex, layer 1","Piriform cortex, layer 2","Piriform cortex, layer 3",Ventrolateral orbital area,Lateral orbital area,Ventral orbital area,Medial orbital area,Dorsolateral orbital area,Prelimbic area,Secondary motor area,Frontal association area 3,Primary motor area,"Agranular insular cortex, ventral area",Agranular insular cortex dorsal area,Cingulate area 1,Infralimbic area,Dysgranular insular cortex,Granular insular cortex,"Primary somatosensory area, forelimb representation","Primary somatosensory area, dysgranular zone","Primary somatosensory area, face representation",Secondary somatosensory area,"Primary somatosensory area, hindlimb representation","Agranular insular cortex, posterior area","Primary somatosensory area, barrel field",Retrosplenial dysgranular area,"Primary somatosensory area, trunk representation",Retrosplenial granular area,"Parietal association cortex, lateral area","Parietal association cortex, medial area","Parietal association cortex, posterior area",Primary visual area,"Secondary visual area, lateral part",Temporal association cortex,"Secondary visual area, medial part",Nucleus of the lateral olfactory tract
0.0,0.5427067093207152,0.4275038202050664,0.48807836723774894,0.37271273849234243,0.9583033506508933,0.8914362307020103,0.9028927706255131,0.8908126453823177,0.8546982693230399,0.8724680778679939,0.7957714373918976,0.8929744194778511,0.786388166073542,0.8233623530881635,0.7397837128676384,0.7686360295465458,0.7494000545073994,0.6759443557902641,0.6608282471057229,0.6672567998685298,0.8200732070810282,0.9202466937802638,0.9242408030625713,0.8269071316537666,0.818956003311904,0.8107942448198165,0.6698961350337428,0.6202204983884947,0.9029517408852784,0.8131961846911961,0.637693456190257,0.893228890364081,0.9236577100373289,0.9098487249890291,0.9968989503231582,0.9637983320414945,0.9154151393426365,0.8295341889110075,1.0,0.9749355381842674,0.8390087276073098,0.8424185802254013,0.9781845679437041,0.6046953678075514,0.8942199471759454,0.8935149534572571,0.9220864390115753,0.862409266975897,0.9155727089467323,0.9224534335893639,0.8678378827567321,0.835922907738006,0.8621530653264163,0.8193856968725496,0.917481502364185,0.5730255517983843
0.5427067093207152,0.0,0.943515706818788,0.959989590736914,0.8936645137924918,0.5374356341038314,0.4931413727959362,0.4946254935450221,0.5630604741339278,0.3387675585523349,0.5634106596685166,0.652219897954307,0.5140102538647742,0.5049917455687226,0.6993996512398128,0.7682463075446577,0.4539032062616954,0.6815529183791584,0.8023565856011236,0.7702601052993248,0.8585032964904502,0.6643921536438542,0.7259383848202234,0.659533024759249,0.8421576229063042,0.8868828586138746,0.8204225312612081,0.9238204082135971,0.9565450234303914,0.8114747440010285,0.8181488033785317,0.9222086349826313,0.6691091139351498,0.6952304177642293,0.6807484427894448,0.6083555598876731,0.5544093678514718,0.7352308665019182,0.7379716170454402,0.5897342885093962,0.5698331829238685,0.7444886666927417,0.7651369965649696,0.485353945263754,0.593940533565369,0.7058426477486491,0.5340678692912164,0.5949226923934872,0.5134356875499198,0.4110970940656098,0.4413375503045635,0.5436834066434328,0.4656817627142774,0.5918025904735209,0.6525201779471189,0.6258103579224039,0.2724943757759459
0.4275038202050664,0.943515706818788,0.0,0.9726658079129242,0.9725134660045892,0.41281938373937294,0.37131914515917447,0.3645226735660474,0.4238694984515348,0.26645386699378604,0.423663435004324,0.45764697082786887,0.4002559622642141,0.37856093187766876,0.5366231120536858,0.5401227638634604,0.34164327891967605,0.5227362683076607,0.5438092454930668,0.5720770017970179,0.6187987760224202,0.5206498082351163,0.545632860789187,0.5078385193692623,0.680302768583553,0.8143156198142104,0.6689230544402569,0.8241471523408047,0.8738322113193417,0.6565639930364254,0.6450503774040831,0.7742229653428356,0.5262259425484861,0.5455278013849505,0.5546917632145388,0.4803452308854133,0.43364930448432165,0.5689851351189416,0.5686175295895155,0.4639502003716909,0.4657058069280494,0.6183418894582997,0.5856071223612217,0.37807588443193824,0.433695771807512,0.5120225002070393,0.40082249658682606,0.4466917718504085,0.37975195730791106,0.32860671332265473,0.348922919268108,0.4335270467900759,0.34770015216263406,0.45155176595630936,0.4755212745053028,0.46458886512879555,0.2074487088893432
0.48807836723774894,0.959989590736914,0.9726658079129242,0.0,0.8171478305455205,0.45801968299361223,0.41701972212987665,0.4223100131855411,0.471238517404104,0.2989566009036366,0.44904027457363704,0.5085049570036093,0.4423376904883853,0.4124786258514995,0.5681216638810013,0.5944067236976421,0.37178836345701144,0.5691634477288207,0.61386048945009,0.6415507644741749,0.6516452709389939,0.5996773677917486,0.6299179413253597,0.5573774054053671,0.8366151554760879,0.7809437561335753,0.721649246976645,0.8698482831357913,0.9088234938305871,0.7805684346584684,0.7368505162870024,0.7960592003349265,0.6148735547213777,0.5996740122048262,0.652025312259829,0.5338590574165131,0.5158492882658787,0.6780507327343424,0.6252647286238424,0.542076131334077,0.525714540901455,0.6872552060534342,0.64290051136659,0.4235449449827683,0.4637423142957011,0.5731794811709708,0.4461240432617529,0.5142215624169865,0.4257628787145844,0.38353983858583307,0.38384416187485837,0.47985851523362316,0.3944873776883873,0.49851889553375195,0.5204496156470739,0.50863727114917,0.2217146269572382
0.37271273849234243,0.8936645137924918,0.9725134660045892,0.8171478305455205,0.0,0.3590637414307575,0.3220172714614193,0.31787642031305985,0.3648214914614754,0.23308830555722507,0.3742493357750095,0.40401600873950133,0.34760806320091747,0.3421498078966631,0.46956785488751096,0.5013736598361064,0.2961208424790328,0.45990885013542354,0.5055526321775333,0.5215830418931048,0.5471332536732783,0.4556365070568315,0.5006256869216755,0.4375812845535564,0.597373851218691,0.598677919157454,0.5700845088398494,0.7202684973732042,0.7761494756950458,0.5596726683213845,0.5541520524577971,0.6658407737991331,0.44739039562586885,0.47143860542067456,0.479591389548764,0.4178981572844418,0.3777519562363909,0.5073625925132633,0.5016690711915665,0.4057358949266103,0.42083229166145364,0.5243071626274419,0.5414974940604989,0.3206395354847746,0.4280913355352018,0.4411231566814777,0.3457588446436,0.3882137291582031,0.33211810581900353,0.2860440210193629,0.29331211035618804,0.36895174954821175,0.31261339786986747,0.3967573513737898,0.41777003780607386,0.40521470875772386,0.18565511234885507
0.9583033506508933,0.5374356341038314,0.41281938373937294,0.45801968299361223,0.3590637414307575,0.0,0.9416325811914144,0.995144224392118,1.0,0.7530313853463516,0.9883658310024889,0.8667880834989744,0.9740733445194245,0.9273445043924383,0.8722158306716669,0.7628541585371039,0.8954106676569634,0.8411825312943194,0.7310467007858187,0.7253542717809855,0.7309778317589207,0.9246630534080086,0.9080660027027783,0.882922139333097,0.7336466594156892,0.7036565528908306,0.7881935340647181,0.6076552962979066,0.5750860636679519,0.7568680763889888,0.7211202599891167,0.6267773856297186,0.8378736688345458,0.8398044450777034,0.8485324470612057,0.8634799297593542,0.8565636034293498,0.7857934684921283,0.7992778956427857,0.9341121889440039,0.9461430321984223,0.7787760104493769,0.875650242706098,0.9916927071674941,0.7178587211650452,0.8538572436663688,0.9875314673143409,0.9525533449970037,0.9371338865563363,0.9186471762571478,0.9586011388986261,0.9045407728873678,0.9275033164515195,0.8833124211271914,0.8989127675486177,0.995115140773838,0.6817878713615394
0.8914362307020103,0.4931413727959362,0.37131914515917447,0.41701972212987665,0.3220172714614193,0.9416325811914144,0.0,0.9647092104678066,1.0,0.8187900004326852,0.9727106657002429,0.822005167543415,0.9550557142219968,0.9135873228547656,0.7867543076546479,0.7242232105558599,0.941640958026082,0.8102655955521592,0.6924550429157397,0.6921915874580502,0.6734471174573112,0.7870583657415606,0.7805585407632089,0.977500861758782,0.6785812409060975,0.6564151910591732,0.6646605853991158,0.5620908400172259,0.519475113962313,0.6984025738395697,0.6643357628323173,0.5919002486437296,0.7415014336105931,0.7867463214615811,0.7562059242342437,0.864350053142123,0.8162813569449624,0.7586287637365936,0.7825125203356385,0.8282987393379664,0.8541570929579942,0.6910394323406128,0.8352192926232588,0.8562130720022575,0.6913980789941547,0.8632190430227551,1.0,0.8912121162803219,1.0,0.9098979915684218,0.9708990594987595,0.8975313309632388,0.9131420980250029,0.8735429384919606,0.8617724010471854,0.9883025629060528,0.7370101779415098
0.9028927706255131,0.4946254935450221,0.3645226735660474,0.4223100131855411,0.31787642031305985,0.995144224392118,0.9647092104678066,0.0,0.9397417172481008,0.8563279143845469,0.9388321001603067,0.8699674980523584,1.0,0.9365257820562576,0.8017079540244083,0.7820394588210431,0.9719425059479674,0.8430424848333062,0.7244958772670315,0.6919608617506663,0.6562395702028396,0.7730602176923769,0.8196757258417914,0.9192204866765707,0.6788623177253742,0.6509446045895385,0.7112447785464489,0.5447988338973743,0.5077868524015718,0.7373412532443275,0.6782772650334131,0.5799232234431209,0.7188396625369126,0.81533111123033,0.7527417009104336,0.8309682585612109,0.7948806409453055,0.7937549473770811,0.7415285085304275,0.8736533234452786,0.8661683309438607,0.6958108606620962,0.8298405774914472,0.9550403611358944,0.6808051536727012,0.8311432877355074,1.0,0.9821762055484491,1.0,0.9596515304210879,0.9933382959736254,0.9343204903937662,0.9383603280226452,0.9327624146797986,0.8676336158044832,0.9967663033693344,0.7465894359294412
0.8908126453823177,0.5630604741339278,0.4238694984515348,0.471238517404104,0.3648214914614754,1.0,1.0,0.9397417172481008,0.0,0.7536258276579316,0.9959578501534339,0.8718609678380644,0.9915551691060449,0.9656080743644265,0.8143777826072655,0.8106009136715606,0.8798804046402396,0.8703626507433084,0.7455652883809116,0.7157739205632547,0.700419588910732,0.8358836703502825,0.9055708808009638,0.8909682558727372,0.730987763538551,0.7311502887042423,0.7455287967561474,0.6428453888970199,0.5828238693745473,0.7865833165582055,0.748255044306083,0.670661098747468,0.7896595007588931,0.8586811665794614,0.8386725213639987,0.9065740387941232,0.8653737631134882,0.813260879619251,0.8003079234051682,0.8858516372296499,0.9273156556517088,0.749481862682783,0.8389988903620098,0.9861944807984949,0.7129316015292138,0.8920540281577959,0.9744390830374602,0.9605378129216195,1.0,0.8604355164157177,0.9580359925187841,0.917196811804301,0.9631694163993471,0.8878229794146522,0.9288466031865822,0.9727835620445011,0.6518947916541443
0.8546982693230399,0.3387675585523349,0.26645386699378604,0.2989566009036366,0.23308830555722507,0.7530313853463516,0.8187900004326852,0.8563279143845469,0.7536258276579316,0.0,0.7441194491806516,0.6027775182264439,0.7825710800342731,0.7367839589540117,0.5293243517201632,0.5110780901728589,0.7169961876620949,0.581531321083021,0.48509521452718507,0.44944520172530716,0.4473690137164195,0.6157999034745035,0.6166316714563999,0.6725928290202088,0.4836939186624897,0.4904346302491018,0.521174059086043,0.40880218596907864,0.365823002952318,0.5661075907023475,0.5080584253177056,0.417702736306999,0.6074578296188998,0.5947688918750499,0.5826178421951237,0.7379190084510315,0.7092681891513182,0.5583300239365915,0.5478189222645911,0.7154553426515675,0.7382267418296674,0.5463530432119695,0.5642546760108798,0.9028705195691583,0.4762454257646197,0.6206999386449125,0.8321880027879723,0.701589639655621,0.8241147432260427,0.9311555004727337,0.8762649235687282,0.6805094434841977,0.7986640816552013,0.6226008461316309,0.6013825195506003,0.705497035812794,0.7996952531698326
0.8724680778679939,0.5634106596685166,0.423663435004324,0.44904027457363704,0.3742493357750095,0.9883658310024889,0.9727106657002429,0.9388321001603067,0.9959578501534339,0.7441194491806516,0.0,0.8976283033780218,0.9754031163969241,0.9693209305480516,0.7926766522565456,0.8336979461997661,0.9365120214185255,0.9498943340012992,0.7600030204376401,0.7073619262381836,0.7242807955297842,0.8982221462692314,0.853509927249082,0.8977169798657333,0.7144063396897411,0.6883699840567714,0.7504504661484761,0.6448922348918632,0.5912237757939298,0.7470256636729178,0.732035398865099,0.658756915989422,0.7655905994347484,0.812871400200274,0.7490289655925804,0.8361194227462709,0.8143823966734337,0.8181223915315741,0.7963301376922874,0.8214263969123309,0.8228659251714081,0.7458229121037967,0.8498530435998856,0.829193442401185,0.7460860193316784,0.8573058449009141,1.0,0.8364011363918388,1.0,0.8517514633910285,0.8748881842203605,0.9503952314434012,0.9899115212132803,0.9398364221486888,0.9297430394330513,1.0,0.6794528749832639
0.7957714373918976,0.652219897954307,0.45764697082786887,0.5085049570036093,0.40401600873950133,0.8667880834989744,0.822005167543415,0.8699674980523584,0.8718609678380644,0.6027775182264439,0.8976283033780218,0.0,0.9283693725995911,0.9549069818414747,0.7913795128235105,0.8374230187259097,0.8764596347270747,0.9581026584914892,0.7519835901757103,0.7552348176293199,0.7793937589665679,0.8413389582354769,0.873368029468774,0.8754798274091878,0.7088464560776406,0.7338972890795191,0.7528142246284779,0.6653473363870975,0.6159976795353426,0.7724193277325955,0.7459979155776956,0.701570591278722,0.7068979816187126,0.8622780566546494,0.8184886731694458,0.7499763927795315,0.7682349668828995,0.7722092820213929,0.7482370239513977,0.7946177695259722,0.812415029522937,0.7149943980302379,0.8387670469839021,0.7702177152007008,0.7475697657127807,0.8407436065896969,0.8751215391679003,0.822681589276281,0.8450184727883149,0.7657129438459406,0.7315448474482718,0.8615427418118957,0.8310933641547602,0.9178431937587476,0.9988929382485108,0.9215969756937951,0.604228455139414
0.8929744194778511,0.5140102538647742,0.4002559622642141,0.4423376904883853,0.34760806320091747,0.9740733445194245,0.9550557142219968,1.0,0.9915551691060449,0.7825710800342731,0.9754031163969241,0.9283693725995911,0.0,0.9333404774341312,0.7865360295341031,0.790261140412721,0.9797567957692018,0.8842749908262391,0.7342873927394511,0.7554196291834961,0.7060141675937448,0.8470487798243514,0.8499116569500124,0.8819755660946658,0.6764459537075231,0.6645415871499953,0.707336829250247,0.617702116326549,0.569953386602432,0.7335148941674362,0.7149901441013659,0.6732127776809943,0.7294516535438794,0.8423114695150422,0.81312145248524,0.8186860693771144,0.82082319659691,0.8182973672898658,0.7772971892859355,0.8793093196284164,0.9456583774625607,0.7418137323855621,0.8524362013561461,0.8918873846956424,0.6865270950658332,0.8779644578765666,1.0,0.9418313840232497,0.9923280569158109,0.9115577141559859,0.9584302776887984,0.8894307323980548,0.9321236872831754,0.932067931409065,0.9836902283382571,0.9932049725851749,0.7691893295266052
0.786388166073542,0.5049917455687226,0.37856093187766876,0.4124786258514995,0.3421498078966631,0.9273445043924383,0.9135873228547656,0.9365257820562576,0.9656080743644265,0.7367839589540117,0.9693209305480516,0.9549069818414747,0.9333404774341312,0.0,0.8186169261327408,0.8189793251112628,0.9800995768644201,0.9296306501024255,0.7383084023014022,0.7545756368572017,0.7175719200571047,0.7830314401680487,0.8488645012628505,0.8363955899578878,0.637465166720054,0.6123275413403441,0.6608033021992488,0.5562234133105597,0.5124563773582034,0.6556324854581885,0.6054270764619273,0.6266103961950056,0.6860847072672205,0.762461644388138,0.7194853866838327,0.7658382869014978,0.7474151867049589,0.7536606653130867,0.735229852961014,0.8348942460973849,0.8250067617282892,0.6645209655066926,0.8115802445308606,0.8110305121734254,0.773580316205648,0.7886746943981174,0.9972264747557908,0.8565387990189206,0.9493277589454426,0.8197168792348838,0.8677045667581581,0.8677031926952087,0.9210453098950845,0.9073866010287726,0.9281679811011552,0.9075690524420359,0.7896036523707276
0.8233623530881635,0.6993996512398128,0.5366231120536858,0.5681216638810013,0.46956785488751096,0.8722158306716669,0.7867543076546479,0.8017079540244083,0.8143777826072655,0.5293243517201632,0.7926766522565456,0.7913795128235105,0.7865360295341031,0.8186169261327408,0.0,0.9064234818979842,0.7069371531026567,0.8596072097995373,0.8478514528053216,0.8290671367444791,0.8546427633471315,0.8478116913282916,0.9027076933776909,0.9033871120517175,0.7979369797153553,0.7687750581502993,0.8275226135081478,0.6655476792659819,0.7241486560300856,0.7879500303413547,0.7822423690516358,0.7749290542840996,0.7663822875127618,0.8684850042477248,0.826675191730848,0.8531273939760132,0.6885220565341404,0.8481269131845625,0.8326525433530197,0.7831502004116448,0.8128869502890866,0.8065442666729026,0.8640439945501891,0.7674940911420179,0.7774606015804362,0.8307731328796106,0.8558803996166654,0.9271304507238326,0.8144396773969894,0.6519213568026938,0.673875599672735,0.7496266601226111,0.7339284158492002,0.8397715317836549,0.8707260381627013,0.8277652540675735,0.4700983321515295
0.7397837128676384,0.7682463075446577,0.5401227638634604,0.5944067236976421,0.5013736598361064,0.7628541585371039,0.7242232105558599,0.7820394588210431,0.8106009136715606,0.5110780901728589,0.8336979461997661,0.8374230187259097,0.790261140412721,0.8189793251112628,0.9064234818979842,0.0,0.7262279104158262,0.8820052079364761,0.9780258314536293,0.8598855417509065,0.9633584714456869,0.8408157766361555,0.8827715178022659,0.9023325515184625,0.75864411596159,0.7428940002186206,0.8408240254435783,0.6611874085413363,0.7351885657232413,0.7630106909619009,0.7567929119576161,0.8038575207990797,0.6869032625623576,0.8262976973824638,0.7917085526129648,0.7183365403093745,0.6549177236950496,0.9015987392040912,0.8351045521941797,0.7756280411424838,0.7411710901555533,0.8190566658047813,0.9071737528654676,0.7398816957296981,0.923121327297672,0.8482356248934687,0.8213598556640688,0.8658555294618058,0.8399151330404856,0.6397654085983747,0.6620253043656138,0.7595725671786451,0.7281788349196553,0.8328479898484664,0.8380914591007805,0.8433216791882213,0.4523146942048747
0.7686360295465458,0.4539032062616954,0.34164327891967605,0.37178836345701144,0.2961208424790328,0.8954106676569634,0.941640958026082,0.9719425059479674,0.8798804046402396,0.7169961876620949,0.9365120214185255,0.8764596347270747,0.9797567957692018,0.9800995768644201,0.7069371531026567,0.7262279104158262,0.0,0.8016809123299384,0.6402541503627466,0.6811975647872929,0.624845964935217,0.7629619756869312,0.7447776839301201,0.840870287307834,0.5898031499385623,0.5685464428077543,0.5884894674342942,0.5022392748160514,0.47082955243137053,0.6247122560687106,0.6209650527975746,0.5540557698961376,0.6278754048121519,0.7212746412452694,0.7043061997915385,0.705312677880185,0.77756510952924,0.6985916369149661,0.7099761189799286,0.7796497167307618,0.8142857657447043,0.6178387502844305,0.7014367455861352,0.7943028035352423,0.6759258467009643,0.7658725342041929,0.9134034042952957,0.8396550245428118,0.8941600642995913,0.8724169574668933,0.8988531038653008,0.8560115039781142,0.9471552905549792,0.8563039394798576,0.8371420258423504,0.8642666933484358,0.7929715870923049
0.7494000545073994,0.6815529183791584,0.5227362683076607,0.5691634477288207,0.45990885013542354,0.8411825312943194,0.8102655955521592,0.8430424848333062,0.8703626507433084,0.581531321083021,0.9498943340012992,0.9581026584914892,0.8842749908262391,0.9296306501024255,0.8596072097995373,0.8820052079364761,0.8016809123299384,0.0,0.8161384525319606,0.8782833164952709,0.8542909439011046,0.8680074144585218,0.9208788984761793,0.9794495855407696,0.7760964666093566,0.7514850836644715,0.79198410871812,0.7074824127383416,0.6730113223386374,0.7545584411235093,0.8181566124449535,0.771023298735188,0.7497439664333009,0.8631808006295008,0.840894771241143,0.788910415688031,0.7862477687912672,0.8588307817758478,0.832885361241778,0.8654639897291475,0.895841054425528,0.7676893596620796,0.9018048653688845,0.7463952399850808,0.7986199809149569,0.8507714035645839,0.8707802372348571,0.927864942358117,0.8268974124288114,0.7680258062819845,0.722851153101667,0.9112021679201007,0.8042667059869496,0.895800792025114,0.964770079717007,0.9136402742484132,0.5336329181540482
0.6759443557902641,0.8023565856011236,0.5438092454930668,0.61386048945009,0.5055526321775333,0.7310467007858187,0.6924550429157397,0.7244958772670315,0.7455652883809116,0.48509521452718507,0.7600030204376401,0.7519835901757103,0.7342873927394511,0.7383084023014022,0.8478514528053216,0.9780258314536293,0.6402541503627466,0.8161384525319606,0.0,0.9274166679629935,0.95812073702769,0.8320452179283188,0.945066264438553,0.8817963696878939,0.7721290137150303,0.7500023831702652,0.8264926876994849,0.6844030187952452,0.7416397342348617,0.815599579487796,0.7851871423084297,0.7753703889140217,0.6805717163604592,0.8053028879109888,0.7887721568920938,0.7226281381383352,0.6523381625642141,0.9402542637989446,0.9041883419970322,0.7821773507963976,0.7048636700344493,0.7949798213546022,0.9895282644181979,0.6571236828591264,0.896396170245682,0.8475991701465663,0.7618762436702927,0.781715139297123,0.7441304166582928,0.6218517043669277,0.6200076334367023,0.6746089428953626,0.6673344352835057,0.8452139224006885,0.8652143423940816,0.8484202735239584,0.41889341916479317
0.6608282471057229,0.7702601052993248,0.5720770017970179,0.6415507644741749,0.5215830418931048,0.7253542717809855,0.6921915874580502,0.6919608617506663,0.7157739205632547,0.44944520172530716,0.7073619262381836,0.7552348176293199,0.7554196291834961,0.7545756368572017,0.8290671367444791,0.8598855417509065,0.6811975647872929,0.8782833164952709,0.9274166679629935,0.0,0.9852870828608251,0.8581998042850811,0.8803922925940152,0.8569187018355218,0.7815891841554274,0.7413195169221943,0.8272189537945827,0.7003301557592135,0.7430073367226073,0.7890192038464581,0.7879554345275942,0.8039096641923801,0.7057861397905046,0.7833543508210912,0.7951127132385012,0.7185430964540386,0.657215790246292,0.8764667891223538,0.804597202021013,0.7819580920777462,0.7024597099230848,0.7693960265193295,0.9049860629176911,0.6390262000459469,0.8514597856702255,0.8129597025402772,0.7328140614137075,0.7875122421108817,0.7023821882795905,0.6008288052824219,0.6120602138511838,0.7658612087978932,0.6564611615687226,0.8230047774991084,0.8025487269557002,0.7819142943244999,0.42172573983991696
0.6672567998685298,0.8585032964904502,0.6187987760224202,0.6516452709389939,0.5471332536732783,0.7309778317589207,0.6734471174573112,0.6562395702028396,0.700419588910732,0.4473690137164195,0.7242807955297842,0.7793937589665679,0.7060141675937448,0.7175719200571047,0.8546427633471315,0.9633584714456869,0.624845964935217,0.8542909439011046,0.95812073702769,0.9852870828608251,0.0,0.8807198674644574,0.9225945897975623,0.828704333784162,0.7522478521221766,0.7644530787579809,0.8892531907559662,0.7090120642234345,0.7365311039403594,0.8206669345708479,0.7414092234342619,0.8412149038135207,0.6838783347108821,0.7880822983339344,0.8068414236595579,0.705453109968199,0.617391715607747,0.9101357438504539,0.8698356898516313,0.7539734081153011,0.6766091810004209,0.7453809720805242,0.9301083722049832,0.6314788867269763,0.8991795457106709,0.8211817522654685,0.7477360297879946,0.7575505238988148,0.6950175571068924,0.5525221891313628,0.5898766292288984,0.659342760697894,0.6256793202711213,0.8158823999584495,0.8258952276443375,0.7971961701452206,0.3903018124928631
0.8200732070810282,0.6643921536438542,0.5206498082351163,0.5996773677917486,0.4556365070568315,0.9246630534080086,0.7870583657415606,0.7730602176923769,0.8358836703502825,0.6157999034745035,0.8982221462692314,0.8413389582354769,0.8470487798243514,0.7830314401680487,0.8478116913282916,0.8408157766361555,0.7629619756869312,0.8680074144585218,0.8320452179283188,0.8581998042850811,0.8807198674644574,0.0,1.0,0.9942984015485791,0.8703560570603277,0.8672884792818766,0.8490118635422158,0.7316192912504833,0.7584683247779243,0.8805125286676718,0.8579797780881528,0.8364033536021831,0.8108903377156212,0.9681857839853298,0.8759435438428851,0.8796404001082051,0.8273002576998341,0.9297741654420367,0.8824581043896972,0.8847222834644524,0.9248885165203711,0.8794927490573288,0.9367053623467932,0.8401463328066909,0.7777308567877054,0.9559657433591072,0.8830323768242788,0.9590050567763393,0.8626428871476466,0.7614764625190428,0.7441723278096618,0.8272894155193384,0.7697679474419054,0.8222038392960648,0.8499503992995886,0.8795691012456635,0.4932555116499387
0.9202466937802638,0.7259383848202234,0.545632860789187,0.6299179413253597,0.5006256869216755,0.9080660027027783,0.7805585407632089,0.8196757258417914,0.9055708808009638,0.6166316714563999,0.853509927249082,0.873368029468774,0.8499116569500124,0.8488645012628505,0.9027076933776909,0.8827715178022659,0.7447776839301201,0.9208788984761793,0.945066264438553,0.8803922925940152,0.9225945897975623,1.0,0.0,1.0,0.9443303928247947,0.8679913644681452,0.9618992180674177,0.7565349053508735,0.8037830150638771,0.9528134971282128,0.8637128542029069,0.8329766681021737,0.9053040565937277,0.9026135505467446,0.9099155421577337,0.984250607215662,0.8391204128261414,0.9915898960136025,0.9810976887284326,0.9838363673695997,0.8926043862903996,0.9503572857402223,0.9821790377136875,0.8812044295468409,0.8394509189673598,1.0,0.8690903533458605,1.0,0.8421780945792822,0.7591800726553755,0.7528385825543089,0.8023511737169307,0.7730736125568566,0.8734749384844956,0.8761753493442366,0.9212382834714894,0.4836823823153413
0.9242408030625713,0.659533024759249,0.5078385193692623,0.5573774054053671,0.4375812845535564,0.882922139333097,0.977500861758782,0.9192204866765707,0.8909682558727372,0.6725928290202088,0.8977169798657333,0.8754798274091878,0.8819755660946658,0.8363955899578878,0.9033871120517175,0.9023325515184625,0.840870287307834,0.9794495855407696,0.8817963696878939,0.8569187018355218,0.828704333784162,0.9942984015485791,1.0,0.0,0.9064742247716524,0.8308663232469432,0.8845376557803372,0.7488634291489933,0.7273893584183276,0.946934600734602,0.880968607377971,0.8033290245942285,0.8918283849680991,0.8991676088341715,0.9334304448054884,0.9536318517540894,0.8628712540762767,0.9616595394101655,0.9898875568971081,1.0,0.960698411577473,0.9024360657063007,0.9802012893668018,0.9204413585540796,0.883392508985129,0.9522560270573526,0.9101333783243526,1.0,0.9090820555969576,0.8689961191624732,0.8751068407620574,0.9188539092504269,0.8073977416757508,0.8938926221482565,0.8378879402717198,0.9023876213184285,0.5567985935304108
0.8269071316537666,0.8421576229063042,0.680302768583553,0.8366151554760879,0.597373851218691,0.7336466594156892,0.6785812409060975,0.6788623177253742,0.730987763538551,0.4836939186624897,0.7144063396897411,0.7088464560776406,0.6764459537075231,0.637465166720054,0.7979369797153553,0.75864411596159,0.5898031499385623,0.7760964666093566,0.7721290137150303,0.7815891841554274,0.7522478521221766,0.8703560570603277,0.9443303928247947,0.9064742247716524,0.0,0.9218987008757142,0.9377024972481475,0.9657946518420796,0.8998815392154,1.0,0.9072708114529439,0.9038813493094879,0.8272375494558889,0.8795674480336312,0.899746245909331,0.8601611990216071,0.8239602741809666,0.9182424273370396,0.8808524179355244,0.8645093942916932,0.8487235241781587,0.9173531582034414,0.8935160688708188,0.7115035265193984,0.6476050141653571,0.8675207819356519,0.7059405191417345,0.7477340015610799,0.6647154649355485,0.6225830962277907,0.6132605505061738,0.7553742027498167,0.6336978851754704,0.775416483368068,0.7585927131236417,0.8085077336525109,0.3600270942159497
0.818956003311904,0.8868828586138746,0.8143156198142104,0.7809437561335753,0.598677919157454,0.7036565528908306,0.6564151910591732,0.6509446045895385,0.7311502887042423,0.4904346302491018,0.6883699840567714,0.7338972890795191,0.6645415871499953,0.6123275413403441,0.7687750581502993,0.7428940002186206,0.5685464428077543,0.7514850836644715,0.7500023831702652,0.7413195169221943,0.7644530787579809,0.8672884792818766,0.8679913644681452,0.8308663232469432,0.9218987008757142,0.0,0.93796616647572,0.9251859016344743,0.9138236742875719,1.0,0.9959721366063922,0.9108828612674398,0.8521645606734584,0.9086929338094145,0.9437248055727357,0.8607756903914034,0.7676494625662492,0.8638225953803417,0.8362298763535746,0.7646195740687459,0.825186015924494,0.8798304978716779,0.8705746095358526,0.6809330859005145,0.6171984570360171,0.8431847763621405,0.6748519245596617,0.7253117178311095,0.6461421465702121,0.5714700760811827,0.5983329942357357,0.693216200012784,0.6013590342991493,0.7089017053044064,0.7520008130422534,0.7874478719283301,0.3450076600249449
0.8107942448198165,0.8204225312612081,0.6689230544402569,0.721649246976645,0.5700845088398494,0.7881935340647181,0.6646605853991158,0.7112447785464489,0.7455287967561474,0.521174059086043,0.7504504661484761,0.7528142246284779,0.707336829250247,0.6608033021992488,0.8275226135081478,0.8408240254435783,0.5884894674342942,0.79198410871812,0.8264926876994849,0.8272189537945827,0.8892531907559662,0.8490118635422158,0.9618992180674177,0.8845376557803372,0.9377024972481475,0.93796616647572,0.0,0.9062632803538916,0.8624791833190916,0.9612465136537894,0.922961306707769,0.8401566055176035,0.9574420580386835,0.9456735537458555,0.8983987554218147,0.8285540353451276,0.7588660950695548,0.9060688401596348,0.8806580351903558,0.857492789829236,0.8389156222880754,0.8807640464404246,0.9198575233321281,0.7406277115441375,0.7133153136913116,0.8734213447069239,0.7334424866744483,0.7734319084966682,0.7126835983912932,0.6324268559879164,0.6665173783726112,0.7135418111168397,0.6346150664928162,0.7562496721296417,0.7914675109387647,0.7494987097992563,0.36656201482884765
0.6698961350337428,0.9238204082135971,0.8241471523408047,0.8698482831357913,0.7202684973732042,0.6076552962979066,0.5620908400172259,0.5447988338973743,0.6428453888970199,0.40880218596907864,0.6448922348918632,0.6653473363870975,0.617702116326549,0.5562234133105597,0.6655476792659819,0.6611874085413363,0.5022392748160514,0.7074824127383416,0.6844030187952452,0.7003301557592135,0.7090120642234345,0.7316192912504833,0.7565349053508735,0.7488634291489933,0.9657946518420796,0.9251859016344743,0.9062632803538916,0.0,0.9686527157963066,0.9005460920283399,0.9120380557317355,0.8868072187591621,0.7659674120142383,0.7938883650641004,0.8313822057715732,0.6884365849130784,0.6912835690602602,0.7643300353338854,0.7693755885457858,0.6764067785418919,0.7295223421278347,0.826342103943967,0.8060411066246099,0.5457070655987318,0.5352187924763679,0.7049451605188888,0.6270415431266324,0.6341454621857893,0.5777920385606016,0.5278367251175479,0.5281836436632308,0.640649180112912,0.5460122860144658,0.6653589112330688,0.6971916206007194,0.6876828482455349,0.3157406884416208
0.6202204983884947,0.9565450234303914,0.8738322113193417,0.9088234938305871,0.7761494756950458,0.5750860636679519,0.519475113962313,0.5077868524015718,0.5828238693745473,0.365823002952318,0.5912237757939298,0.6159976795353426,0.569953386602432,0.5124563773582034,0.7241486560300856,0.7351885657232413,0.47082955243137053,0.6730113223386374,0.7416397342348617,0.7430073367226073,0.7365311039403594,0.7584683247779243,0.8037830150638771,0.7273893584183276,0.8998815392154,0.9138236742875719,0.8624791833190916,0.9686527157963066,0.0,0.8793320815018455,0.8618957579858124,0.9183240196514633,0.7206736597677147,0.7812553934829148,0.7398849478440963,0.6943014370034564,0.6158323624753964,0.8323192046602207,0.7670626644224059,0.6965939929900593,0.6876103885401786,0.8414056308561813,0.78330506451031,0.5257612426525767,0.5755507170654705,0.692257596627701,0.562034093188617,0.6088303568117649,0.5449093122863052,0.48308325371798366,0.4772593660827272,0.6096223610563813,0.48494644195603387,0.6216465937517589,0.6556789231864714,0.6264130317799494,0.28077314964931066
0.9029517408852784,0.8114747440010285,0.6565639930364254,0.7805684346584684,0.5596726683213845,0.7568680763889888,0.6984025738395697,0.7373412532443275,0.7865833165582055,0.5661075907023475,0.7470256636729178,0.7724193277325955,0.7335148941674362,0.6556324854581885,0.7879500303413547,0.7630106909619009,0.6247122560687106,0.7545584411235093,0.815599579487796,0.7890192038464581,0.8206669345708479,0.8805125286676718,0.9528134971282128,0.946934600734602,1.0,1.0,0.9612465136537894,0.9005460920283399,0.8793320815018455,0.0,0.9922904932281746,0.8879769304994957,0.9970597858241068,0.9634516545831422,0.9403420976750786,0.9250445583153148,0.8922105574324384,0.9877813473644977,0.8928138662504103,0.9090722100642025,0.9495497984272769,0.9166888587581921,0.8889062185381869,0.7561027536685161,0.6609716284769962,0.9023806472293142,0.7868162474644027,0.8418656233476417,0.712580031106635,0.6801461568198183,0.6870552918742867,0.7831914934781112,0.6779518479677893,0.752348376331975,0.8221722648225508,0.8646446717468937,0.38949319425076306
0.8131961846911961,0.8181488033785317,0.6450503774040831,0.7368505162870024,0.5541520524577971,0.7211202599891167,0.6643357628323173,0.6782772650334131,0.748255044306083,0.5080584253177056,0.732035398865099,0.7459979155776956,0.7149901441013659,0.6054270764619273,0.7822423690516358,0.7567929119576161,0.6209650527975746,0.8181566124449535,0.7851871423084297,0.7879554345275942,0.7414092234342619,0.8579797780881528,0.8637128542029069,0.880968607377971,0.9072708114529439,0.9959721366063922,0.922961306707769,0.9120380557317355,0.8618957579858124,0.9922904932281746,0.0,0.9103676546785459,0.9880170995053486,0.8836480958429708,0.8981862627315422,0.8802591211687787,0.8229670080031656,0.9052604319548472,0.8403176811637548,0.8492578187936762,0.9246128056745335,0.9189841301029485,0.9230285843656486,0.7314968630917639,0.6101937256734046,0.8298377246290931,0.7259795717511937,0.8092649033203401,0.6812036954902151,0.6995583162598401,0.6623742381708068,0.7402474192617831,0.633661646379626,0.7406252803273329,0.7576598605109645,0.8083278683964008,0.38020732823500697
0.637693456190257,0.9222086349826313,0.7742229653428356,0.7960592003349265,0.6658407737991331,0.6267773856297186,0.5919002486437296,0.5799232234431209,0.670661098747468,0.417702736306999,0.658756915989422,0.701570591278722,0.6732127776809943,0.6266103961950056,0.7749290542840996,0.8038575207990797,0.5540557698961376,0.771023298735188,0.7753703889140217,0.8039096641923801,0.8412149038135207,0.8364033536021831,0.8329766681021737,0.8033290245942285,0.9038813493094879,0.9108828612674398,0.8401566055176035,0.8868072187591621,0.9183240196514633,0.8879769304994957,0.9103676546785459,0.0,0.7508614378027805,0.8460645361513208,0.8130555668354704,0.7355285266914708,0.6598911666544737,0.8978844384830293,0.813451476650019,0.762755844115217,0.7689202374831556,0.8338616675265845,0.8884662675987585,0.5715829425184865,0.6936943730986431,0.7987926034279813,0.6430995790979969,0.7426813243744362,0.6158554710631367,0.528458417529802,0.5522517241964003,0.64936342302686,0.5668167008737192,0.6723585938228823,0.7131955689828249,0.705194226599679,0.33578209238369233
0.893228890364081,0.6691091139351498,0.5262259425484861,0.6148735547213777,0.44739039562586885,0.8378736688345458,0.7415014336105931,0.7188396625369126,0.7896595007588931,0.6074578296188998,0.7655905994347484,0.7068979816187126,0.7294516535438794,0.6860847072672205,0.7663822875127618,0.6869032625623576,0.6278754048121519,0.7497439664333009,0.6805717163604592,0.7057861397905046,0.6838783347108821,0.8108903377156212,0.9053040565937277,0.8918283849680991,0.8272375494558889,0.8521645606734584,0.9574420580386835,0.7659674120142383,0.7206736597677147,0.9970597858241068,0.9880170995053486,0.7508614378027805,0.0,0.8747355536613282,0.8792007842013194,0.9295943182091134,0.8174418465113854,0.8543167483695016,0.8247087283379914,0.8894879118249801,0.8760634594043116,0.8717791225202945,0.8470539550224288,0.7907571042537224,0.6045569588411775,0.8363244305517428,0.7522339147977977,0.8297649475381473,0.7109828283774426,0.7480485028935503,0.7230285249628893,0.7457439616871462,0.7113177627263196,0.7408031512868358,0.7252455308920088,0.8097017163613134,0.43365792643671924
0.9236577100373289,0.6952304177642293,0.5455278013849505,0.5996740122048262,0.47143860542067456,0.8398044450777034,0.7867463214615811,0.81533111123033,0.8586811665794614,0.5947688918750499,0.812871400200274,0.8622780566546494,0.8423114695150422,0.762461644388138,0.8684850042477248,0.8262976973824638,0.7212746412452694,0.8631808006295008,0.8053028879109888,0.7833543508210912,0.7880822983339344,0.9681857839853298,0.9026135505467446,0.8991676088341715,0.8795674480336312,0.9086929338094145,0.9456735537458555,0.7938883650641004,0.7812553934829148,0.9634516545831422,0.8836480958429708,0.8460645361513208,0.8747355536613282,0.0,0.9321706337723574,0.9248676857564943,0.8534062204643524,0.9327242488963083,0.8925497100661375,0.8868550735741053,0.9023885203213254,0.9177018583843644,0.8833769901378844,0.7834881301542778,0.7128978834197593,0.8597135453972372,0.8540097978110112,0.8723987088671278,0.8082649775124523,0.729118436233507,0.7794642526815891,0.7984345003797974,0.7284226595141684,0.8149273649452541,0.8494346621933274,0.9018680002434211,0.47372680290056524
0.9098487249890291,0.6807484427894448,0.5546917632145388,0.652025312259829,0.479591389548764,0.8485324470612057,0.7562059242342437,0.7527417009104336,0.8386725213639987,0.5826178421951237,0.7490289655925804,0.8184886731694458,0.81312145248524,0.7194853866838327,0.826675191730848,0.7917085526129648,0.7043061997915385,0.840894771241143,0.7887721568920938,0.7951127132385012,0.8068414236595579,0.8759435438428851,0.9099155421577337,0.9334304448054884,0.899746245909331,0.9437248055727357,0.8983987554218147,0.8313822057715732,0.7398849478440963,0.9403420976750786,0.8981862627315422,0.8130555668354704,0.8792007842013194,0.9321706337723574,0.0,0.9515796387797105,0.8835585126439407,0.8834595808871343,0.8349550774037564,0.9349085914100719,0.9183361059808325,0.8700876035219243,0.9189921196481107,0.8436348209409619,0.666231483448045,0.8654345174889847,0.8248423160915774,0.8535550460803457,0.7685592322999825,0.7470243629474617,0.7382315778713556,0.8044046784673075,0.75922358863124,0.8278414383809943,0.7968599283966215,0.8701162330567201,0.45798070431692206
0.9968989503231582,0.6083555598876731,0.4803452308854133,0.5338590574165131,0.4178981572844418,0.8634799297593542,0.864350053142123,0.8309682585612109,0.9065740387941232,0.7379190084510315,0.8361194227462709,0.7499763927795315,0.8186860693771144,0.7658382869014978,0.8531273939760132,0.7183365403093745,0.705312677880185,0.788910415688031,0.7226281381383352,0.7185430964540386,0.705453109968199,0.8796404001082051,0.984250607215662,0.9536318517540894,0.8601611990216071,0.8607756903914034,0.8285540353451276,0.6884365849130784,0.6943014370034564,0.9250445583153148,0.8802591211687787,0.7355285266914708,0.9295943182091134,0.9248676857564943,0.9515796387797105,0.0,0.8806747908048193,0.8645572505297572,0.8315365155489967,1.0,0.9793018146410636,0.9077755756038866,0.8825307649147607,0.9655634052048925,0.644082909222101,0.9233238646170328,0.8684225431529569,0.9729186620992292,0.8736962178550673,0.8516006000899927,0.8343204112855837,0.827258560300478,0.8111990484194657,0.8305769932406515,0.8243173629790573,0.8653331281828875,0.5207920994838229
