Cingulate area 2,Glomerular layer of the accessory olfactory bulb,Glomerular layer of the olfactory bulb,"Olfactory bulb, unspecified",Frontal association cortex,Cornu ammonis 3,Dentate gyrus,Cornu ammonis 2,Cornu ammonis 1,Fasciola cinereum,Subiculum,Postrhinal cortex,Presubiculum,Parasubiculum,Perirhinal area 35,Perirhinal area 36,Medial entorhinal cortex,Lateral entorhinal cortex,Primary auditory area,"Secondary auditory area, dorsal part","Secondary auditory area, ventral part","Piriform cortex, layer 1","Piriform cortex, layer 2","Piriform cortex, layer 3",Ventrolateral orbital area,Lateral orbital area,Ventral orbital area,Medial orbital area,Dorsolateral orbital area,Prelimbic area,Secondary motor area,Frontal association area 3,Primary motor area,"Agranular insular cortex, ventral area",Agranular insular cortex dorsal area,Cingulate area 1,Infralimbic area,Dysgranular insular cortex,Granular insular cortex,"Primary somatosensory area, forelimb representation","Primary somatosensory area, dysgranular zone","Primary somatosensory area, face representation",Secondary somatosensory area,"Primary somatosensory area, hindlimb representation","Agranular insular cortex, posterior area","Primary somatosensory area, barrel field",Retrosplenial dysgranular area,"Primary somatosensory area, trunk representation",Retrosplenial granular area,"Parietal association cortex, lateral area","Parietal association cortex, medial area","Parietal association cortex, posterior area",Primary visual area,"Secondary visual area, lateral part",Temporal association cortex,"Secondary visual area, medial part",Nucleus of the lateral olfactory tract
0.0,0.3751894218351663,0.3131162683402429,0.5286916381134439,0.5181801139783475,0.983337741538525,0.7822028283033596,0.9318801200472903,0.8762801071220587,0.9282483987335827,0.808544872091273,0.734729750021384,0.687958830026587,0.6730034668688162,0.8564468953996289,0.8231048579987752,0.7074620678448134,0.7001927128083766,0.808010290053466,0.8451102180288353,0.7359677368012741,0.90261388407085,0.8809636167057343,0.8823300255440044,0.8910469442890804,0.8352467158338457,0.6349741670359945,0.8254149601127059,0.9694526399993348,0.840527184573932,0.9667909651954509,0.9132922944772474,0.8761379480782047,0.8108558013086409,0.9497946555586269,1.0,0.8428600523941078,0.8799946064293243,0.8931566138430628,0.8310439217248753,0.8428681709871272,0.9049440361997119,0.8739758261440895,0.9977586816376965,0.8972183429849353,0.8719679341601113,0.7890413094313179,0.816769776814598,0.8068662422571421,0.7913464630225275,0.7933583745076188,0.8104127279698784,0.8170726282147319,0.7167025728991535,0.6800268297974276,0.8328017322749144,0.7919041535382922
0.3751894218351663,0.0,0.4023615717654106,0.49191325930582047,0.40235487846547724,0.4112540199372261,0.4706903503117656,0.440631257778194,0.464032183425004,0.48504357469932835,0.39276682104840255,0.3756979269291055,0.481773002325454,0.6512246207347453,0.4437706169652854,0.36570858812467827,0.43745351929309584,0.40959447775577656,0.3462008881145099,0.35846988060853985,0.39337451547653435,0.4985265649703444,0.5183751547389164,0.4705800713447635,0.46883429697890394,0.47965849945591893,0.49453367551072175,0.5145925222132637,0.4458806337018435,0.40853948774075405,0.5156627285795756,0.392133888886262,0.3628166671160683,0.3146527887298493,0.34490787325082106,0.3455931673636891,0.3203976863339059,0.3316900858226931,0.39841989466784883,0.36914219654010777,0.37296271121348934,0.35127295739951636,0.3698857465800751,0.41430673154257597,0.5382752959300309,0.3716812582857468,0.5288259265097743,0.4012386788142333,0.40847603804919974,0.43282300872505935,0.40707590124789966,0.4177103651716901,0.3972362367753346,0.3901635270154992,0.43925471387106935,0.4539420716423762,0.46378196056297405
0.3131162683402429,0.4023615717654106,0.0,0.7834856831515263,0.5160019706761358,0.3986768273437736,0.3789857630886261,0.3949603065227166,0.3903626826084467,0.37306633099192066,0.36288007558716734,0.4220465681507186,0.5441979758821278,0.48459801934366675,0.39333916205508723,0.38386482114599124,0.5201071026366466,0.43158967793096803,0.34841330907842644,0.34152676026629436,0.3731259416355101,0.3472114708809267,0.3654433041251726,0.33469456326608876,0.41168636242320494,0.34831892985765617,0.43453872567365737,0.49344494245863835,0.37647031766618516,0.41386702005715437,0.35501476748323835,0.30067970665255683,0.3275221428599837,0.20763323051058238,0.2850865681141668,0.33687355530328145,0.270072666600423,0.2536258148141824,0.30439617021557264,0.2867606422959516,0.28654184389020954,0.2701405714809011,0.31148933817092295,0.35301372452917107,0.34291885021236207,0.29227198781209934,0.41170664622430925,0.28830456031641505,0.3963908089599877,0.41515066709153997,0.3033135586360273,0.32794291506174184,0.41673679195797697,0.41816992658018626,0.43858901631242114,0.4195286318845786,0.471014351986074
0.5286916381134439,0.49191325930582047,0.7834856831515263,0.0,0.696463801085944,0.654811522959226,0.5716392291921918,0.6091311203382157,0.5757544872969071,0.5724350218932759,0.5378744140011235,0.6199133301518891,0.7028983109655772,0.6824167926861989,0.6083844580074196,0.59775513131667,0.6638044475179908,0.6220251489983408,0.5321964694292449,0.5671401940026767,0.5429294230934504,0.5810692990220998,0.5530296890381111,0.5067737097257807,0.6832065505404388,0.5729346974677914,0.6681010173196764,0.7620142062174601,0.6280246425442091,0.663590060368074,0.5754136278952893,0.4941693678672361,0.5338168277334603,0.3297909642710638,0.4907990571671308,0.5878569587345771,0.4442317857226591,0.38670961721245256,0.48624191818007817,0.45158938574306084,0.4416870453242854,0.42647867220483987,0.49104616621076047,0.5926149964117349,0.5319364891864092,0.4323855713333675,0.608678788090908,0.44853541604101743,0.6023304988526691,0.6558079543937471,0.5001821999454182,0.5349895045451021,0.6066925949413492,0.6371919106856806,0.6124849247516632,0.6310489347948488,0.7615788732563804
0.5181801139783475,0.40235487846547724,0.5160019706761358,0.696463801085944,0.0,0.5890334519016126,0.5183026935849688,0.49986751560590587,0.5345565172385378,0.4785959787180579,0.4764292919767263,0.4891933020299665,0.5653158567332942,0.5252487836377322,0.565295567765802,0.5232209460974743,0.5616160932388033,0.553190382934098,0.48426041124722624,0.5030549013677603,0.5396507572651545,0.5250843787902221,0.5266197834932181,0.4823771214937726,0.6515123713818417,0.5387009035476481,0.6919504144161478,0.7078528011987176,0.6020564268298364,0.7255246690583912,0.5564312610608351,0.43322984509412693,0.4739466868608348,0.3719431708296854,0.47684810365674557,0.5472048383569589,0.40058639188583817,0.37269076060905426,0.4501207197423738,0.4205390876375651,0.4350888231526442,0.40413898792344066,0.45646820577203606,0.5063753414869067,0.49506872853460543,0.4184936009280006,0.5818530237815577,0.4461686975749902,0.5457197387432997,0.5846447637782372,0.46793741004438827,0.5462296540084671,0.5446461882158775,0.5760289517716531,0.5338281894682277,0.5124273844237552,0.6245106246042526
0.983337741538525,0.4112540199372261,0.3986768273437736,0.654811522959226,0.5890334519016126,0.0,0.956086926534503,0.8789947832688334,0.9647719851637371,0.978249882016862,0.8770612678266407,0.8930737962976765,0.8528046009524505,0.8025025859783627,0.9560371044176781,0.9469839256252961,0.8835181034653578,0.8534062911374208,0.9071317364235185,0.956666757668374,0.8723220254425614,0.9135169923401002,0.9279752738281025,0.8830400180300197,0.9383059108015509,0.8536555723340338,0.6442656012427812,0.8702374173825402,1.0,0.9055570871192279,0.9434106032401615,0.8625360512596899,0.8961724130625222,0.640354116377142,0.8692722235306395,0.9611197876824122,0.782144228857595,0.7888426771403182,0.8815185527083569,0.8428095290923738,0.8328015988081234,0.8549398367524018,0.9735420887469334,0.996905155058725,0.8871139903793909,0.8585273801247939,0.9669110659751871,0.7990569746745378,0.9712822530724771,0.8646142410792199,0.8139129530565848,0.84302553172043,0.9105949462861407,0.8939565181843947,0.8638332795119309,0.9615618952374784,0.7929285423490661
0.7822028283033596,0.4706903503117656,0.3789857630886261,0.5716392291921918,0.5183026935849688,0.956086926534503,0.0,0.8770097685296631,0.9582681307286521,0.9422782629891219,0.9907786357676631,0.8860777445552882,0.824411651372883,0.8206336903169169,0.9607717338523952,0.8855341529132079,0.8995666659590367,0.9033869146991383,0.8913314748726376,0.9069137115003825,0.9094856029234053,0.9258862736071923,0.9357345566657277,0.9638848543064856,0.766232808065837,0.9068714018343326,0.5812821983596375,0.7149549921302482,0.9129560488286848,0.795979587678165,0.8866458982017691,0.8961876280509924,0.955062460886886,0.6528776770730109,0.7808175564718576,0.9071363471900589,0.7812627732782804,0.8549505921016153,0.842719351925269,0.8849886171255275,0.9246127650593807,0.8400648509085101,0.8961400477224679,0.9685090370398464,0.9454307257906872,0.8110923699077289,1.0,0.9181053716509434,0.9684004476913097,0.8368707070962894,0.9544279445682552,0.8620426205997338,0.8891461224759665,0.8701422101867201,0.9063712936075082,0.9270963464417659,0.6894955423808803
0.9318801200472903,0.440631257778194,0.3949603065227166,0.6091311203382157,0.49986751560590587,0.8789947832688334,0.8770097685296631,0.0,0.8922820320021088,0.9540875278376324,0.824174361635949,0.9395293122130581,0.8433807205902522,0.8728337100639283,0.9695760242634797,0.8993290688429206,0.8181382718240906,0.8403448045169172,0.826162314714212,0.8717963555654927,0.8282808706671223,0.8655027195936471,0.9065403755065388,0.8908348732984818,0.7968536117497679,0.8562770180940481,0.6051627220054178,0.7615762251973948,0.9395462175229587,0.8050566525169681,0.780584680881452,0.8476012012323951,0.8041331754858426,0.6330353868996886,0.8238970219866503,0.9409705056986947,0.7465205117465421,0.7965858124959652,0.8379073376652602,0.7761280548083158,0.8435415824014443,0.7868147641667232,0.8460619275995107,0.9650506628621458,0.8761997418022516,0.7464778112525127,0.8788349651171843,0.8848972619593487,0.8606538671874879,0.9136008308028154,0.7524308999794457,0.8066913750738126,0.9409237364864282,0.8369226800141802,0.9111586809762086,0.8866030778681439,0.7604675078495065
0.8762801071220587,0.464032183425004,0.3903626826084467,0.5757544872969071,0.5345565172385378,0.9647719851637371,0.9582681307286521,0.8922820320021088,0.0,0.9992540230398582,1.0,1.0,0.8356472395790705,0.8676893634458566,0.9978640392931712,0.9077267483585543,0.919089307009175,0.9743749477793747,0.9116630307570341,0.9792814850965134,0.991296269666403,0.9692967460042334,0.9166957545023682,0.8832128063961379,0.8048263927627705,0.867231693705667,0.5970833406545726,0.7716252277166337,0.9868504974206531,0.8053631521838038,0.8837689371419685,0.924158479010085,0.9225804905028349,0.6740643222876396,0.8406179060265597,0.9822055271591221,0.8132262969656164,0.8690375945973683,0.9293882184010238,0.9127079597637362,0.9054161854594222,0.8508823676945926,0.9173095891391854,0.9837007832303344,0.9541088243961138,0.8525012303238457,1.0,0.9214236322083638,0.9979675359953833,0.8706274270095413,0.9527658218440299,0.9193713183655645,0.989249615892826,0.948052116471315,0.9427614077662541,1.0,0.7758766658691909
0.9282483987335827,0.48504357469932835,0.37306633099192066,0.5724350218932759,0.4785959787180579,0.978249882016862,0.9422782629891219,0.9540875278376324,0.9992540230398582,0.0,0.9543817996341458,0.9417335876951931,0.8342580337168892,0.9126027681499806,0.9072384854154669,0.9261126230116472,0.8665634612517169,0.8708377512344371,0.9154769676555834,0.9816799716497895,0.9334230621280738,0.97448082693246,1.0,0.9205361246960211,0.8059301741774773,0.9388104783805917,0.5787227201260927,0.7641177927519398,0.9413006203170594,0.8129037503788162,0.9002732842735108,0.9573692662460861,0.925214927369359,0.7472882013725861,0.9170241690490308,0.9539255195273882,0.8653568612874242,0.8991170975241837,0.9297188776691416,0.9095760150974915,1.0,0.9125396275813169,0.9682268644999732,0.973376815643533,1.0,0.955504455156904,0.9366375451914944,0.9003776775490784,0.9320185420207048,0.8911193136114818,0.8534410956686662,0.8670455658557787,1.0,0.9411516284121196,0.834442022161081,0.9800750314144382,0.7388874183430717
0.808544872091273,0.39276682104840255,0.36288007558716734,0.5378744140011235,0.4764292919767263,0.8770612678266407,0.9907786357676631,0.824174361635949,1.0,0.9543817996341458,0.0,0.9386516720675784,0.7615378478889968,0.7755791777660177,0.9461611956801005,0.8843534328580575,0.8104262968446315,0.9642230715797,0.9873483687705308,0.9260689577114253,0.9272090974312579,0.8397155663757898,0.8801260216174204,0.904406694512883,0.6940629459464585,0.8360738364188507,0.5310756026381439,0.6968872383286231,0.8756709487753283,0.7320886827835281,0.8627102090373778,0.8879751177148346,0.8977478715399276,0.6303702327503725,0.8254078039328981,0.9559701811706127,0.8036615137165225,0.8141948678602465,0.8848089902542869,0.8687897177797321,0.882603054241039,0.8606818374395403,0.9283830985863282,0.9251481105800717,0.9037318551886239,0.804165789061965,0.9903228677159787,0.8597226851514257,0.9463473447391266,0.8119224073646529,0.8946323791591367,0.7924957102986864,0.974658642489481,0.9348454592097338,0.9162527295385924,0.9414227619399063,0.6612650830660869
0.734729750021384,0.3756979269291055,0.4220465681507186,0.6199133301518891,0.4891933020299665,0.8930737962976765,0.8860777445552882,0.9395293122130581,1.0,0.9417335876951931,0.9386516720675784,0.0,0.8893710546770444,0.7611400905010575,0.8983551206928424,0.9010310458611609,0.9413804551309662,0.9625197984907153,0.9412591548002811,0.8854081877158367,0.8997285546008633,0.7874799531448968,0.8367913366612102,0.7928454815101651,0.6645614686088387,0.7311099517208492,0.4883135784188324,0.672892701187199,0.8230548303242656,0.7332041542992545,0.7256631599430592,0.8050612029035714,0.808359810607011,0.509246638453435,0.7251284191983387,0.8427534255125526,0.6916903025360998,0.7207880447837548,0.7887864125234754,0.7742179973546097,0.7736065809906646,0.7347023722896302,0.8391690621655495,0.8651869652382794,0.7931078523940407,0.73984795338854,0.9004952796072306,0.7892895720557661,0.9373677888429324,0.8273670371980576,0.7751275485085728,0.7208398228951499,0.9486897533731699,0.9117864108900977,0.9363451459027174,0.9172169837507334,0.7143583709866445
0.687958830026587,0.481773002325454,0.5441979758821278,0.7028983109655772,0.5653158567332942,0.8528046009524505,0.824411651372883,0.8433807205902522,0.8356472395790705,0.8342580337168892,0.7615378478889968,0.8893710546770444,0.0,0.9199123732951717,0.9201743024443074,0.9101654761546439,1.0,0.9343515549780698,0.8021153486769845,0.8237682972668587,0.9062656418172692,0.7692986718161414,0.7640955622882863,0.7392383722049901,0.7612007909642431,0.6989613144165208,0.5833010649176533,0.8177330914199303,0.7565645334144343,0.7201510326721552,0.6690136316937357,0.6370226296223301,0.7030738760782084,0.46488088761391183,0.6450537497057286,0.7469075541827576,0.5752294960289789,0.6052245013719798,0.700395403910865,0.649773598199902,0.6760686314761439,0.6036848320991284,0.6798842868921461,0.7465525356158286,0.7097987942663911,0.6318873125019265,0.8682818237558023,0.6565811454565658,0.8790657928301089,0.8339745318074758,0.7082743004891789,0.7282494729959571,0.9206324001413169,0.9404946079030087,0.9754662984494581,0.8787300685457443,0.7883082014257897
0.6730034668688162,0.6512246207347453,0.48459801934366675,0.6824167926861989,0.5252487836377322,0.8025025859783627,0.8206336903169169,0.8728337100639283,0.8676893634458566,0.9126027681499806,0.7755791777660177,0.7611400905010575,0.9199123732951717,0.0,0.9028650736725427,0.780584533482919,0.8672610345657721,0.7846219082077704,0.7499153006318101,0.7672851042565495,0.8413129108049737,0.8446135377595064,0.8688010310376698,0.8156847494086452,0.7789357975279125,0.8468335716246248,0.6411923653857482,0.7649114433105743,0.8274545901210159,0.776443080170936,0.7564548602081596,0.6688718722919247,0.6950550184831348,0.5188263684298091,0.6747260135995929,0.7356324078902494,0.593685924202495,0.6248888060185429,0.7015916821373288,0.695194292436935,0.7089921050023372,0.6322163709988878,0.718722303326523,0.7673619246257771,0.7773523410827384,0.6453083463009482,0.9925170863317414,0.7503123760336181,0.8430297081336026,0.871500224260708,0.7987497313979093,0.8206817296789362,0.817228862102041,0.8650351580028774,0.9261352318162498,0.8271130269488217,0.802480536310155
0.8564468953996289,0.4437706169652854,0.39333916205508723,0.6083844580074196,0.565295567765802,0.9560371044176781,0.9607717338523952,0.9695760242634797,0.9978640392931712,0.9072384854154669,0.9461611956801005,0.8983551206928424,0.9201743024443074,0.9028650736725427,0.0,0.9742440120336996,0.9384590640535395,0.9713417886844231,0.9540260006976494,0.966899813920503,0.9809521078423407,0.8813217220066016,0.9641782021034194,0.8945071066214332,0.8531280360591407,0.862373978357843,0.6334058180110641,0.8477809639825699,0.8774665520688669,0.8791050507775832,0.8407825249391964,0.8243330316742697,0.8488277156184826,0.63481329621131,0.7759076377961778,0.9531970666283341,0.7231496903828801,0.7600213633648897,0.8258043006499701,0.8338497037182442,0.9410681906415177,0.7783468219581371,0.8819350490602044,0.89385645703983,0.8427302168323053,0.7369226262182071,1.0,0.9279193770372888,0.9304879800936036,0.9698791027624891,0.9188766060119822,0.90483452713923,0.896153862640104,0.9947955598767642,0.9888699725216321,0.9317457821701486,0.8672237233759339
0.8231048579987752,0.36570858812467827,0.38386482114599124,0.59775513131667,0.5232209460974743,0.9469839256252961,0.8855341529132079,0.8993290688429206,0.9077267483585543,0.9261126230116472,0.8843534328580575,0.9010310458611609,0.9101654761546439,0.780584533482919,0.9742440120336996,0.0,0.9396013180532475,0.963914310913023,0.9617438896532735,0.9495725740055744,0.9541963910488771,0.8184505106149843,0.8230985553663995,0.8366736442917929,0.7755083277970525,0.7843686583405517,0.567529485421533,0.7531631250720053,0.9114118972085821,0.817683222878556,0.749153808090959,0.7914112094194281,0.8503452428501918,0.568620437511857,0.7563849730924479,0.9403546345070054,0.6694677282817112,0.7127272555959101,0.814979800532282,0.7523704757836658,0.783097610175826,0.7613069227279256,0.8099602165499563,0.8613188951798726,0.7915788417748133,0.6969246354736551,0.9351381217300407,0.8578123551938326,0.9253174603986355,0.8886799380907621,0.8098084974236464,0.7920298353431361,0.9378335607694742,0.980487952439174,0.8891972366802509,0.899622233204064,0.8234462638756228
0.7074620678448134,0.43745351929309584,0.5201071026366466,0.6638044475179908,0.5616160932388033,0.8835181034653578,0.8995666659590367,0.8181382718240906,0.919089307009175,0.8665634612517169,0.8104262968446315,0.9413804551309662,1.0,0.8672610345657721,0.9384590640535395,0.9396013180532475,0.0,0.9190625742408705,0.8612840937006043,0.821387516558919,0.9015904084381022,0.7021166118702263,0.7653317057924786,0.7222323964190467,0.7139529365066652,0.6543765087149791,0.559332372611071,0.7663213743000844,0.8129679547282044,0.736761921533089,0.6710116849407736,0.6541315261381285,0.7316155555634742,0.46868392761974487,0.6173264901701153,0.7814579614797325,0.5792087907273221,0.6392593070302804,0.7132287529478781,0.671807960580618,0.7440264430169714,0.6298130855133223,0.7379018150998318,0.7509792402419502,0.6987074560474301,0.6887378511968806,0.8932550737291346,0.6682206915001276,0.9533241430624922,0.8275968938918292,0.6667957035700399,0.6961523145515955,0.9664769093459767,0.9781953313029673,0.9894531439023644,0.8820890886820973,0.7395198575875487
0.7001927128083766,0.40959447775577656,0.43158967793096803,0.6220251489983408,0.553190382934098,0.8534062911374208,0.9033869146991383,0.8403448045169172,0.9743749477793747,0.8708377512344371,0.9642230715797,0.9625197984907153,0.9343515549780698,0.7846219082077704,0.9713417886844231,0.963914310913023,0.9190625742408705,0.0,0.9428905558516572,0.8882370207777953,0.9583083396208876,0.7929639070646637,0.8072889290634584,0.7462511858785891,0.7237211605396885,0.7807772595386351,0.5595869427659175,0.7489795497909241,0.8334113203207358,0.7958647633175308,0.7715375661057267,0.7413861581494969,0.8250074806109586,0.5516474931052748,0.7272897128008528,0.7972625781938497,0.6963273716898688,0.7139466981797381,0.8057410613206886,0.7669487535765015,0.8020850798469107,0.7330423254802367,0.7786203135870368,0.8637249723618609,0.7816258624473271,0.6692683081372937,0.9162100819338792,0.7369464241591055,0.8915552573257637,0.9025359646138078,0.8523847869559035,0.7816404804258112,0.9145136323964317,0.9712863504769014,0.9931722844091609,0.9311342493992799,0.7637932030976745
0.808010290053466,0.3462008881145099,0.34841330907842644,0.5321964694292449,0.48426041124722624,0.9071317364235185,0.8913314748726376,0.826162314714212,0.9116630307570341,0.9154769676555834,0.9873483687705308,0.9412591548002811,0.8021153486769845,0.7499153006318101,0.9540260006976494,0.9617438896532735,0.8612840937006043,0.9428905558516572,0.0,0.8787787440002449,1.0,0.8670811533867442,0.8714921318998612,0.807048430811266,0.8119653709964203,0.8080096533658299,0.5597386756739168,0.7496309488943534,0.8444524752894028,0.8235816027574853,0.7602489423688602,0.833590550180226,0.8449629512278127,0.6356303387237918,0.8299617615496757,0.9216739456753591,0.7484966474028572,0.7807779833398314,0.8532021436806606,0.8112345746161551,0.8486713069544235,0.7511648115069792,0.8615305229114102,0.8840776100443196,0.8811567547501025,0.7279465462760062,0.8660135973251704,0.9280120257523654,0.9362939210471497,0.8230952256634955,0.8556324893642036,0.8139292134236527,0.9233781258375423,0.9399013658598756,0.905875462477574,0.9196168813874219,0.7569861741202719
0.8451102180288353,0.35846988060853985,0.34152676026629436,0.5671401940026767,0.5030549013677603,0.956666757668374,0.9069137115003825,0.8717963555654927,0.9792814850965134,0.9816799716497895,0.9260689577114253,0.8854081877158367,0.8237682972668587,0.7672851042565495,0.966899813920503,0.9495725740055744,0.821387516558919,0.8882370207777953,0.8787787440002449,0.0,0.9553239780019858,0.8861913712598258,0.9071524727350054,0.8288020478678932,0.8150775281532172,0.8788158187230078,0.5939480608564439,0.7209176995527634,0.9526494574160196,0.8211076740550063,0.8456156148829811,0.8848365525877177,0.859705680387468,0.6957068479962257,0.8883754319546614,0.974637046892468,0.8285772744915793,0.8219714353805038,0.9005633032024895,0.8254541968112536,0.9561691055195568,0.8598191330217361,0.8494185155345422,0.9825835763559496,0.8706342494856303,0.818045081952402,0.940219263442187,0.8549051403621653,0.8892501874348023,0.8614845603733897,0.8472642531455444,0.9055914796012953,0.9635320801821161,0.9243873537924902,0.8876654486447907,0.9073884630723845,0.7548896426384661
0.7359677368012741,0.39337451547653435,0.3731259416355101,0.5429294230934504,0.5396507572651545,0.8723220254425614,0.9094856029234053,0.8282808706671223,0.991296269666403,0.9334230621280738,0.9272090974312579,0.8997285546008633,0.9062656418172692,0.8413129108049737,0.9809521078423407,0.9541963910488771,0.9015904084381022,0.9583083396208876,1.0,0.9553239780019858,0.0,0.7995140754132858,0.8464957037704689,0.8111735393360395,0.8127359980184972,0.8037485261694005,0.5648789206232239,0.7334228732849515,0.8421237401992019,0.7743366686367052,0.7692062470728354,0.7538799478844154,0.8154611355320296,0.5979546451752275,0.7619000788909372,0.8872275585444194,0.687144600654117,0.7230365055071085,0.7986806545868803,0.7688429858977696,0.8411327192759193,0.7433413549812189,0.7443281925382312,0.8183989299501406,0.855357775856264,0.692949185431517,0.9380505900105839,0.8278000658488773,0.9185013650359777,0.897698371016467,0.8577706472079616,0.8982615843997711,0.892998253905577,0.8969510749805287,0.9551718284991164,0.9063508904180329,0.7255879938107549
0.90261388407085,0.4985265649703444,0.3472114708809267,0.5810692990220998,0.5250843787902221,0.9135169923401002,0.9258862736071923,0.8655027195936471,0.9692967460042334,0.97448082693246,0.8397155663757898,0.7874799531448968,0.7692986718161414,0.8446135377595064,0.8813217220066016,0.8184505106149843,0.7021166118702263,0.7929639070646637,0.8670811533867442,0.8861913712598258,0.7995140754132858,0.0,0.9895176943908306,0.9536627014805614,0.8789026536529602,0.9500344244661636,0.659658686707613,0.8257704692487982,0.9904118397928168,0.8086687816132181,0.9496678377029266,0.9698999278237234,0.9266146349346142,0.7913429037032345,0.9220126001167311,0.9730730090006869,0.8557625329148755,0.8913832697056197,0.90473332083437,0.9178807790940233,0.9299285714548043,0.8822035780360016,0.9115199595143125,0.9686785970422611,0.9818905954000992,0.8441547774838599,0.9613537036949493,0.9034082236803833,0.8361971785310179,0.8320688113075847,0.8731322740597287,0.8882814252103018,0.8344382932965206,0.8351376870806937,0.7897941339960475,0.8749612080098251,0.8141924210956673
0.8809636167057343,0.5183751547389164,0.3654433041251726,0.5530296890381111,0.5266197834932181,0.9279752738281025,0.9357345566657277,0.9065403755065388,0.9166957545023682,1.0,0.8801260216174204,0.8367913366612102,0.7640955622882863,0.8688010310376698,0.9641782021034194,0.8230985553663995,0.7653317057924786,0.8072889290634584,0.8714921318998612,0.9071524727350054,0.8464957037704689,0.9895176943908306,0.0,0.997951825983808,0.8910945899653447,0.9149175525755907,0.6482668096686454,0.7913645109882301,0.9616197494490891,0.8237815611913805,0.9500770431697311,0.9134166921684815,0.8489038120769922,0.782271282860926,0.8558497928865028,0.9611793175198611,0.8408689797035104,0.8989586321252527,0.9180978815198588,0.8957968522259497,0.9548204023738849,0.8822287820663608,0.9281841631151929,0.9973963688636739,0.9970337220776311,0.8868525867492417,0.955775876366951,0.9942301284773333,0.8423696668591385,0.8340243191637124,0.8812705706626521,0.9034139699088486,0.8537237838764928,0.8933326841522092,0.865343358429835,0.931219106548811,0.6954223453199124
0.8823300255440044,0.4705800713447635,0.33469456326608876,0.5067737097257807,0.4823771214937726,0.8830400180300197,0.9638848543064856,0.8908348732984818,0.8832128063961379,0.9205361246960211,0.904406694512883,0.7928454815101651,0.7392383722049901,0.8156847494086452,0.8945071066214332,0.8366736442917929,0.7222323964190467,0.7462511858785891,0.807048430811266,0.8288020478678932,0.8111735393360395,0.9536627014805614,0.997951825983808,0.0,0.8065092339948974,0.9155382085462966,0.5550915688251824,0.7113396453146789,0.9136936681203899,0.8106389535319677,0.9086276731636097,0.8874977919619318,0.8538740172328283,0.7452751152900609,0.848998482156673,0.8901942339542026,0.8072195482314972,0.8830652235584061,0.9021619041542801,0.9084585102816151,0.9504894684878068,0.8914846152343222,0.9213597803898201,0.9441628596382111,0.9509087650472839,0.8546423437464956,0.9179814321074162,0.8780687222206742,0.904799869290068,0.785265680206486,0.8848359107520848,0.8233055538325015,0.8394931874206648,0.8302947899974449,0.8057288155082053,0.9325179573693104,0.6760381922428237
0.8910469442890804,0.46883429697890394,0.41168636242320494,0.6832065505404388,0.6515123713818417,0.9383059108015509,0.766232808065837,0.7968536117497679,0.8048263927627705,0.8059301741774773,0.6940629459464585,0.6645614686088387,0.7612007909642431,0.7789357975279125,0.8531280360591407,0.7755083277970525,0.7139529365066652,0.7237211605396885,0.8119653709964203,0.8150775281532172,0.8127359980184972,0.8789026536529602,0.8910945899653447,0.8065092339948974,0.0,0.9159357317908294,0.813751198180795,1.0,0.9160509460142946,1.0,0.9111677130318765,0.7326106066447143,0.7702212685257932,0.6657192305356467,0.8523468396694286,0.8696812843974738,0.6593945867289617,0.6011327220439846,0.7407905825593489,0.6874728682190684,0.7143859624871004,0.6746326416867303,0.7201119907062847,0.8595052081898199,0.787697147950233,0.7034028793129803,0.8638510315490082,0.7500630439059519,0.8126603816360878,0.9470887626773625,0.7488705598219052,0.8778151767115894,0.7739888911581616,0.7709276806431394,0.7219745298218327,0.7746380893501713,0.933378280736089
0.8352467158338457,0.47965849945591893,0.34831892985765617,0.5729346974677914,0.5387009035476481,0.8536555723340338,0.9068714018343326,0.8562770180940481,0.867231693705667,0.9388104783805917,0.8360738364188507,0.7311099517208492,0.6989613144165208,0.8468335716246248,0.862373978357843,0.7843686583405517,0.6543765087149791,0.7807772595386351,0.8080096533658299,0.8788158187230078,0.8037485261694005,0.9500344244661636,0.9149175525755907,0.9155382085462966,0.9159357317908294,0.0,0.709222867227038,0.8181660161704043,0.8999526594927112,0.8889730075032167,0.9407311399481375,0.9059271051539695,0.8551728493283973,0.7598735248448071,0.9331579143302927,0.9020542048658231,0.7999095854108479,0.8098329608531047,0.8996962698595358,0.8358377847178532,0.8525474470875877,0.8199158846518145,0.8449848174249489,0.9272723504131328,0.9078982743407533,0.7286343459464515,0.924936729545546,0.893824276090408,0.793693359921197,0.8958292748738582,0.901305146757777,0.8830579442952072,0.7371253309487285,0.8035214405670941,0.8157270179323186,0.8491470950062374,0.8146855228447375
0.6349741670359945,0.49453367551072175,0.43453872567365737,0.6681010173196764,0.6919504144161478,0.6442656012427812,0.5812821983596375,0.6051627220054178,0.5970833406545726,0.5787227201260927,0.5310756026381439,0.4883135784188324,0.5833010649176533,0.6411923653857482,0.6334058180110641,0.567529485421533,0.559332372611071,0.5595869427659175,0.5597386756739168,0.5939480608564439,0.5648789206232239,0.659658686707613,0.6482668096686454,0.5550915688251824,0.813751198180795,0.709222867227038,0.0,0.8851567797563181,0.7112390896357466,0.8271587406165822,0.7001453739903639,0.556251010115949,0.5536770465666933,0.4834602742733169,0.5943339545354409,0.6207337417895374,0.4846166157359916,0.4274506907043071,0.5421350261820322,0.48828300017736204,0.5084212120338166,0.48861266071464765,0.5008296649441512,0.624873744933183,0.6347668698781997,0.4845830364413543,0.6548715364178493,0.5359576190239201,0.5743095502965924,0.7605445224536733,0.5940796971793677,0.7170695607430814,0.5531592156650049,0.5934137576026828,0.5532458524051928,0.5719017411331414,0.8176333041260584
0.8254149601127059,0.5145925222132637,0.49344494245863835,0.7620142062174601,0.7078528011987176,0.8702374173825402,0.7149549921302482,0.7615762251973948,0.7716252277166337,0.7641177927519398,0.6968872383286231,0.672892701187199,0.8177330914199303,0.7649114433105743,0.8477809639825699,0.7531631250720053,0.7663213743000844,0.7489795497909241,0.7496309488943534,0.7209176995527634,0.7334228732849515,0.8257704692487982,0.7913645109882301,0.7113396453146789,1.0,0.8181660161704043,0.8851567797563181,0.0,0.8448277269767187,0.9693247966291654,0.8448674691163832,0.7022568789919166,0.6990485493284431,0.5479693161010338,0.7303720764116597,0.8358631399692613,0.6006001117650484,0.5439820210719793,0.6585470063923441,0.6261782425555354,0.6442171232149129,0.5898898607451034,0.655359712854625,0.768769706400843,0.7572961464319182,0.6335775133164286,0.8257370067431107,0.6355518178406072,0.8384824566533173,0.920898634892345,0.6824721502065983,0.7577161464501523,0.775537670902726,0.7462196562542632,0.7159765469488559,0.7658008419266545,0.9067321086484903
0.9694526399993348,0.4458806337018435,0.37647031766618516,0.6280246425442091,0.6020564268298364,1.0,0.9129560488286848,0.9395462175229587,0.9868504974206531,0.9413006203170594,0.8756709487753283,0.8230548303242656,0.7565645334144343,0.8274545901210159,0.8774665520688669,0.9114118972085821,0.8129679547282044,0.8334113203207358,0.8444524752894028,0.9526494574160196,0.8421237401992019,0.9904118397928168,0.9616197494490891,0.9136936681203899,0.9160509460142946,0.8999526594927112,0.7112390896357466,0.8448277269767187,0.0,0.9046462630479375,0.9338777914488419,0.8892310312965189,0.8956425937207859,0.6947122572544877,0.9479840085412817,1.0,0.8275231514785214,0.8377869948096932,0.8786603627458119,0.8460428375230973,0.842349556950364,0.85816883993413,0.9590872659902797,0.9752925878972392,0.9756202186769212,0.7773330666316316,0.9540444660530484,0.8925446792003549,0.9302709614018414,0.9611862914360461,0.8501874506616508,0.9690145998305172,0.9067225075974178,0.8723156693056064,0.8361515359632972,0.8800073117684484,0.8283199125367751
0.840527184573932,0.40853948774075405,0.41386702005715437,0.663590060368074,0.7255246690583912,0.9055570871192279,0.795979587678165,0.8050566525169681,0.8053631521838038,0.8129037503788162,0.7320886827835281,0.7332041542992545,0.7201510326721552,0.776443080170936,0.8791050507775832,0.817683222878556,0.736761921533089,0.7958647633175308,0.8235816027574853,0.8211076740550063,0.7743366686367052,0.8086687816132181,0.8237815611913805,0.8106389535319677,1.0,0.8889730075032167,0.8271587406165822,0.9693247966291654,0.9046462630479375,0.0,0.8588700997866798,0.7590942681686518,0.770888847477413,0.6039847349272593,0.8501198546582133,0.9453864193850976,0.7148351508758874,0.6345115326806409,0.7673695909379453,0.7142769070914773,0.702239743961885,0.6895959436468075,0.7271665996093238,0.8367715720551394,0.7819226744358713,0.6687698333491878,0.8420266370797791,0.7586066840954391,0.783845975497031,0.9206472765410413,0.7300461234805619,0.8501767089451797,0.814554446143539,0.8347930335165671,0.7612285261775932,0.8003389519286538,0.8744062837864032
0.9667909651954509,0.5156627285795756,0.35501476748323835,0.5754136278952893,0.5564312610608351,0.9434106032401615,0.8866458982017691,0.780584680881452,0.8837689371419685,0.9002732842735108,0.8627102090373778,0.7256631599430592,0.6690136316937357,0.7564548602081596,0.8407825249391964,0.749153808090959,0.6710116849407736,0.7715375661057267,0.7602489423688602,0.8456156148829811,0.7692062470728354,0.9496678377029266,0.9500770431697311,0.9086276731636097,0.9111677130318765,0.9407311399481375,0.7001453739903639,0.8448674691163832,0.9338777914488419,0.8588700997866798,0.0,0.8815004849754835,0.8501464466442834,0.8438042783012539,0.9044283544375634,0.9200399357196406,0.8918971041288064,0.8010926895202878,0.9280903211940823,0.9002041358428813,0.809688165979592,0.8723253739924131,0.877110143704419,0.9128280698056722,0.895223499386938,0.8205604825683634,0.8831085277896689,0.8808330467775246,0.8052309752261005,0.8215975172490099,0.860327728124241,0.8483099645092573,0.752434560534244,0.7674240315643933,0.7461972619064687,0.8357741927880378,0.7541483260496635
0.9132922944772474,0.392133888886262,0.30067970665255683,0.4941693678672361,0.43322984509412693,0.8625360512596899,0.8961876280509924,0.8476012012323951,0.924158479010085,0.9573692662460861,0.8879751177148346,0.8050612029035714,0.6370226296223301,0.6688718722919247,0.8243330316742697,0.7914112094194281,0.6541315261381285,0.7413861581494969,0.833590550180226,0.8848365525877177,0.7538799478844154,0.9698999278237234,0.9134166921684815,0.8874977919619318,0.7326106066447143,0.9059271051539695,0.556251010115949,0.7022568789919166,0.8892310312965189,0.7590942681686518,0.8815004849754835,0.0,0.9492886841183878,0.8591004198961375,0.9514780961044145,0.9600216158175331,0.9484211423508331,0.9450782942271376,0.9557267731874455,0.9598614089553409,0.9253716739057726,0.9414420173866341,0.8976907454270749,1.0,0.9317725191275986,0.8335192307136572,0.853661159553602,0.9241624876328894,0.8184374617318773,0.7406164390796411,0.8769383192518285,0.8133498950376999,0.7649940656808754,0.7602956567152719,0.7637460347490403,0.8690924376317457,0.6679084853024606
0.8761379480782047,0.3628166671160683,0.3275221428599837,0.5338168277334603,0.4739466868608348,0.8961724130625222,0.955062460886886,0.8041331754858426,0.9225804905028349,0.925214927369359,0.8977478715399276,0.808359810607011,0.7030738760782084,0.6950550184831348,0.8488277156184826,0.8503452428501918,0.7316155555634742,0.8250074806109586,0.8449629512278127,0.859705680387468,0.8154611355320296,0.9266146349346142,0.8489038120769922,0.8538740172328283,0.7702212685257932,0.8551728493283973,0.5536770465666933,0.6990485493284431,0.8956425937207859,0.770888847477413,0.8501464466442834,0.9492886841183878,0.0,0.688778024119088,0.9156924507894806,0.9698289785506801,0.9386847576986336,0.9330472222820526,0.9380928518394869,0.8520252651282493,0.799938289745408,0.8644362706682526,0.8621598538193036,0.9754637601120469,0.9122099818032323,0.7888464202340721,0.961612865359656,0.9133573694992955,0.83579713039022,0.7791518340638214,0.8437467552203247,0.784172141582416,0.7992990950967696,0.7968469336812031,0.8488729031776043,0.9001450045090513,0.7186696488335796
0.8108558013086409,0.3146527887298493,0.20763323051058238,0.3297909642710638,0.3719431708296854,0.640354116377142,0.6528776770730109,0.6330353868996886,0.6740643222876396,0.7472882013725861,0.6303702327503725,0.509246638453435,0.46488088761391183,0.5188263684298091,0.63481329621131,0.568620437511857,0.46868392761974487,0.5516474931052748,0.6356303387237918,0.6957068479962257,0.5979546451752275,0.7913429037032345,0.782271282860926,0.7452751152900609,0.6657192305356467,0.7598735248448071,0.4834602742733169,0.5479693161010338,0.6947122572544877,0.6039847349272593,0.8438042783012539,0.8591004198961375,0.688778024119088,0.0,0.8282632158990213,0.7594376852671644,0.7632345385663881,0.8405086567528811,0.8202285489188937,0.7943429565216915,0.7984067609884561,0.8211348400906938,0.721355831841519,0.7645077110262741,0.8431691953638307,0.7343845756260813,0.661113870692635,0.8126862641743025,0.6018721029359246,0.6210341568717292,0.7411561901791113,0.6922751246221587,0.572062483012566,0.5578151888242145,0.5186428391922754,0.623881778108191,0.5198015085473288
0.9497946555586269,0.34490787325082106,0.2850865681141668,0.4907990571671308,0.47684810365674557,0.8692722235306395,0.7808175564718576,0.8238970219866503,0.8406179060265597,0.9170241690490308,0.8254078039328981,0.7251284191983387,0.6450537497057286,0.6747260135995929,0.7759076377961778,0.7563849730924479,0.6173264901701153,0.7272897128008528,0.8299617615496757,0.8883754319546614,0.7619000788909372,0.9220126001167311,0.8558497928865028,0.848998482156673,0.8523468396694286,0.9331579143302927,0.5943339545354409,0.7303720764116597,0.9479840085412817,0.8501198546582133,0.9044283544375634,0.9514780961044145,0.9156924507894806,0.8282632158990213,0.0,0.9822157570862343,0.9151986343423112,0.8641545980745773,0.9410420507865289,0.8929498285079761,0.891548260979928,0.8700977814918099,0.8589328931338948,0.9006637274352584,0.9672845560087708,0.7855202810627262,0.8447878395899743,0.9132596548783449,0.7804368547648896,0.8136507105824737,0.8508024158769074,0.8341799306831554,0.7462008199984985,0.7434252955474753,0.7181065732086018,0.8101687935329105,0.7406231370959335
1.0,0.3455931673636891,0.33687355530328145,0.5878569587345771,0.5472048383569589,0.9611197876824122,0.9071363471900589,0.9409705056986947,0.9822055271591221,0.9539255195273882,0.9559701811706127,0.8427534255125526,0.7469075541827576,0.7356324078902494,0.9531970666283341,0.9403546345070054,0.7814579614797325,0.7972625781938497,0.9216739456753591,0.974637046892468,0.8872275585444194,0.9730730090006869,0.9611793175198611,0.8901942339542026,0.8696812843974738,0.9020542048658231,0.6207337417895374,0.8358631399692613,1.0,0.9453864193850976,0.9200399357196406,0.9600216158175331,0.9698289785506801,0.7594376852671644,0.9822157570862343,0.0,0.898168434944324,0.855151937759401,0.9989789117546009,0.8842704737014598,0.883857462533894,0.9264815610608412,1.0,1.0,0.9881685111620334,0.8813233751264155,0.918706631973256,0.8836989526306793,0.9627936707069382,0.8590948696020181,0.8930018060430354,0.8668883682156976,0.9101028742503686,0.905294402752206,0.832251596383774,0.922899573728985,0.7999475732114129
