Cingulate area 2,Glomerular layer of the accessory olfactory bulb,Glomerular layer of the olfactory bulb,"Olfactory bulb, unspecified",Frontal association cortex,Cornu ammonis 3,Dentate gyrus,Cornu ammonis 2,Cornu ammonis 1,Fasciola cinereum,Subiculum,Postrhinal cortex,Presubiculum,Parasubiculum,Perirhinal area 35,Perirhinal area 36,Medial entorhinal cortex,Lateral entorhinal cortex,Primary auditory area,"Secondary auditory area, dorsal part","Secondary auditory area, ventral part","Piriform cortex, layer 1","Piriform cortex, layer 2","Piriform cortex, layer 3",Ventrolateral orbital area,Lateral orbital area,Ventral orbital area,Medial orbital area,Dorsolateral orbital area,Prelimbic area,Secondary motor area,Frontal association area 3,Primary motor area,"Agranular insular cortex, ventral area",Agranular insular cortex dorsal area,Cingulate area 1,Infralimbic area,Dysgranular insular cortex,Granular insular cortex,"Primary somatosensory area, forelimb representation","Primary somatosensory area, dysgranular zone","Primary somatosensory area, face representation",Secondary somatosensory area,"Primary somatosensory area, hindlimb representation","Agranular insular cortex, posterior area","Primary somatosensory area, barrel field",Retrosplenial dysgranular area,"Primary somatosensory area, trunk representation",Retrosplenial granular area,"Parietal association cortex, lateral area","Parietal association cortex, medial area","Parietal association cortex, posterior area",Primary visual area,"Secondary visual area, lateral part",Temporal association cortex,"Secondary visual area, medial part",Nucleus of the lateral olfactory tract
0.0,0.24216923490242506,0.2324107173251435,0.38842540237407225,0.4153851674904569,0.804803486718167,0.8066553448259529,0.7945146986970049,0.7813470172104031,0.8443620602080277,0.8555394653745308,0.6101263108588233,0.7392189403930169,0.6610485956085609,0.6728790443455486,0.6832388671983967,0.5757203854968389,0.7321880115761977,0.750341296905211,0.8478843315874579,0.7102589212155761,0.9011795677686512,0.8219108701452255,0.8914161691148238,0.5957533697251065,0.7550855272299847,0.7343073759720505,0.49914258215978813,0.6250028683598506,0.509693996055281,0.6975544813373612,0.7964940021040056,0.8761480760606843,0.7559849340333237,0.6822212813918282,0.8357262569086087,0.7887948453330521,0.8931561654659604,0.7999462381891906,0.7848881327109286,0.7809022149415834,0.8436745034774873,0.7789997781038257,0.8817656318841111,0.7563573458071817,0.8798930060849334,0.8152972482914126,0.8471609631782134,0.8027635395773542,0.745300775772978,0.676820946935131,0.6299712937709228,0.6728932006076213,0.7202232233132916,0.6727895202748636,0.8113635510808284,0.6965065361478336
0.24216923490242506,0.0,0.43048351377622657,0.5329414506396022,0.6405313383562993,0.3229270599715807,0.2794015300859779,0.3320441297181177,0.2894815509075912,0.2105340156188411,0.29577997864653743,0.298658609286402,0.3081862837115269,0.24608443534393964,0.25910376941737734,0.2632935688535019,0.3148403332969011,0.32010338616395806,0.2783680306157279,0.30101964539230247,0.2533906693984534,0.2664518981775486,0.2749879755446469,0.2671186142727112,0.4606021189604334,0.45481393317001073,0.37291840185104186,0.5005275464419364,0.5074659214055468,0.5944778108420936,0.4501887908119008,0.29830922438843466,0.30713324869982966,0.3948631419251152,0.4346276162171437,0.3702369140996323,0.25536245786937367,0.2832960623431554,0.31351782854754945,0.22648808385582891,0.22891769102382659,0.3096348522139383,0.31101727994259737,0.2897167943521235,0.35298079051777254,0.27738681816095045,0.25527687555551964,0.27734670489383606,0.2604492737860956,0.27060114041336575,0.31697624760038157,0.3417356088384032,0.3346709947781615,0.2886068299893908,0.2797340917125705,0.28021825825210306,0.23453009555788015
0.2324107173251435,0.43048351377622657,0.0,0.6947018050311229,0.3992951649201947,0.26719276754950955,0.2726084520509728,0.2830443921680541,0.25959564916292177,0.23777938696737852,0.2836221482382352,0.36596232148687563,0.2958160323274023,0.27947224341154797,0.31524066586394556,0.2952940838610607,0.377771938054429,0.33400785556935064,0.28373710412872427,0.2740592042654729,0.26857879164574616,0.23289319756948237,0.22648335602718855,0.23196978593487358,0.3918806606991419,0.3167240885413794,0.35300489490161874,0.5495176370979796,0.34073538686771193,0.4024184343163587,0.32563244947619824,0.30045022914215147,0.2504530784433558,0.2869008931851171,0.30844658431297434,0.2704665506505181,0.28804426050935716,0.26762717957844484,0.30054390002033415,0.20196934764704938,0.20137372338087556,0.26460972310620884,0.29059940852504335,0.22092336159634962,0.3131193491850089,0.25340517111687394,0.26351425549591845,0.22730426896304323,0.2527064600524441,0.279411306793062,0.2534289011301066,0.329842098861261,0.31085430820679705,0.30650198466543443,0.3408257508768172,0.26886676281517596,0.19331160857706087
0.38842540237407225,0.5329414506396022,0.6947018050311229,0.0,0.6226393363085687,0.45908746160213315,0.451672763119469,0.4676226588127687,0.4320508300778719,0.391046452358878,0.4607678973975446,0.5487853577000186,0.4749999042063159,0.43700636102629936,0.4871045418746265,0.4859540152903724,0.5808064109350825,0.5465545407706724,0.46579949506553364,0.46761995809667173,0.42908380947166525,0.3854989229411713,0.37022994847834806,0.39093970143286394,0.6457536514437753,0.5710820023752797,0.6124157260843823,0.8059607559934314,0.5987022834575565,0.6603299154400448,0.5869961304446908,0.5310861152837072,0.43916700860735214,0.4837075826666913,0.5053411924810216,0.47245924923295224,0.4657255520226012,0.45749848145473904,0.50180098375053,0.3225137660950592,0.3108022679190799,0.4464134389897678,0.47375436387815234,0.3695901775423737,0.5141733630796284,0.42965008886490313,0.4230457400253523,0.3766323459391977,0.4305978067500233,0.46216123556756966,0.42224339715070686,0.5204105392104426,0.49723594847871044,0.4828508026354279,0.5397131951957924,0.4572989132005685,0.3063640218724975
0.4153851674904569,0.6405313383562993,0.3992951649201947,0.6226393363085687,0.0,0.46762242828021566,0.46468118679653125,0.5492892680724316,0.46733987439799446,0.3467407900710363,0.48702713238187967,0.5292287893996453,0.527809514316716,0.4405031956892717,0.5144867862291903,0.48184182140021803,0.4936451152348715,0.5420036688443682,0.5102063152537356,0.4892629980292187,0.4749474682073961,0.43197749911847705,0.440273650876202,0.45216313247521195,0.6732006141336063,0.6500516290484266,0.5399128787023373,0.5884134680241746,0.7216865464434188,0.7100492489017812,0.7594804505133081,0.5709801446357521,0.5656639285462246,0.5518392037597475,0.6039618777862482,0.5604349666250857,0.4556765958527136,0.52433717042027,0.5809584713172007,0.3518247106401793,0.3882739888660039,0.5099141407289749,0.484928361699003,0.43426402624501437,0.589672740290164,0.45873270003175637,0.44664084247333163,0.46481913487443044,0.45533126568343935,0.5005171790402256,0.6001861260777646,0.5663221742180878,0.5224263855988964,0.5239244721379067,0.5281192885538559,0.47314060219050147,0.405067670891957
0.804803486718167,0.3229270599715807,0.26719276754950955,0.45908746160213315,0.46762242828021566,0.0,0.9654044170011433,0.8736282474921263,0.9820876100078247,0.8540276147240169,0.961231398527251,0.7566846118547085,0.9533101462715777,0.8864761101042569,0.8937176108895241,0.7905145005994082,0.7658978996152594,0.8710528094545725,0.8473021073802904,0.9868331688241462,0.916871240967381,0.9686286244235818,0.9138434181914236,0.9523697215356857,0.72956380153642,0.8903924077265832,0.8636103177384026,0.6358583340111548,0.833302101200655,0.6273918366999256,0.7629452077833626,0.8638961163358674,0.8908949931908337,0.9396042913762559,0.9997735443887168,0.9587916692414629,0.9137999371407807,0.9573772070916067,0.8847218216551984,0.8212177078870776,0.8780184726290797,0.9358745004499842,0.9180989158089482,0.9050274189648747,0.9478084683801179,1.0,0.9299718136400849,0.9100600151245893,0.96399559363542,0.9295987868744526,0.7556420224932905,0.8420729940508958,0.9587644986596618,0.9265518825608634,0.9056029586203586,0.9659943239854611,0.8094923034494963
0.8066553448259529,0.2794015300859779,0.2726084520509728,0.451672763119469,0.46468118679653125,0.9654044170011433,0.0,0.9365292558727524,0.9770204488123406,0.9708402025928198,1.0,0.863677282437557,0.9315489275389593,0.9319072706459588,0.9050077928099004,0.9029115754873106,0.7625060817966332,0.8961177674784918,0.9824186450812268,0.9716139699386325,0.9346723416590736,1.0,0.9285286367438828,0.8934819465015702,0.6929876147025654,0.8195916482655069,0.8988054054649154,0.5980001623722397,0.7289660548320357,0.5851667337000832,0.7753344739042475,0.9648594339066633,0.9524196256383516,0.8640412880408568,0.7772984554605117,0.8301042357456112,0.9756082247037168,1.0,0.8956425343425711,0.8866665479514966,0.8780788954433768,0.9195103313611227,0.923145267142757,0.9748784561936396,0.9529385031118583,0.9850427720619538,1.0,0.991161650077195,1.0,0.9625927981015734,0.8102629822348729,0.8726874283502409,0.9630620219784704,0.9310244974894123,0.9229169784842819,1.0,0.821926263964402
0.7945146986970049,0.3320441297181177,0.2830443921680541,0.4676226588127687,0.5492892680724316,0.8736282474921263,0.9365292558727524,0.0,0.9069796614313814,0.8082941952587815,0.9364002569906182,0.8598914986270793,0.9578665738070374,0.8704378216127691,0.8984159345154114,0.8774645135297815,0.7899217951744394,0.9569486326481015,0.9507731512809993,0.9054025163693052,0.9373736256979366,0.9041285766402505,0.8541090957307461,0.8814865597985225,0.8047462975896778,0.9015495248460053,0.8526845682838144,0.6642297523022942,0.8339585009631079,0.6526169195972148,0.8156367869428753,0.9345382157846913,0.9054381210648889,0.9055468321853496,0.9314171768073432,0.8783662318808727,0.9324763820341038,0.9748147281589199,0.8781203667076956,0.7783534199123312,0.8417131497747966,0.9823389621936849,0.9063657599271108,0.9160885269780445,0.9215266678432552,0.9380913812000389,0.9134631227731628,0.8316494365213405,0.8927415545240168,0.9617949216197351,0.8970853701708178,0.8959920397389132,0.8814748980979591,0.9222311393997235,0.8537222537910574,0.9456354345705645,0.7593046906385114
0.7813470172104031,0.2894815509075912,0.25959564916292177,0.4320508300778719,0.46733987439799446,0.9820876100078247,0.9770204488123406,0.9069796614313814,0.0,0.8826740963867417,0.9552168055981591,0.8363149099529738,0.8622179087929156,0.8367276407853066,0.8903845122771,0.8341922037235917,0.744483378284328,0.8837628933577047,0.9010077005988201,0.9794340226467868,0.9191152927825426,0.8972868595362774,0.8692896359579553,0.9449734639882379,0.7299519902634202,0.8369766830639382,0.7875478940648097,0.5662712325289772,0.7453098365146026,0.6085378894275142,0.8037370279502117,0.9103829264138034,0.9300723133929749,0.8482841142436115,0.8527544338242392,0.868843513115969,0.9015131435942015,0.93230758080162,0.8553735539807625,0.8582484895552699,0.8983135554591187,0.8611076978269104,0.854688674506879,0.9271141700237442,0.8880718361760139,0.9378906336857734,0.9497491335515682,0.9052537968624517,0.9166258582689878,0.9135806421271147,0.8213433017238642,0.7816929557421946,0.8377328000811642,0.9308830511924583,0.9013312571460214,0.9397876507714259,0.8481017945655043
0.8443620602080277,0.2105340156188411,0.23777938696737852,0.391046452358878,0.3467407900710363,0.8540276147240169,0.9708402025928198,0.8082941952587815,0.8826740963867417,0.0,0.9130471508784412,0.6895764143307884,0.810317661521018,0.7977530540493296,0.7962076765220836,0.7712252238140576,0.6591301968232021,0.7903289320571486,0.8403037578409165,0.8538900430188732,0.8422439478056541,0.9560583879085401,0.8663912292989339,0.9071731934460667,0.590143090499788,0.7406344314061873,0.7853476405894936,0.4788184937842988,0.5671262334723858,0.4784938214209875,0.6602081413626257,0.8545019228030609,0.856663000575984,0.7188335829964829,0.6734320157242643,0.78481638712378,0.8614119447346654,0.9103213065043159,0.8305890533284749,0.8900690091751123,0.822641930422726,0.8162468293854307,0.8559867568796772,0.8695935006381053,0.8068305422793143,0.8982453786709304,0.9544623924736625,0.8347503541033189,0.958123470721292,0.8927681395497542,0.7048882247188148,0.7054923610922047,0.7921660508067659,0.7797300751692083,0.7725247679441108,0.9014435614885853,0.7669683958934139
0.8555394653745308,0.29577997864653743,0.2836221482382352,0.4607678973975446,0.48702713238187967,0.961231398527251,1.0,0.9364002569906182,0.9552168055981591,0.9130471508784412,0.0,0.8570414624314483,1.0,0.9131273977467843,0.9127107718794154,0.9358982477627376,0.8122449894160058,0.9492552984396174,1.0,1.0,1.0,0.940376815443152,0.9033228710061755,0.938958797005997,0.7942094317114998,0.9279406255789728,0.9367931328802891,0.6437233560298499,0.8499288106241036,0.6622202772063245,0.7952769644441763,0.9187593177644663,0.9225564705481699,0.9387957721525886,0.9498397792359579,0.9102673331383736,0.9877424224021413,0.9745477043437106,0.9254270612828426,0.8386876673426701,0.8843577881581857,0.9376900521814342,0.9218850502016638,0.9467407361645911,0.9070648558794319,0.9789738515772634,0.965927486960017,0.964212704294085,0.9768375984360189,0.9873013477373328,0.8194448074285827,0.879269944747929,0.9049950443330913,0.9766261850452153,0.934431365895964,0.9907544938121379,0.8276033954313331
0.6101263108588233,0.298658609286402,0.36596232148687563,0.5487853577000186,0.5292287893996453,0.7566846118547085,0.863677282437557,0.8598914986270793,0.8363149099529738,0.6895764143307884,0.8570414624314483,0.0,0.9576470791033027,0.8458255117837483,1.0,0.9261938889510948,0.9879853238837064,0.9776994851398806,0.9530928492003418,0.8797779205170279,0.8674827079468606,0.704449498630054,0.6956969544593498,0.6905741505446352,0.8562058476346941,0.7992219023009978,0.8323961565948834,0.7127564228573449,0.7368942737776856,0.6980869103810826,0.7965287323643214,0.8717024634272086,0.7353821317823335,0.7718602194163475,0.7735550329742759,0.7201273046254719,0.9311745662228226,0.8626267440446695,0.871672687413279,0.6051731638213951,0.647970157380271,0.7898776893133908,0.8457040868303535,0.6796618846052268,0.8537073138325635,0.8081779894830419,0.7883253555156153,0.7284923272987808,0.7851482437605862,0.8290905081126796,0.7784106590067781,0.8454043870339467,0.7994888640427124,0.9296981494633151,0.9842636335508489,0.8031090093110725,0.6128929410720599
0.7392189403930169,0.3081862837115269,0.2958160323274023,0.4749999042063159,0.527809514316716,0.9533101462715777,0.9315489275389593,0.9578665738070374,0.8622179087929156,0.810317661521018,1.0,0.9576470791033027,0.0,0.8954503752396279,0.9672652195559751,0.9244509919502595,0.8942870023853436,0.9090395001991368,1.0,0.9347077934190652,0.989456892300756,0.8381120012341775,0.8506998933980943,0.8279312441332003,0.7838852420570257,0.9061151576243263,0.8563092351112436,0.6663938674724148,0.8292433232900509,0.6335970439539274,0.8549465341991508,0.912845914390849,0.847935744056111,0.8521036069301993,0.8675564623820939,0.824687952411961,0.9008536518908161,0.9719059497460496,0.9471850711241027,0.7435908111284529,0.8012487922712829,0.8979193852208742,0.8286353465040992,0.8211429262835837,0.9453392767336326,0.9724843602364297,0.9213468666452314,0.8428545530080237,0.8799624361152579,0.9805714079992073,0.8676314449230094,0.8975869931504059,0.952442048493921,0.9765582945893484,0.9876423762968544,0.9525651056016977,0.777672162916403
0.6610485956085609,0.24608443534393964,0.27947224341154797,0.43700636102629936,0.4405031956892717,0.8864761101042569,0.9319072706459588,0.8704378216127691,0.8367276407853066,0.7977530540493296,0.9131273977467843,0.8458255117837483,0.8954503752396279,0.0,1.0,0.8394994610221574,0.8708715753995421,0.9481587760432991,0.9587474746483285,0.9672590729625915,0.9578903309181583,0.7613357771187098,0.7799263482385725,0.7656335449035818,0.6615277996881208,0.8014096468930386,0.8152783237450615,0.5784798844947376,0.6566602483846338,0.5335310835467035,0.6369691241054618,0.8168717891038614,0.7303004884455285,0.7587205811376714,0.769000432263158,0.7435370158856327,0.9139075712072422,0.8762621089248159,0.7748223521516496,0.6988054388809642,0.701577086565994,0.7823337958510583,0.8005799881385587,0.6922352178805359,0.8388760765969924,0.8387116096252081,0.7791103909068152,0.7558428619831881,0.8565649427891254,0.9036867463342719,0.7455146105450594,0.8817278420822524,0.950099837186533,0.9257498179441154,0.838967715834535,0.8504535531182328,0.723644330639439
0.6728790443455486,0.25910376941737734,0.31524066586394556,0.4871045418746265,0.5144867862291903,0.8937176108895241,0.9050077928099004,0.8984159345154114,0.8903845122771,0.7962076765220836,0.9127107718794154,1.0,0.9672652195559751,1.0,0.0,0.9655307490975638,0.986253324370831,0.9989992265487082,0.9716050439944856,0.9758067682587027,1.0,0.8210227924091278,0.793729009449487,0.8446735736781141,0.7546002064738964,0.8210620942778659,0.9298015112325235,0.6679267728038926,0.7284614693913223,0.6024291782586463,0.7651997877025303,0.886273946977851,0.8176283570859048,0.805863502662669,0.8152889850383879,0.794224125789475,0.9693673018046881,0.9262601674960274,0.9193805003745142,0.693441091271162,0.7743970815120503,0.847287377046618,0.9155304008354825,0.7462961145501805,0.8745117554929409,0.9275237284513282,0.8206576824236895,0.7873675739590634,0.8367635507006078,0.8619130306989348,0.8560738196526715,0.938786208854115,0.9417608065550069,0.9824924439054988,0.9871694377528729,0.9317991979746137,0.7078271231879136
0.6832388671983967,0.2632935688535019,0.2952940838610607,0.4859540152903724,0.48184182140021803,0.7905145005994082,0.9029115754873106,0.8774645135297815,0.8341922037235917,0.7712252238140576,0.9358982477627376,0.9261938889510948,0.9244509919502595,0.8394994610221574,0.9655307490975638,0.0,0.8453682793797334,0.9406407645923618,0.9517141249350143,0.8648701401094895,0.9479552298716122,0.80380284470707,0.7348082390149381,0.7694170986574567,0.7671318230128331,0.8079908627094872,0.8603604404744185,0.6096919238413657,0.6981179632038769,0.595084358876731,0.7428223172367968,0.955737814600828,0.8266975121584088,0.7590019016321428,0.7389104734374878,0.7633255946878514,0.8646042391764069,0.944080948046485,0.8909650105984213,0.7105790744982668,0.7533903373143975,0.8233078577583509,0.8977833639639584,0.7482813608094658,0.8492118275846395,0.8413144511568743,0.8361190904364703,0.7457963614874862,0.8458789691754525,0.9016042629161626,0.8022634640100862,0.828579760253235,0.8317497977373595,0.9631057099823295,0.9618376593813994,0.9026794280779254,0.7162848864395698
0.5757203854968389,0.3148403332969011,0.377771938054429,0.5808064109350825,0.4936451152348715,0.7658978996152594,0.7625060817966332,0.7899217951744394,0.744483378284328,0.6591301968232021,0.8122449894160058,0.9879853238837064,0.8942870023853436,0.8708715753995421,0.986253324370831,0.8453682793797334,0.0,0.9793211781257919,0.8404251821551906,0.8412089545976117,0.8825405795566826,0.6585593927142226,0.6451158549606072,0.6353209873640365,0.7887186799267976,0.7853992570139159,0.85101886659068,0.7822572889664898,0.7218391924714589,0.6403986719265032,0.693015796967225,0.8086402380139204,0.6612750144953641,0.750139659043594,0.745847498681196,0.6675990674430945,0.8305119266899408,0.7987473658163448,0.8078354397421593,0.5523832215100357,0.5896537729121525,0.7257805881909908,0.7788581996895192,0.6206517085388807,0.8437665650621812,0.7106006876586034,0.7164284880541915,0.6528684797199966,0.7450265587632202,0.8081750998855036,0.6733621392232163,0.8708908946564072,0.8128274460062029,0.9819066830494975,0.9629757772010862,0.7450459851206008,0.5230805301218785
0.7321880115761977,0.32010338616395806,0.33400785556935064,0.5465545407706724,0.5420036688443682,0.8710528094545725,0.8961177674784918,0.9569486326481015,0.8837628933577047,0.7903289320571486,0.9492552984396174,0.9776994851398806,0.9090395001991368,0.9481587760432991,0.9989992265487082,0.9406407645923618,0.9793211781257919,0.0,0.9244716422657223,0.9528775135370378,0.9537743487065986,0.7732805439419338,0.7803314546659861,0.7910521998152655,0.833546374155798,0.8855357387590762,0.9562397391330805,0.6986585487880123,0.8169002097504229,0.6571142990227088,0.8256631627954494,0.9045562754024482,0.8073765594428373,0.8824186710103581,0.8406959684955547,0.7973723162435115,0.9707210639611462,0.9333659233969164,0.9062479035935385,0.7037396051205501,0.6979047177435074,0.8839468683002878,0.8784271579498854,0.7879573005329383,0.960007468997605,0.7900128157297186,0.8639096413601515,0.7934470768542,0.8673313101222206,0.8903383558500967,0.8087891524766768,0.8637206646854494,0.8903472833153419,0.9421703894271916,1.0,0.9276531557083864,0.6662911753414512
0.750341296905211,0.2783680306157279,0.28373710412872427,0.46579949506553364,0.5102063152537356,0.8473021073802904,0.9824186450812268,0.9507731512809993,0.9010077005988201,0.8403037578409165,1.0,0.9530928492003418,1.0,0.9587474746483285,0.9716050439944856,0.9517141249350143,0.8404251821551906,0.9244716422657223,0.0,0.9640858773394143,0.9961128218158062,0.849488673632663,0.8514221549741304,0.9131100377261122,0.7697877707226144,0.9063165932454164,0.8358025900801966,0.6096675047336779,0.8088437714792174,0.6369580126044205,0.813519770472131,0.9674535043444012,0.8584372706964614,0.8746863046533766,0.8250662039347181,0.8153703598249267,0.9845251875390408,0.9953943674866313,0.9395744595802948,0.7812236491886497,0.8262323672978764,0.9198286250233155,0.8924578268044033,0.8600477239269746,0.9183849813078024,0.8904479553988232,0.9175924279400509,0.9085018659910145,0.9787075744626712,0.9783638203718554,0.91426892356127,0.8865736700602891,0.9342079158514136,0.9681795632737038,0.9911712330565646,0.9950550453187093,0.8550163081299228
0.8478843315874579,0.30101964539230247,0.2740592042654729,0.46761995809667173,0.4892629980292187,0.9868331688241462,0.9716139699386325,0.9054025163693052,0.9794340226467868,0.8538900430188732,1.0,0.8797779205170279,0.9347077934190652,0.9672590729625915,0.9758067682587027,0.8648701401094895,0.8412089545976117,0.9528775135370378,0.9640858773394143,0.0,0.9872022324491189,0.9142137705964264,0.9202600424666476,0.9412701873385804,0.7255343998681726,0.9118636072337782,0.8523954356720518,0.658066863131581,0.7819205447880422,0.6198167770449371,0.767825314614907,0.9270124027022548,0.8751331301680124,0.9036176991570706,0.8862082836563836,0.8907816734713955,0.9715886252059213,0.9408516217399185,0.873638766996686,0.867750729223863,0.8179527672367255,0.9451742095761336,0.924826280763811,0.8961224573281452,0.9303648161497112,0.9806889566663194,0.9628261779503563,0.878642579026246,0.9605168727245009,0.9861505844133719,0.847571620416824,0.887163097929524,0.8958319042413639,0.9560246373678468,0.9326624994420297,0.9668961487312766,0.8324823147660856
0.7102589212155761,0.2533906693984534,0.26857879164574616,0.42908380947166525,0.4749474682073961,0.916871240967381,0.9346723416590736,0.9373736256979366,0.9191152927825426,0.8422439478056541,1.0,0.8674827079468606,0.989456892300756,0.9578903309181583,1.0,0.9479552298716122,0.8825405795566826,0.9537743487065986,0.9961128218158062,0.9872022324491189,0.0,0.8810116406653953,0.8552141150523315,0.9085514850509484,0.7357753550922193,0.79022571412662,0.89575155003059,0.5793317510091589,0.7016360028521619,0.5690952293832638,0.7352937990093975,0.9282332083592124,0.8710683586379903,0.8653366939836274,0.8104039426106999,0.794795024448507,0.9744152373809667,0.9640149508567535,0.936886034907073,0.821300696458016,0.8380998734145562,0.8807321793221763,0.8593451320618635,0.8472732179185375,0.8425683469121218,0.9592661613500393,0.9417799615823985,0.8795814759427193,0.9769269250589276,0.9707396308758871,0.8662963886557649,0.8933213932681633,0.923647973662259,0.9788926084341355,0.9600927163720089,0.9710126624824452,0.8195506033152091
0.9011795677686512,0.2664518981775486,0.23289319756948237,0.3854989229411713,0.43197749911847705,0.9686286244235818,1.0,0.9041285766402505,0.8972868595362774,0.9560583879085401,0.940376815443152,0.704449498630054,0.8381120012341775,0.7613357771187098,0.8210227924091278,0.80380284470707,0.6585593927142226,0.7732805439419338,0.849488673632663,0.9142137705964264,0.8810116406653953,0.0,0.918272116160538,0.9540758749517331,0.6382934508960558,0.8862962152890101,0.8354178059704334,0.5300209334551605,0.6943242536727268,0.541330701159088,0.749883093074591,0.8828480357574606,0.9740184408385764,0.8120442034905034,0.8418543007408378,0.8816857124326801,0.861692456349063,0.99075157065335,0.8611038695968157,0.8876070521712613,0.9653176123794287,0.9192519145643927,0.9160420255752098,0.9325495446019046,0.8517772942110502,1.0,0.8768227546935692,0.9527704242574577,0.9917320060602477,0.9089962572596514,0.7757943754877697,0.7165323100942043,0.8240852588650505,0.8113938624516545,0.7794702610233698,0.9675158019560656,0.918615962938616
0.8219108701452255,0.2749879755446469,0.22648335602718855,0.37022994847834806,0.440273650876202,0.9138434181914236,0.9285286367438828,0.8541090957307461,0.8692896359579553,0.8663912292989339,0.9033228710061755,0.6956969544593498,0.8506998933980943,0.7799263482385725,0.793729009449487,0.7348082390149381,0.6451158549606072,0.7803314546659861,0.8514221549741304,0.9202600424666476,0.8552141150523315,0.918272116160538,0.0,0.9219826145506271,0.6414363587000129,0.7773602150353439,0.7452367092802145,0.5094452669709392,0.7066469953507353,0.5282927962543589,0.7294004665017928,0.846947941854573,0.8913407789656691,0.8342025442119236,0.772658337613895,0.8201211170871162,0.8398631536465014,0.9177048134650123,0.8473943388960518,0.9575366614920093,0.8970104498963593,0.8676124579668455,0.8376848070704629,0.954398958584509,0.8481514067195597,0.9264972687174833,0.9407833130329317,0.9132178117030832,0.8927888060845586,0.895441538991127,0.7790432936496786,0.6939369210148022,0.7880426486243517,0.7916353488809422,0.7230461529428468,0.8995932792143239,0.9228731342122859
0.8914161691148238,0.2671186142727112,0.23196978593487358,0.39093970143286394,0.45216313247521195,0.9523697215356857,0.8934819465015702,0.8814865597985225,0.9449734639882379,0.9071731934460667,0.938958797005997,0.6905741505446352,0.8279312441332003,0.7656335449035818,0.8446735736781141,0.7694170986574567,0.6353209873640365,0.7910521998152655,0.9131100377261122,0.9412701873385804,0.9085514850509484,0.9540758749517331,0.9219826145506271,0.0,0.6516501122400425,0.8149836322507265,0.748468847794076,0.5159097259251663,0.6954901081944606,0.5504589047149487,0.7287576679676385,0.906837729394633,0.8584695460152196,0.833236876072267,0.7831868512424869,0.8236894033529224,0.960211800485189,0.9750795075643893,0.8168080966476348,0.9057361516581997,0.9306158427693932,0.9024073656438837,0.8456824827698891,0.9670512743505292,0.8255218131942007,0.8977725759188475,0.9490327829701817,0.9142893844723531,0.9352008093443741,0.8979396102579943,0.8123470392718558,0.7512666194831323,0.8344572534968641,0.8733804324066411,0.7754808762058027,0.9421681850913151,0.8405768367202268
0.5957533697251065,0.4606021189604334,0.3918806606991419,0.6457536514437753,0.6732006141336063,0.72956380153642,0.6929876147025654,0.8047462975896778,0.7299519902634202,0.590143090499788,0.7942094317114998,0.8562058476346941,0.7838852420570257,0.6615277996881208,0.7546002064738964,0.7671318230128331,0.7887186799267976,0.833546374155798,0.7697877707226144,0.7255343998681726,0.7357753550922193,0.6382934508960558,0.6414363587000129,0.6516501122400425,0.0,0.9225983241450606,0.8529847497281913,0.7946386174736884,0.915027348361525,0.8186475614263754,0.8750489350280781,0.7805629614320955,0.7226771105473877,0.8094356089845861,0.8359247009283256,0.7734191606336429,0.7109390243598385,0.76210921857893,0.8161309550085407,0.5397512252061221,0.5611268518527581,0.7608524690602518,0.7754131855487625,0.6533638210095459,0.8415966707350119,0.7091439068431935,0.6732058034665341,0.6524080590869676,0.6498319131053429,0.7549500819257154,0.7530693916100012,0.7455876336467795,0.7563343501135459,0.7736793081642357,0.8219391410306687,0.728546856399277,0.5338060134101722
0.7550855272299847,0.45481393317001073,0.3167240885413794,0.5710820023752797,0.6500516290484266,0.8903924077265832,0.8195916482655069,0.9015495248460053,0.8369766830639382,0.7406344314061873,0.9279406255789728,0.7992219023009978,0.9061151576243263,0.8014096468930386,0.8210620942778659,0.8079908627094872,0.7853992570139159,0.8855357387590762,0.9063165932454164,0.9118636072337782,0.79022571412662,0.8862962152890101,0.7773602150353439,0.8149836322507265,0.9225983241450606,0.0,0.9411392942992863,0.7820738489122253,1.0,0.8813127102445614,0.9409110692594715,0.8795596274545533,0.8816185637322663,1.0,0.9392680339074188,0.9500307924162302,0.8412633637321338,0.8781063254978947,0.9165770175551895,0.6700190966214816,0.718497955587188,0.9190838498431776,0.8897515970545758,0.8100390604787422,0.9421078763935077,0.815071750232261,0.8007029339547419,0.8337188054472969,0.7640661392699182,0.8292603796203756,0.8496071695725983,0.8597312948855906,0.8411387819522793,0.858876371183275,0.7920429731474304,0.84496458024807,0.687327644653904
0.7343073759720505,0.37291840185104186,0.35300489490161874,0.6124157260843823,0.5399128787023373,0.8636103177384026,0.8988054054649154,0.8526845682838144,0.7875478940648097,0.7853476405894936,0.9367931328802891,0.8323961565948834,0.8563092351112436,0.8152783237450615,0.9298015112325235,0.8603604404744185,0.85101886659068,0.9562397391330805,0.8358025900801966,0.8523954356720518,0.89575155003059,0.8354178059704334,0.7452367092802145,0.748468847794076,0.8529847497281913,0.9411392942992863,0.0,0.7996960844297414,0.8598496376512103,0.726686714330287,0.8968510355829257,0.9252767810235649,0.8050727866228525,0.850371572002724,0.8185022789549243,0.8612023431855413,0.8750666056305384,0.9124853626352099,0.9122028826191034,0.6641255554523472,0.6766748071055098,0.8559278477559344,0.9400501480090335,0.7178945861576308,0.9556291440261901,0.8536359736944901,0.808930946083044,0.7375012296260975,0.8638528356992061,0.848537501182792,0.7599352088312968,0.8283470522410896,0.861016486902055,0.8736098835331768,0.9543156731827882,0.8470415330400904,0.6472409963505984
0.49914258215978813,0.5005275464419364,0.5495176370979796,0.8059607559934314,0.5884134680241746,0.6358583340111548,0.5980001623722397,0.6642297523022942,0.5662712325289772,0.4788184937842988,0.6437233560298499,0.7127564228573449,0.6663938674724148,0.5784798844947376,0.6679267728038926,0.6096919238413657,0.7822572889664898,0.6986585487880123,0.6096675047336779,0.658066863131581,0.5793317510091589,0.5300209334551605,0.5094452669709392,0.5159097259251663,0.7946386174736884,0.7820738489122253,0.7996960844297414,0.0,0.788450588933211,0.7714041973471703,0.7271672039138154,0.6585346896373997,0.5584519639970604,0.697825084726852,0.7199518866439798,0.6685860060354142,0.6295569705532104,0.6216947161393891,0.633707138410615,0.4285455346690049,0.43812335197959024,0.5926372146084741,0.6648860052784337,0.523336398106661,0.6969463924287403,0.5719084099826663,0.556861196627398,0.517017381590115,0.5439283439078709,0.6315582196588134,0.550287030329048,0.6624249288725318,0.6760003245301767,0.6501698266709328,0.6737562063848622,0.5917880044912843,0.41293555824007805
0.6250028683598506,0.5074659214055468,0.34073538686771193,0.5987022834575565,0.7216865464434188,0.833302101200655,0.7289660548320357,0.8339585009631079,0.7453098365146026,0.5671262334723858,0.8499288106241036,0.7368942737776856,0.8292433232900509,0.6566602483846338,0.7284614693913223,0.6981179632038769,0.7218391924714589,0.8169002097504229,0.8088437714792174,0.7819205447880422,0.7016360028521619,0.6943242536727268,0.7066469953507353,0.6954901081944606,0.915027348361525,1.0,0.8598496376512103,0.788450588933211,0.0,0.8728233704737414,0.9091994066950687,0.8060415026244333,0.7433637250487848,0.9595504359166331,0.9358041382257547,0.8688178243083574,0.7244860172611418,0.7783293265314885,0.8234219272047958,0.553845560580851,0.6099289766597895,0.8112717619635583,0.7524055931673044,0.700512761194997,0.8744095626937282,0.6862487532710834,0.6871149375941584,0.6961544125474536,0.679008862150878,0.7438096571536704,0.7889269464420183,0.8251865826464531,0.8073885592479283,0.7606134206353427,0.7548474266343584,0.7644737692202193,0.6252019198824686
0.509693996055281,0.5944778108420936,0.4024184343163587,0.6603299154400448,0.7100492489017812,0.6273918366999256,0.5851667337000832,0.6526169195972148,0.6085378894275142,0.4784938214209875,0.6622202772063245,0.6980869103810826,0.6335970439539274,0.5335310835467035,0.6024291782586463,0.595084358876731,0.6403986719265032,0.6571142990227088,0.6369580126044205,0.6198167770449371,0.5690952293832638,0.541330701159088,0.5282927962543589,0.5504589047149487,0.8186475614263754,0.8813127102445614,0.726686714330287,0.7714041973471703,0.8728233704737414,0.0,0.8422380120725014,0.62491544918035,0.6338524116836293,0.7543556495228564,0.7849933131364261,0.7297622877185843,0.6015196123306646,0.6211939448831899,0.6956063328803916,0.4606887490960042,0.4647624287199232,0.6448209898752164,0.636135264207085,0.5628052305823618,0.7026839806222983,0.5885580292365016,0.5369196696691472,0.5441345142661913,0.5594332114577625,0.5852510172595402,0.6387660521939627,0.6510329969803821,0.636864432408854,0.6081790411698673,0.6586246849493756,0.5983944911910903,0.4430537353286054
0.6975544813373612,0.4501887908119008,0.32563244947619824,0.5869961304446908,0.7594804505133081,0.7629452077833626,0.7753344739042475,0.8156367869428753,0.8037370279502117,0.6602081413626257,0.7952769644441763,0.7965287323643214,0.8549465341991508,0.6369691241054618,0.7651997877025303,0.7428223172367968,0.693015796967225,0.8256631627954494,0.813519770472131,0.767825314614907,0.7352937990093975,0.749883093074591,0.7294004665017928,0.7287576679676385,0.8750489350280781,0.9409110692594715,0.8968510355829257,0.7271672039138154,0.9091994066950687,0.8422380120725014,0.0,0.8481670276473031,0.9111232177305226,0.8219819769918276,0.7744635581319654,0.9604339558466091,0.7447732071615257,0.8502900902369145,0.9098699671718701,0.616480575277518,0.6408621153292005,0.8324370661501777,0.8187628751519562,0.7500616416031597,0.8693736736452947,0.8103202574933039,0.7118508414465969,0.7211768100391309,0.7687750419818173,0.7989021823811152,0.8349971546036882,0.7443872605152887,0.7535788141270293,0.7969339269970324,0.8308583850952466,0.8162209335243878,0.646031607514759
0.7964940021040056,0.29830922438843466,0.30045022914215147,0.5310861152837072,0.5709801446357521,0.8638961163358674,0.9648594339066633,0.9345382157846913,0.9103829264138034,0.8545019228030609,0.9187593177644663,0.8717024634272086,0.912845914390849,0.8168717891038614,0.886273946977851,0.955737814600828,0.8086402380139204,0.9045562754024482,0.9674535043444012,0.9270124027022548,0.9282332083592124,0.8828480357574606,0.846947941854573,0.906837729394633,0.7805629614320955,0.8795596274545533,0.9252767810235649,0.6585346896373997,0.8060415026244333,0.62491544918035,0.8481670276473031,0.0,0.9745579233774911,0.8286754164305906,0.7538885522689165,0.8879637058492735,0.9659912248911462,0.9996682961768483,0.9847589240465608,0.7762385693033602,0.8474892137715022,0.8921999419658811,0.9325777166076586,0.8838299219727962,0.9722546394537778,0.937566362519767,0.9767074937281098,0.8858021732673781,0.9308238419085915,0.9313008614223846,0.8563955290158152,0.7982726340496012,0.8816795829650551,0.9414292841862868,0.8948001731851433,0.9554320720900281,0.7480533653339297
0.8761480760606843,0.30713324869982966,0.2504530784433558,0.43916700860735214,0.5656639285462246,0.8908949931908337,0.9524196256383516,0.9054381210648889,0.9300723133929749,0.856663000575984,0.9225564705481699,0.7353821317823335,0.847935744056111,0.7303004884455285,0.8176283570859048,0.8266975121584088,0.6612750144953641,0.8073765594428373,0.8584372706964614,0.8751331301680124,0.8710683586379903,0.9740184408385764,0.8913407789656691,0.8584695460152196,0.7226771105473877,0.8816185637322663,0.8050727866228525,0.5584519639970604,0.7433637250487848,0.6338524116836293,0.9111232177305226,0.9745579233774911,0.0,0.7965597556458862,0.7559567296027926,0.947406191891018,0.8247292837543435,0.9988235987881782,0.9081727314455924,0.8837838958921906,0.8722375298608109,0.9810002004848852,0.9452245937263917,1.0,0.8939573945069034,0.9571482317012721,0.9660719224631353,0.9771031411666561,0.9408106805733156,0.9249025051273799,0.9416131695582298,0.7208567462895714,0.791918479448693,0.8067122737835771,0.8083026805789829,0.9366425366429942,0.9441533722260953
0.7559849340333237,0.3948631419251152,0.2869008931851171,0.4837075826666913,0.5518392037597475,0.9396042913762559,0.8640412880408568,0.9055468321853496,0.8482841142436115,0.7188335829964829,0.9387957721525886,0.7718602194163475,0.8521036069301993,0.7587205811376714,0.805863502662669,0.7590019016321428,0.750139659043594,0.8824186710103581,0.8746863046533766,0.9036176991570706,0.8653366939836274,0.8120442034905034,0.8342025442119236,0.833236876072267,0.8094356089845861,1.0,0.850371572002724,0.697825084726852,0.9595504359166331,0.7543556495228564,0.8219819769918276,0.8286754164305906,0.7965597556458862,0.0,1.0,0.9186165724160612,0.798332649410894,0.9242913131535061,0.8351743935310264,0.7179761531362712,0.7681159628346991,0.861613142600258,0.8504083678410286,0.8344988482928882,0.8977637587767385,0.8899375121887495,0.790542617284486,0.8772072289138116,0.8021866985740174,0.8680570605294358,0.8623546510434695,0.8714620597269956,0.9135926218431805,0.862668900439259,0.7846660546474566,0.8667747147042295,0.6853627954547806
0.6822212813918282,0.4346276162171437,0.30844658431297434,0.5053411924810216,0.6039618777862482,0.9997735443887168,0.7772984554605117,0.9314171768073432,0.8527544338242392,0.6734320157242643,0.9498397792359579,0.7735550329742759,0.8675564623820939,0.769000432263158,0.8152889850383879,0.7389104734374878,0.745847498681196,0.8406959684955547,0.8250662039347181,0.8862082836563836,0.8104039426106999,0.8418543007408378,0.772658337613895,0.7831868512424869,0.8359247009283256,0.9392680339074188,0.8185022789549243,0.7199518866439798,0.9358041382257547,0.7849933131364261,0.7744635581319654,0.7538885522689165,0.7559567296027926,1.0,0.0,0.8265148281974201,0.8051204210688315,0.8464143908239068,0.782951079555589,0.6727999451112692,0.6866985753746442,0.790357888225026,0.7931801304905997,0.7571749109629021,0.9251580681098227,0.7983811677048821,0.7519084100291288,0.7709582204933009,0.7358799602168691,0.8300162031653849,0.7560472923553122,0.9439024652411911,0.9214387449538352,0.8732704906939907,0.8052511898485383,0.7681305751013158,0.6399043569229068
0.8357262569086087,0.3702369140996323,0.2704665506505181,0.47245924923295224,0.5604349666250857,0.9587916692414629,0.8301042357456112,0.8783662318808727,0.868843513115969,0.78481638712378,0.9102673331383736,0.7201273046254719,0.824687952411961,0.7435370158856327,0.794224125789475,0.7633255946878514,0.6675990674430945,0.7973723162435115,0.8153703598249267,0.8907816734713955,0.794795024448507,0.8816857124326801,0.8201211170871162,0.8236894033529224,0.7734191606336429,0.9500307924162302,0.8612023431855413,0.6685860060354142,0.8688178243083574,0.7297622877185843,0.9604339558466091,0.8879637058492735,0.947406191891018,0.9186165724160612,0.8265148281974201,0.0,0.7668272697815083,0.9554984639727282,0.9118685446351805,0.793750838180261,0.7969934417069262,0.9611231327485271,0.8647905243241971,0.9664613824322681,0.8892077184887938,0.8438721418737845,0.8207605917089367,0.8371401477518449,0.830653802573097,0.8809857203778892,0.830970427364277,0.7529632552497788,0.8161138784953741,0.7838786418213861,0.7476253808680832,0.8453094576368214,0.7476792176131272
