Cingulate area 2,Glomerular layer of the accessory olfactory bulb,Glomerular layer of the olfactory bulb,"Olfactory bulb, unspecified",Frontal association cortex,Cornu ammonis 3,Dentate gyrus,Cornu ammonis 2,Cornu ammonis 1,Fasciola cinereum,Subiculum,Postrhinal cortex,Presubiculum,Parasubiculum,Perirhinal area 35,Perirhinal area 36,Medial entorhinal cortex,Lateral entorhinal cortex,Primary auditory area,"Secondary auditory area, dorsal part","Secondary auditory area, ventral part","Piriform cortex, layer 1","Piriform cortex, layer 2","Piriform cortex, layer 3",Ventrolateral orbital area,Lateral orbital area,Ventral orbital area,Medial orbital area,Dorsolateral orbital area,Prelimbic area,Secondary motor area,Frontal association area 3,Primary motor area,"Agranular insular cortex, ventral area",Agranular insular cortex dorsal area,Cingulate area 1,Infralimbic area,Dysgranular insular cortex,Granular insular cortex,"Primary somatosensory area, forelimb representation","Primary somatosensory area, dysgranular zone","Primary somatosensory area, face representation",Secondary somatosensory area,"Primary somatosensory area, hindlimb representation","Agranular insular cortex, posterior area","Primary somatosensory area, barrel field",Retrosplenial dysgranular area,"Primary somatosensory area, trunk representation",Retrosplenial granular area,"Parietal association cortex, lateral area","Parietal association cortex, medial area","Parietal association cortex, posterior area",Primary visual area,"Secondary visual area, lateral part",Temporal association cortex,"Secondary visual area, medial part",Nucleus of the lateral olfactory tract
0.0,0.3481640282822754,0.18460402223771094,0.2493713909724208,0.31224177082101684,0.8106536215172456,0.7203919654497392,0.8686590152886875,0.7496636615490228,0.7749153003092064,0.6502391285770894,0.5844436891650172,0.6058591500928473,0.552267681370362,0.6678260503981555,0.7176922187727156,0.5624388774652654,0.646298677099271,0.8140628296246798,0.7692617923096652,0.6947804210465504,0.8051910600447008,0.848226860422434,0.8663040502785045,0.6183027631959243,0.5160682211334648,0.7404319138482277,0.43838154765803045,0.49283260537581636,0.6259727757336622,0.7313096459891731,0.7624081356573567,0.7700527328430197,0.720298357765353,0.7951827019464626,0.8721693446910441,0.7463023282995046,0.7278561738135122,0.6463220111803157,0.893330604192182,0.8511183311330377,0.8147823121607497,0.6194932088455737,0.7882555139048217,0.6755658609297802,0.7968078776253447,0.7667903902522156,0.767452368298136,0.789344949609363,0.7863769910702065,0.5162695924819168,0.7447614107973312,0.7118845039320116,0.5842968949511848,0.5689352215277649,0.6562125421317354,0.7855861635120732
0.3481640282822754,0.0,0.5889597119094868,0.771990843307269,0.8008098695623768,0.5807385378228239,0.6683072370217722,0.48937782730348545,0.6213409307094419,0.5161164629884579,0.7583528857214678,0.7472335211582927,0.6995746594373905,0.6256512886934604,0.7436217906099996,0.6013827344336826,0.736115392995933,0.7195644985231049,0.6057681071874417,0.5013317000998332,0.6093942439795034,0.5416909872496373,0.5760736686275678,0.5113311778969475,0.7888927114741547,0.7496796029184291,0.6413609146855754,0.8805401314958775,0.8623311674532786,0.7370846547955444,0.6223987709438941,0.5608769845546169,0.5423179568874703,0.6408415050788957,0.5452785164091662,0.5266843635217479,0.6078512922606226,0.6542767833157905,0.6588834895992078,0.44783456569315366,0.3899528455352099,0.5964228353406872,0.7771515896832382,0.4273031409986466,0.5993627834168258,0.5276439575213583,0.6387796946110746,0.43339575940675285,0.6468756112355111,0.5622540056216,0.7904367262446872,0.5458540088907784,0.7187742913831323,0.8015961348442665,0.7367668665179888,0.630834134778118,0.580038235536966
0.18460402223771094,0.5889597119094868,0.0,0.8754820785959733,0.5360238177893086,0.27384521080806384,0.31971627759160326,0.24520317748915454,0.3030897405161406,0.2675725198485163,0.3580856014062407,0.38178573134442895,0.3837344251878066,0.37753801106175106,0.35950988925754407,0.30342865562107924,0.42564050972841655,0.342816505789937,0.29766729066048964,0.2617409570090923,0.3011344299478908,0.27238923703168766,0.2720381688763302,0.2501645048014872,0.355343157863276,0.38518317694031357,0.34555085660379076,0.5009463299074338,0.40888708974823285,0.3617804771992576,0.2999856715804498,0.2754516029235828,0.26136021705330986,0.32511726002416974,0.26593046863920516,0.26715109971465884,0.3225952960131314,0.305882197506907,0.31333314908272697,0.23985527098584306,0.19870661313930107,0.27760111068166154,0.3412617769188419,0.21408769286416368,0.295669255879099,0.26665757706691084,0.30698442552811894,0.2141060013715426,0.31711472093601994,0.28553444968252073,0.3785379157118016,0.2752228574126675,0.34346923380935573,0.39882803291823976,0.38363305403897674,0.31178934461816504,0.28717214851356354
0.2493713909724208,0.771990843307269,0.8754820785959733,0.0,0.7199572560298644,0.37967618701754047,0.44476678713709106,0.33543069936557196,0.43802807343991884,0.3660282867040267,0.501225510879749,0.5189868417548675,0.5543697778836689,0.4951415513947958,0.5202893907109953,0.4345609406177037,0.5778528783150197,0.4824444566934861,0.42956762230703466,0.382018158521742,0.42375990822742493,0.3805913756735255,0.3870666112597533,0.3476176420085069,0.5129188682824538,0.546226537166674,0.4801484416927852,0.669346042065819,0.5962333739996548,0.5188629004930215,0.42443297465222046,0.3849581844506207,0.369155903542681,0.45976921956623124,0.3669679475521323,0.3806591436809035,0.4483519269745505,0.4362279066347633,0.4576574974679924,0.3332248032399223,0.26848195046981055,0.3890769467416743,0.489065946486827,0.30215785055498096,0.41092104060217777,0.3775919498214125,0.43401027206036324,0.30013218160435906,0.44994861361965316,0.39369571823775695,0.5336582249504415,0.38907830942443294,0.49448329567265664,0.5455036140965182,0.536847574809181,0.45285863463126386,0.41424950092471186
0.31224177082101684,0.8008098695623768,0.5360238177893086,0.7199572560298644,0.0,0.5167963156425787,0.5507165725638692,0.4021983396955715,0.5687591556317344,0.42810129715034184,0.6088955078784137,0.5872253123558244,0.591945313239991,0.5339340944803156,0.5774295302808402,0.5029713934684735,0.6096179657101528,0.6145728787346157,0.5081409608199957,0.4599040778317079,0.5163294637597304,0.5008443803047046,0.4866386072083888,0.4526536050718156,0.6033507419752168,0.7212096242677399,0.5552445339841741,0.7004858971424491,0.7471197492778389,0.6354479002048337,0.5570926503918089,0.5339316364391852,0.4642677897554258,0.571357392734628,0.46804391393145717,0.45778150295142644,0.5628549041126013,0.5470820909617865,0.5563465078614787,0.4042931805879252,0.3331136460431099,0.5046183583663587,0.6117117050249405,0.3692718695498564,0.4829984310750875,0.45048657528586933,0.5329216827392611,0.3788764713396689,0.5466366309617096,0.48149469123716393,0.6137167973679524,0.4958028170713943,0.5813016280621343,0.6774267072213712,0.638430201893548,0.547957075062794,0.4854317610866437
0.8106536215172456,0.5807385378228239,0.27384521080806384,0.37967618701754047,0.5167963156425787,0.0,0.9001702708561862,0.9134381888268533,0.963061557180995,0.9084786647135895,0.8669175622079356,0.8488250052236124,0.8112768579332928,0.7598460114252477,0.8831325718730472,0.9163410771095155,0.8216727730657764,0.8816963850284218,0.9849933566840152,0.8885049751359394,0.9350489494299575,0.9081239322540708,0.9820731755404496,0.9183640043707726,0.9322448959083036,0.7516972889860093,0.8424146044036225,0.6493912052361228,0.7563335859161733,0.8549741545088934,0.9450203314251313,0.87920879218524,0.89993996549189,0.9341100575696885,0.8981817495871054,0.9269359688984307,0.8910998838021919,0.8754039311198315,0.9053017790471569,0.8803212957072865,0.84540176729055,1.0,0.8929111452938614,0.8383780244075542,0.9307262696639,0.8914898064733414,0.9504244895709985,0.8058014464522046,0.992705985129683,0.9710170299492475,0.7397875959608515,0.9357940580438576,0.9541623090317081,0.8642185532134776,0.8431643334362616,0.8277134345632293,0.9342275840078137
0.7203919654497392,0.6683072370217722,0.31971627759160326,0.44476678713709106,0.5507165725638692,0.9001702708561862,0.0,0.8568242099946977,0.9667429587498254,0.8431323719269399,0.9137720833581499,0.8725392131589412,0.8379486375279884,0.7765493465254808,0.967593124729167,0.9092708709758887,0.890647615355866,0.9120111334171289,0.9337224197586798,0.8790404947112853,0.8859571051939438,0.8852382603218811,0.8716502055375445,0.8687632539330171,0.9094110962479187,0.7841004103537456,0.9228993225101834,0.7489564745476422,0.861793334155803,0.907256101638595,0.8897913190221921,0.8759735119251718,0.8408760734546478,0.9343640861868132,0.8607998787394796,0.8735251926155735,0.8601354340476457,0.8808943676834899,0.8930571712772887,0.8583347313039604,0.7518100812977019,0.9157585445593269,0.8743094373132537,0.7671000250018243,0.8799415457313385,0.8653434695602673,0.8979856665978071,0.7460247926291296,0.9564373509966866,0.9000341470371448,0.7773216033367543,0.8828852818201657,0.9663748433939162,0.9484514263635186,0.904889843092877,0.8299125694261655,0.9158510652613704
0.8686590152886875,0.48937782730348545,0.24520317748915454,0.33543069936557196,0.4021983396955715,0.9134381888268533,0.8568242099946977,0.0,0.9542785145580908,0.9113467921725441,0.8298349880868899,0.7998733803566143,0.7923979133237512,0.6800122139875585,0.8278247591358946,0.9140731083039938,0.7561224043687832,0.8584971065268913,0.9570025672827648,0.8613008668639888,0.9120874047825303,0.9184400294267202,0.9799047054586599,0.9656643700963254,0.7507907436597161,0.6460335270514792,0.8831178255118979,0.5641444847752687,0.6186663357001718,0.7598533433951251,0.7463814713781107,0.8708626491136906,0.8152174544220131,0.9245968078226205,0.9694255451223601,0.8879681659963826,0.8594980665709072,0.8749891813932482,0.8283025854965949,0.9737521548988068,0.8976460176254947,0.9199505670875087,0.7964670810762295,0.9436432415430229,0.869030094291766,0.8959676093705613,0.9234881459410714,0.8739061772539448,0.9826629400259042,0.9937285121230445,0.6260442654595689,0.8866062860399853,0.9525346766488578,0.7530450910165031,0.8101209401996603,0.8247903313334501,0.8569224191581148
0.7496636615490228,0.6213409307094419,0.3030897405161406,0.43802807343991884,0.5687591556317344,0.963061557180995,0.9667429587498254,0.9542785145580908,0.0,0.9196772002188712,0.9316101323557539,0.8512730479276486,0.8358508890359336,0.7547853743394629,0.9514240795913231,0.9187667808383628,0.907178570624132,0.8975727344833678,0.9601632720342361,0.917325315967121,0.9070871148332476,0.9041154820697821,0.9604302686586588,0.9272781114562021,0.9014770314128193,0.8064232732511035,0.942545628889472,0.7152026369194067,0.8170445935604919,0.8441535814716065,0.9140495150439747,0.9323436828429648,0.8775563649414478,0.9662366172087923,0.9630822896181247,0.8908763789665226,0.8814521332225431,0.9353694404143086,0.8884983054928974,0.8599470802392657,0.8087572908693921,0.9518883124925319,0.889916094305945,0.8296993036203565,0.9328900212031622,0.9082950871662759,0.9783770922445547,0.8262764983936146,0.9764765121995893,0.9231472571354936,0.8242474513060887,0.9115250909075655,0.973978025220569,0.9080552369238125,0.8452583584015408,0.9658555782918675,0.9323786901583565
0.7749153003092064,0.5161164629884579,0.2675725198485163,0.3660282867040267,0.42810129715034184,0.9084786647135895,0.8431323719269399,0.9113467921725441,0.9196772002188712,0.0,0.8413055456001365,0.7795349047066134,0.7616959038265159,0.6638402538828667,0.7880770364395789,0.9176536888157296,0.7607194357617529,0.8085466088352766,0.8895839521001692,0.868489092404133,0.8592497394812731,0.8718605285852887,0.9412179249263206,0.8864380719909171,0.8085355849891666,0.6616895014685004,0.8347622302868882,0.59624285975804,0.6154865133862081,0.7809514012878152,0.7874018020769571,0.82278547516079,0.8061617921037503,0.8403420024485363,0.9095028803838562,0.8272793002370246,0.8188796305831306,0.8427527384756384,0.7210372259129775,0.8345166566310265,0.8229007077778571,0.9311085426786794,0.7919943578482576,0.7974997501321438,0.7886820022233867,0.8289289416432004,0.9539733222429183,0.8380754779343821,0.8931125029619141,0.9374415875938408,0.6472706922344816,0.8705924035572371,0.9149426905090351,0.7469760583033865,0.7748300232074082,0.8571033699229993,0.8733848355697973
0.6502391285770894,0.7583528857214678,0.3580856014062407,0.501225510879749,0.6088955078784137,0.8669175622079356,0.9137720833581499,0.8298349880868899,0.9316101323557539,0.8413055456001365,0.0,0.9851370621180735,0.9744605156380938,0.8232494429420807,0.9746686967620729,0.9183815529422495,0.9239715277484432,0.9734836219603977,0.9127365557312304,0.9037936907828252,0.8577928965417957,0.8640579155804515,0.8865878593064996,0.8057904944234846,0.9621196260504391,0.8608808814783345,0.9214374165386812,0.8081566944147784,0.8907054955156135,0.912969650701012,0.9201722282436631,0.8078852454491283,0.7564156500841507,0.885836292011254,0.8869345971629152,0.8309439961978199,0.9572887292069494,0.9347843681981896,0.8380094987348315,0.7754214102737929,0.6744117033723346,0.8691333242216844,0.9086241538546411,0.7143194278444642,0.8326270411021375,0.8582233159119397,0.8768030891392884,0.6818904790880915,0.8930515857446307,0.8966468600460703,0.7916701595741438,0.901316051168214,1.0,1.0,0.9038347646706357,0.7932354640873066,0.8747845603237264
0.5844436891650172,0.7472335211582927,0.38178573134442895,0.5189868417548675,0.5872253123558244,0.8488250052236124,0.8725392131589412,0.7998733803566143,0.8512730479276486,0.7795349047066134,0.9851370621180735,0.0,0.9469021935651606,0.8505094848636129,0.9072557864598166,0.8992773676870066,0.9161563679217015,0.9129261883584866,0.8713548047153034,0.7631091441490578,0.9270327477330415,0.7835296529216321,0.7941752776339172,0.7350242960301738,0.9291543468289186,0.8013680094208211,0.8741940810698282,0.856297246203669,0.8851408285748974,0.8847273096069381,0.7916404041093794,0.7802472962781639,0.7397060691436449,0.8876679380949054,0.7868042473600694,0.7891164726379584,0.8762888765479003,0.8438879929431355,0.8370782836849546,0.7342468845532681,0.6352636396425067,0.8042244396566454,0.9001987579041333,0.6508535152599684,0.837285028089033,0.8435004678548369,0.8597643089005862,0.6638644071797587,0.863297633512723,0.9119367900524284,0.7787200337860107,0.8486065712778164,1.0,0.9693035032817263,0.9894094219703856,0.7880174126130401,0.8210275986165382
0.6058591500928473,0.6995746594373905,0.3837344251878066,0.5543697778836689,0.591945313239991,0.8112768579332928,0.8379486375279884,0.7923979133237512,0.8358508890359336,0.7616959038265159,0.9744605156380938,0.9469021935651606,0.0,0.9443200542572714,0.9012912034047618,0.9153618291890178,0.9800361408737874,0.9168583155445994,0.8647258435042251,0.7739950044344769,0.8731565696261592,0.8267025210894765,0.8020091069715544,0.7259088949859759,0.8462149986522411,0.7319888475249996,0.9029466841052158,0.8333900461859244,0.7849296472434291,0.830898460461871,0.7606841620510809,0.7321759310432309,0.7114404697931221,0.8649076278677534,0.8061627157401332,0.7831492993227892,0.8449924590883903,0.8467602226445549,0.7944018446838673,0.7559178314472833,0.6126660480475331,0.7971057393427134,0.8194066690932629,0.7014697610723591,0.8169935260781549,0.7656759934250109,0.7749749825073502,0.6500849905783345,0.8948119013748961,0.8262077444930647,0.7040807139821877,0.8085099221102842,0.9882561174101747,0.9194175215721633,0.9525888269578078,0.7779419072653923,0.7776815037330017
0.552267681370362,0.6256512886934604,0.37753801106175106,0.4951415513947958,0.5339340944803156,0.7598460114252477,0.7765493465254808,0.6800122139875585,0.7547853743394629,0.6638402538828667,0.8232494429420807,0.8505094848636129,0.9443200542572714,0.0,0.7582382485277588,0.7356927922203007,0.8695350313355957,0.7832610365616425,0.695878337345778,0.6299633879594304,0.7055638082066846,0.6535589001553924,0.6723714190440061,0.5822347739298213,0.6806893009873229,0.6074912774532871,0.7013736544230956,0.6962115753194583,0.6471849783039104,0.7304469223300006,0.6975175819087902,0.5618519128062978,0.5846650893269975,0.7149853987583835,0.605501689809298,0.69540941336837,0.7747405654270488,0.6718062508491797,0.6815443806113479,0.6290222182408292,0.5304802194988586,0.679450420911317,0.6867734636355975,0.5327245012326489,0.6115576109296507,0.6046530691940245,0.6415303461080543,0.5186947648345782,0.6720602992049808,0.7117080717459688,0.5367852634356061,0.6750796930959864,0.9548453196102724,0.8562454711496245,0.718519047911134,0.5871494466996979,0.6745772847632605
0.6678260503981555,0.7436217906099996,0.35950988925754407,0.5202893907109953,0.5774295302808402,0.8831325718730472,0.967593124729167,0.8278247591358946,0.9514240795913231,0.7880770364395789,0.9746686967620729,0.9072557864598166,0.9012912034047618,0.7582382485277588,0.0,0.9436526702796334,0.8978520432027083,1.0,0.9913280510098866,0.8966757407012054,0.9725651868858312,0.8521757785578971,0.942701845019843,0.8687477208385121,1.0,0.8930460504731197,0.9555587778062044,0.8386065693848399,0.9486588907894445,0.888709901953676,0.8975554939698381,0.8899451581642635,0.8584764811821949,0.9607552979031359,0.8959630353768224,0.8570235308106392,0.878709863714207,0.9712559500965298,0.8520748948326162,0.816162904384207,0.6956721102577063,0.9905065724757465,0.9515383201513125,0.752738905275103,0.9372366514501838,0.8254574266924548,0.9773484998866134,0.7365282874932367,0.9900302078250706,0.8770893543288704,0.8768895242578745,0.8813515466916209,0.9909680198611768,0.9895646630659647,0.9072066235219867,0.8215545615806168,0.9212770884176422
0.7176922187727156,0.6013827344336826,0.30342865562107924,0.4345609406177037,0.5029713934684735,0.9163410771095155,0.9092708709758887,0.9140731083039938,0.9187667808383628,0.9176536888157296,0.9183815529422495,0.8992773676870066,0.9153618291890178,0.7356927922203007,0.9436526702796334,0.0,0.8497036942245714,0.8986346093216578,0.8984017942157494,0.8751382346384554,0.9702889321262778,0.9296958064159102,0.9174656814984876,0.9006861613281048,0.8717508186641967,0.7445542963875736,0.9577536891021997,0.6967220160700922,0.7503720591375933,0.8404705260722297,0.8239532303634347,0.8725545679754257,0.8355812694991019,0.9619907516979015,0.9244255263140723,0.8883549884972776,0.9078622889302017,0.9169964918219172,0.9258555740271058,0.8946476440790528,0.7814935119285834,0.90498692620673,0.8886111707339764,0.8038995244344701,0.9538688424315764,0.891909834452994,0.9969996687049097,0.8175073206567545,0.9406642179287505,0.9266429393229253,0.7585034952681987,0.9054393335801159,1.0,0.9099355601816725,0.9194880274974063,0.8720578494322047,0.9030195923382016
0.5624388774652654,0.736115392995933,0.42564050972841655,0.5778528783150197,0.6096179657101528,0.8216727730657764,0.890647615355866,0.7561224043687832,0.907178570624132,0.7607194357617529,0.9239715277484432,0.9161563679217015,0.9800361408737874,0.8695350313355957,0.8978520432027083,0.8497036942245714,0.0,0.8681766412104149,0.8368595176079866,0.7903194871909847,0.834832856748648,0.8127839435922309,0.7764701695717557,0.742561252967108,0.8716441849882576,0.7484233072197057,0.8986560861924321,0.799186295965984,0.7771576148059652,0.8148894544092432,0.7488792536948733,0.7212769242753418,0.7276401384909241,0.9252342354157972,0.8257939967422506,0.7413892559261976,0.802376384769414,0.8423600504215247,0.799382335947795,0.7539726349119862,0.5772614960451334,0.7834603788395557,0.8618445108887011,0.6634255675401433,0.8342991044689573,0.7837668405852,0.8232274784191215,0.6441539388191129,0.9233988231793036,0.8118909697728189,0.7469875791466244,0.7802201554154073,0.9802768088136669,0.9334759939555909,0.9446658461050161,0.8018430836775075,0.8307163356828062
0.646298677099271,0.7195644985231049,0.342816505789937,0.4824444566934861,0.6145728787346157,0.8816963850284218,0.9120111334171289,0.8584971065268913,0.8975727344833678,0.8085466088352766,0.9734836219603977,0.9129261883584866,0.9168583155445994,0.7832610365616425,1.0,0.8986346093216578,0.8681766412104149,0.0,0.9297092004630161,0.8674805610234643,0.9390588789699831,0.867467615336612,0.8704465878225616,0.7707963718978433,0.9496345324665152,0.7608309341345834,0.8952237652608948,0.8341735886015269,0.8821755775580626,0.8708237899449403,0.8788047840948846,0.8225352051732995,0.824497343691216,0.9386425105295334,0.8796288276875761,0.8421181137649237,0.8855136813218105,0.9155947514378926,0.8694035250692823,0.8241954873648704,0.6896746282555387,0.8949510321649871,0.9487574983646982,0.7292639841239545,0.8646163855801915,0.8565561988160587,0.9338002425146467,0.7095935077876983,0.9162993501738596,0.8561665617170339,0.7776977288546171,0.8596939823984803,1.0,1.0,0.9610040449553827,0.8421856929335652,0.8629627722315533
0.8140628296246798,0.6057681071874417,0.29766729066048964,0.42956762230703466,0.5081409608199957,0.9849933566840152,0.9337224197586798,0.9570025672827648,0.9601632720342361,0.8895839521001692,0.9127365557312304,0.8713548047153034,0.8647258435042251,0.695878337345778,0.9913280510098866,0.8984017942157494,0.8368595176079866,0.9297092004630161,0.0,0.9665984493107643,0.9870657433450748,0.9362178260677139,0.9843821570949076,0.9627020385861622,0.9807991308193286,0.8132562323905179,1.0,0.7279974330406442,0.8000814498295874,0.9020022540654429,0.9555697354375351,0.9967057994395305,0.9096022485312207,0.9994786471126234,1.0,0.9457279058142043,0.8414897787791116,1.0,0.980394582073392,0.9137369522665014,0.856860179455881,0.9425866581838496,0.9835805445025594,0.8367660371310289,0.9570553703979228,0.9322663554532998,1.0,0.8532610241846914,1.0,0.9076266077383494,0.832580196034967,0.9908204162993239,0.9992786994020558,0.8522099525346268,0.9089879997136896,0.8659274430707847,0.9695400989521266
0.7692617923096652,0.5013317000998332,0.2617409570090923,0.382018158521742,0.4599040778317079,0.8885049751359394,0.8790404947112853,0.8613008668639888,0.917325315967121,0.868489092404133,0.9037936907828252,0.7631091441490578,0.7739950044344769,0.6299633879594304,0.8966757407012054,0.8751382346384554,0.7903194871909847,0.8674805610234643,0.9665984493107643,0.0,0.9024181571476692,0.9656206649086855,0.896194989548919,0.9541509462960059,0.8156751100695162,0.7427667489412334,0.8970733087896816,0.6182085735142641,0.6948737860669694,0.7751458306103695,0.8931014849054494,0.8985363912197507,0.8832570653185473,0.9103551419109509,0.9341174521544721,0.9032579520436576,0.8333630421372376,0.8632862192917178,0.8500110580288861,0.9323559318601298,0.850293469539644,0.9037148412925942,0.8270758351259372,0.8757876521719208,0.8690480602289878,0.8949010891986332,0.8653137980212345,0.8665111393738613,0.9518523235196457,0.9351579985884426,0.7063160583576807,0.8924009450522447,0.8994818970827703,0.7957134125897182,0.8143103981539289,0.8266613007968711,0.8833784950384374
0.6947804210465504,0.6093942439795034,0.3011344299478908,0.42375990822742493,0.5163294637597304,0.9350489494299575,0.8859571051939438,0.9120874047825303,0.9070871148332476,0.8592497394812731,0.8577928965417957,0.9270327477330415,0.8731565696261592,0.7055638082066846,0.9725651868858312,0.9702889321262778,0.834832856748648,0.9390588789699831,0.9870657433450748,0.9024181571476692,0.0,0.9036237131934717,0.9841605500603786,0.9202140589535595,0.8901609209183645,0.758072403333432,1.0,0.7180086714365639,0.8098295032673247,0.7994507084986291,0.8521653388235426,0.8912417940185539,0.8585474341789403,0.9811072587884857,0.9631090070434044,0.8594218751371245,0.8201149851874858,0.9559915141770293,0.8607883624495191,0.8764247483213208,0.8037530618008516,0.895198872398809,0.8879733376134692,0.8520298329480797,0.9565397969567865,0.912796409868291,0.9621033037995456,0.928478677806731,1.0,0.9998905287062897,0.8073987018765187,0.9633852102073562,0.9640846422445588,0.855298095068898,0.9114441629494848,0.954649117145768,0.9373110539139767
0.8051910600447008,0.5416909872496373,0.27238923703168766,0.3805913756735255,0.5008443803047046,0.9081239322540708,0.8852382603218811,0.9184400294267202,0.9041154820697821,0.8718605285852887,0.8640579155804515,0.7835296529216321,0.8267025210894765,0.6535589001553924,0.8521757785578971,0.9296958064159102,0.8127839435922309,0.867467615336612,0.9362178260677139,0.9656206649086855,0.9036237131934717,0.0,0.994571853309936,0.9406689511334188,0.9005956351438251,0.7821392769864309,0.9792523459739807,0.6528900342990819,0.7284292484934681,0.8259939188572654,0.9117197418868869,0.9862919970965182,0.9409681527875623,0.9253589055555709,0.908758573502813,0.913840123552115,0.8576882318150402,0.9559907216908756,0.8877777903263764,0.9758372264210321,0.857215452972951,0.9812212055468709,0.9831257068779948,0.8627277132965234,0.8355049249185458,0.9325395078067539,0.9432911738748767,0.8517182631465426,0.9097728637667803,0.9253233373343966,0.7798568729939626,0.906611570269738,0.9550418572937289,0.8549806451645429,0.8181824944254839,0.8581332032515717,0.9900879874545938
0.848226860422434,0.5760736686275678,0.2720381688763302,0.3870666112597533,0.4866386072083888,0.9820731755404496,0.8716502055375445,0.9799047054586599,0.9604302686586588,0.9412179249263206,0.8865878593064996,0.7941752776339172,0.8020091069715544,0.6723714190440061,0.942701845019843,0.9174656814984876,0.7764701695717557,0.8704465878225616,0.9843821570949076,0.896194989548919,0.9841605500603786,0.994571853309936,0.0,1.0,0.8927918171754513,0.8386237890514366,1.0,0.6485513718038407,0.7818033682763817,0.8342286604963552,1.0,0.9936555118256938,0.9875012318941606,0.9960503588642139,0.9730943735185694,0.9600859414719417,0.8627501003090398,0.9703474869303279,0.9651483043603203,0.931395234651329,0.8944174738328676,0.9848813474155943,0.9528170482362545,0.9588039807044277,0.9411163345189801,0.9845483873121808,1.0,0.903958997312926,1.0,0.9374384868999533,0.7867686720057121,0.9802774281104373,1.0,0.7891229641228925,0.8125767170632439,0.8864533434075056,1.0
0.8663040502785045,0.5113311778969475,0.2501645048014872,0.3476176420085069,0.4526536050718156,0.9183640043707726,0.8687632539330171,0.9656643700963254,0.9272781114562021,0.8864380719909171,0.8057904944234846,0.7350242960301738,0.7259088949859759,0.5822347739298213,0.8687477208385121,0.9006861613281048,0.742561252967108,0.7707963718978433,0.9627020385861622,0.9541509462960059,0.9202140589535595,0.9406689511334188,1.0,0.0,0.848901839100474,0.7291834321094671,0.9251373350966716,0.6092783216561317,0.7395415975292878,0.7718364258703881,0.8468986148637045,0.9613800843946646,0.9241521197893466,0.9678113203336055,1.0,0.9176628735713976,0.782905491021643,0.9051382588131925,0.8678196976266054,0.9507195507147632,0.9349278513846805,0.980875103638363,0.8811083063206098,0.9340988837075742,0.9349814263297916,0.932287689620214,0.9936172036803022,0.9603844017502297,0.9425326967911477,0.9412264353577101,0.7743657400869023,0.9164210810232305,0.8597421491679555,0.7144242669566873,0.745164710689144,0.8836986602172643,0.9177587331377526
0.6183027631959243,0.7888927114741547,0.355343157863276,0.5129188682824538,0.6033507419752168,0.9322448959083036,0.9094110962479187,0.7507907436597161,0.9014770314128193,0.8085355849891666,0.9621196260504391,0.9291543468289186,0.8462149986522411,0.6806893009873229,1.0,0.8717508186641967,0.8716441849882576,0.9496345324665152,0.9807991308193286,0.8156751100695162,0.8901609209183645,0.9005956351438251,0.8927918171754513,0.848901839100474,0.0,0.9161153362080738,1.0,0.8238715829338059,0.966871069488565,1.0,0.9218284533348583,0.9310781545528468,0.8917418070085831,0.9739256094907124,0.8642959878421096,0.8468874547635228,0.8698335635126615,0.9708752761256066,0.9903345251197367,0.7739097223693162,0.6783789266421371,0.9233503832814083,0.9881334106754336,0.7297992278978085,0.9223483946799667,0.8308344184676858,0.9233485407650449,0.7347364821850237,0.954928755848058,0.8737230300735712,0.9661574928597294,0.8516218922362148,0.9279895477099305,0.9114449148093251,0.9505542403055415,0.8523692210919137,0.914544938309777
0.5160682211334648,0.7496796029184291,0.38518317694031357,0.546226537166674,0.7212096242677399,0.7516972889860093,0.7841004103537456,0.6460335270514792,0.8064232732511035,0.6616895014685004,0.8608808814783345,0.8013680094208211,0.7319888475249996,0.6074912774532871,0.8930460504731197,0.7445542963875736,0.7484233072197057,0.7608309341345834,0.8132562323905179,0.7427667489412334,0.758072403333432,0.7821392769864309,0.8386237890514366,0.7291834321094671,0.9161153362080738,0.0,0.8434946159437008,0.8081775858580775,0.9303916764110002,0.8505551455783453,0.8354564628349221,0.8439732399749681,0.7911371260373797,0.8315574420652347,0.7293269033481007,0.7337017121992477,0.7213324725736705,0.8418364611126093,0.8502362886089849,0.6463276680131964,0.5607176946852327,0.7849199272774149,0.9030892496346636,0.6150673808217121,0.8098588944069519,0.7227866455913207,0.8388584117617729,0.5884188751351354,0.8327088499995556,0.7476961025676836,0.906559684318825,0.8155312329296652,0.8133072684940508,0.8872142313788923,0.8291046455152239,0.8009302062270761,0.7592454615640861
0.7404319138482277,0.6413609146855754,0.34555085660379076,0.4801484416927852,0.5552445339841741,0.8424146044036225,0.9228993225101834,0.8831178255118979,0.942545628889472,0.8347622302868882,0.9214374165386812,0.8741940810698282,0.9029466841052158,0.7013736544230956,0.9555587778062044,0.9577536891021997,0.8986560861924321,0.8952237652608948,1.0,0.8970733087896816,1.0,0.9792523459739807,1.0,0.9251373350966716,1.0,0.8434946159437008,0.0,0.7351532260104603,0.8426951487861976,0.8861964929080285,0.9049380745920862,0.9642573673095926,0.9168947813142805,0.9888077922658313,0.9893883181794709,0.8536410439539168,0.8766759150060348,0.9461337066315264,0.9697668316903395,0.8772584351514767,0.7224958487839913,0.9012581192956971,1.0,0.8229381695232076,0.9492613914581907,0.9211885218012396,1.0,0.8323642510455016,1.0,0.9557456649061143,0.888453961198019,0.969305510217825,1.0,0.887979286950718,0.9153195899501114,0.940701665734182,0.9559466792684385
0.43838154765803045,0.8805401314958775,0.5009463299074338,0.669346042065819,0.7004858971424491,0.6493912052361228,0.7489564745476422,0.5641444847752687,0.7152026369194067,0.59624285975804,0.8081566944147784,0.856297246203669,0.8333900461859244,0.6962115753194583,0.8386065693848399,0.6967220160700922,0.799186295965984,0.8341735886015269,0.7279974330406442,0.6182085735142641,0.7180086714365639,0.6528900342990819,0.6485513718038407,0.6092783216561317,0.8238715829338059,0.8081775858580775,0.7351532260104603,0.0,0.9377702607165135,0.8756168758764532,0.7118315118798798,0.6483475317239519,0.5778818670561544,0.7332953786450116,0.6239240093402428,0.6280808254487693,0.728795609210188,0.7070960751695358,0.7435418861898745,0.53211205450492,0.4834160714460311,0.7015335636847535,0.8424356136623697,0.4920736212777706,0.6904850327439694,0.6453201017468684,0.7132267492341435,0.4956892285282598,0.7239195959738928,0.6590480413558456,0.8374728860529133,0.6575633663936282,0.8398930572820804,0.8677281570257177,0.9008331748142924,0.7035293944352615,0.6403433429423737
0.49283260537581636,0.8623311674532786,0.40888708974823285,0.5962333739996548,0.7471197492778389,0.7563335859161733,0.861793334155803,0.6186663357001718,0.8170445935604919,0.6154865133862081,0.8907054955156135,0.8851408285748974,0.7849296472434291,0.6471849783039104,0.9486588907894445,0.7503720591375933,0.7771576148059652,0.8821755775580626,0.8000814498295874,0.6948737860669694,0.8098295032673247,0.7284292484934681,0.7818033682763817,0.7395415975292878,0.966871069488565,0.9303916764110002,0.8426951487861976,0.9377702607165135,0.0,0.9493473070610817,0.8973418183234251,0.8282231107008574,0.7287894322823772,0.8514776380923292,0.7497671651852759,0.8064759343577763,0.7643845159313937,0.846345327340586,0.866371058960908,0.6098979460759013,0.5387206546695177,0.8490307691811004,0.9899145972586719,0.5969726215703198,0.8221729190817553,0.7552896581710101,0.8417682559543604,0.5951986669300792,0.8376513229298652,0.7065782919043718,0.8707313101110673,0.7483648179628907,0.9031669813101937,0.9175881134859667,0.8528340357851264,0.7394458256214993,0.7914023534914918
0.6259727757336622,0.7370846547955444,0.3617804771992576,0.5188629004930215,0.6354479002048337,0.8549741545088934,0.907256101638595,0.7598533433951251,0.8441535814716065,0.7809514012878152,0.912969650701012,0.8847273096069381,0.830898460461871,0.7304469223300006,0.888709901953676,0.8404705260722297,0.8148894544092432,0.8708237899449403,0.9020022540654429,0.7751458306103695,0.7994507084986291,0.8259939188572654,0.8342286604963552,0.7718364258703881,1.0,0.8505551455783453,0.8861964929080285,0.8756168758764532,0.9493473070610817,0.0,0.9122486550096288,0.8306016422649009,0.8116018176161313,0.9157160764565849,0.8040545198752137,0.859330621518363,0.8551730659710481,0.8721940026632465,0.8823831253985358,0.7283909701915078,0.6282486292454208,0.8825461073726742,0.9412468881538442,0.6763931441304338,0.8007989982229697,0.7762074297305752,0.8313749121193279,0.6572554809464757,0.8667606394821552,0.7530904186311942,0.8171695821850765,0.7984076834611051,0.9367020802209461,0.9575058765247061,0.8391053926824615,0.8151205279104539,0.878874373061405
0.7313096459891731,0.6223987709438941,0.2999856715804498,0.42443297465222046,0.5570926503918089,0.9450203314251313,0.8897913190221921,0.7463814713781107,0.9140495150439747,0.7874018020769571,0.9201722282436631,0.7916404041093794,0.7606841620510809,0.6975175819087902,0.8975554939698381,0.8239532303634347,0.7488792536948733,0.8788047840948846,0.9555697354375351,0.8931014849054494,0.8521653388235426,0.9117197418868869,1.0,0.8468986148637045,0.9218284533348583,0.8354564628349221,0.9049380745920862,0.7118315118798798,0.8973418183234251,0.9122486550096288,0.0,0.9331395084619426,0.954609139946482,0.932280607896297,0.8435331148269626,0.9098912692272106,0.8749042086166652,0.939147722083453,0.932922667824144,0.8147393297486015,0.7423474825568935,0.9355703701890092,0.8944491384668644,0.773827608231846,0.871669363330845,0.8354741020428558,0.882071198640218,0.7735378310648847,0.9487762511494664,0.8225456232470025,0.7835290636164586,0.861288423339444,0.9481635604939775,0.8403847103244071,0.7870696777867552,0.7647377599048452,0.9094115829836428
0.7624081356573567,0.5608769845546169,0.2754516029235828,0.3849581844506207,0.5339316364391852,0.87920879218524,0.8759735119251718,0.8708626491136906,0.9323436828429648,0.82278547516079,0.8078852454491283,0.7802472962781639,0.7321759310432309,0.5618519128062978,0.8899451581642635,0.8725545679754257,0.7212769242753418,0.8225352051732995,0.9967057994395305,0.8985363912197507,0.8912417940185539,0.9862919970965182,0.9936555118256938,0.9613800843946646,0.9310781545528468,0.8439732399749681,0.9642573673095926,0.6483475317239519,0.8282231107008574,0.8306016422649009,0.9331395084619426,0.0,0.9635831086467886,0.8913966489844093,0.9047721928698373,0.9052277208429756,0.8451515776716932,0.9257653610541849,0.8672463736341,0.8776030941044515,0.8726964046643493,0.901569990096668,0.9397206528665675,0.8566796763694962,0.894530154122562,0.9654285059243418,0.9734291924822306,0.8464693482712674,0.9949658508953682,0.8765980314017788,0.8340913657316478,0.9318119596543653,0.8442480926560831,0.7302793027446266,0.8269465731397706,0.9097908306353271,0.9601575859687401
0.7700527328430197,0.5423179568874703,0.26136021705330986,0.369155903542681,0.4642677897554258,0.89993996549189,0.8408760734546478,0.8152174544220131,0.8775563649414478,0.8061617921037503,0.7564156500841507,0.7397060691436449,0.7114404697931221,0.5846650893269975,0.8584764811821949,0.8355812694991019,0.7276401384909241,0.824497343691216,0.9096022485312207,0.8832570653185473,0.8585474341789403,0.9409681527875623,0.9875012318941606,0.9241521197893466,0.8917418070085831,0.7911371260373797,0.9168947813142805,0.5778818670561544,0.7287894322823772,0.8116018176161313,0.954609139946482,0.9635831086467886,0.0,0.9423155713681106,0.9080319972371688,0.8566967236612222,0.8165922148029366,0.8975152011789579,0.9090029695522127,0.8535880619411361,0.8617735553662994,0.8703310517391477,0.8999243431809419,0.9451759907522254,0.9182843197789868,0.9138115568215237,0.9751217684812431,0.8507216665386286,0.9340530557886666,0.8377856784016781,0.7591261692893787,0.9651493043116419,0.8347716280030912,0.7367158200362719,0.7373336765582877,0.8617601336348882,0.8855225603817288
0.720298357765353,0.6408415050788957,0.32511726002416974,0.45976921956623124,0.571357392734628,0.9341100575696885,0.9343640861868132,0.9245968078226205,0.9662366172087923,0.8403420024485363,0.885836292011254,0.8876679380949054,0.8649076278677534,0.7149853987583835,0.9607552979031359,0.9619907516979015,0.9252342354157972,0.9386425105295334,0.9994786471126234,0.9103551419109509,0.9811072587884857,0.9253589055555709,0.9960503588642139,0.9678113203336055,0.9739256094907124,0.8315574420652347,0.9888077922658313,0.7332953786450116,0.8514776380923292,0.9157160764565849,0.932280607896297,0.8913966489844093,0.9423155713681106,0.0,0.9994080506554982,0.9463944616864239,0.9103174399524858,1.0,0.9327854604668306,0.8605167242225733,0.8160653604065873,0.9770957932161843,0.9943186432729229,0.806756894735484,0.950913816864608,0.9106062524451842,0.9692844055328724,0.8691302699661874,1.0,0.918368178277435,0.8246753353504361,0.8840673114387846,0.9697782584114923,0.9107123568517204,0.8713594651301755,0.9734445417805689,0.9779158110001838
0.7951827019464626,0.5452785164091662,0.26593046863920516,0.3669679475521323,0.46804391393145717,0.8981817495871054,0.8607998787394796,0.9694255451223601,0.9630822896181247,0.9095028803838562,0.8869345971629152,0.7868042473600694,0.8061627157401332,0.605501689809298,0.8959630353768224,0.9244255263140723,0.8257939967422506,0.8796288276875761,1.0,0.9341174521544721,0.9631090070434044,0.908758573502813,0.9730943735185694,1.0,0.8642959878421096,0.7293269033481007,0.9893883181794709,0.6239240093402428,0.7497671651852759,0.8040545198752137,0.8435331148269626,0.9047721928698373,0.9080319972371688,0.9994080506554982,0.0,0.9618418125098173,0.8537162945929289,0.9776893702885517,0.8529227467630718,0.9503857770739502,0.8712604998468415,0.9322903389620953,0.9142608364506177,0.9420021990427171,0.9924778508110388,0.9638947246982289,0.9997339954283666,0.9449725302878436,0.9888511405864162,0.9227790290194658,0.7818759635297922,0.9226331131609284,0.98881748058851,0.790525816651742,0.7797753444569994,0.8916617390993898,0.9908692769218316
0.8721693446910441,0.5266843635217479,0.26715109971465884,0.3806591436809035,0.45778150295142644,0.9269359688984307,0.8735251926155735,0.8879681659963826,0.8908763789665226,0.8272793002370246,0.8309439961978199,0.7891164726379584,0.7831492993227892,0.69540941336837,0.8570235308106392,0.8883549884972776,0.7413892559261976,0.8421181137649237,0.9457279058142043,0.9032579520436576,0.8594218751371245,0.913840123552115,0.9600859414719417,0.9176628735713976,0.8468874547635228,0.7337017121992477,0.8536410439539168,0.6280808254487693,0.8064759343577763,0.859330621518363,0.9098912692272106,0.9052277208429756,0.8566967236612222,0.9463944616864239,0.9618418125098173,0.0,0.9154130808997072,0.9417418868467999,0.8596388536100013,0.8957634123881207,0.8931868578237002,0.9253496055752789,0.8460405537647663,0.8571989697202756,0.8678848266656629,0.9060747974268775,0.8793465263481495,0.7894387084773539,0.946469451390277,0.9237692868218269,0.705146813278984,0.9735678437073401,0.9120526579423194,0.7989998864982975,0.7657972973696578,0.7874329567167648,0.9801951196650597
