Cingulate area 2,Glomerular layer of the accessory olfactory bulb,Glomerular layer of the olfactory bulb,"Olfactory bulb, unspecified",Frontal association cortex,Cornu ammonis 3,Dentate gyrus,Cornu ammonis 2,Cornu ammonis 1,Fasciola cinereum,Subiculum,Postrhinal cortex,Presubiculum,Parasubiculum,Perirhinal area 35,Perirhinal area 36,Medial entorhinal cortex,Lateral entorhinal cortex,Primary auditory area,"Secondary auditory area, dorsal part","Secondary auditory area, ventral part","Piriform cortex, layer 1","Piriform cortex, layer 2","Piriform cortex, layer 3",Ventrolateral orbital area,Lateral orbital area,Ventral orbital area,Medial orbital area,Dorsolateral orbital area,Prelimbic area,Secondary motor area,Frontal association area 3,Primary motor area,"Agranular insular cortex, ventral area",Agranular insular cortex dorsal area,Cingulate area 1,Infralimbic area,Dysgranular insular cortex,Granular insular cortex,"Primary somatosensory area, forelimb representation","Primary somatosensory area, dysgranular zone","Primary somatosensory area, face representation",Secondary somatosensory area,"Primary somatosensory area, hindlimb representation","Agranular insular cortex, posterior area","Primary somatosensory area, barrel field",Retrosplenial dysgranular area,"Primary somatosensory area, trunk representation",Retrosplenial granular area,"Parietal association cortex, lateral area","Parietal association cortex, medial area","Parietal association cortex, posterior area",Primary visual area,"Secondary visual area, lateral part",Temporal association cortex,"Secondary visual area, medial part",Nucleus of the lateral olfactory tract
0.0,0.2666992887883162,0.1385274119482669,0.19905557884866745,0.3227204464205209,0.6590448792048108,0.6909171190698324,0.76546918332285,0.7014885133100668,0.8288067265902727,0.585827950083547,0.4220755128998506,0.5833444399745905,0.5759075960985273,0.5543407611415813,0.5011433160986657,0.5227430895429847,0.5630148795528793,0.5146544395167444,0.5600402364392904,0.5058857199749117,0.6672762637090428,0.713734606226391,0.6210126483593511,0.4604134108536389,0.5069910922356324,0.49099361184500867,0.37864537658133957,0.41283905816132677,0.5317814289990028,0.49534589388331324,0.5281906943035769,0.7068119097243133,0.7949703639914613,0.6495087435850292,0.8279212635236622,0.600876206178267,0.759520201734317,0.6483080356841354,0.8226959960210347,0.816401602657622,0.7272071134595071,0.5726506192568068,0.7261301263985679,0.6275799755754612,0.6443883202690214,0.707108247718011,0.6084772565973602,0.6631182648123729,0.7920350845183345,0.6681250048544204,0.5887050612649997,0.6071485049448916,0.6352146113499747,0.482405286035456,0.6029659428370014,0.8669210912581821
0.2666992887883162,0.0,0.6056148971049268,0.8531703857428404,0.9079051937743344,0.5789009906188143,0.5956166301835168,0.5206768514775993,0.5988747017828876,0.42496330251690234,0.6616119429060946,0.7597143754391994,0.5923860962651426,0.6616033488075055,0.6821501657732468,0.7303872535122442,0.7529761290571938,0.7116039999403687,0.700603817089838,0.6872027301067979,0.7178300948822283,0.5366351724647602,0.5498336685083269,0.5550839903732706,0.733416883745032,0.68716172436369,0.6522913880176776,0.8665735411710471,0.7990841616564479,0.6408134745291507,0.6626356386255939,0.5367666828551969,0.5291026420604527,0.4501884055853908,0.5433711323810629,0.40294903574136043,0.6346993826430429,0.5227536364180672,0.5941707124783194,0.40961227380657733,0.4003243832091676,0.4937902780449085,0.5997064842543317,0.4828060550336523,0.5709584525478498,0.5646856521613131,0.5857035253064778,0.5947479809529148,0.5978375475353531,0.38189660657904495,0.5466359710313056,0.6243889828128916,0.6017666856740892,0.645232226036895,0.6686640353942459,0.6288236280432508,0.303694330110732
0.1385274119482669,0.6056148971049268,0.0,0.815427673680328,0.5300501768038733,0.2703155790287277,0.2911496069490572,0.2596365052696994,0.2879306265914152,0.21470500485548805,0.30471702896005565,0.37944265840395247,0.3068842399827377,0.311694396944487,0.3151784458396208,0.34738749636432126,0.3640412351304708,0.32985805047044275,0.34338575775797037,0.3312801850850395,0.3486456858386584,0.27006340509991505,0.2748582028222035,0.2824511817687846,0.3673308123156618,0.35211555056922583,0.3347130384057786,0.4424851912567677,0.4080464996205431,0.33258597239435816,0.3568309905882513,0.2876900475867274,0.2677372529240477,0.23842019500680497,0.28343103846428996,0.21445807454463575,0.3193407271751123,0.2655115822705514,0.2955362168296976,0.21386357501974887,0.20989813278022879,0.25409522113521105,0.30750011609058797,0.24207023459713,0.2754572760294229,0.283957005429143,0.2780878708179248,0.28963749634335306,0.28436711589355007,0.1956942130987539,0.26082334854078193,0.3018261002396068,0.30117877889046224,0.31037852770446306,0.33295592889508463,0.30111535034493425,0.1571207693081701
0.19905557884866745,0.8531703857428404,0.815427673680328,0.0,0.8217523861051778,0.40600768906099693,0.44658633367822437,0.39541941114775664,0.4433603358286556,0.3181334060214345,0.484335860743399,0.6104080603247969,0.4762196378687932,0.49529299337088334,0.4971505740854007,0.5360892580829604,0.5874458877866101,0.5234163337509026,0.5259412974241818,0.5032853748110426,0.5544757913913432,0.4233490013670151,0.42413472826622617,0.4506046014567431,0.575679623446856,0.5486725285620551,0.5309007112422724,0.7121257131143236,0.6663054702099743,0.5450531931013918,0.5505662451862978,0.45686624414159666,0.4234227361376788,0.35523970913970093,0.4364462227067613,0.3267814260670752,0.5119347349357293,0.4144647958577911,0.45075341295013643,0.3175742851383009,0.3110408236034252,0.38635725982795693,0.4748497236081231,0.3515611215479387,0.42867791095665975,0.42961216014141534,0.42128211997659704,0.44898862210547574,0.4302397668688245,0.2829980036039604,0.40583133127830845,0.48916138645109275,0.456027257028143,0.4875880305355049,0.502509444695791,0.45996093241363295,0.23075269039568572
0.3227204464205209,0.9079051937743344,0.5300501768038733,0.8217523861051778,0.0,0.6696247572419272,0.7448515003419588,0.6490751649808896,0.7108509936097882,0.5475021373795196,0.7765355084788259,0.8223227964352909,0.7696235619994134,0.747599943269858,0.8041953227156301,0.8769190262025807,0.9045427782900027,0.7890715757838487,0.7832269596764853,0.8063510666948587,0.8701108929244743,0.6655677929048984,0.7306379996185417,0.731719094107949,0.9134558089787621,0.8287944252897058,0.8160339343224878,1.0,0.9903542645414246,0.8496054987821439,0.8755400140774539,0.7275157894600016,0.6967274741444963,0.5934727348530187,0.7639608435949874,0.5358857399320566,0.8128034322371398,0.695050314698213,0.7505292561070495,0.5262240517407994,0.510685356517397,0.6445552646719566,0.7416633774168216,0.6102372615087616,0.7237328351535465,0.7079737578854303,0.7314385544236669,0.7157587533069089,0.7197125076274492,0.4625797092119622,0.6506033469760406,0.7675900056787526,0.7045145270847016,0.7697546881617788,0.7930235159758101,0.7308028246091837,0.3745121523553441
0.6590448792048108,0.5789009906188143,0.2703155790287277,0.40600768906099693,0.6696247572419272,0.0,0.886545631676179,1.0,0.9157699107966917,0.7937675988268791,0.8665447577612487,0.7344302251819389,0.8742485331112634,0.8785632771316292,0.8640746085399577,0.8594847445449544,0.9477163435590849,0.8285188394477965,0.8085492428608728,0.9053013842887099,0.7750479844931489,0.8790806307743737,0.8630004630859959,0.8322568144953639,0.78000953166914,0.8595601678146929,0.8422000259891927,0.7668386865145375,0.7796965436933029,0.807502475856937,0.7947091887760149,0.7410144700410749,0.8524890795340231,0.8328292880375343,0.8583085106695267,0.8315637090645661,0.8944174169099304,0.8510503778832472,0.8703698878008252,0.7778907698174099,0.7545909694742748,0.8474940331495977,0.8320548858637511,0.7984720241858781,0.818177489353622,0.8909056566052221,0.8993396292116185,0.8442703666120186,0.9355919611449967,0.6714625118542561,0.7890111738221315,0.9178232194993843,0.8768907929512575,0.8938396127171969,0.7816503153167814,0.8671468023790063,0.5812801430726645
0.6909171190698324,0.5956166301835168,0.2911496069490572,0.44658633367822437,0.7448515003419588,0.886545631676179,0.0,0.9699850913613605,0.9659265054227942,0.8084167385222086,0.909499394807573,0.7819747203449703,0.9082659868070742,0.8952370385944398,0.8979803630230451,0.9646945375919248,0.9474281987517461,0.8927089413660825,0.8907161997936656,0.9317734238767529,0.9016377366291309,0.9492062362974568,0.9624639414622626,0.8999695793635338,0.8452462594080723,0.9164699124671828,0.8987437540656051,0.8174556113779207,0.7899399832635653,0.9089821087891614,0.9023516998556236,0.7934726769066884,0.9512628676108409,0.9079156850491049,0.9662657166393295,0.8753404501574934,0.9592432390672254,1.0,0.9115261711949486,0.7793789242110766,0.8702874600064583,0.8760760192419946,0.9124564374092898,0.8627487082886619,0.8798157854653752,0.911865045617931,0.991571969666819,0.8629083813366639,1.0,0.7166003165278737,0.8691505748616336,0.9622893262335318,0.9939178016529683,0.9881456837968207,0.7991833570874953,0.9638541882782455,0.6347386613837134
0.76546918332285,0.5206768514775993,0.2596365052696994,0.39541941114775664,0.6490751649808896,1.0,0.9699850913613605,0.0,0.9222860685319875,0.8607519579398837,0.850183521442041,0.7388117047115129,0.9071827234456826,0.9091892843486818,0.8494870405996942,0.8395970824833412,0.8622580015389718,0.9007084430560112,0.8424521245888131,0.8824389832488537,0.8230427837323745,0.9296020320206717,0.9281177692759248,0.9004334896061071,0.7599973381186015,0.8245839788369156,0.847485380412534,0.7259745215242552,0.7354783781568337,0.862594002161577,0.8616040583764764,0.7824198407361138,0.9031302639367859,0.869465173136026,0.9136029812430069,0.8323670842223726,0.906541255248166,0.9711817283142623,0.8544198409927947,0.8164237358414448,0.8868675706406111,0.8939611887903647,0.8479130996786717,0.8738129385417894,0.9062040319151528,0.8771419135684311,0.9424977244613368,0.8668039757657657,0.9269847630854635,0.7286141053251468,0.864729169434868,0.9236863217802853,0.978903142547302,0.9458093900658305,0.7481441475430728,0.9168056516871351,0.6543190051827291
0.7014885133100668,0.5988747017828876,0.2879306265914152,0.4433603358286556,0.7108509936097882,0.9157699107966917,0.9659265054227942,0.9222860685319875,0.0,0.8747171242379769,0.9113815539257224,0.8020137717438722,0.922113574187637,0.8842018131377597,0.9632256510762818,0.9100113246317286,0.9468909779220849,0.9479401303255611,0.8970800914673129,0.9936478042169059,0.9481707652011518,0.9549715397293382,0.9503288529633896,0.9779865873061176,0.8764291709656484,0.921118865789439,0.887653971465547,0.8260716211677275,0.8495459219576822,0.920365919353456,0.9168448789020586,0.8846334885871254,0.987047494101394,0.938805377289767,0.995604693001723,0.8758468583934519,0.9718852657603122,0.9932653522228418,0.9242183039680001,0.8842965801118163,0.8783145187735469,0.9637519536374561,0.9735562657766557,0.9275826508466097,0.987445752575698,0.9775881318531835,1.0,0.9690520849171222,0.9581464052252942,0.8225769799565847,0.9334855570343078,0.9898370244505658,0.926625841468773,1.0,0.8500712806819783,0.9773993829738988,0.6925365508649824
0.8288067265902727,0.42496330251690234,0.21470500485548805,0.3181334060214345,0.5475021373795196,0.7937675988268791,0.8084167385222086,0.8607519579398837,0.8747171242379769,0.0,0.7193115262466235,0.5746925230883585,0.7456141402074601,0.7189666205349834,0.734924445827098,0.7139695502840151,0.7120882585771281,0.7096624081086218,0.6692036972910288,0.7375673764809929,0.7102439095953605,0.8359919897360187,0.9196792860095134,0.8544649681950571,0.7085305585107229,0.7553086058960713,0.769303511349846,0.611733416794781,0.6648803270834919,0.7869263920386985,0.7278327045134406,0.7755893727421695,0.9224611868055052,0.9005628814621891,0.8655312610626112,0.8443482912157914,0.7871543266478086,0.8629521082475131,0.8211822851080562,0.8837081067918668,0.9543740088464913,0.9382680147198481,0.7687462827733157,0.8604831832049704,0.9087842440900444,0.8411539882402411,0.8926571414642249,0.7659942064617851,0.7941352534530267,0.7417205268912229,0.8264500952535374,0.7785149059384743,0.7697233802528625,0.7748859096364017,0.6293775615731205,0.7978750869378268,0.7735294225005133
0.585827950083547,0.6616119429060946,0.30471702896005565,0.484335860743399,0.7765355084788259,0.8665447577612487,0.909499394807573,0.850183521442041,0.9113815539257224,0.7193115262466235,0.0,0.8912290597248755,0.9146070756831235,0.9538059718535075,0.9525761372672834,0.900117656429476,0.9745404756824312,0.9154520182173457,0.9884296338697719,0.9925505442038207,0.9459531667587098,0.8909748826053075,0.8499226865171007,0.8218528534901334,0.8932776736924589,0.8783102185627276,0.8339449549339789,0.8750915305379554,0.8427737311060592,0.8815016069564433,0.8363461765260252,0.7721627631236677,0.8607846563254795,0.7578583785741425,0.8141459129231959,0.7995972951890167,0.9764693906788162,0.8930812547986872,0.914226591288834,0.707719844344033,0.746910629886362,0.8353748742392892,0.8320656867506824,0.7956038800738443,0.8779807345201631,0.9039907585807597,0.9531408383570505,0.8482115594078328,1.0,0.7171932274969071,0.8486525251345972,0.9852790477850507,0.9953226447028558,1.0,0.9479934533697477,0.9414146296043838,0.5840998635146143
0.4220755128998506,0.7597143754391994,0.37944265840395247,0.6104080603247969,0.8223227964352909,0.7344302251819389,0.7819747203449703,0.7388117047115129,0.8020137717438722,0.5746925230883585,0.8912290597248755,0.0,0.7757457112859272,0.9553327214453305,0.9531159029155265,0.9530986455543717,0.9216131147006299,0.9393798759888201,0.9064734409526759,0.9224034459022715,0.8622370636611653,0.7142338628183548,0.7324740237195919,0.7125702402555522,0.8586464313056639,0.8228891907575778,0.7787433318973088,0.8835295753349864,0.8441187755850121,0.7762164994111955,0.8256237181071984,0.6794493551520961,0.7409909588921959,0.6483321191478864,0.7083699487141515,0.5958060491445053,0.8621466641614821,0.7309943312980162,0.7406405693376878,0.5995172842719448,0.6094194340509991,0.6721506773269362,0.7696497091082728,0.6620453852836063,0.7814115438131797,0.7614390635639383,0.7931366360955872,0.8373097713057879,0.8496760204136963,0.5879574231883319,0.7121342310096017,0.8637414360487009,0.7932231413215809,0.8864004581177072,0.8867767900516462,0.8547568593451988,0.44456531754664447
0.5833444399745905,0.5923860962651426,0.3068842399827377,0.4762196378687932,0.7696235619994134,0.8742485331112634,0.9082659868070742,0.9071827234456826,0.922113574187637,0.7456141402074601,0.9146070756831235,0.7757457112859272,0.0,0.8777033729193066,0.8743754145032414,0.8916836578842232,0.91549168051703,0.860464749878372,0.8569479345887872,0.9109412210165354,0.8044649386965671,0.8039196681589191,0.8131012745283326,0.8116948948386625,0.7849744103654025,0.9093207327500361,0.8742932703096489,0.8275996995934023,0.8188057183441522,0.8649561705873116,0.8343052389222042,0.7111754360342941,0.7872948454000592,0.7344877098882621,0.8400864860244365,0.7343161941541194,0.8641720051017757,0.8708866647898404,0.8216377290773723,0.7015079576614065,0.7264121357300041,0.8038119988431024,0.7722446233713873,0.738265415612969,0.8610441260286696,0.8737488965184705,0.9417921706992127,0.8650660548081085,0.8557661984590733,0.624545763594061,0.758080537627114,0.9348956038179672,0.9777686614185581,0.9697321712656556,0.7997086059343684,0.8944066359543467,0.525623906947438
0.5759075960985273,0.6616033488075055,0.311694396944487,0.49529299337088334,0.747599943269858,0.8785632771316292,0.8952370385944398,0.9091892843486818,0.8842018131377597,0.7189666205349834,0.9538059718535075,0.9553327214453305,0.8777033729193066,0.0,0.8847123679338119,0.9815784430589639,0.9884283565686512,0.9652297571712967,0.909003037823412,0.9157858676008603,0.9820775539885575,0.8218997053642354,0.8789960543012137,0.841950443243738,0.86152575090966,0.9223311021002929,0.8444222508431419,0.8229603635026367,0.776571354078569,0.8606178434965611,0.8440553241482834,0.7258843461491991,0.8261675064924142,0.7403849366575606,0.8955852876528043,0.7499952821973652,0.9370002500881077,0.8690203593798888,0.8985766120983765,0.7034409076487804,0.7828049096965176,0.7732699988587214,0.8114236368206835,0.7806345709075312,0.846952221096097,0.8748729803974352,0.9742527479007722,0.873238916946946,0.93004118652513,0.7145398397675298,0.8693559061268519,0.9528180725863092,0.885138083586469,0.9786036084326408,0.8947822915975336,0.9115572264075372,0.5739430487775826
0.5543407611415813,0.6821501657732468,0.3151784458396208,0.4971505740854007,0.8041953227156301,0.8640746085399577,0.8979803630230451,0.8494870405996942,0.9632256510762818,0.734924445827098,0.9525761372672834,0.9531159029155265,0.8743754145032414,0.8847123679338119,0.0,1.0,1.0,0.9871580209929033,0.9511373643343428,0.9973103192573032,1.0,0.9115716555849454,0.8957347212688,0.9132648941724627,0.8992992289808562,0.9558229386880106,0.8654718542481027,0.8618100337126342,0.882160286467922,0.8898017372464049,0.8905504373212154,0.8262735837553983,0.8887171032617341,0.883232615483531,0.8865864505505018,0.7405204090214783,0.9298383692456013,0.9025462643770503,0.910983654945006,0.7684297054571179,0.7731905255951029,0.8146164608037664,0.9036823315337041,0.881977781947157,0.9306349924251983,0.9272015725281286,0.9578098063050811,0.9762019773901532,0.9060525782123423,0.7641669754379844,0.8873511462946576,1.0,0.8343191992741755,1.0,0.962679911554487,0.9794042083947887,0.6036017814308258
0.5011433160986657,0.7303872535122442,0.34738749636432126,0.5360892580829604,0.8769190262025807,0.8594847445449544,0.9646945375919248,0.8395970824833412,0.9100113246317286,0.7139695502840151,0.900117656429476,0.9530986455543717,0.8916836578842232,0.9815784430589639,1.0,0.0,1.0,0.9527731179626137,0.9493162907643631,0.9958723379549734,0.99889047027533,0.8161953337712142,0.9633926957474677,0.861974739480884,0.9432344132352946,0.9204384742589365,0.9093426949255314,0.884865508915547,0.8830210843987637,0.9712071914107716,0.9044671253147644,0.8158342811274351,0.8328430979763717,0.8113111288915237,0.9315073809354795,0.7321070541317698,0.9212903034007959,0.9069832603039674,0.9549241482669336,0.7448328602418024,0.7543649713761397,0.8052582351122112,0.9306541523831341,0.8413598165139453,0.9111771698867357,0.9300952694266853,0.9010661804752195,0.911036810571951,0.9487020825000622,0.7243679280307738,0.8722050556390065,1.0,0.9380641662760522,1.0,0.9447338059240212,0.9129883258869419,0.5896609184677728
0.5227430895429847,0.7529761290571938,0.3640412351304708,0.5874458877866101,0.9045427782900027,0.9477163435590849,0.9474281987517461,0.8622580015389718,0.9468909779220849,0.7120882585771281,0.9745404756824312,0.9216131147006299,0.91549168051703,0.9884283565686512,1.0,1.0,0.0,1.0,0.9184839290641383,1.0,1.0,0.8827807523401806,0.9098524394954682,0.95172604511166,0.9438588325440257,1.0,0.9203105927765617,0.9683841577982913,0.9732309540184468,1.0,0.9485284054136383,0.8006298216216202,0.8539332840201336,0.8024693768748581,0.909725177956263,0.7311770651310416,0.9942963024005054,0.9293554506987073,0.9188977515239912,0.757344705251757,0.7433224132191143,0.8889302569895052,0.9037239020501437,0.8041183120683644,0.9247562193045922,0.9542817653811234,0.9191371538374851,0.9369205787670793,0.9471661453574808,0.6650591083832612,0.8894002917750551,1.0,0.9857902466969165,1.0,0.8878123344187568,0.9318833860218437,0.5421759979063365
0.5630148795528793,0.7116039999403687,0.32985805047044275,0.5234163337509026,0.7890715757838487,0.8285188394477965,0.8927089413660825,0.9007084430560112,0.9479401303255611,0.7096624081086218,0.9154520182173457,0.9393798759888201,0.860464749878372,0.9652297571712967,0.9871580209929033,0.9527731179626137,1.0,0.0,0.9175341717738591,0.96660397531437,0.9370398924051501,0.8923952369696199,0.8397355409356672,0.878973490709401,0.8838070830833731,0.9172620264799581,0.80888724327283,0.9022807584558081,0.8800062019944745,0.9318887092660324,0.8828578771168601,0.7583290955708695,0.8502176468893808,0.8218987233801864,0.8810366174972676,0.7161703623081535,0.9387049342668853,0.8793533282990882,0.8991400844102893,0.7166525760868515,0.7156480022080096,0.7656389073934385,0.9056263197247009,0.7803459314678071,0.924993548282234,0.8587192531637363,0.9138582094699434,0.9048186192565549,0.9392570423132567,0.6963918624598407,0.8447469733737365,0.9963178047148731,0.9074274010434197,0.9809462251610951,0.8412535842508638,0.9776626701698161,0.5407507236662279
0.5146544395167444,0.700603817089838,0.34338575775797037,0.5259412974241818,0.7832269596764853,0.8085492428608728,0.8907161997936656,0.8424521245888131,0.8970800914673129,0.6692036972910288,0.9884296338697719,0.9064734409526759,0.8569479345887872,0.909003037823412,0.9511373643343428,0.9493162907643631,0.9184839290641383,0.9175341717738591,0.0,0.9825671835061116,0.9548656078997705,0.8369118412122085,0.8628979399720933,0.8841245388918125,0.9151526699356143,0.9031518426345,0.8080426094751714,0.8748187942305503,0.9116228859139056,0.878059550396879,0.8935237460933424,0.7722432501218753,0.8187487097553485,0.7431946975300053,0.8395481937092942,0.6680167544142401,0.9314999368817367,0.9023715012784598,0.8745974631609916,0.6719512011420988,0.7236776652128626,0.7878983423425885,0.8527527737905358,0.7665189246767509,0.8920828082734311,0.878150541182298,0.9280647721014594,0.910872432232957,0.9284541233153982,0.6557728928749234,0.8042056853247295,0.9290762525742696,0.8928902117315357,0.9443826939960085,0.9293333097230552,0.9265517143109931,0.5296094774279074
0.5600402364392904,0.6872027301067979,0.3312801850850395,0.5032853748110426,0.8063510666948587,0.9053013842887099,0.9317734238767529,0.8824389832488537,0.9936478042169059,0.7375673764809929,0.9925505442038207,0.9224034459022715,0.9109412210165354,0.9157858676008603,0.9973103192573032,0.9958723379549734,1.0,0.96660397531437,0.9825671835061116,0.0,1.0,0.8743378191046773,0.9599827093039355,0.8957449469088439,0.947661764923382,0.9388602224755261,0.9282905650047764,0.9352473191878793,0.955136120196909,0.8830148155396313,0.8682446198124676,0.7832185265210162,0.8865141960316668,0.8061547827058692,0.9174595255437841,0.7516320949059704,0.9579862836193372,0.8894907591340991,0.9395671920937068,0.723923806883395,0.7387737376715925,0.8418819506794356,0.9401265558323684,0.794672294570351,0.9741595062080806,0.9673170310902431,0.9348027209856914,0.9612093577270528,0.9460814129376656,0.6876338205727619,0.8425553160043334,0.9895219791395838,0.9673551886472505,0.9990394115222396,0.9104163812369757,0.9615832298152205,0.5589717107185668
0.5058857199749117,0.7178300948822283,0.3486456858386584,0.5544757913913432,0.8701108929244743,0.7750479844931489,0.9016377366291309,0.8230427837323745,0.9481707652011518,0.7102439095953605,0.9459531667587098,0.8622370636611653,0.8044649386965671,0.9820775539885575,1.0,0.99889047027533,1.0,0.9370398924051501,0.9548656078997705,1.0,0.0,0.8405195537821616,0.9274322529347813,0.9090206052963916,0.9503651832525091,0.9781184042563905,0.8638277801588577,0.917214294406698,0.9582300152938404,0.9373459831796953,0.9036606312197473,0.8691991591258568,0.8913764282798113,0.7668550596443432,0.9211546626460039,0.745766122481276,0.9568211101016,0.855040822688888,0.9102574879330909,0.7244360881240773,0.7658032550537017,0.8292168989221322,0.9145923479546186,0.7723342063302883,0.9572328677573122,0.9344491453102047,0.8807723746501095,0.8981082346199906,0.939686513976277,0.6903662207762318,0.8843932896663663,0.9738818923590656,0.8552267749726029,1.0,0.9793729454814798,0.9122997458641069,0.5436246630648758
0.6672762637090428,0.5366351724647602,0.27006340509991505,0.4233490013670151,0.6655677929048984,0.8790806307743737,0.9492062362974568,0.9296020320206717,0.9549715397293382,0.8359919897360187,0.8909748826053075,0.7142338628183548,0.8039196681589191,0.8218997053642354,0.9115716555849454,0.8161953337712142,0.8827807523401806,0.8923952369696199,0.8369118412122085,0.8743378191046773,0.8405195537821616,0.0,0.9445370929787908,0.9643005671509522,0.8528829815105422,0.9386632308196422,0.8414056366636512,0.7417067909824733,0.8136300404943416,0.8762269840925654,0.8676562471207226,0.8781406206088246,0.9698939616854093,0.9899842823705313,0.9686705788805001,0.8739705022342567,0.9863487678967204,0.9905838392021535,0.9580411423681948,0.8364946677891868,0.9246826165799187,0.876264881309902,0.9192466278437738,0.8840645563534123,0.9732294304767916,0.9040925827275951,1.0,0.9042941018060086,0.8733010436199217,0.7471047030539135,0.9034942289042077,0.8303330904778128,0.8214174221136807,0.948483681340397,0.795261033807064,0.8380147516450902,0.6763758230463907
0.713734606226391,0.5498336685083269,0.2748582028222035,0.42413472826622617,0.7306379996185417,0.8630004630859959,0.9624639414622626,0.9281177692759248,0.9503288529633896,0.9196792860095134,0.8499226865171007,0.7324740237195919,0.8131012745283326,0.8789960543012137,0.8957347212688,0.9633926957474677,0.9098524394954682,0.8397355409356672,0.8628979399720933,0.9599827093039355,0.9274322529347813,0.9445370929787908,0.0,0.9915774001511668,0.9123158151847746,0.9477898453861561,0.9335464989271083,0.7705878269325124,0.8364635767115961,0.9839570365705383,0.8722954296220856,0.9975667857397527,1.0,0.997179689444327,1.0,0.9405591120654864,0.9996286545037687,1.0,0.9484564839761559,0.9173523130253669,0.9239654163403499,0.9934189269183139,0.91039714741715,0.9151561170303604,1.0,0.9591863333108961,1.0,0.9275401273902387,0.9932595234593438,0.8718978385814647,0.9545526678949473,0.9095873431113755,0.885837152075228,0.994800777680851,0.814092552589609,0.9169868046029725,0.7639318201988055
0.6210126483593511,0.5550839903732706,0.2824511817687846,0.4506046014567431,0.731719094107949,0.8322568144953639,0.8999695793635338,0.9004334896061071,0.9779865873061176,0.8544649681950571,0.8218528534901334,0.7125702402555522,0.8116948948386625,0.841950443243738,0.9132648941724627,0.861974739480884,0.95172604511166,0.878973490709401,0.8841245388918125,0.8957449469088439,0.9090206052963916,0.9643005671509522,0.9915774001511668,0.0,0.9199131296414751,0.9078851331427007,0.9163574225682153,0.8098408206176766,0.7884011941948582,0.9271155772400894,0.8822933570403005,0.91376621698132,0.9727303174647687,0.9420652868907368,1.0,0.8084058582791604,1.0,0.9726486990700347,0.9776896184857529,0.8744824547216156,0.8664209371754906,0.9570200540138333,0.9582200822262505,0.8708447545510061,1.0,0.9387235904832424,0.9529862345118858,0.9215931971444734,0.8855729797356625,0.7731205402549025,0.8772390568898839,0.9108424259611521,0.8467059760131653,0.9119283622895175,0.7700157867866038,0.8679675727623111,0.6653328791600197
0.4604134108536389,0.733416883745032,0.3673308123156618,0.575679623446856,0.9134558089787621,0.78000953166914,0.8452462594080723,0.7599973381186015,0.8764291709656484,0.7085305585107229,0.8932776736924589,0.8586464313056639,0.7849744103654025,0.86152575090966,0.8992992289808562,0.9432344132352946,0.9438588325440257,0.8838070830833731,0.9151526699356143,0.947661764923382,0.9503651832525091,0.8528829815105422,0.9123158151847746,0.9199131296414751,0.0,1.0,0.9598118968628805,0.9436879203210268,0.9265687652625143,0.9266996754757523,0.9296963235014196,0.8615333960406855,0.8213227911245305,0.7948443280379762,0.9236649689999881,0.6737914071535024,0.9375260650021177,0.8901367700403925,0.8872939839159719,0.6992990100428211,0.7004100093879964,0.7865464379179297,0.8960670638522638,0.7388568130719377,0.9405587659003386,0.8902870444280284,0.8869163958587789,0.9012264400875045,0.8351740427495479,0.609942061240473,0.8733983341640608,0.9056866791840864,0.8246077289614487,0.9391617549635247,0.8206504085728636,0.8406723869139017,0.5185150384387137
0.5069910922356324,0.68716172436369,0.35211555056922583,0.5486725285620551,0.8287944252897058,0.8595601678146929,0.9164699124671828,0.8245839788369156,0.921118865789439,0.7553086058960713,0.8783102185627276,0.8228891907575778,0.9093207327500361,0.9223311021002929,0.9558229386880106,0.9204384742589365,1.0,0.9172620264799581,0.9031518426345,0.9388602224755261,0.9781184042563905,0.9386632308196422,0.9477898453861561,0.9078851331427007,1.0,0.0,0.9652172403012065,0.9296400634507453,1.0,0.9788234528813315,0.9419644746846092,0.8648225901310981,0.8994616390618191,0.8650033127495748,0.9296551760608633,0.7285940267640373,0.9959917545893036,0.970161762073647,0.9092071382521271,0.7047562480931628,0.7017737215120794,0.8288628927769898,0.9303749874399775,0.7890956850962075,0.9150015792073676,0.8994457232368197,0.8976559311528636,0.9196287526921499,0.8749720299158686,0.6641493758016829,0.8266327545445251,0.9284865351870394,0.8641976462509479,0.9344633300961038,0.859202939151108,0.920206914038042,0.550377159454013
0.49099361184500867,0.6522913880176776,0.3347130384057786,0.5309007112422724,0.8160339343224878,0.8422000259891927,0.8987437540656051,0.847485380412534,0.887653971465547,0.769303511349846,0.8339449549339789,0.7787433318973088,0.8742932703096489,0.8444222508431419,0.8654718542481027,0.9093426949255314,0.9203105927765617,0.80888724327283,0.8080426094751714,0.9282905650047764,0.8638277801588577,0.8414056366636512,0.9335464989271083,0.9163574225682153,0.9598118968628805,0.9652172403012065,0.0,0.9082600986239473,0.9045058420976416,0.89853075659287,0.8777100691625983,0.8795800641891232,0.829489966252073,0.8485304228906999,0.9688264135505275,0.7412391567862594,0.9102427493424742,0.8863763751649607,0.9088677318675726,0.7101555868524415,0.7486321731047996,0.8713451391791072,0.8721250800748167,0.7740120998712545,0.9320020986169345,0.8685413740579206,0.8833582972881125,0.8101374819981091,0.851488378027751,0.6108827339102171,0.8334334396701287,0.9465593521382226,0.8384918004225526,0.9255914761868741,0.7556415741353772,0.8517482929460328,0.5391877164305601
0.37864537658133957,0.8665735411710471,0.4424851912567677,0.7121257131143236,1.0,0.7668386865145375,0.8174556113779207,0.7259745215242552,0.8260716211677275,0.611733416794781,0.8750915305379554,0.8835295753349864,0.8275996995934023,0.8229603635026367,0.8618100337126342,0.884865508915547,0.9683841577982913,0.9022807584558081,0.8748187942305503,0.9352473191878793,0.917214294406698,0.7417067909824733,0.7705878269325124,0.8098408206176766,0.9436879203210268,0.9296400634507453,0.9082600986239473,0.0,0.914072660736659,0.8817022116466676,0.8683594640944463,0.7482822581555365,0.7207002614371584,0.6316527578749845,0.757913218555922,0.6124632971082635,0.8885398222512833,0.7284423725191393,0.7578627177518618,0.5903700459671368,0.572348396625884,0.6848304492765133,0.84107345687581,0.6355241970233468,0.8246469323293495,0.8058811522885355,0.7942853784188444,0.8007009919623135,0.7468587118983591,0.5397158256105787,0.7079303182832525,0.8829772198600704,0.8295212882438079,0.9310910250098837,0.8009899867376848,0.8392793616325412,0.40555082890092875
0.41283905816132677,0.7990841616564479,0.4080464996205431,0.6663054702099743,0.9903542645414246,0.7796965436933029,0.7899399832635653,0.7354783781568337,0.8495459219576822,0.6648803270834919,0.8427737311060592,0.8441187755850121,0.8188057183441522,0.776571354078569,0.882160286467922,0.8830210843987637,0.9732309540184468,0.8800062019944745,0.9116228859139056,0.955136120196909,0.9582300152938404,0.8136300404943416,0.8364635767115961,0.7884011941948582,0.9265687652625143,1.0,0.9045058420976416,0.914072660736659,0.0,0.9019155430519774,0.9804521912971071,0.8056573602360051,0.7942059256794565,0.7061411315187515,0.8863417223510605,0.642340604171893,0.9355292111424461,0.8130409091840612,0.8475561248460565,0.651248500042226,0.6365105377277996,0.7766745566207764,0.8233928352043152,0.6868581969462079,0.837988044467491,0.8184498072610831,0.8338400387757297,0.8347840338573643,0.8486343707123951,0.5575475981295535,0.7476343858396007,0.8368855056532212,0.8519406473480323,0.8870304692628997,0.8118746243582964,0.8321263776316382,0.44913631839227275
0.5317814289990028,0.6408134745291507,0.33258597239435816,0.5450531931013918,0.8496054987821439,0.807502475856937,0.9089821087891614,0.862594002161577,0.920365919353456,0.7869263920386985,0.8815016069564433,0.7762164994111955,0.8649561705873116,0.8606178434965611,0.8898017372464049,0.9712071914107716,1.0,0.9318887092660324,0.878059550396879,0.8830148155396313,0.9373459831796953,0.8762269840925654,0.9839570365705383,0.9271155772400894,0.9266996754757523,0.9788234528813315,0.89853075659287,0.8817022116466676,0.9019155430519774,0.0,0.9567720406591018,0.9448491632313208,0.927915233294843,0.8686827194706621,0.983304038198238,0.813492829904296,0.9895225114865782,0.9104908640961978,0.9600923097932186,0.7391628887677892,0.803356256109874,0.8421548468062716,0.9230904313487502,0.7557710140599352,0.9191674605765915,0.8739651702843307,0.950180456223521,0.8543109624933724,0.8558186824570102,0.6772288465032642,0.8265272689610383,0.9066130533741084,0.8512386352709029,0.9262717543460975,0.8124236030549474,0.8925966854146592,0.573748007914825
0.49534589388331324,0.6626356386255939,0.3568309905882513,0.5505662451862978,0.8755400140774539,0.7947091887760149,0.9023516998556236,0.8616040583764764,0.9168448789020586,0.7278327045134406,0.8363461765260252,0.8256237181071984,0.8343052389222042,0.8440553241482834,0.8905504373212154,0.9044671253147644,0.9485284054136383,0.8828578771168601,0.8935237460933424,0.8682446198124676,0.9036606312197473,0.8676562471207226,0.8722954296220856,0.8822933570403005,0.9296963235014196,0.9419644746846092,0.8777100691625983,0.8683594640944463,0.9804521912971071,0.9567720406591018,0.0,0.8625845487275103,0.87189320023107,0.8148740837091097,0.9479265374642218,0.72915083219263,1.0,0.8737405447241942,0.8969486541747563,0.7149251860545436,0.742733939658929,0.8746577195606297,0.9339728092843887,0.7272707622762627,0.8566152230503631,0.9075975416361652,0.8855915814068048,0.841737889809462,0.8258294202371286,0.6427497830664038,0.7994363495326049,0.8421359103656861,0.8621039290269529,0.9409169793928694,0.7635639537435145,0.8585453614864523,0.5329741726058059
0.5281906943035769,0.5367666828551969,0.2876900475867274,0.45686624414159666,0.7275157894600016,0.7410144700410749,0.7934726769066884,0.7824198407361138,0.8846334885871254,0.7755893727421695,0.7721627631236677,0.6794493551520961,0.7111754360342941,0.7258843461491991,0.8262735837553983,0.8158342811274351,0.8006298216216202,0.7583290955708695,0.7722432501218753,0.7832185265210162,0.8691991591258568,0.8781406206088246,0.9975667857397527,0.91376621698132,0.8615333960406855,0.8648225901310981,0.8795800641891232,0.7482822581555365,0.8056573602360051,0.9448491632313208,0.8625845487275103,0.0,0.9400482344649302,0.9029790654946359,0.9943026870471056,0.7894082928783552,0.9126404314809863,0.8994123893065854,0.9151759014862293,0.8165718988777474,0.8151585126235649,0.888537712231186,0.924267268077683,0.8239767014242128,1.0,0.8911516157239611,0.8419609307034825,0.8373568988514658,0.8311478577945544,0.72430457989107,0.8044363026702802,0.7937496116236545,0.7376786395504229,0.8107478425997674,0.751301348255195,0.770022743734291,0.6259657156832915
0.7068119097243133,0.5291026420604527,0.2677372529240477,0.4234227361376788,0.6967274741444963,0.8524890795340231,0.9512628676108409,0.9031302639367859,0.987047494101394,0.9224611868055052,0.8607846563254795,0.7409909588921959,0.7872948454000592,0.8261675064924142,0.8887171032617341,0.8328430979763717,0.8539332840201336,0.8502176468893808,0.8187487097553485,0.8865141960316668,0.8913764282798113,0.9698939616854093,1.0,0.9727303174647687,0.8213227911245305,0.8994616390618191,0.829489966252073,0.7207002614371584,0.7942059256794565,0.927915233294843,0.87189320023107,0.9400482344649302,0.0,1.0,0.9512150383835938,0.8920370630454821,1.0,1.0,0.9578331221236773,0.9480106071117698,0.9101475431270638,0.9528381024611534,0.960284846352207,0.9611472459790487,1.0,0.9604363402612576,1.0,0.9111655679281041,0.9353910244129269,0.8054361127369898,0.9771803131179614,0.8935302615877804,0.8443670888951859,0.9353166004386285,0.761436907200486,0.8650979122609727,0.7249580020382712
0.7949703639914613,0.4501884055853908,0.23842019500680497,0.35523970913970093,0.5934727348530187,0.8328292880375343,0.9079156850491049,0.869465173136026,0.938805377289767,0.9005628814621891,0.7578583785741425,0.6483321191478864,0.7344877098882621,0.7403849366575606,0.883232615483531,0.8113111288915237,0.8024693768748581,0.8218987233801864,0.7431946975300053,0.8061547827058692,0.7668550596443432,0.9899842823705313,0.997179689444327,0.9420652868907368,0.7948443280379762,0.8650033127495748,0.8485304228906999,0.6316527578749845,0.7061411315187515,0.8686827194706621,0.8148740837091097,0.9029790654946359,1.0,0.0,1.0,0.9805466101921515,0.902150161182012,0.9781275461617677,0.8989315846821181,0.9289397353998848,0.9710675709169795,0.9594891393212267,0.8888029121608714,0.9141548339233455,1.0,1.0,0.9204310487537252,0.8948365340319794,0.8944477950584396,0.8064423689640661,0.8851687724100739,0.8004306378637016,0.8156208672730162,0.982556891606859,0.6943948437068458,0.8113175110847578,0.8283310659042127
0.6495087435850292,0.5433711323810629,0.28343103846428996,0.4364462227067613,0.7639608435949874,0.8583085106695267,0.9662657166393295,0.9136029812430069,0.995604693001723,0.8655312610626112,0.8141459129231959,0.7083699487141515,0.8400864860244365,0.8955852876528043,0.8865864505505018,0.9315073809354795,0.909725177956263,0.8810366174972676,0.8395481937092942,0.9174595255437841,0.9211546626460039,0.9686705788805001,1.0,1.0,0.9236649689999881,0.9296551760608633,0.9688264135505275,0.757913218555922,0.8863417223510605,0.983304038198238,0.9479265374642218,0.9943026870471056,0.9512150383835938,1.0,0.0,0.980720533364028,1.0,1.0,1.0,0.8977364271153632,0.9422421384419304,0.9801553968352149,0.9611531669914385,0.9489731888911068,1.0,0.986787381848393,0.9694542848661865,0.9562416892498937,0.8918180961282488,0.8482405675245142,0.9409042578710277,0.8924555029092613,0.8055927473242109,0.9336298826763273,0.8276210402178109,0.876673705201002,0.7255802814441497
0.8279212635236622,0.40294903574136043,0.21445807454463575,0.3267814260670752,0.5358857399320566,0.8315637090645661,0.8753404501574934,0.8323670842223726,0.8758468583934519,0.8443482912157914,0.7995972951890167,0.5958060491445053,0.7343161941541194,0.7499952821973652,0.7405204090214783,0.7321070541317698,0.7311770651310416,0.7161703623081535,0.6680167544142401,0.7516320949059704,0.745766122481276,0.8739705022342567,0.9405591120654864,0.8084058582791604,0.6737914071535024,0.7285940267640373,0.7412391567862594,0.6124632971082635,0.642340604171893,0.813492829904296,0.72915083219263,0.7894082928783552,0.8920370630454821,0.9805466101921515,0.980720533364028,0.0,0.8954424757136094,0.945226597468435,0.8411357313820462,0.9118965054991791,0.9228388059140386,0.9507738736004718,0.8026178607249452,0.8378456744276898,0.8716778613375367,0.8502001471010557,0.8767126684594011,0.818813266475353,0.8615564619537387,0.8248061747147245,0.8045477097759308,0.8453798795812782,0.7893068451941312,0.8812032844128256,0.6724194845344944,0.8367913512916219,0.8130888216908679
0.600876206178267,0.6346993826430429,0.3193407271751123,0.5119347349357293,0.8128034322371398,0.8944174169099304,0.9592432390672254,0.906541255248166,0.9718852657603122,0.7871543266478086,0.9764693906788162,0.8621466641614821,0.8641720051017757,0.9370002500881077,0.9298383692456013,0.9212903034007959,0.9942963024005054,0.9387049342668853,0.9314999368817367,0.9579862836193372,0.9568211101016,0.9863487678967204,0.9996286545037687,1.0,0.9375260650021177,0.9959917545893036,0.9102427493424742,0.8885398222512833,0.9355292111424461,0.9895225114865782,1.0,0.9126404314809863,1.0,0.902150161182012,1.0,0.8954424757136094,0.0,0.9563429622966373,1.0,0.8300817443884961,0.8737794368598898,0.9366567442474352,0.9234860717420743,0.8266803765642182,1.0,0.9800378167656825,1.0,0.9306917902029143,0.9207305349628101,0.7517728597891952,0.905238247494896,0.9621426573194027,0.9119182039524031,0.9934397201825251,0.8268527370353711,0.8933617789887175,0.6466721370117353
