Cingulate area 2,Glomerular layer of the accessory olfactory bulb,Glomerular layer of the olfactory bulb,"Olfactory bulb, unspecified",Frontal association cortex,Cornu ammonis 3,Dentate gyrus,Cornu ammonis 2,Cornu ammonis 1,Fasciola cinereum,Subiculum,Postrhinal cortex,Presubiculum,Parasubiculum,Perirhinal area 35,Perirhinal area 36,Medial entorhinal cortex,Lateral entorhinal cortex,Primary auditory area,"Secondary auditory area, dorsal part","Secondary auditory area, ventral part","Piriform cortex, layer 1","Piriform cortex, layer 2","Piriform cortex, layer 3",Ventrolateral orbital area,Lateral orbital area,Ventral orbital area,Medial orbital area,Dorsolateral orbital area,Prelimbic area,Secondary motor area,Frontal association area 3,Primary motor area,"Agranular insular cortex, ventral area",Agranular insular cortex dorsal area,Cingulate area 1,Infralimbic area,Dysgranular insular cortex,Granular insular cortex,"Primary somatosensory area, forelimb representation","Primary somatosensory area, dysgranular zone","Primary somatosensory area, face representation",Secondary somatosensory area,"Primary somatosensory area, hindlimb representation","Agranular insular cortex, posterior area","Primary somatosensory area, barrel field",Retrosplenial dysgranular area,"Primary somatosensory area, trunk representation",Retrosplenial granular area,"Parietal association cortex, lateral area","Parietal association cortex, medial area","Parietal association cortex, posterior area",Primary visual area,"Secondary visual area, lateral part",Temporal association cortex,"Secondary visual area, medial part",Nucleus of the lateral olfactory tract
0.0,0.4987868866985548,0.22242742109864852,0.3728214493191332,0.5111539596854804,0.9445787499309201,0.9166345998119622,0.9008147660166318,0.946836865509594,0.5763116187960449,0.9210453304114182,0.7615355006843536,0.8315572217335618,0.841318210064816,0.682466534043033,0.6339993506458348,0.7547065493498673,0.6918050102754076,0.7026048473829661,0.6658265419482317,0.644764425227181,0.8556747457490284,0.8057396173015835,0.9421943783011482,0.760030498795489,0.7220984011901866,0.8142055644254337,0.6111968838975681,0.6387821574989192,0.7118287630672888,0.7486506766550495,0.6224261729215133,0.9461232326918257,0.784695184125649,0.6919844194728707,1.0,0.6873743401270648,0.8004315646637998,0.8688036182480391,0.9186374535158913,0.9849851177109257,0.8878523598654298,0.8281361910333445,0.9394352511927917,0.7972873764079194,0.8880877615389926,0.9376652106626485,0.9087171888365919,0.7891505964261979,0.7516544653416105,0.8861335555574601,0.659878566599192,0.8987485767581125,0.7693730060318682,0.6261047590780525,0.8771515993241851,0.6909355208554974
0.4987868866985548,0.0,0.4748235242534418,0.7731229218838518,0.8572868425283487,0.40403047032044864,0.3851571030000601,0.5546435222791961,0.4652059050783734,0.23359868665881228,0.4390481478529706,0.5473991933145549,0.4997259967563475,0.56635436802802,0.7340343858884715,0.6694948197515025,0.4992224470420183,0.6886190540993276,0.7526824779808743,0.6566008738169193,0.7487261339419105,0.6245242650695823,0.5685123966104688,0.5634282922103648,0.811198070276143,0.8444407624725205,0.7327159702816138,0.9071869545096538,0.946639144289229,0.7786536066599413,0.754957330774989,0.8468839925230239,0.6201056679586587,0.7671245368935462,0.8366458986514144,0.5672498086177579,0.861791682700287,0.8195693942115339,0.7121788785306739,0.5980075725786669,0.5662270035139042,0.7198612059693948,0.6748085516695473,0.3844888274059179,0.7164740061937864,0.6048060177533691,0.39562446543020324,0.5432736110337161,0.3154256134059049,0.2592796131245355,0.4375438754561194,0.7933300055250774,0.45877124553011517,0.6248236976861988,0.7563885222240663,0.42065592211977615,0.2465960165867847
0.22242742109864852,0.4748235242534418,0.0,0.8073975953410101,0.5358495215566013,0.19590238071767765,0.1985851180573384,0.2555154690922371,0.22787337339893768,0.12025807006832424,0.21870554134126102,0.2606397227532523,0.2492484912011356,0.27402678418050935,0.3152548418339694,0.3092728981123992,0.2709598698349877,0.3161912407956708,0.31308056816461816,0.3003494091739602,0.32012816428048,0.2640775302871001,0.24753055477340583,0.2430825086658338,0.3452869928863245,0.3599754438533803,0.3136672540789932,0.4133510756705661,0.38036328565509187,0.4029482239759508,0.35553016480963956,0.3955386907338219,0.2772065507221797,0.30757397144350174,0.37088952282750154,0.24485157038355365,0.36056902975288074,0.33347453419353995,0.3130839509016243,0.24701299611553348,0.24390080225728897,0.31909514246857207,0.31799117355252915,0.18924945958960387,0.312544817461533,0.27191729431063216,0.19988056442472873,0.24322257909684789,0.170086048665112,0.13885406214146262,0.21730644872351607,0.3298853872261281,0.22123619314135246,0.3052783846105391,0.36372659674788804,0.21363868503621095,0.1292715337278366
0.3728214493191332,0.7731229218838518,0.8073975953410101,0.0,0.8524608350146125,0.31278435758102785,0.3170984864450476,0.42921241027157025,0.3656593073977925,0.17022184369831728,0.3488465598600438,0.41636930681788736,0.38982355871753677,0.4384338293572197,0.48874908478229234,0.48618208432091276,0.42170944909899843,0.5333270046671186,0.49657760466418566,0.4620602686172567,0.5069637408552495,0.4477399507267813,0.3939092785147702,0.4102468026037415,0.598581398319522,0.6329914380731645,0.5246760367838702,0.6833788727238619,0.6601357485285608,0.6604321005165837,0.6384307705839195,0.6746825810267859,0.48196285789588394,0.5177210116438644,0.6477744056653424,0.41560889710291654,0.6187445826358643,0.5877872120448512,0.5786415130141137,0.4270775316828171,0.40580962670568177,0.5659402393251481,0.5330844727658742,0.3078843237781412,0.5312102842923008,0.46869893285482095,0.314636789099261,0.3948808977776571,0.2538847282513043,0.20374944395653788,0.33691236245536593,0.5241428875594953,0.35405081063695376,0.4831260872695827,0.5756333744914958,0.3437071891080532,0.1921558226540456
0.5111539596854804,0.8572868425283487,0.5358495215566013,0.8524608350146125,0.0,0.43376708603332703,0.4271583060436388,0.5788360588384069,0.5276534668601569,0.24145202318995607,0.5144237988307837,0.5933032208249716,0.5821585882765744,0.6233677514449641,0.7408511682008668,0.6768282151144707,0.5989023220879576,0.7834248214477485,0.7291380223733791,0.6536329596520247,0.6877101640433088,0.6210517901419985,0.5606483220417718,0.5692609960964062,0.8351253541902481,0.8222288220268295,0.7679836386622266,0.8787202026174168,0.7993635440030517,0.8831232087005678,0.7553731485232348,0.8104064515898258,0.6496460487112543,0.7081611309326293,0.8167183489294619,0.5388565132410512,0.84194315785188,0.7845062001224298,0.7472898164624514,0.5830914820429642,0.5723288033727407,0.7330361261157351,0.7407197877598924,0.40451382488728205,0.705311899475497,0.5978189113382921,0.42706868631060374,0.5669518155122941,0.3466051651422961,0.2778780605822396,0.5022370415413545,0.747868667124677,0.5023933681546662,0.7186672452167066,0.8153055514001577,0.46844699482036695,0.2477191240632765
0.9445787499309201,0.40403047032044864,0.19590238071767765,0.31278435758102785,0.43376708603332703,0.0,1.0,0.9659655812172353,0.96796255387162,0.7679894645261643,0.9521658097243778,0.796384384789123,0.8161585107925555,0.7936600093503878,0.6074202949492012,0.5599936025952749,0.7775247824391477,0.6881145083474988,0.6331957045406135,0.630362943847965,0.5839558288774885,0.7497381378313337,0.7393142777320405,0.8599467378723497,0.6375451903464598,0.5808049185237467,0.67230307331345,0.4954869423475246,0.5156545395135773,0.6364960692077154,0.6481536462589744,0.5228557859353351,0.826201893601971,0.6347762653220755,0.5888686139578448,0.934021619982337,0.5790244071596617,0.7046382339195599,0.7745917295673227,0.8178594446291564,0.9057668658951817,0.7470180661187648,0.7340066581494418,0.8907945826916036,0.6917069102731653,0.8105634408378315,0.9910245500370022,0.8419441435466953,0.911303390192204,0.8773319434458271,0.9614607794643238,0.5590374352443501,0.9700627101293624,0.7205923120744626,0.5507106022432514,0.9139841057554666,0.845511117254593
0.9166345998119622,0.3851571030000601,0.1985851180573384,0.3170984864450476,0.4271583060436388,1.0,0.0,0.8450399806181778,0.9301714556095713,0.7231649487080929,0.9904381292292351,0.7463031187325755,0.8710949136272934,0.8428419027436206,0.6240676157045902,0.5627427060261662,0.8420577940772912,0.6541006641717193,0.6061868974915178,0.5881489525494484,0.5589652159135652,0.7665365069110738,0.6517477629383713,0.788717564481891,0.604347062909003,0.5512489393509293,0.6449311859331333,0.49920439764885577,0.48505306942667165,0.614297930815914,0.6244176382196429,0.5081225733358011,0.7752705167937106,0.5764976667716635,0.5403203639867844,0.8078549180817797,0.546020031131047,0.6614332994326902,0.7850882760390948,0.7400807359247007,0.8244994723440965,0.7063271258612139,0.6957418570467957,0.8575199680952513,0.6821986508060466,0.7503761141320382,1.0,0.8507762929847837,0.9013638750692159,0.8727301313814135,0.9397463920106763,0.5462949476799612,0.9733391736852448,0.7422400487371115,0.5501496461295403,1.0,0.7581431261191445
0.9008147660166318,0.5546435222791961,0.2555154690922371,0.42921241027157025,0.5788360588384069,0.9659655812172353,0.8450399806181778,0.0,0.8896602110795022,0.5492386029497666,0.9954339750832742,0.9012081789735983,0.9048715128929397,0.9816551517004896,0.8176235232783602,0.7323487076415217,0.8909598497716136,0.8478787504678545,0.8317938264741183,0.7810719098057085,0.7645685717846271,0.9333387304854502,0.8284307876232402,0.9120001245568407,0.8454975334622511,0.8331523811305915,0.834739909111999,0.6732423081794155,0.6988111601829191,0.8043842641048393,0.7990075855923982,0.6933207540141068,0.9323640235773877,0.8224765919675809,0.7710637037088932,0.9916233233473872,0.786817660509839,0.9458268902045018,0.9997563724290568,0.9330442669869461,0.962835341486203,0.8598576454674886,0.8533347579083708,0.786646282357773,0.8941925241652111,0.936311136528807,0.9349510248190513,0.9614556069082294,0.744479175795869,0.6583542514410127,0.942344132844307,0.79092986250855,0.8894141498273194,0.9009921134382615,0.7438307944395878,0.8712033414381436,0.5658152394927786
0.946836865509594,0.4652059050783734,0.22787337339893768,0.3656593073977925,0.5276534668601569,0.96796255387162,0.9301714556095713,0.8896602110795022,0.0,0.6448788421864992,0.9938891344084451,0.9012597788196383,0.8503094262752324,0.877681430765172,0.6889730612335704,0.6501998415752593,0.8364997627800104,0.7842539538875902,0.714408374592047,0.6964437012945965,0.6850772180233783,0.8695184803051792,0.778983776324141,0.8789866716698382,0.7349816493268191,0.6367809494408249,0.7436340025023144,0.5772002265382088,0.5799858550867448,0.7451953337567548,0.7049769199895459,0.6211974098453783,0.8633280769308134,0.7118607038454892,0.6490644775802493,0.8874119243769212,0.6320322910045565,0.7548041847763441,0.8650690061730716,0.8042566510764231,0.9377497812286938,0.8255086169668702,0.8030357237744528,0.8145025807251391,0.7912265383074696,0.8379939973538126,0.9190446487282694,0.9603601186805273,0.8263677389085,0.7645793910207845,0.9615282247769429,0.6604437237680691,0.9860808976656548,0.8839660196042273,0.6491381681109015,0.8902280495919367,0.6450976022259561
0.5763116187960449,0.23359868665881228,0.12025807006832424,0.17022184369831728,0.24145202318995607,0.7679894645261643,0.7231649487080929,0.5492386029497666,0.6448788421864992,0.0,0.7324549218455371,0.5273071274476425,0.6035749525543302,0.5752957925057945,0.39706272700539635,0.37584026695560024,0.524793696396981,0.4142867072877061,0.3909039336453206,0.3900222391304676,0.37717437016301814,0.47960883254957176,0.47145937922994935,0.5393761257802289,0.365672195350477,0.3231944451471214,0.37852117194912416,0.2807487632204794,0.28923580552540734,0.3297588098745338,0.34047833595709875,0.29611035230034405,0.4695374189634455,0.3562632398456063,0.3221922727729316,0.5443315402365143,0.32603848159481125,0.3779884135701245,0.41822195605832274,0.48457406280118154,0.5509279402370396,0.38874437004122114,0.38887793382372937,0.6632713107149112,0.4148066118863177,0.46047539751481237,0.8184785085409877,0.608041273509487,0.8052877738154142,0.8547778951097831,0.7162279445614834,0.33750956700259277,0.697400362710845,0.4556976945642077,0.32988338892546853,0.7252396373474547,0.758726262642469
0.9210453304114182,0.4390481478529706,0.21870554134126102,0.3488465598600438,0.5144237988307837,0.9521658097243778,0.9904381292292351,0.9954339750832742,0.9938891344084451,0.7324549218455371,0.0,0.9429390264816996,0.9417588743702878,1.0,0.7782358447871617,0.6980952714436731,0.9583761862161536,0.8271061275049847,0.7556266634601864,0.7499299677912054,0.6787127392417085,0.8496010804843916,0.78910451281368,0.9105370893019119,0.6837623541374236,0.6403742190897788,0.7138042485634034,0.5570588996831541,0.5717407953635372,0.6987032225986727,0.6911527093309728,0.5771211395329201,0.8903157501495479,0.7011197450520982,0.6348101533937837,0.8867058796247412,0.6414931315420765,0.7550303992724028,0.8126435721143284,0.8187263600296874,0.8765524910734924,0.7839039287910011,0.8104301990619771,0.8285419151820919,0.8243686300541218,0.8672278312985747,1.0,0.9240500005542993,0.9806207782274088,0.8574462170813999,0.9949090977404637,0.666999843115643,1.0,0.8845353811596998,0.6699041333299539,0.9909722435931655,0.6873537252853934
0.7615355006843536,0.5473991933145549,0.2606397227532523,0.41636930681788736,0.5933032208249716,0.796384384789123,0.7463031187325755,0.9012081789735983,0.9012597788196383,0.5273071274476425,0.9429390264816996,0.0,0.9404875660662219,0.9580545887513527,0.9116483245565203,0.7887158011501542,0.9355653329930138,0.8775873172714904,0.8063750267514391,0.7939339128046989,0.8243617459729384,0.8266266458221599,0.7978551189483292,0.8234777188353262,0.8633929189928878,0.716165333838489,0.8129928830596777,0.7050016908255519,0.6522685663417374,0.8025944650699047,0.7289550009912219,0.7221071738582475,0.8233822730042986,0.7438735546318394,0.747140257583995,0.8127176193726057,0.7800502224228303,0.7718048090599076,0.8349353559618764,0.7461271169401165,0.8681443361934786,0.8286191139844701,0.8507544098305873,0.6818303023017315,0.8881649295566943,0.8663603784640015,0.8119965547110132,0.9758060529675932,0.6753688914461252,0.5857444995931451,0.9748096969846546,0.7982676952389565,0.9206407405583239,0.9329619684936054,0.834323198335132,0.9127581497948442,0.48472346785911663
0.8315572217335618,0.4997259967563475,0.2492484912011356,0.38982355871753677,0.5821585882765744,0.8161585107925555,0.8710949136272934,0.9048715128929397,0.8503094262752324,0.6035749525543302,0.9417588743702878,0.9404875660662219,0.0,0.9751858498107228,0.7884746323613113,0.6834793994675984,0.9229640348256857,0.8766133700604954,0.8044785084062226,0.7368806283001071,0.7178972094891208,0.8421343120092564,0.7710353278338318,0.8321347598838958,0.7438818931691616,0.6821480055281831,0.766137033353142,0.6577976031923997,0.6268247420207895,0.7935675141936948,0.7304343140650235,0.6537824168695703,0.8118839003046879,0.7313395045115025,0.6963250427792843,0.8271056641703596,0.7044509070229346,0.7675680904732677,0.8752425250487759,0.7654295663131385,0.8092653246005436,0.8076375106442295,0.8319131109212252,0.7280963945544854,0.8564808155758391,0.8195451043854891,0.8786028136161418,0.9715645509690389,0.7532431138312355,0.6520056331293801,0.9888806819290108,0.6957064470108988,0.9958981757185495,0.9407936233000469,0.7069201439911549,0.9636846550551519,0.5271746472385745
0.841318210064816,0.56635436802802,0.27402678418050935,0.4384338293572197,0.6233677514449641,0.7936600093503878,0.8428419027436206,0.9816551517004896,0.877681430765172,0.5752957925057945,1.0,0.9580545887513527,0.9751858498107228,0.0,0.9116341962580571,0.7760456046988807,0.9711745755317118,0.9269698054514615,0.8847791549586115,0.8363426465253877,0.853869493775583,0.9670185902155408,0.8476561149592606,0.9264510674357669,0.8213802640628562,0.749874264222451,0.8428850499839721,0.7187244272201263,0.7222825207409319,0.8644995895499564,0.7841941568051194,0.7212040556017831,0.8805420725866102,0.7926961476376109,0.7718514346823676,0.9549528467143353,0.8089080638223956,0.8851006966198715,0.9361704438995783,0.8056906175098912,0.8720633581325931,0.8459923369706194,0.8747028925955239,0.7465855286721651,0.8720087958620717,0.9005324234218532,0.8633779459915307,0.988442348841995,0.7573208060929133,0.5999158900391374,0.9803337596505087,0.806303131141178,0.9953903475571003,0.9917977454602737,0.8605765090643721,0.8950092875288856,0.5045600821259062
0.682466534043033,0.7340343858884715,0.3152548418339694,0.48874908478229234,0.7408511682008668,0.6074202949492012,0.6240676157045902,0.8176235232783602,0.6889730612335704,0.39706272700539635,0.7782358447871617,0.9116483245565203,0.7884746323613113,0.9116341962580571,0.0,0.9925155772523225,0.8405605421576454,0.9868783978334306,1.0,0.9554386339144887,0.9585357294929816,0.8835779087499138,0.8908962615156324,0.8544985920887704,0.9002096407235772,0.8349358989902447,0.9417785668079482,0.8530577496435254,0.7879067392835564,0.8715718923858427,0.73551927866876,0.7810892696173802,0.7324014831850569,0.8432435356149681,0.8535747995493592,0.7375263150674076,0.8951351386572054,0.80433762727042,0.8573435986420991,0.6907558473866299,0.732543686805032,0.8082688441229329,0.8926526344003926,0.5481913465332,0.92684534258913,0.8634423668819277,0.627782257060647,0.9100904946194328,0.5264347884059687,0.43430102621208394,0.7332727414780164,1.0,0.7203776734038715,0.8720946969608954,0.9749448194697952,0.66982818040762,0.36646022910285847
0.6339993506458348,0.6694948197515025,0.3092728981123992,0.48618208432091276,0.6768282151144707,0.5599936025952749,0.5627427060261662,0.7323487076415217,0.6501998415752593,0.37584026695560024,0.6980952714436731,0.7887158011501542,0.6834793994675984,0.7760456046988807,0.9925155772523225,0.0,0.7466025042482644,0.9169762297788185,0.9445335638160854,0.9363538805806669,0.9953260337800086,0.8101806068361204,0.8819795491389739,0.8008795956519887,0.85235398491337,0.7354429389742542,0.7933142292053408,0.7720616051649234,0.7298159351731714,0.7926052260129064,0.7173437918679189,0.7336710314268764,0.7289691267993723,0.7634529994384204,0.7403554007746229,0.6552262470385379,0.8135631804264266,0.7977489305318832,0.7720483056551635,0.6556082264049311,0.6983136494825403,0.7613334364672749,0.8393891222638487,0.5069249940121356,0.8016730270614448,0.8364246526687904,0.5799728649595454,0.8210258746738923,0.4828296374791467,0.4193668858262542,0.6628018840080036,0.9959175311974525,0.6484848318965735,0.8060360480719241,0.9198034989072488,0.5969097925456074,0.3477877164385945
0.7547065493498673,0.4992224470420183,0.2709598698349877,0.42170944909899843,0.5989023220879576,0.7775247824391477,0.8420577940772912,0.8909598497716136,0.8364997627800104,0.524793696396981,0.9583761862161536,0.9355653329930138,0.9229640348256857,0.9711745755317118,0.8405605421576454,0.7466025042482644,0.0,0.884558765184568,0.797154545882069,0.7656763739514303,0.735767766056943,0.8562295764714204,0.7155791754893706,0.7790256154116958,0.7387820690079782,0.6841316997879552,0.7145027691780826,0.6092267940256435,0.6120408906186827,0.8086591246399559,0.7230414408632203,0.6609371607048538,0.7854850803609703,0.7144625038797557,0.676051183902345,0.7460996722301007,0.7341201431696656,0.7597489221615553,0.9053588155185348,0.6773322284004616,0.7532661928827937,0.744309786062356,0.8175189062571527,0.6338139118247453,0.8625155376553765,0.7776975606746424,0.833248649905115,0.8626296828436555,0.7374630508548905,0.601695444939935,0.9244280402571764,0.7246826941732784,0.8758016888174561,0.9329771915746983,0.7572291159557848,0.8564145786423528,0.4641450499177138
0.6918050102754076,0.6886190540993276,0.3161912407956708,0.5333270046671186,0.7834248214477485,0.6881145083474988,0.6541006641717193,0.8478787504678545,0.7842539538875902,0.4142867072877061,0.8271061275049847,0.8775873172714904,0.8766133700604954,0.9269698054514615,0.9868783978334306,0.9169762297788185,0.884558765184568,0.0,0.9997047484887057,0.9201139384945589,0.918886645787428,0.8998422989002302,0.7917531459296013,0.8745749543932965,0.914836681219723,0.8528341546299618,0.8774487589444834,0.8044348842312556,0.8170525102836076,0.9438158555307857,0.818157992144146,0.7727210115114282,0.8422310688739784,0.8189663259767085,0.9027159295817275,0.7659012498389606,0.9226461679454596,0.8582053143083509,0.9337396181721745,0.765570726519938,0.7562889815247924,0.8711114298197156,0.9029312268847507,0.587981683067095,0.9069239141394202,0.8114196395810035,0.6953987505919228,0.8776708259370388,0.561489150592846,0.4629912458547232,0.7677579483438156,0.9723370984750227,0.808200448055256,0.9731452671844624,0.992931536927269,0.7551603553028783,0.38257980077514486
0.7026048473829661,0.7526824779808743,0.31308056816461816,0.49657760466418566,0.7291380223733791,0.6331957045406135,0.6061868974915178,0.8317938264741183,0.714408374592047,0.3909039336453206,0.7556266634601864,0.8063750267514391,0.8044785084062226,0.8847791549586115,1.0,0.9445335638160854,0.797154545882069,0.9997047484887057,0.0,0.9926602894754115,1.0,0.8965190730012159,0.8558877769048132,0.8247509061603455,0.927578789710466,0.8157072822301572,0.9349056568281013,0.8407201623825454,0.7832658487622831,0.9007200513177984,0.7825199711780075,0.7620046819599097,0.8026420744719255,0.9024164353037862,0.8395388985403099,0.7345405509603734,0.8806951552988068,0.8473505504069034,0.869684256662401,0.7184544251936023,0.7999711379016431,0.8279892147007595,0.883354652479343,0.5611440466094015,0.9447562075326177,0.9179005966926963,0.6223568098057377,0.9012566221543792,0.5420301501235932,0.42730752927128557,0.7108820684911598,1.0,0.7141985983447604,0.8873503759333433,0.9501823069680654,0.6672562238431563,0.37120218812896527
0.6658265419482317,0.6566008738169193,0.3003494091739602,0.4620602686172567,0.6536329596520247,0.630362943847965,0.5881489525494484,0.7810719098057085,0.6964437012945965,0.3900222391304676,0.7499299677912054,0.7939339128046989,0.7368806283001071,0.8363426465253877,0.9554386339144887,0.9363538805806669,0.7656763739514303,0.9201139384945589,0.9926602894754115,0.0,0.9956142503151354,0.8413933778884107,0.8681567950544322,0.825078956017646,0.9016422774444229,0.8030127324315364,0.7990493958751389,0.7374789968454377,0.738442501490426,0.7773689706342097,0.7615392343652265,0.7282817267104406,0.7367240562281552,0.7674115248980015,0.8543190760521004,0.7054988148540268,0.7801862755082758,0.8432547588717195,0.812904105404604,0.7024503390622461,0.7025904749846001,0.7244908054611463,0.8886154812164714,0.5788927088236473,0.8628677794664941,0.8293468358823498,0.6390157644637804,0.8943813439344498,0.5285604760702106,0.4369781223387887,0.6926002027211547,1.0,0.6759327172710566,0.8225676270753515,0.8960154749400628,0.6432958744825906,0.3749742992865502
0.644764425227181,0.7487261339419105,0.32012816428048,0.5069637408552495,0.6877101640433088,0.5839558288774885,0.5589652159135652,0.7645685717846271,0.6850772180233783,0.37717437016301814,0.6787127392417085,0.8243617459729384,0.7178972094891208,0.853869493775583,0.9585357294929816,0.9953260337800086,0.735767766056943,0.918886645787428,1.0,0.9956142503151354,0.0,0.9471928341481871,0.8537871645048135,0.8404813439288463,0.876907676132726,0.8236503838184398,0.8650634086709067,0.8488996304983386,0.7777769835904333,0.8582176298884111,0.7862921519716757,0.7663356772305123,0.7510535641152799,0.8737255892047331,0.8551636747280977,0.7034898032555775,0.830147107342878,0.8500608666548541,0.8449084140531017,0.6913756962714814,0.7567705652402132,0.7862183649782395,0.8898268086219303,0.5173953592208891,0.9209764119935897,0.8622454445347372,0.5926893755615086,0.8632994345301599,0.4911492403713825,0.4160710380937131,0.6856064299607444,1.0,0.6767494042860173,0.8157521077194688,1.0,0.640473792158619,0.3504413911921222
0.8556747457490284,0.6245242650695823,0.2640775302871001,0.4477399507267813,0.6210517901419985,0.7497381378313337,0.7665365069110738,0.9333387304854502,0.8695184803051792,0.47960883254957176,0.8496010804843916,0.8266266458221599,0.8421343120092564,0.9670185902155408,0.8835779087499138,0.8101806068361204,0.8562295764714204,0.8998422989002302,0.8965190730012159,0.8413933778884107,0.9471928341481871,0.0,0.9359765823956534,0.958982207743154,0.9333949727225255,0.8234137749322556,0.980337240227246,0.7489037933236281,0.8008177030008522,0.8706646692831197,0.8176810685101183,0.770652111859917,0.9247285287796532,0.8964142970038118,0.836736863103395,0.9296987394990852,0.8188185612195055,0.8879024823849567,0.9679844404638814,0.9030856214061859,0.8799903639038671,0.9107576559617544,0.9394275542235764,0.7708731538650844,0.920905718863977,0.9287727235659259,0.791217127533316,0.9569624266560558,0.62390132981024,0.5732598511260539,0.8109563725325915,0.8769897760047871,0.79485700174619,0.8519801999441814,0.7924235809893092,0.8450933850960912,0.4915987668434767
0.8057396173015835,0.5685123966104688,0.24753055477340583,0.3939092785147702,0.5606483220417718,0.7393142777320405,0.6517477629383713,0.8284307876232402,0.778983776324141,0.47145937922994935,0.78910451281368,0.7978551189483292,0.7710353278338318,0.8476561149592606,0.8908962615156324,0.8819795491389739,0.7155791754893706,0.7917531459296013,0.8558877769048132,0.8681567950544322,0.8537871645048135,0.9359765823956534,0.0,0.9684702609396483,0.8298475639607004,0.7877172925859357,0.8421196462968825,0.6852421299214438,0.6909267573998826,0.7786740109959168,0.746978486717849,0.676120071152066,0.8157835829884027,0.8310990518123705,0.7428559393378124,0.8490311990492961,0.751112552771047,0.7993845819421126,0.857996779807358,0.821754917165115,0.8670255920723773,0.8225948315455859,0.87686929535508,0.7295435658440574,0.8525593491740152,0.8872487390369383,0.7109842312824123,0.9138136678988331,0.6259238800262422,0.5322444335498008,0.7909451962777844,0.9020019858310251,0.759207326068373,0.8030142782620444,0.7598965193038242,0.7261768760269975,0.48634120333034164
0.9421943783011482,0.5634282922103648,0.2430825086658338,0.4102468026037415,0.5692609960964062,0.8599467378723497,0.788717564481891,0.9120001245568407,0.8789866716698382,0.5393761257802289,0.9105370893019119,0.8234777188353262,0.8321347598838958,0.9264510674357669,0.8544985920887704,0.8008795956519887,0.7790256154116958,0.8745749543932965,0.8247509061603455,0.825078956017646,0.8404813439288463,0.958982207743154,0.9684702609396483,0.0,0.8692302402456215,0.7721086568715535,0.9104020344583149,0.6860249801352908,0.6969536411613342,0.759277149968977,0.7987999257343945,0.7256816756066631,0.9355177020355288,0.8430158063419091,0.7673046717545302,0.9113202798854063,0.7329722258663878,0.8495392734165079,0.8943961360435284,0.883942876668166,0.9226462901635579,0.8544057752541652,0.9069575661619409,0.7806324441233207,0.8707928162271817,0.9526020775533784,0.8447488523860878,1.0,0.7078113161362048,0.6097059162012927,0.8913631328411432,0.817876451440426,0.8579302895710418,0.7984527405434266,0.7324559198510151,0.811438276801899,0.5617527340613327
0.760030498795489,0.811198070276143,0.3452869928863245,0.598581398319522,0.8351253541902481,0.6375451903464598,0.604347062909003,0.8454975334622511,0.7349816493268191,0.365672195350477,0.6837623541374236,0.8633929189928878,0.7438818931691616,0.8213802640628562,0.9002096407235772,0.85235398491337,0.7387820690079782,0.914836681219723,0.927578789710466,0.9016422774444229,0.876907676132726,0.9333949727225255,0.8298475639607004,0.8692302402456215,0.0,0.9787295444487598,1.0,0.9919897018115235,0.9909834942524756,0.9643594901579218,0.9684325312625125,0.9395397065599977,0.9269826337424592,0.982800400897344,1.0,0.8573112345537705,0.9625397372949183,1.0,0.9795976537533349,0.8458105701646358,0.8759911494430815,0.9534877592579929,0.9827505130221571,0.6000698682119046,0.9775265067863702,0.8559793780886917,0.6109142691989634,0.8848033548711587,0.4942992262682313,0.40228490409787,0.6882789090922528,0.9649707545210088,0.7011407323519868,0.8454455659864311,0.8666959546823175,0.6283558330964663,0.3826257201602511
0.7220984011901866,0.8444407624725205,0.3599754438533803,0.6329914380731645,0.8222288220268295,0.5808049185237467,0.5512489393509293,0.8331523811305915,0.6367809494408249,0.3231944451471214,0.6403742190897788,0.716165333838489,0.6821480055281831,0.749874264222451,0.8349358989902447,0.7354429389742542,0.6841316997879552,0.8528341546299618,0.8157072822301572,0.8030127324315364,0.8236503838184398,0.8234137749322556,0.7877172925859357,0.7721086568715535,0.9787295444487598,0.0,0.9325790805605195,0.8801387018267766,0.955183406159552,0.9614244177927617,0.9296400627447501,0.9022938051425807,0.8474944249526928,0.9385879103072767,0.9597189245210072,0.853966211382096,0.9589347885377836,0.9692063018554902,0.9388177965963446,0.7991922377550172,0.8130001215384554,0.9388465427534556,0.8990826008570872,0.5704591704254812,0.8962215672140457,0.8409768706274152,0.605027925765994,0.7664141602216876,0.45470843715419523,0.3735124142912587,0.6189777897744126,0.87852233727878,0.6508959622212706,0.8478989578473248,0.8024987544047542,0.5939332085512002,0.34606610942962096
0.8142055644254337,0.7327159702816138,0.3136672540789932,0.5246760367838702,0.7679836386622266,0.67230307331345,0.6449311859331333,0.834739909111999,0.7436340025023144,0.37852117194912416,0.7138042485634034,0.8129928830596777,0.766137033353142,0.8428850499839721,0.9417785668079482,0.7933142292053408,0.7145027691780826,0.8774487589444834,0.9349056568281013,0.7990493958751389,0.8650634086709067,0.980337240227246,0.8421196462968825,0.9104020344583149,1.0,0.9325790805605195,0.0,0.8319026415147126,0.9104285956798186,0.9511269312776435,0.8627363154351609,0.8787104973353178,0.8905807164956553,0.9688507833551083,0.9788892590059062,0.873970219220317,0.9338936599131519,0.994858025067961,0.9679373832518781,0.8204341906248822,0.891234110661359,1.0,0.9847867619915557,0.689918652388363,0.9089707656669639,0.8722620237114499,0.6672905958987302,0.8648223150222928,0.5310635758647876,0.42924064485177044,0.717512630892564,0.9491107882240736,0.7129056310955316,0.8458246751973941,0.8954387050283558,0.6813452032782792,0.3952932200441903
0.6111968838975681,0.9071869545096538,0.4133510756705661,0.6833788727238619,0.8787202026174168,0.4954869423475246,0.49920439764885577,0.6732423081794155,0.5772002265382088,0.2807487632204794,0.5570588996831541,0.7050016908255519,0.6577976031923997,0.7187244272201263,0.8530577496435254,0.7720616051649234,0.6092267940256435,0.8044348842312556,0.8407201623825454,0.7374789968454377,0.8488996304983386,0.7489037933236281,0.6852421299214438,0.6860249801352908,0.9919897018115235,0.8801387018267766,0.8319026415147126,0.0,0.9523207016105945,0.8746786889619804,0.8561497101532883,0.8622051711177706,0.7245686265780976,0.8519162185078819,0.9425346915783591,0.636621755140122,0.945153208353272,0.9091594544738566,0.8738396714217128,0.6734384169533519,0.6770726854240386,0.8397289458763473,0.8433223636500794,0.4736238235500264,0.8243451199239366,0.7107229063568858,0.486743679579965,0.6767332203159713,0.39150934525997094,0.31754150725564245,0.5720684297206781,0.9125719562231385,0.5638632931478401,0.7341779579018873,0.8578938031712449,0.5255755950054324,0.29851789929662825
0.6387821574989192,0.946639144289229,0.38036328565509187,0.6601357485285608,0.7993635440030517,0.5156545395135773,0.48505306942667165,0.6988111601829191,0.5799858550867448,0.28923580552540734,0.5717407953635372,0.6522685663417374,0.6268247420207895,0.7222825207409319,0.7879067392835564,0.7298159351731714,0.6120408906186827,0.8170525102836076,0.7832658487622831,0.738442501490426,0.7777769835904333,0.8008177030008522,0.6909267573998826,0.6969536411613342,0.9909834942524756,0.955183406159552,0.9104285956798186,0.9523207016105945,0.0,0.9216051879721069,0.902191396479956,0.9340351872407389,0.7535310753252732,0.8938912719542595,0.9199931259970585,0.7178418846833186,0.8878932100344228,0.9572385119383713,0.8879807138711727,0.744391393385716,0.7319094132443978,0.8971541666822939,0.8496684865855691,0.5050607689303565,0.8548393280004293,0.7464421493461257,0.5243701360647944,0.6926114002586028,0.39913723576346055,0.32729925625616824,0.5511436645081371,0.8790021840492277,0.5540974080283355,0.7389564129759223,0.8089131148575449,0.5308541128550052,0.31365286649661334
0.7118287630672888,0.7786536066599413,0.4029482239759508,0.6604321005165837,0.8831232087005678,0.6364960692077154,0.614297930815914,0.8043842641048393,0.7451953337567548,0.3297588098745338,0.6987032225986727,0.8025944650699047,0.7935675141936948,0.8644995895499564,0.8715718923858427,0.7926052260129064,0.8086591246399559,0.9438158555307857,0.9007200513177984,0.7773689706342097,0.8582176298884111,0.8706646692831197,0.7786740109959168,0.759277149968977,0.9643594901579218,0.9614244177927617,0.9511269312776435,0.8746786889619804,0.9216051879721069,0.0,0.9504292331381208,0.8423063948518584,0.8665539071960444,0.9243044986163298,0.9619563676268892,0.8270957081495555,0.9546395405707195,0.9731628506189588,1.0,0.7498790073593717,0.7845730311642238,0.9608278955877335,0.9698779032962896,0.5677632493546786,0.9487828543787371,0.8325454339017004,0.6257925214358766,0.7518967834843875,0.48621139467955077,0.3899822556509353,0.6906444322333736,0.9082506018286814,0.705656975847571,0.9264594978690728,0.9167436586030041,0.6837342188719088,0.3508581980076652
0.7486506766550495,0.754957330774989,0.35553016480963956,0.6384307705839195,0.7553731485232348,0.6481536462589744,0.6244176382196429,0.7990075855923982,0.7049769199895459,0.34047833595709875,0.6911527093309728,0.7289550009912219,0.7304343140650235,0.7841941568051194,0.73551927866876,0.7173437918679189,0.7230414408632203,0.818157992144146,0.7825199711780075,0.7615392343652265,0.7862921519716757,0.8176810685101183,0.746978486717849,0.7987999257343945,0.9684325312625125,0.9296400627447501,0.8627363154351609,0.8561497101532883,0.902191396479956,0.9504292331381208,0.0,0.9166148985373919,0.8897311084775921,0.852198454451266,0.9209660959648772,0.8490224993607706,0.9163625890778111,0.9676555705318,0.9791823451192939,0.8602630277164045,0.9033262082606376,0.9414778664406869,0.9666343293765571,0.6240363227296951,0.8398213797332991,0.8777219365610155,0.6470648618873999,0.7257321489602008,0.5055650185097273,0.42822495089102297,0.6400430560935131,0.7646402113819188,0.6584817019582114,0.8272100103737412,0.7973187586368351,0.6425448539718432,0.3989154843465585
0.6224261729215133,0.8468839925230239,0.3955386907338219,0.6746825810267859,0.8104064515898258,0.5228557859353351,0.5081225733358011,0.6933207540141068,0.6211974098453783,0.29611035230034405,0.5771211395329201,0.7221071738582475,0.6537824168695703,0.7212040556017831,0.7810892696173802,0.7336710314268764,0.6609371607048538,0.7727210115114282,0.7620046819599097,0.7282817267104406,0.7663356772305123,0.770652111859917,0.676120071152066,0.7256816756066631,0.9395397065599977,0.9022938051425807,0.8787104973353178,0.8622051711177706,0.9340351872407389,0.8423063948518584,0.9166148985373919,0.0,0.7797443997911407,0.8441926374947112,0.9109982085998373,0.71031090952405,0.947282240680913,0.8587152769347589,0.8611899211184724,0.6928004149144558,0.71290524483326,0.8551495827722271,0.827591198054516,0.5106282958905178,0.8152062589515213,0.7412511150059145,0.5253129437317429,0.697741794510649,0.41822345615659157,0.3364427148441744,0.5752558512174205,0.8250866444015232,0.5848930892860577,0.7145739285592346,0.8359978154398084,0.548751122025317,0.3080063771057651
0.9461232326918257,0.6201056679586587,0.2772065507221797,0.48196285789588394,0.6496460487112543,0.826201893601971,0.7752705167937106,0.9323640235773877,0.8633280769308134,0.4695374189634455,0.8903157501495479,0.8233822730042986,0.8118839003046879,0.8805420725866102,0.7324014831850569,0.7289691267993723,0.7854850803609703,0.8422310688739784,0.8026420744719255,0.7367240562281552,0.7510535641152799,0.9247285287796532,0.8157835829884027,0.9355177020355288,0.9269826337424592,0.8474944249526928,0.8905807164956553,0.7245686265780976,0.7535310753252732,0.8665539071960444,0.8897311084775921,0.7797443997911407,0.0,0.876032395963532,0.849413232086182,0.9836741155535529,0.7973635129592317,0.9823644674797193,1.0,0.9520323370980667,0.9715391866933745,0.9907321014271244,0.9240440344834028,0.8205931461316812,0.8690538465323108,0.9177985087011106,0.8505857110417293,0.8710255576253947,0.6235997476731836,0.5679415811324657,0.7713912632087846,0.7432485948348145,0.8228053645411813,0.8290099222034062,0.6980284190244328,0.8030813147855179,0.5333425332060129
0.784695184125649,0.7671245368935462,0.30757397144350174,0.5177210116438644,0.7081611309326293,0.6347762653220755,0.5764976667716635,0.8224765919675809,0.7118607038454892,0.3562632398456063,0.7011197450520982,0.7438735546318394,0.7313395045115025,0.7926961476376109,0.8432435356149681,0.7634529994384204,0.7144625038797557,0.8189663259767085,0.9024164353037862,0.7674115248980015,0.8737255892047331,0.8964142970038118,0.8310990518123705,0.8430158063419091,0.982800400897344,0.9385879103072767,0.9688507833551083,0.8519162185078819,0.8938912719542595,0.9243044986163298,0.852198454451266,0.8441926374947112,0.876032395963532,0.0,0.9713508471836199,0.8657897423187556,0.9305054703378388,0.9575332119938701,0.9912520453792527,0.8325568350402095,0.9263657093809912,0.9985400175495781,0.943302475796486,0.6465350596321711,0.8890611957131296,0.846098553246225,0.6382222398530892,0.8047519147085073,0.49346044861444993,0.403106467954795,0.6695981717107929,0.868563558483125,0.6660805819701168,0.7562638179037112,0.7920690350972781,0.605743219103041,0.3879689426573407
0.6919844194728707,0.8366458986514144,0.37088952282750154,0.6477744056653424,0.8167183489294619,0.5888686139578448,0.5403203639867844,0.7710637037088932,0.6490644775802493,0.3221922727729316,0.6348101533937837,0.747140257583995,0.6963250427792843,0.7718514346823676,0.8535747995493592,0.7403554007746229,0.676051183902345,0.9027159295817275,0.8395388985403099,0.8543190760521004,0.8551636747280977,0.836736863103395,0.7428559393378124,0.7673046717545302,1.0,0.9597189245210072,0.9788892590059062,0.9425346915783591,0.9199931259970585,0.9619563676268892,0.9209660959648772,0.9109982085998373,0.849413232086182,0.9713508471836199,0.0,0.7964299516033306,0.8935407608828794,0.9687418303423684,0.88591770632042,0.7012082841270671,0.7866156169438493,0.9334062642534174,0.9104006170021929,0.5653200097426032,0.8856202628769977,0.7704486522378701,0.5622664952578609,0.7718108320036693,0.43992662318065423,0.3546406853013145,0.6138503232415239,0.9286662343865394,0.6164448048569049,0.8164521881177128,0.84901350720278,0.6068931892009666,0.3408036275537318
1.0,0.5672498086177579,0.24485157038355365,0.41560889710291654,0.5388565132410512,0.934021619982337,0.8078549180817797,0.9916233233473872,0.8874119243769212,0.5443315402365143,0.8867058796247412,0.8127176193726057,0.8271056641703596,0.9549528467143353,0.7375263150674076,0.6552262470385379,0.7460996722301007,0.7659012498389606,0.7345405509603734,0.7054988148540268,0.7034898032555775,0.9296987394990852,0.8490311990492961,0.9113202798854063,0.8573112345537705,0.853966211382096,0.873970219220317,0.636621755140122,0.7178418846833186,0.8270957081495555,0.8490224993607706,0.71031090952405,0.9836741155535529,0.8657897423187556,0.7964299516033306,0.0,0.7566850352126888,0.90374843935085,0.9302277693471347,1.0,0.9660716351681898,0.9234114657746295,0.8766580136324823,0.9113649072830388,0.808609267233421,0.8991776882422357,0.8276922443051656,0.9928689263600253,0.7390032090589979,0.6339476770718571,0.866126921769265,0.7318652150612815,0.8620710607401278,0.780322166147006,0.6388523453973775,0.8453143675544594,0.5949011268347569
