Cingulate area 2,Glomerular layer of the accessory olfactory bulb,Glomerular layer of the olfactory bulb,"Olfactory bulb, unspecified",Frontal association cortex,Cornu ammonis 3,Dentate gyrus,Cornu ammonis 2,Cornu ammonis 1,Fasciola cinereum,Subiculum,Postrhinal cortex,Presubiculum,Parasubiculum,Perirhinal area 35,Perirhinal area 36,Medial entorhinal cortex,Lateral entorhinal cortex,Primary auditory area,"Secondary auditory area, dorsal part","Secondary auditory area, ventral part","Piriform cortex, layer 1","Piriform cortex, layer 2","Piriform cortex, layer 3",Ventrolateral orbital area,Lateral orbital area,Ventral orbital area,Medial orbital area,Dorsolateral orbital area,Prelimbic area,Secondary motor area,Frontal association area 3,Primary motor area,"Agranular insular cortex, ventral area",Agranular insular cortex dorsal area,Cingulate area 1,Infralimbic area,Dysgranular insular cortex,Granular insular cortex,"Primary somatosensory area, forelimb representation","Primary somatosensory area, dysgranular zone","Primary somatosensory area, face representation",Secondary somatosensory area,"Primary somatosensory area, hindlimb representation","Agranular insular cortex, posterior area","Primary somatosensory area, barrel field",Retrosplenial dysgranular area,"Primary somatosensory area, trunk representation",Retrosplenial granular area,"Parietal association cortex, lateral area","Parietal association cortex, medial area","Parietal association cortex, posterior area",Primary visual area,"Secondary visual area, lateral part",Temporal association cortex,"Secondary visual area, medial part",Nucleus of the lateral olfactory tract
0.0,0.21993640422636787,0.17287587120046696,0.2682816659963125,0.26670191475499394,0.8419213922836905,0.9100843848726965,0.8178293306807692,0.9281113673008846,0.9035574259632967,0.806478127202491,0.751069983790581,0.8854204836385099,0.8049823576637634,0.7844151051745851,0.7676500674438367,0.6559955942349075,0.835295527327807,0.7803962004047734,0.956751554773899,0.6990413052688916,0.8533365850556774,0.9369802354346514,0.9185144900285626,0.4269233633043674,0.4304233283635952,0.4064484019893681,0.43791696624576787,0.39696983398860625,0.5865412358340149,0.5800343322496201,0.543198201830754,0.8604876198189869,0.7130193640474539,0.6179304297398723,0.8977943141439738,0.7646349398329115,0.8003897826901519,0.8119508784078091,0.9821398900846201,0.9755731212164388,0.7723677215145548,0.8314683449577746,0.9299311273685398,0.8353851542400527,0.8693868048036614,0.8646725042571389,0.863824216776895,0.8350007437152672,0.8615717786480932,0.7647698484194345,0.8055983095916838,0.8916851690774009,0.9005245560379019,0.7691531567623764,0.8163696304401027,0.857885295471161
0.21993640422636787,0.0,0.960102983603218,0.8712414228324474,0.6155820859273574,0.24837895359343581,0.2600270672483195,0.21462105936110712,0.25433671499751004,0.17572131202471705,0.30053868635710157,0.3425245778402292,0.2799250005579157,0.2979836051500287,0.2690501272023563,0.2849622288771547,0.3845194074791961,0.3073869186035557,0.2770973951489538,0.2828689428379581,0.3223297793733136,0.28235843886088496,0.2594115276391676,0.2425738618242157,0.5874705750816142,0.3931522139473899,0.521128142537536,0.42566341826366305,0.422106144554139,0.3748961923640399,0.3681542611740147,0.4182320346348523,0.3019450719581941,0.3342639393173068,0.41398035215121726,0.2591837777346351,0.28863768942651447,0.31224602208660257,0.3302540687611055,0.2591133771623748,0.2602867153546419,0.2968811487815758,0.3180567726946325,0.23467306207435706,0.26386418174868503,0.23050082468628383,0.22617472859600518,0.22666518620270043,0.21240344523407215,0.22034812313222735,0.2070845355328123,0.25602336149830757,0.262781850012953,0.3028569337608913,0.30976750368171224,0.21018819475581527,0.2211641485029557
0.17287587120046696,0.960102983603218,0.0,0.7918440478738492,0.5046889790691341,0.18019163211523398,0.19211854439308548,0.15760663086900187,0.19112942636198021,0.14189764833947924,0.21750938114783422,0.24542480277580037,0.20634604976028967,0.22836058650786487,0.19077835611170244,0.19992179575120353,0.27617621489465777,0.21394341066717387,0.1981110311713988,0.20271366628988152,0.22180190480435596,0.20979842777730548,0.1934175357454438,0.18072300620920664,0.43190504685516434,0.3372350545890579,0.4043377666103275,0.3526206923446893,0.3502478184418139,0.2905945391457864,0.29676238211542316,0.3208857183310784,0.22349261863139078,0.2568702836751342,0.3117985934428213,0.19483086634074942,0.22235422781447997,0.23397114956300816,0.23662458343455187,0.19496829315743444,0.19495513234102008,0.23107642607842763,0.2344277591275264,0.1732783582375393,0.19224768868324282,0.1736082992230097,0.16546957788903774,0.16495949513323765,0.1588769783252869,0.1619734177430034,0.1517007918711601,0.1831732741450318,0.190747633659076,0.22111690015409935,0.2157504314700814,0.15159997792507054,0.15882944875192015
0.2682816659963125,0.8712414228324474,0.7918440478738492,0.0,0.7857735100430363,0.2855977594067789,0.31318074079351754,0.2506361616038404,0.30425539424145015,0.20333550411056125,0.36731874395273717,0.42609985900327313,0.3510410228200827,0.35277764689973745,0.3315173843839893,0.3585189198281834,0.47198477999461425,0.36865926660263526,0.33656777854916636,0.33522902304790364,0.3871522902614755,0.35328308498528543,0.3207624078227465,0.29153745033131545,0.7661661349445354,0.6038200857858639,0.7024192679301413,0.641504341277817,0.660820919931141,0.5211013655516898,0.5290007649684965,0.5910969666261872,0.37668688553961194,0.45365531858593516,0.5850045603494662,0.3250685035268049,0.3629239625394988,0.405091563534999,0.41035998712834626,0.31657073748768394,0.31874453571146794,0.3996083783949822,0.39779353832044584,0.278130760952199,0.3101740220781876,0.271718346887446,0.26729489006450785,0.2620747337540097,0.24541081261303596,0.25503273899120016,0.23564662659989896,0.3119712681857746,0.3094937751907695,0.35303076374840586,0.3696653645458269,0.24672414778803317,0.2570202661165091
0.26670191475499394,0.6155820859273574,0.5046889790691341,0.7857735100430363,0.0,0.2955359712452819,0.3119688908201445,0.2680146437720855,0.31306054908726727,0.20532654197538808,0.38214002042256323,0.42559533712733466,0.3586175541619654,0.33082265122591065,0.3583786679143449,0.39192848811575454,0.46356414029082227,0.37299143629821674,0.36235027861247626,0.3450350535585308,0.42491569833536785,0.35864535091316757,0.3481213259963031,0.30915206740463913,0.6745411618628712,0.5875282853225617,0.7381347051096059,0.6683716850075324,0.6872759671064691,0.5410980924368325,0.5699705387602466,0.5915319104476271,0.3903994497483261,0.4476685785884142,0.5346531559487095,0.3252760450974328,0.393330868235537,0.4106182379947867,0.4311205220816445,0.3236065959850467,0.31917776501842504,0.3985209950785166,0.42428079892192394,0.2865417080880067,0.3213439995528862,0.27456244106618405,0.2752199306636325,0.27294235798896904,0.25444653006207646,0.26845873354352756,0.24556725668236323,0.33330899423218996,0.32832564136653125,0.3656281265693435,0.396995689382164,0.2611749671226046,0.2672511301853813
0.8419213922836905,0.24837895359343581,0.18019163211523398,0.2855977594067789,0.2955359712452819,0.0,0.9343071476085807,0.8734249019666988,0.9444348261818521,0.7836729416325267,0.7793444188447477,0.787569903713267,0.8520811256119704,0.8815822012736259,0.8477694240493459,0.8094471031390479,0.7378646218459965,0.9067565186158769,0.9614781810938688,0.9681404041850846,0.8335966851660825,0.7845109884913011,0.883212079256311,0.9205831032553832,0.4445638383480122,0.4022050333758913,0.41555265927756196,0.4217415503117524,0.3946481121673963,0.5687748692664061,0.5393046448974912,0.5492109370373689,0.8257628774620007,0.6005887141953853,0.5704520550225757,0.6962190740344513,0.768649990380582,0.7250958812764694,0.7549965598143199,0.8769258156186258,0.8953803610693405,0.687630423359136,0.7733639144177026,0.9288703873955556,0.886661284780277,0.8298054499013122,0.9376202731060325,0.8887047306992822,0.9006077620192237,0.9000329461308015,0.7997882107451902,0.9317005369554636,0.975866633947472,0.9133087746029487,0.8099204836432133,0.8211564700719646,0.867976455586423
0.9100843848726965,0.2600270672483195,0.19211854439308548,0.31318074079351754,0.3119688908201445,0.9343071476085807,0.0,0.9181271940760527,0.983906175312836,0.8330983378448641,0.9197014847445267,0.858530019961792,0.9420211800608442,0.9313625238835977,0.9348827783769336,0.8590723664441405,0.77166261366105,0.9803534246612132,0.9158441372457813,0.9948559328390063,0.8491114014521096,0.9452678479873015,0.9477842769064238,0.9712986697026652,0.48424437645817703,0.44734186026496736,0.4449897975997545,0.4788288909142306,0.44058112362263463,0.6166570636851625,0.5946542610592679,0.5960278166486582,0.9171790202408374,0.6944997831610137,0.6389351415008535,0.7705033697689957,0.8609618630979884,0.7781478947017858,0.8616059101321848,0.9039599164781652,0.9750729834646272,0.8033548387144656,0.8643984454028429,0.9074263231489688,0.952483776539616,0.9048241751213082,0.9404444098200939,0.8603576160392609,0.9075930367552267,0.9374803015352066,0.8456051323533457,0.9681595010747275,0.9669346608200865,0.9631192813506717,0.9052780470431605,0.8939588421733123,0.8992891029649033
0.8178293306807692,0.21462105936110712,0.15760663086900187,0.2506361616038404,0.2680146437720855,0.8734249019666988,0.9181271940760527,0.0,0.8948470768423004,0.8001783010414867,0.728683059359587,0.746746819645105,0.8358281976197044,0.7694444990621594,0.8507179717810797,0.8224973735544421,0.6363985785532601,0.8184296648756829,0.9202376320425798,0.9092995254912244,0.7367128061240125,0.7778824874711813,0.8426325263864822,0.9183656281907285,0.37463704229130057,0.34795125796940213,0.3528244663508409,0.3728381206261421,0.35053199162113835,0.5107250279469221,0.47915995336883127,0.46546532545680763,0.6815746696789243,0.5224058116636714,0.49531517536550446,0.6450660492025649,0.6748637233627557,0.6565850330962031,0.6958248378575009,0.8335461618276806,0.8204207506694763,0.6302323896337195,0.722965001962034,0.8391228823787612,0.8262857407943032,0.7922940808820096,0.9528407910079502,0.8535082293569182,0.8722758878384373,0.8786564483209837,0.8247536816473502,0.9452374720880347,0.8867514381783003,0.7944201134371486,0.7764161202098026,0.8636615625226116,0.825834434853988
0.9281113673008846,0.25433671499751004,0.19112942636198021,0.30425539424145015,0.31306054908726727,0.9444348261818521,0.983906175312836,0.8948470768423004,0.0,0.8083391508733819,0.861933723116043,0.8637152403019249,0.9137605732778256,0.8425622005903516,0.8804189897151434,0.883355654517398,0.726989631189566,0.8915019918724623,0.9771190278243665,0.9658631690341728,0.8800568656172433,0.9273434225677747,1.0,0.9862768553798197,0.4778906779547071,0.4617044896564731,0.4554482270020592,0.46829878093141053,0.44989745569051454,0.6357442159461528,0.6221728222475196,0.5793641222991939,0.8631393788873433,0.7195143132164901,0.654238954041158,0.7983763948272016,0.7876915471287971,0.8179748135135453,0.8861400522037399,1.0,0.987803235349587,0.7804938896761019,0.8783235298292474,0.9097996394017095,0.9322809185018444,0.8975116067178964,0.9855616440685043,0.8776182987823116,0.8737976208143347,0.9135974280151421,0.8714714560378297,0.9410721976580327,0.9619267011108956,0.8943246119112777,0.8756373725470612,0.8307609403582087,0.8497517866778141
0.9035574259632967,0.17572131202471705,0.14189764833947924,0.20333550411056125,0.20532654197538808,0.7836729416325267,0.8330983378448641,0.8001783010414867,0.8083391508733819,0.0,0.6479969782753344,0.6382980299545623,0.7139752624639017,0.7059548832074279,0.6909917314224684,0.6207779603613505,0.5331636488100724,0.7181835941800344,0.6978567262330514,0.8646370494142056,0.5701998040372863,0.6556289473347956,0.7099117884137759,0.8198596893547919,0.3040376529713778,0.29317062670932953,0.27989714950049654,0.2973798432026171,0.27923017892957597,0.41097627743754866,0.40339328059190055,0.40493223371327897,0.6394913399046228,0.47564401556993374,0.42193450953052924,0.6482294898539399,0.6894761513139576,0.5535006633937877,0.5762076719640314,0.7479326226957931,0.7744225003825709,0.5783298496826907,0.5965304523746551,0.7933543417796403,0.7508127104666086,0.8183327283049038,0.9119996950367898,0.7056527258843555,0.8554902035233437,0.8810136146122092,0.7399169712486168,0.7719538113046267,0.7689810803076782,0.7225274365331873,0.6422990546573129,0.7493596366535786,0.784777894934814
0.806478127202491,0.30053868635710157,0.21750938114783422,0.36731874395273717,0.38214002042256323,0.7793444188447477,0.9197014847445267,0.728683059359587,0.861933723116043,0.6479969782753344,0.0,0.9155625216303911,0.9266798169767456,0.8600819253404117,0.8327182113827833,0.8497716419003132,0.8485113987354034,0.9464631202996416,0.8292137540167133,0.9635352866902476,0.8993882588434763,0.8920235902633186,0.8899689827042715,0.8656080522103589,0.5877156601277789,0.5620884805148694,0.5539596574756566,0.5880382573209186,0.5395095618285687,0.8044156176298367,0.7415980134898608,0.7665251536671135,0.943282914658566,0.8296098661080996,0.8018142731200436,0.8918310240252747,0.903616377346265,0.8531123329255756,0.9688385869390993,0.861098901089837,0.9129310995564508,0.8603576747300834,0.8609841011656544,0.7501774734888583,0.8265856079972963,0.7433716367876044,0.7714970074861158,0.7622598766821558,0.6933215303192545,0.7280180026609162,0.6229960944649852,0.8205348857435713,0.9190583029413436,0.9019823311406348,0.896178634522395,0.7079179719185671,0.7157503616221679
0.751069983790581,0.3425245778402292,0.24542480277580037,0.42609985900327313,0.42559533712733466,0.787569903713267,0.858530019961792,0.746746819645105,0.8637152403019249,0.6382980299545623,0.9155625216303911,0.0,0.9582808485237652,0.878306276702409,0.8930653342073873,0.9167012322371564,0.9645851629803108,1.0,0.8374041616190081,0.8996089396340464,0.9111559866587694,0.8398944171940765,0.8529471120420203,0.8176919729080486,0.6320187882068026,0.5901495135850576,0.5912170435350041,0.6091798031129193,0.5979374881227337,0.7879688050026243,0.729435687274081,0.8504176012852549,0.8470551214350969,0.7825920724202445,0.8275096330831658,0.7657860929163249,0.8410704433274455,0.8875596049641347,0.9042493371737809,0.7891195957197482,0.8647001853181998,0.8383041615220305,0.8803906208544872,0.7793901441967009,0.8122172185143892,0.7076038440349569,0.7992613893072016,0.7046782998070605,0.7145666731368426,0.7344574399465369,0.6239904909602464,0.8500161950887107,0.9428740755965735,0.943360355082582,0.9112544345794914,0.6733273421465662,0.7203392360639999
0.8854204836385099,0.2799250005579157,0.20634604976028967,0.3510410228200827,0.3586175541619654,0.8520811256119704,0.9420211800608442,0.8358281976197044,0.9137605732778256,0.7139752624639017,0.9266798169767456,0.9582808485237652,0.0,0.8665132394695806,0.9241576172212461,0.915836974466272,0.8838382002134156,1.0,0.93157666750868,0.9624123254321155,0.8591232831209076,0.8800507284549433,0.9593960560455287,0.8918314839680715,0.5476298713180447,0.528738094766215,0.5269176871427919,0.5352133422091784,0.5155556204061579,0.7064035387290566,0.7091260438096624,0.7036062762957342,0.8804832478283638,0.7588763908089101,0.7518936206684395,0.832380931040974,0.8605306913163583,0.8505836540377215,0.8838776693283101,0.8492685337086523,0.9363047793399057,0.8252265222782839,0.885489471335615,0.7751678186756424,0.8834009179069706,0.8024489038630395,0.8314066290010608,0.7672677766469762,0.775289673590617,0.8579868584170239,0.7012054449055116,0.8375720881308795,0.948043067447284,0.992049450387466,0.9323883701099921,0.7658012556606888,0.7750954328572679
0.8049823576637634,0.2979836051500287,0.22836058650786487,0.35277764689973745,0.33082265122591065,0.8815822012736259,0.9313625238835977,0.7694444990621594,0.8425622005903516,0.7059548832074279,0.8600819253404117,0.878306276702409,0.8665132394695806,0.0,0.8077480383909752,0.775939168623551,0.7881255621151363,0.8902464051103438,0.8398775526157997,0.9836788902654137,0.8072729833500628,0.7901920460361744,0.8185495731972214,0.8401715889492448,0.5027705948428426,0.4399523832847671,0.45623816166789544,0.4567249842702483,0.44714023387544677,0.6231649396538835,0.5858130845353879,0.590936896877373,0.8103495442531854,0.6342494623244107,0.6618413195762289,0.7235396649290015,0.7916487400195605,0.6896005378231045,0.7755891925081871,0.8457582529879583,0.8726610686922567,0.7263610413924955,0.8412846978346697,0.7531486198065156,0.8471182439817876,0.8173294266605148,0.8208258398630108,0.7907333610030534,0.7896032833253246,0.8018065204272725,0.6817460600925087,0.8270124486887878,0.9043558124035453,0.9210211040559085,0.8736952795788749,0.6732472090512338,0.7054540810124655
0.7844151051745851,0.2690501272023563,0.19077835611170244,0.3315173843839893,0.3583786679143449,0.8477694240493459,0.9348827783769336,0.8507179717810797,0.8804189897151434,0.6909917314224684,0.8327182113827833,0.8930653342073873,0.9241576172212461,0.8077480383909752,0.0,0.9254206429568164,0.7438871917359042,0.9951807402869017,0.9769065048019516,0.9820713107610132,0.8926836272769513,0.8893348710951271,0.9281467616721057,0.8818841954115837,0.49770647593619827,0.4620616462794626,0.48686368109125727,0.5119585797105827,0.4723515502686679,0.6420897918075651,0.6606239115328043,0.6103217934712449,0.8324906789840675,0.6706899459504847,0.6589088907693933,0.7392673534454476,0.8036347103840037,0.7947138127982281,0.8815900951174247,0.8591411541089636,0.8934990966701124,0.8116118128602743,0.833090948767747,0.8354626135426066,0.857194064927261,0.827125528888975,0.8529694476890987,0.7926701912292273,0.7958636158684331,0.8594207730745896,0.741024361470874,0.9679765340297206,0.9869085852220838,0.8794155662274135,0.9797257931718326,0.8310644681482583,0.8670428089155804
0.7676500674438367,0.2849622288771547,0.19992179575120353,0.3585189198281834,0.39192848811575454,0.8094471031390479,0.8590723664441405,0.8224973735544421,0.883355654517398,0.6207779603613505,0.8497716419003132,0.9167012322371564,0.915836974466272,0.775939168623551,0.9254206429568164,0.0,0.7705549561071886,0.9419817910320809,0.9404256540574656,0.9617086333925449,0.941564261684973,0.8859376225665839,0.9840941293861497,0.8633227124116046,0.5589029599614322,0.5415075596210631,0.5273215405851025,0.5542257039468287,0.5386582826268714,0.7471331210978512,0.7099446231337303,0.6921656097895446,0.8861554285615869,0.7707203149336811,0.7373280295442454,0.8196304879768788,0.7945767640152399,0.8022227722302931,0.8563770110974649,0.8712080806157984,0.9237465135408904,0.8499451026939022,0.9555230333906914,0.8050946356660313,0.8734238209471376,0.7610949822757659,0.7975495896510679,0.8170469380154317,0.7571832875108155,0.8151008047198606,0.7160975080474007,0.9118247295096911,0.8969674730294793,0.8358732691855288,0.9110880938965547,0.7739980603434531,0.7859674755444325
0.6559955942349075,0.3845194074791961,0.27617621489465777,0.47198477999461425,0.46356414029082227,0.7378646218459965,0.77166261366105,0.6363985785532601,0.726989631189566,0.5331636488100724,0.8485113987354034,0.9645851629803108,0.8838382002134156,0.7881255621151363,0.7438871917359042,0.7705549561071886,0.0,0.9235342248658269,0.7407242876571624,0.8072340587741206,0.7955651417945656,0.7776191504652724,0.7409920620555714,0.7179486650629562,0.7013118910367329,0.6171613638730976,0.6551850541704295,0.628252845233388,0.5934033431014869,0.7429378634859528,0.7208800186926143,0.8255725842740751,0.8133090456217149,0.7495979488197585,0.8428265534146268,0.7029255478585299,0.7941366131621358,0.7979371347777745,0.8457133376059951,0.6958677723846624,0.7308042334743063,0.7756412056942582,0.8060436808765797,0.6432421491070369,0.7082637626583159,0.6367143783141722,0.632551691304481,0.615614925344445,0.5869059647544637,0.6223162266014889,0.5617683576325145,0.755338209546917,0.7802768051191414,0.8607340884515176,0.7994072334701242,0.5895646295344021,0.612450640561651
0.835295527327807,0.3073869186035557,0.21394341066717387,0.36865926660263526,0.37299143629821674,0.9067565186158769,0.9803534246612132,0.8184296648756829,0.8915019918724623,0.7181835941800344,0.9464631202996416,1.0,1.0,0.8902464051103438,0.9951807402869017,0.9419817910320809,0.9235342248658269,0.0,0.9960220607525708,1.0,0.9727634530677522,0.8833672341360039,0.9227866011935478,0.9451833089026029,0.5957163219557952,0.5417948575495463,0.5629915189178871,0.568394614189526,0.5352728229004818,0.7365017561743156,0.7136119068827385,0.7439257306158948,0.9358758289142405,0.7688399018003161,0.7825431065803382,0.8133110464411252,0.8671757359447214,0.8511248436531372,0.9774860370052226,0.9234508192467595,0.9636602634872703,0.8943386185107607,0.9179942207358741,0.8530043604899814,0.9193365606767783,0.8292717129650398,0.8928610920152872,0.8475631557366186,0.8210041018953395,0.8990155017036677,0.7226897904087383,0.9976730001536236,0.9841027301951323,0.9978342359780374,0.9994281130905305,0.822559272808385,0.8370119797830635
0.7803962004047734,0.2770973951489538,0.1981110311713988,0.33656777854916636,0.36235027861247626,0.9614781810938688,0.9158441372457813,0.9202376320425798,0.9771190278243665,0.6978567262330514,0.8292137540167133,0.8374041616190081,0.93157666750868,0.8398775526157997,0.9769065048019516,0.9404256540574656,0.7407242876571624,0.9960220607525708,0.0,1.0,0.9786531051537133,0.9293096680408477,0.9789951124929976,0.9838824836793946,0.5116280973011011,0.4761525524577237,0.5189693996372753,0.5354097846161445,0.4961934607195118,0.6754251979731135,0.6938773021204687,0.6355067000350619,0.9426151369530645,0.7008309991052429,0.6764777872032114,0.7304748539050752,0.8407023500827573,0.8307024524588381,0.9139293311195966,0.8964084143216223,0.9158731498061171,0.8510723573774914,0.9352381752319269,0.9137100466066952,0.9566245226776968,0.8544689923775621,0.8832656811498397,0.9376669309964463,0.8701305465081381,0.9131275893552153,0.8489473322602279,0.9834261986622239,0.9946553410124392,0.9568818671519251,0.9125970525032421,0.8816070737826637,0.858108803560148
0.956751554773899,0.2828689428379581,0.20271366628988152,0.33522902304790364,0.3450350535585308,0.9681404041850846,0.9948559328390063,0.9092995254912244,0.9658631690341728,0.8646370494142056,0.9635352866902476,0.8996089396340464,0.9624123254321155,0.9836788902654137,0.9820713107610132,0.9617086333925449,0.8072340587741206,1.0,1.0,0.0,0.9181394202088179,0.972452008375775,0.9479050052009987,0.9913756675169749,0.5416114429452579,0.47808599205328056,0.4904060927176539,0.5208064659917484,0.47970755332497894,0.6944106833857148,0.6643493256487131,0.6481048220828988,0.9721028519713037,0.7275522558548575,0.7088011001743936,0.8616318475154517,0.8903329269402418,0.8699718956089704,0.8941172118687005,0.9685173555954764,0.9767435029084859,0.8512140246142038,0.9376966255463774,1.0,0.9882154334717154,0.9335122203856395,0.9810888879442123,0.9330938919949255,0.9462702813827361,0.971960089179363,0.8868978398282404,1.0,1.0,1.0,0.9255661369601673,0.8749866954656748,0.884325176082993
0.6990413052688916,0.3223297793733136,0.22180190480435596,0.3871522902614755,0.42491569833536785,0.8335966851660825,0.8491114014521096,0.7367128061240125,0.8800568656172433,0.5701998040372863,0.8993882588434763,0.9111559866587694,0.8591232831209076,0.8072729833500628,0.8926836272769513,0.941564261684973,0.7955651417945656,0.9727634530677522,0.9786531051537133,0.9181394202088179,0.0,0.9331342151004126,0.9259222313764006,0.8382990615616909,0.5859808011661254,0.5777618511590793,0.5962497111047252,0.6273473632709072,0.5817884246397432,0.8112901174597691,0.7349101582930232,0.7028224763831715,0.9164523899825759,0.7550993959482398,0.8049913622251065,0.7768055994039225,0.770439747446173,0.8419426598554975,0.9506589767619058,0.876676425927834,0.8706447656649695,0.8425274925285713,0.891401633867768,0.802933853621688,0.8719961524814568,0.7893753203616876,0.8197261254018156,0.7419582639094376,0.7260494731025308,0.7693665668937865,0.7338957699491726,0.9276825492816287,0.8817601146810601,0.9030881818386012,0.8530010212966973,0.7760139447992646,0.8020526532186006
0.8533365850556774,0.28235843886088496,0.20979842777730548,0.35328308498528543,0.35864535091316757,0.7845109884913011,0.9452678479873015,0.7778824874711813,0.9273434225677747,0.6556289473347956,0.8920235902633186,0.8398944171940765,0.8800507284549433,0.7901920460361744,0.8893348710951271,0.8859376225665839,0.7776191504652724,0.8833672341360039,0.9293096680408477,0.972452008375775,0.9331342151004126,0.0,1.0,0.9645655024580692,0.5648463057240493,0.5762386993541172,0.5726205675339011,0.5539678297879425,0.5375539670712453,0.764720527036691,0.7797212491811034,0.7268484377167714,1.0,0.7945443207439805,0.7995169668151586,0.9207739384251697,0.820960745424446,0.901778540208278,0.9822059080709057,0.9622021283751894,0.9592755712359098,0.8689287744160604,0.9987915067191985,0.9016208741875125,0.8910436113111596,0.8301141529803068,0.8887287647501975,0.8150769610109567,0.7662808649162596,0.8193226799511083,0.7349497795950618,0.9023794570375804,0.9228927142868627,0.9199398254420224,0.9110770859651558,0.8627796238592811,0.823063494769555
0.9369802354346514,0.2594115276391676,0.1934175357454438,0.3207624078227465,0.3481213259963031,0.883212079256311,0.9477842769064238,0.8426325263864822,1.0,0.7099117884137759,0.8899689827042715,0.8529471120420203,0.9593960560455287,0.8185495731972214,0.9281467616721057,0.9840941293861497,0.7409920620555714,0.9227866011935478,0.9789951124929976,0.9479050052009987,0.9259222313764006,1.0,0.0,1.0,0.5147144501024212,0.5470286464328521,0.519082456230443,0.5482535948396756,0.5202501787989279,0.7569771123397411,0.7481516255816394,0.6885484677594391,1.0,0.7609482358645677,0.7496272094499175,0.9320347554881637,0.8532678936315172,0.9163535334152073,0.9502368345758851,0.9816129219605204,1.0,0.9200422269271052,0.9883176781870415,0.9145111625102637,0.971953607042376,0.8825199735499176,0.8956101301018895,0.8924900276052304,0.8449370740300837,0.9639321010612846,0.7722249213249026,0.871750363758635,0.9637346637504439,0.995040682483361,0.9519176340752503,0.9248324076581254,0.9234374768628396
0.9185144900285626,0.2425738618242157,0.18072300620920664,0.29153745033131545,0.30915206740463913,0.9205831032553832,0.9712986697026652,0.9183656281907285,0.9862768553798197,0.8198596893547919,0.8656080522103589,0.8176919729080486,0.8918314839680715,0.8401715889492448,0.8818841954115837,0.8633227124116046,0.7179486650629562,0.9451833089026029,0.9838824836793946,0.9913756675169749,0.8382990615616909,0.9645655024580692,1.0,0.0,0.46896454516538,0.47124290150127357,0.4589192192606414,0.4796768937877358,0.4573923443781517,0.6649725888323971,0.6278239753024488,0.5979032974783105,0.9686987325461439,0.7031286159412943,0.6611319921827777,0.8228956269149903,0.7589417341446653,0.7676425828554517,0.8490334774772544,0.9434337970771223,0.9826313422249352,0.7911500526154926,0.8894975242119486,0.9688143339639782,0.9402306241760194,0.9669706386856024,0.9773491543721344,0.9541710001954471,0.9154522582284301,0.8774594786585075,0.9068710499341097,0.8952196514619934,0.8943857386515413,0.9271655067320732,0.8189302873647557,0.8872755770860431,0.9218683975860166
0.4269233633043674,0.5874705750816142,0.43190504685516434,0.7661661349445354,0.6745411618628712,0.4445638383480122,0.48424437645817703,0.37463704229130057,0.4778906779547071,0.3040376529713778,0.5877156601277789,0.6320187882068026,0.5476298713180447,0.5027705948428426,0.49770647593619827,0.5589029599614322,0.7013118910367329,0.5957163219557952,0.5116280973011011,0.5416114429452579,0.5859808011661254,0.5648463057240493,0.5147144501024212,0.46896454516538,0.0,0.8134809005335216,0.8983080397750584,0.8248543429748293,0.7608587866217886,0.7525596108779283,0.7704441827756304,0.8876241673335815,0.6360412633148989,0.714565127549295,0.8432392710780002,0.5493531862078698,0.5790870590068017,0.6349300759488515,0.6531303941336023,0.4805129072589459,0.5291682226208368,0.6236201245513109,0.631227519367843,0.44873891063752536,0.48340960019176527,0.4240049035202516,0.4165645201091826,0.40360045057622507,0.3609287654628933,0.4096597553918186,0.3593449390167974,0.44925931229210936,0.4941227130054258,0.5995834066446148,0.5782149523554851,0.3807952882079376,0.4026004756606198
0.4304233283635952,0.3931522139473899,0.3372350545890579,0.6038200857858639,0.5875282853225617,0.4022050333758913,0.44734186026496736,0.34795125796940213,0.4617044896564731,0.29317062670932953,0.5620884805148694,0.5901495135850576,0.528738094766215,0.4399523832847671,0.4620616462794626,0.5415075596210631,0.6171613638730976,0.5417948575495463,0.4761525524577237,0.47808599205328056,0.5777618511590793,0.5762386993541172,0.5470286464328521,0.47124290150127357,0.8134809005335216,0.0,0.8813294889876626,0.9863913572141966,0.9465891999671067,0.8948639806479068,0.8696529780570784,0.9143797276788405,0.6666206009804405,0.7637759719948038,0.8735854262663917,0.589849749783687,0.5411545145482188,0.6855854089784463,0.6780826029144917,0.527171156078087,0.5023565707582663,0.6697981199839094,0.6603636863735868,0.4382094921264361,0.4611284292605241,0.3985857978608678,0.38713826233636833,0.3780519537364944,0.33421083386031947,0.3721388351457838,0.3313452265588895,0.3962124010077561,0.45285647437746496,0.5193557220528934,0.5244642288060214,0.37716210014880563,0.39571471285881515
0.4064484019893681,0.521128142537536,0.4043377666103275,0.7024192679301413,0.7381347051096059,0.41555265927756196,0.4449897975997545,0.3528244663508409,0.4554482270020592,0.27989714950049654,0.5539596574756566,0.5912170435350041,0.5269176871427919,0.45623816166789544,0.48686368109125727,0.5273215405851025,0.6551850541704295,0.5629915189178871,0.5189693996372753,0.4904060927176539,0.5962497111047252,0.5726205675339011,0.519082456230443,0.4589192192606414,0.8983080397750584,0.8813294889876626,0.0,0.9363303798876311,0.8733160030834116,0.794424787109752,0.8606308908511463,0.8687294754358222,0.6280528926849405,0.7198776584643967,0.7977063632243522,0.5309178269656849,0.5467091887474614,0.6115198691942357,0.6296848847166535,0.47044075195334645,0.5068522829974965,0.6541285135120752,0.6213864658309245,0.4210460772895187,0.4572592519345442,0.3933728214330849,0.3863672998281392,0.38182246073575965,0.3413807964749309,0.397413164768219,0.33953883139497143,0.405138629747083,0.45907923872230405,0.5366903627885383,0.5549421303024653,0.3699952457955572,0.38647730475625214
0.43791696624576787,0.42566341826366305,0.3526206923446893,0.641504341277817,0.6683716850075324,0.4217415503117524,0.4788288909142306,0.3728381206261421,0.46829878093141053,0.2973798432026171,0.5880382573209186,0.6091798031129193,0.5352133422091784,0.4567249842702483,0.5119585797105827,0.5542257039468287,0.628252845233388,0.568394614189526,0.5354097846161445,0.5208064659917484,0.6273473632709072,0.5539678297879425,0.5482535948396756,0.4796768937877358,0.8248543429748293,0.9863913572141966,0.9363303798876311,0.0,0.9655162702963972,0.8682628219899076,0.8645651294393376,0.8891282277580775,0.6349667640142687,0.7967367187033866,0.8007166278676507,0.5653749927705976,0.5723509258575497,0.6893225968037068,0.6691705797930757,0.5077492166697641,0.5086809954842363,0.6767878970742865,0.653169936369113,0.43568912508352314,0.47039834572789896,0.41228895085921907,0.39518648836637055,0.3870770284923126,0.35025117398927985,0.39863137346031896,0.34615052380193045,0.4440453361039021,0.481961405614047,0.5496964743348931,0.5561921253561234,0.37992541164056787,0.4003190901729392
0.39696983398860625,0.422106144554139,0.3502478184418139,0.660820919931141,0.6872759671064691,0.3946481121673963,0.44058112362263463,0.35053199162113835,0.44989745569051454,0.27923017892957597,0.5395095618285687,0.5979374881227337,0.5155556204061579,0.44714023387544677,0.4723515502686679,0.5386582826268714,0.5934033431014869,0.5352728229004818,0.4961934607195118,0.47970755332497894,0.5817884246397432,0.5375539670712453,0.5202501787989279,0.4573923443781517,0.7608587866217886,0.9465891999671067,0.8733160030834116,0.9655162702963972,0.0,0.8286039816876779,0.8807909096947367,0.8524134435090631,0.6163743033373563,0.6759276250112233,0.7695151972480051,0.5231667880809266,0.5302270912873797,0.6400493498244234,0.6480623418307334,0.4859043569162044,0.4809915085963798,0.6403876680994167,0.6381234307563771,0.4236911136477853,0.44710254591263143,0.38646884745325744,0.3860121011739247,0.37303730319299905,0.34360002060523875,0.36125781299433096,0.3345239906150147,0.42494271861284966,0.4497328061333768,0.5092253644979418,0.5274990985497545,0.3717819318617039,0.3830189199584591
0.5865412358340149,0.3748961923640399,0.2905945391457864,0.5211013655516898,0.5410980924368325,0.5687748692664061,0.6166570636851625,0.5107250279469221,0.6357442159461528,0.41097627743754866,0.8044156176298367,0.7879688050026243,0.7064035387290566,0.6231649396538835,0.6420897918075651,0.7471331210978512,0.7429378634859528,0.7365017561743156,0.6754251979731135,0.6944106833857148,0.8112901174597691,0.764720527036691,0.7569771123397411,0.6649725888323971,0.7525596108779283,0.8948639806479068,0.794424787109752,0.8682628219899076,0.8286039816876779,0.0,1.0,0.9709694116186601,0.8428139535032855,0.8714794995827547,0.8935336006038257,0.7624502592025311,0.7370065895205025,0.8664237357133077,0.8595305258016155,0.6737391192583162,0.7417748580165571,0.8965006965469556,0.8698236909755716,0.5946797532167176,0.6288537133526024,0.5605856545042578,0.5304447836056824,0.5238560732660804,0.49127303345613127,0.519140124354846,0.46209519779577096,0.5894255044154779,0.6278358365347144,0.7567914854695902,0.7412465724899425,0.5175824320742018,0.5353314789114999
0.5800343322496201,0.3681542611740147,0.29676238211542316,0.5290007649684965,0.5699705387602466,0.5393046448974912,0.5946542610592679,0.47915995336883127,0.6221728222475196,0.40339328059190055,0.7415980134898608,0.729435687274081,0.7091260438096624,0.5858130845353879,0.6606239115328043,0.7099446231337303,0.7208800186926143,0.7136119068827385,0.6938773021204687,0.6643493256487131,0.7349101582930232,0.7797212491811034,0.7481516255816394,0.6278239753024488,0.7704441827756304,0.8696529780570784,0.8606308908511463,0.8645651294393376,0.8807909096947367,1.0,0.0,0.9135706020318511,0.866927495477181,0.8818874673675895,0.9447008146841128,0.710808237762941,0.6977266749927454,0.8223883011186406,0.883647745075043,0.6933465340327593,0.6642814260994172,0.8353262377485018,0.8346797364422842,0.5802372404508477,0.6240033528367247,0.5416335071856063,0.5259859244010373,0.4990868415919847,0.4665009637954744,0.49858446102683956,0.44890735481292565,0.5919716156574029,0.6284103701882259,0.7400646595597078,0.6839364145994942,0.5033088903944754,0.5065195117981797
0.543198201830754,0.4182320346348523,0.3208857183310784,0.5910969666261872,0.5915319104476271,0.5492109370373689,0.5960278166486582,0.46546532545680763,0.5793641222991939,0.40493223371327897,0.7665251536671135,0.8504176012852549,0.7036062762957342,0.590936896877373,0.6103217934712449,0.6921656097895446,0.8255725842740751,0.7439257306158948,0.6355067000350619,0.6481048220828988,0.7028224763831715,0.7268484377167714,0.6885484677594391,0.5979032974783105,0.8876241673335815,0.9143797276788405,0.8687294754358222,0.8891282277580775,0.8524134435090631,0.9709694116186601,0.9135706020318511,0.0,0.7899197037146074,0.9377666181489337,1.0,0.7066550236675269,0.7132142946651995,0.8131796560207422,0.8033154575393066,0.6436864226893807,0.6447965883780303,0.8381761171757057,0.7866748448563945,0.5457412226069278,0.5926268210379942,0.5348742148602581,0.505269406382416,0.4795941855572842,0.4428276144819498,0.49211564821294973,0.41086681692612553,0.5545003563713634,0.6268391514269939,0.7379764691915328,0.7512963211271185,0.48266657451450234,0.5022335755565575
0.8604876198189869,0.3019450719581941,0.22349261863139078,0.37668688553961194,0.3903994497483261,0.8257628774620007,0.9171790202408374,0.6815746696789243,0.8631393788873433,0.6394913399046228,0.943282914658566,0.8470551214350969,0.8804832478283638,0.8103495442531854,0.8324906789840675,0.8861554285615869,0.8133090456217149,0.9358758289142405,0.9426151369530645,0.9721028519713037,0.9164523899825759,1.0,1.0,0.9686987325461439,0.6360412633148989,0.6666206009804405,0.6280528926849405,0.6349667640142687,0.6163743033373563,0.8428139535032855,0.866927495477181,0.7899197037146074,0.0,0.8528737257530211,0.8470760523746277,0.9567672307884072,0.8425824960227295,0.9629112363313654,1.0,0.9769368283984889,0.9483047122945714,0.9400190780024243,1.0,0.8806898963772994,0.8792768565640322,0.8353632745797589,0.7970509456176116,0.7880207096865106,0.7153188889238953,0.8131311208404541,0.6669046517639466,0.8158767332884338,0.8666451446427674,0.9578939649507268,0.9059681897083267,0.8476131011756026,0.844617810982801
0.7130193640474539,0.3342639393173068,0.2568702836751342,0.45365531858593516,0.4476685785884142,0.6005887141953853,0.6944997831610137,0.5224058116636714,0.7195143132164901,0.47564401556993374,0.8296098661080996,0.7825920724202445,0.7588763908089101,0.6342494623244107,0.6706899459504847,0.7707203149336811,0.7495979488197585,0.7688399018003161,0.7008309991052429,0.7275522558548575,0.7550993959482398,0.7945443207439805,0.7609482358645677,0.7031286159412943,0.714565127549295,0.7637759719948038,0.7198776584643967,0.7967367187033866,0.6759276250112233,0.8714794995827547,0.8818874673675895,0.9377666181489337,0.8528737257530211,0.0,0.8954495051703266,0.839800692260901,0.7554124011113622,0.8560607423691948,0.8975005779076681,0.7240360015770909,0.7344132419309394,0.8752079650036455,0.874686900213128,0.6235135801912564,0.648352473108076,0.5872637949666868,0.5964161185387972,0.5722116266060787,0.5066294389475867,0.5794895574771931,0.47087045065254624,0.5926957453687568,0.7000031162943573,0.7654531028680838,0.7206935024198254,0.5390426870593431,0.6113962148823205
0.6179304297398723,0.41398035215121726,0.3117985934428213,0.5850045603494662,0.5346531559487095,0.5704520550225757,0.6389351415008535,0.49531517536550446,0.654238954041158,0.42193450953052924,0.8018142731200436,0.8275096330831658,0.7518936206684395,0.6618413195762289,0.6589088907693933,0.7373280295442454,0.8428265534146268,0.7825431065803382,0.6764777872032114,0.7088011001743936,0.8049913622251065,0.7995169668151586,0.7496272094499175,0.6611319921827777,0.8432392710780002,0.8735854262663917,0.7977063632243522,0.8007166278676507,0.7695151972480051,0.8935336006038257,0.9447008146841128,1.0,0.8470760523746277,0.8954495051703266,0.0,0.8297348733372011,0.7369203941979765,0.8218865748467185,0.8592746781684398,0.6984123145511053,0.7257183874138351,0.8336771436090823,0.9100133247866106,0.6042761474939492,0.6229617236334487,0.5709059183676648,0.5471156453205271,0.5295880715472092,0.5033729527384978,0.5521319669495289,0.4575737990634969,0.5754857801167551,0.683865624190691,0.8217062539735537,0.7402583684586398,0.52030243633274,0.5391459508930545
0.8977943141439738,0.2591837777346351,0.19483086634074942,0.3250685035268049,0.3252760450974328,0.6962190740344513,0.7705033697689957,0.6450660492025649,0.7983763948272016,0.6482294898539399,0.8918310240252747,0.7657860929163249,0.832380931040974,0.7235396649290015,0.7392673534454476,0.8196304879768788,0.7029255478585299,0.8133110464411252,0.7304748539050752,0.8616318475154517,0.7768055994039225,0.9207739384251697,0.9320347554881637,0.8228956269149903,0.5493531862078698,0.589849749783687,0.5309178269656849,0.5653749927705976,0.5231667880809266,0.7624502592025311,0.710808237762941,0.7066550236675269,0.9567672307884072,0.839800692260901,0.8297348733372011,0.0,0.7937833533544874,0.8502937841496035,0.9539112019732406,0.855740994443516,1.0,0.9099481109886032,0.9670900672122958,0.7827066606045248,0.7825982965314072,0.7364111528906899,0.7204119672706941,0.6500477817910597,0.6623607817130983,0.7059167371248325,0.5918810364932914,0.6624765643944438,0.80219105117268,0.886065682120171,0.7625106953833068,0.7149478523199418,0.7040665254404285
