Cingulate area 2,Glomerular layer of the accessory olfactory bulb,Glomerular layer of the olfactory bulb,"Olfactory bulb, unspecified",Frontal association cortex,Cornu ammonis 3,Dentate gyrus,Cornu ammonis 2,Cornu ammonis 1,Fasciola cinereum,Subiculum,Postrhinal cortex,Presubiculum,Parasubiculum,Perirhinal area 35,Perirhinal area 36,Medial entorhinal cortex,Lateral entorhinal cortex,Primary auditory area,"Secondary auditory area, dorsal part","Secondary auditory area, ventral part","Piriform cortex, layer 1","Piriform cortex, layer 2","Piriform cortex, layer 3",Ventrolateral orbital area,Lateral orbital area,Ventral orbital area,Medial orbital area,Dorsolateral orbital area,Prelimbic area,Secondary motor area,Frontal association area 3,Primary motor area,"Agranular insular cortex, ventral area",Agranular insular cortex dorsal area,Cingulate area 1,Infralimbic area,Dysgranular insular cortex,Granular insular cortex,"Primary somatosensory area, forelimb representation","Primary somatosensory area, dysgranular zone","Primary somatosensory area, face representation",Secondary somatosensory area,"Primary somatosensory area, hindlimb representation","Agranular insular cortex, posterior area","Primary somatosensory area, barrel field",Retrosplenial dysgranular area,"Primary somatosensory area, trunk representation",Retrosplenial granular area,"Parietal association cortex, lateral area","Parietal association cortex, medial area","Parietal association cortex, posterior area",Primary visual area,"Secondary visual area, lateral part",Temporal association cortex,"Secondary visual area, medial part",Nucleus of the lateral olfactory tract
0.0,0.4976649532332242,0.3000496369718337,0.40740863358964924,0.38531456933338487,0.7605626678401329,0.8472704196323301,0.8652673531731273,0.8045527037153185,0.7710307592667554,0.8021167806224797,0.653818564236632,0.675848178599892,0.5928381834264717,0.7583595440182074,0.6593981550350493,0.6368308244686278,0.7130582811487223,0.6894730551066094,0.7440029593683656,0.6405969374872755,0.9209439264608273,0.9045890569020263,0.8737212001534265,0.6223037699044609,0.6152795820310718,0.6926416157804616,0.6524209369550047,0.5445908005415063,0.7944364722386195,0.7695616459440869,0.8214811707642179,0.8584954952354313,0.754452271441746,0.8493197876266517,0.8921652329534628,0.7105612756233252,0.8643820580764094,0.7934242998082824,0.80560590351791,0.8671829111434667,0.8414294500179631,0.8505025718812562,0.8550552964549344,0.7697585807867589,0.8126230183767379,0.8393020926037411,0.7394616545111,0.8321946025083186,0.7821513172066233,0.7745835326468006,0.7342597480274261,0.7563456645052165,0.7498307675551303,0.6907379039236224,0.7475976004549026,0.7363922566018912
0.4976649532332242,0.0,0.6257483855985861,0.8761306777990098,0.8520589918286968,0.6173036388124786,0.5885953585378795,0.5911167757266113,0.6867412053356413,0.5794634455787558,0.6381934344453272,0.7843716248117433,0.6250648613225295,0.7609648682813823,0.7507097115853457,0.8050150915724504,0.7611273424707704,0.8722667925742852,0.8150700618649114,0.8306654350601558,0.858867278828815,0.654867875018572,0.628924188797589,0.5591498664614502,0.8400921891700636,0.8900000528631358,0.7991993302294493,0.838181480903524,0.9431733954975688,0.6693099646559068,0.8189861722921674,0.4798163364343371,0.5926291534747932,0.5613109870563885,0.5254387551747421,0.5067076283634727,0.6398704499036101,0.6599261338696155,0.619529948773106,0.4220744737606305,0.4454909566468577,0.4812363790604944,0.6372153432056441,0.5377536065972638,0.6483313176495812,0.5954927011297787,0.6332032846387914,0.618721798176361,0.6232273204282051,0.49029104027863385,0.6046332330512603,0.49802410913525264,0.6347262098347557,0.6822045520293948,0.8149510625439469,0.5892900959615487,0.49232847642831346
0.3000496369718337,0.6257483855985861,0.0,0.8464090054052185,0.5691514741236869,0.3870255264429795,0.3635975670204166,0.34646327164273355,0.41206577382466586,0.38535063194113434,0.3685181455937376,0.5043469399707294,0.40068725763340524,0.5827276601036108,0.4215711757206527,0.47230089399116915,0.5509524499241939,0.4802345897883436,0.48154902099468094,0.45688179011352364,0.5164478933373651,0.34241432642788033,0.336132372620092,0.3157444963441869,0.447344277874399,0.4721290383033897,0.43851564129624454,0.4744432103239749,0.5542226565084954,0.37936404940574653,0.42939517817027617,0.2626242685240931,0.3061043868617897,0.290169543421168,0.28579211982619734,0.26960312665989833,0.35938112499548597,0.36461438174007277,0.3490131852018633,0.22921164402682612,0.24739420114040817,0.2595376099823461,0.3607038185537739,0.3044849128279375,0.365875347271392,0.335362834247195,0.3611506105021279,0.33020624867662474,0.34107692828484,0.2927697943635255,0.3327936197628494,0.28247295740017303,0.39326718656832843,0.4146392676232379,0.45845949785111517,0.3264169268943191,0.29211717367910417
0.40740863358964924,0.8761306777990098,0.8464090054052185,0.0,0.8088919083049293,0.5355857388659991,0.481207747848091,0.47840736652106675,0.5738944510087443,0.5189817863625427,0.5198054541040604,0.6814476681374635,0.5207610114023755,0.7421683448174875,0.6172017112307072,0.7055334754391799,0.7082147280290216,0.6956409445205908,0.6939693650296582,0.6522649517324555,0.7395348459976098,0.49258154018562184,0.48117805531587987,0.4472490487943042,0.6552711001961103,0.6763977410868105,0.6779718770384061,0.6992021792433393,0.7976454380697542,0.5877901723562835,0.6543435233017759,0.36458251017405785,0.45339948357314624,0.4178925417837685,0.40675423871681887,0.37889134647079253,0.5124841388620041,0.5266714209024791,0.5058701891147351,0.3258947116729491,0.3419891352900724,0.36004233138878394,0.5295353325033887,0.4096946551012693,0.5163778752883077,0.47375132319023844,0.5155330254013486,0.4989713965648252,0.492249698155471,0.38103168309797264,0.46482046103150065,0.3884107836657459,0.5178767225520431,0.5751917409864576,0.6368709932054968,0.47886367317120476,0.38208559996426705
0.38531456933338487,0.8520589918286968,0.5691514741236869,0.8088919083049293,0.0,0.45644379165992754,0.42568142599768627,0.44570229655913496,0.4993070525060133,0.4303229752325394,0.48898781894651827,0.6192032713107221,0.4573770798324558,0.5518123111432606,0.5344688947943959,0.5864389989624404,0.5905088114364652,0.6126337831421352,0.5618133116807644,0.5950858448719211,0.6298885821405437,0.49503502075047406,0.4912944207904536,0.435894901717623,0.7385656871442111,0.7240024315647292,0.7257661006175977,0.7100697248024385,0.730562562472253,0.5377595729431077,0.6749402779359018,0.3573593154493425,0.4665245256356092,0.45386800842155267,0.4095900548203919,0.38670886521172826,0.47130633628275626,0.517636281842443,0.4877588926228885,0.3469795595018998,0.34452992729676474,0.3628171299365099,0.5072830304544311,0.413318998837496,0.5012523760195825,0.4483506382525637,0.5293210780377178,0.5231387734723492,0.4851463115011277,0.36162788245204136,0.4809547850759296,0.392623066766695,0.46207327037393536,0.5191959910572744,0.6139210589184609,0.4866245410553339,0.3816258228167435
0.7605626678401329,0.6173036388124786,0.3870255264429795,0.5355857388659991,0.45644379165992754,0.0,0.9905087861652861,0.9552128882974412,0.9385808280347419,0.8755921702519932,0.9520207211562778,0.8847539975064197,1.0,0.8011969490951899,0.8899657494504812,0.7594306786423453,0.863350429487581,0.9045477876882816,0.8595133671766529,0.8859048044264441,0.8321864541312362,0.8379819004621489,0.8388708528910562,0.8363437101861111,0.6238341583981357,0.6426735927006538,0.7166604391150522,0.6981582548040977,0.546429531131009,0.792801753562631,0.7490441602459892,0.7536517071290332,0.8217194192429725,0.709311599942747,0.8024819969491644,0.8241217499448857,0.8053310771418318,0.9286412437177468,0.8317487855073393,0.6770925091319934,0.7216121437305322,0.7960502284272785,0.8705069873986522,0.8466988483929818,0.8652931007577647,0.8859504783263428,0.8822490938654586,0.8001316960237564,0.9475240174050726,0.9171405601104872,0.8779578061222703,0.8225041935398955,0.9932429660591843,0.976595295339433,0.8579699445398608,0.9122537698603735,0.9586981639870497
0.8472704196323301,0.5885953585378795,0.3635975670204166,0.481207747848091,0.42568142599768627,0.9905087861652861,0.0,0.981895062888141,0.9753268416534007,0.8809828430910368,0.9227384039778506,0.8131524642159694,0.9490274831844429,0.7386784497925587,0.8958746143554922,0.7742621385311264,0.7789504600219951,0.8653971842940918,0.8259622413039363,0.9058851004428176,0.7531468705292749,0.8310985540851146,0.8980568347839891,0.8740041303244279,0.6454912531481625,0.6555035976362924,0.6728387159396487,0.6493715162930772,0.5358788237870452,0.7862573612649119,0.7713593299410437,0.7892966956269348,0.8609390271446258,0.7083465415673402,0.8446985905284149,0.8720054059958898,0.7839575188263588,0.9577437538918657,0.8273162833053274,0.731231186330971,0.7574240347361147,0.8715191833615613,0.8401635097953808,0.8808010757784959,0.8642151718134264,0.904861874628406,0.9202029403204273,0.7935703662375617,0.9768697283079539,0.9859842321118182,0.85857085084075,0.8503012177722931,0.9316753726919951,0.9663071515722487,0.8672546261834584,0.897730694908574,0.948273183139649
0.8652673531731273,0.5911167757266113,0.34646327164273355,0.47840736652106675,0.44570229655913496,0.9552128882974412,0.981895062888141,0.0,0.9130127810804491,0.880822802865899,0.9046442720455327,0.7832048474236825,0.920766277647411,0.7228083348146043,0.8974935269390826,0.7770134803067763,0.7382590450021794,0.8901104336509482,0.8879708714590012,0.8986235784724133,0.8019491006354476,0.8315494603751566,0.8869927449353339,0.8507679216797506,0.6676068896780722,0.7093885814990121,0.7025954886432375,0.7115149302304501,0.5628300654628916,0.8309712213119527,0.7191462946622101,0.7894274101324009,0.8784490207688533,0.7431147339801287,0.8477212096720199,0.8392579548280752,0.8364997707291238,0.9246090234520251,0.8729262660288511,0.7443053427777189,0.8042918064570462,0.7915253372069034,0.8982096338483614,0.8503186194403477,0.8554567185895152,0.8800137601358554,0.8713472401716715,0.7956147138051965,0.9194116131412177,0.9186606081786615,0.8875059901411388,0.8167536557546324,0.8848606162908116,0.8813908544294293,0.848708183058411,0.8710861404177885,0.904992700323138
0.8045527037153185,0.6867412053356413,0.41206577382466586,0.5738944510087443,0.4993070525060133,0.9385808280347419,0.9753268416534007,0.9130127810804491,0.0,0.9287768245661884,0.9498106037524494,0.8701169423249022,0.9296871761687114,0.7634208369893432,0.8956726767523181,0.8343154668530451,0.8277295975866719,0.9695970497090798,0.9170054811112905,1.0,0.9202426533722691,0.8731990901936725,0.9409761520805561,0.8671113903012844,0.7081688380134826,0.7312956609926085,0.7691276209565326,0.7454560700518352,0.6409420414612834,0.8740835728566714,0.8476420845443174,0.8206585524643831,0.8575966294037066,0.7600792333639679,0.8521581377651132,0.8367277043031224,0.813922326013782,0.9707027925302405,0.8577905167324308,0.7000703476193407,0.7603157534304705,0.7851479820547451,0.9263188249419133,0.9247653781100205,0.9099848053469911,0.9084575209741248,1.0,0.8463967473217587,0.9301311482480302,0.8013707522570551,0.85092732894996,0.7814051221261764,0.9274496528376961,0.9862892397325789,0.8414005450888921,0.9170273252995167,0.8071684516230405
0.7710307592667554,0.5794634455787558,0.38535063194113434,0.5189817863625427,0.4303229752325394,0.8755921702519932,0.8809828430910368,0.880822802865899,0.9287768245661884,0.0,0.8248818595265605,0.6953320730526191,0.8126452727752225,0.6857852464305727,0.8527030595125139,0.7372437485153793,0.7191302040256389,0.8567741218648722,0.8003208981436177,0.8487415955828789,0.7750960661798921,0.8398718647280649,0.8939571319091372,0.8535767010187923,0.6299729055981471,0.6710956304429249,0.6625631361423048,0.6379310969004773,0.5596520378403953,0.8081714894273793,0.7679080788309263,0.6752198484441009,0.7910297366877866,0.7050425064333836,0.7991913721695284,0.7489628342954597,0.7166208398671466,0.8786156986456847,0.8146288192893807,0.6718312070459511,0.6811629834696284,0.7195841641903806,0.8488928097840698,0.794776660336808,0.8907879662301948,0.8736334017230167,0.8076326767516914,0.7309809358124166,0.8372430086047801,0.7250031733817695,0.8011895475134271,0.7163082459706512,0.8098441673361754,0.7605849390481653,0.7352198991840281,0.7763016092009255,0.7427031348153434
0.8021167806224797,0.6381934344453272,0.3685181455937376,0.5198054541040604,0.48898781894651827,0.9520207211562778,0.9227384039778506,0.9046442720455327,0.9498106037524494,0.8248818595265605,0.0,0.8696076071728699,0.8899461610995425,0.7516586908998827,0.8675189546440104,0.8029628193390053,0.8496584471125687,0.9553047429075763,0.8834440915421103,0.892860877067887,0.8282654402527961,0.8416063702009395,0.8781596184665901,0.9105562317865991,0.7055371836667352,0.7152908221988731,0.7564323354766977,0.7352325949552567,0.6038888798747909,0.8290765857587155,0.8187237315268507,0.7819666011616525,0.9025223845203882,0.7715354459542892,0.8994868330858495,0.8180355187878662,0.8612855473915798,0.982357662596601,0.8651711131667538,0.7377448811110809,0.7861825188534397,0.8498018018998854,0.855834588812701,0.9836944624588679,0.8948840792492139,0.8933304027562471,0.8882097561603609,0.8258661071041925,0.922179905403331,0.86334461740792,0.8906120139388112,0.8279154677758093,0.9580168058727665,0.9014447722606888,0.8928027665671703,0.9043879816354589,0.8796117860914129
0.653818564236632,0.7843716248117433,0.5043469399707294,0.6814476681374635,0.6192032713107221,0.8847539975064197,0.8131524642159694,0.7832048474236825,0.8701169423249022,0.6953320730526191,0.8696076071728699,0.0,0.8654180041024109,0.9459085488767079,0.8431505837850284,0.8042162716440201,0.9660869733019938,0.9869266430416569,0.9485216423886292,0.9359835364227331,0.8978774784027571,0.7519392153304764,0.7589376380008748,0.7111037562718531,0.7625920621172839,0.7911718397481746,0.8226738995578112,0.7904127180483549,0.7116929756643585,0.8280414628874605,0.7922696266085021,0.6229349462106006,0.7368060655656792,0.6228238486744001,0.674271088893203,0.6432334696066107,0.7855887494011249,0.851822035627944,0.7900953587757666,0.5422477804764245,0.5893358572587849,0.6003380937106845,0.7489151244827189,0.7197946600007988,0.8296764921552469,0.7444732284321119,0.7784524048031877,0.7512764921334074,0.7688085905050107,0.7066756990928618,0.7582780857471452,0.7330434496222535,0.8536790178010614,0.9218562923347444,0.9446511147362635,0.7726073166868284,0.7119164310422059
0.675848178599892,0.6250648613225295,0.40068725763340524,0.5207610114023755,0.4573770798324558,1.0,0.9490274831844429,0.920766277647411,0.9296871761687114,0.8126452727752225,0.8899461610995425,0.8654180041024109,0.0,0.822135478428649,0.8975348667338187,0.7771222951641585,0.8193359599814161,0.9575755284413473,0.8924120080581288,0.9271376570339728,0.8343287227544965,0.7813170606369438,0.7730034760126804,0.7751327284946823,0.6753402486816937,0.6458418860233365,0.662119983348593,0.6348804371645317,0.5856028156003543,0.7793868080572299,0.7235083467683097,0.7767515580714734,0.7800831983190115,0.6265830487484929,0.7668327701371261,0.7419130555453737,0.8544218577432314,0.8876963665775661,0.7940304140666324,0.620629060380377,0.7075293700198845,0.7096554264389335,0.8510867830943625,0.8229251783308943,0.8627916456175746,0.8154995027169781,0.8310080558584404,0.7709448978229889,0.8817613875383761,0.9064630445170541,0.8163195949695238,0.8713234167298659,0.9506275775359031,0.9518853866411572,0.9401904621342291,0.8466719809675303,0.8541288219685708
0.5928381834264717,0.7609648682813823,0.5827276601036108,0.7421683448174875,0.5518123111432606,0.8011969490951899,0.7386784497925587,0.7228083348146043,0.7634208369893432,0.6857852464305727,0.7516586908998827,0.9459085488767079,0.822135478428649,0.0,0.7800482884013771,0.7812709267117707,0.9815824094236388,0.9801287511016884,0.8564049158115915,0.81434937385325,0.874300427242777,0.6387300240681512,0.623740098236236,0.5704856339078951,0.662109331316121,0.6913216668419838,0.663560651502047,0.6942015109496065,0.7240248641972784,0.6720505615549199,0.6855202022253065,0.5797968135222311,0.586436919202151,0.5474510900075663,0.5717462172333482,0.546202670513029,0.7651386677533318,0.692410979535167,0.6517320571983837,0.47095305784147096,0.5095373532548932,0.541629217695821,0.6588689592748915,0.6267671015093852,0.6633171071365135,0.6304841341553307,0.6686994840630548,0.5785491534061747,0.6279839589922227,0.6627532162299647,0.6216218569777624,0.6131220956252011,0.8231213461281938,0.8576469513200602,0.8905452340151955,0.6258017756938723,0.6784872963969587
0.7583595440182074,0.7507097115853457,0.4215711757206527,0.6172017112307072,0.5344688947943959,0.8899657494504812,0.8958746143554922,0.8974935269390826,0.8956726767523181,0.8527030595125139,0.8675189546440104,0.8431505837850284,0.8975348667338187,0.7800482884013771,0.0,0.9513205484757512,0.8052097792624271,0.9465305652742197,0.9048326905818901,0.9487489772066048,0.9438166287434196,0.9047580722352425,0.8952643271849557,0.8053056154802317,0.8196582919302162,0.8262311678443701,0.8198037537790828,0.8418475099999821,0.7470305889352471,0.9125470671538632,0.9329332027787788,0.7249858951145494,0.8427166266615732,0.7669604399376311,0.7372960399144491,0.7322456050032203,0.7944411513577223,0.9720442194349929,0.9367838672813547,0.6527386966497493,0.6971102269986917,0.7019297780891983,0.9470187245010124,0.786588830410717,0.9287994066348736,0.8063396219271446,0.8767318636790004,0.8167538624600866,0.8592623723431284,0.7523461021114765,0.7789677027725666,0.7698121395293661,0.8233187125509762,0.8768835574892977,0.9851550502233312,0.7698166323629676,0.7470867127364944
0.6593981550350493,0.8050150915724504,0.47230089399116915,0.7055334754391799,0.5864389989624404,0.7594306786423453,0.7742621385311264,0.7770134803067763,0.8343154668530451,0.7372437485153793,0.8029628193390053,0.8042162716440201,0.7771222951641585,0.7812709267117707,0.9513205484757512,0.0,0.7789287105777883,0.9662649960107288,0.9562429981412355,0.9434758872158217,0.9565854005501143,0.7988098752511896,0.7899103416069992,0.7330770062749906,0.9082704857314926,0.9500479980928839,0.8746895140419951,0.8342126508161023,0.8207054236968587,0.896578929772159,0.9314819420216611,0.6425033359018902,0.7691079216374801,0.6862986649365294,0.704469523167573,0.6650607315369529,0.7474530419394936,0.8183604835049114,0.855247197766913,0.5672146864149812,0.5981909828924936,0.6039440216455301,0.8329762661876906,0.6585425725154905,0.8583181171601747,0.760501894643438,0.7594240277157801,0.7864670155304732,0.762924341748678,0.6468256456358241,0.7327283239940533,0.7033294591552639,0.7617067020518867,0.8083899551986694,0.9970387400509354,0.7140802583622523,0.6295556349027245
0.6368308244686278,0.7611273424707704,0.5509524499241939,0.7082147280290216,0.5905088114364652,0.863350429487581,0.7789504600219951,0.7382590450021794,0.8277295975866719,0.7191302040256389,0.8496584471125687,0.9660869733019938,0.8193359599814161,0.9815824094236388,0.8052097792624271,0.7789287105777883,0.0,0.9626724875429384,0.8788116773006704,0.8380483103039473,0.8519749217102218,0.6609399451547495,0.6304454549152007,0.6259620520122253,0.6867878832858058,0.7025056849478201,0.6736705711520677,0.7706721885528606,0.6820834213814677,0.6961013574200013,0.7583613455316642,0.5783918166558393,0.6052718789825227,0.5456095108749268,0.6105305703224743,0.5871389041661078,0.7750874502768154,0.7383843117771218,0.674975273565956,0.5044560750424455,0.5273423417337794,0.5550590254205093,0.6561847941563939,0.6653019808089532,0.6529079544203898,0.686901758015543,0.737251343222802,0.6246413179353778,0.6821754718476247,0.6524811988683575,0.680107601719137,0.633343516303791,0.8772092575062092,0.8398886072174588,0.8659167747239305,0.6636253463398427,0.6433400348917742
0.7130582811487223,0.8722667925742852,0.4802345897883436,0.6956409445205908,0.6126337831421352,0.9045477876882816,0.8653971842940918,0.8901104336509482,0.9695970497090798,0.8567741218648722,0.9553047429075763,0.9869266430416569,0.9575755284413473,0.9801287511016884,0.9465305652742197,0.9662649960107288,0.9626724875429384,0.0,1.0,0.9885634156559185,0.9615820090740295,0.8459403846645908,0.8480329377932728,0.8388069996979467,0.8054247954523486,0.8671345849249601,0.8198928315428939,0.8089200174844958,0.7645127472006168,0.8392791442012901,0.9437208688378128,0.7212035481567234,0.80853539508993,0.6784119589496322,0.723826973353887,0.7466791034675963,0.8399100831945538,0.8875488137593942,0.8438587339148349,0.6059234708195376,0.6322962346487234,0.6456792197493254,0.8652760730005133,0.7827016226634574,0.8873922759393587,0.8401946779447937,0.892297740584371,0.8032157397345316,0.8349048750682894,0.7465717648714811,0.8278574797912688,0.7955117674993802,0.8902054464467153,0.9342519301602599,0.9978755493610538,0.8024324318517347,0.7834956873060613
0.6894730551066094,0.8150700618649114,0.48154902099468094,0.6939693650296582,0.5618133116807644,0.8595133671766529,0.8259622413039363,0.8879708714590012,0.9170054811112905,0.8003208981436177,0.8834440915421103,0.9485216423886292,0.8924120080581288,0.8564049158115915,0.9048326905818901,0.9562429981412355,0.8788116773006704,1.0,0.0,0.947043232201714,0.9975766666016095,0.7917921962055146,0.838570195030952,0.7872216300793488,0.8385522511699532,0.8003848331580751,0.8339581759118456,0.846474247966217,0.7348070842331422,0.8504728870335921,0.8533487116731818,0.6585642702545432,0.7344665904445759,0.6505947680052709,0.7166398381738431,0.6896157646429862,0.7479966246558594,0.9230645423999565,0.7883640081986477,0.5745261387944732,0.6066538736750735,0.6432637646034051,0.8216948542330968,0.733695976570211,0.8715044073880187,0.8111813059584806,0.8901560757910346,0.7959055236905339,0.8179123060898756,0.6974006051008654,0.8192998139128863,0.6962075041400356,0.8301526908069679,0.8980817693323838,0.9427375935330056,0.7929115819661636,0.6751922779044727
0.7440029593683656,0.8306654350601558,0.45688179011352364,0.6522649517324555,0.5950858448719211,0.8859048044264441,0.9058851004428176,0.8986235784724133,1.0,0.8487415955828789,0.892860877067887,0.9359835364227331,0.9271376570339728,0.81434937385325,0.9487489772066048,0.9434758872158217,0.8380483103039473,0.9885634156559185,0.947043232201714,0.0,0.9338270325309693,0.9386292925796382,0.9195104400855455,0.8825064784684381,0.8441086441786861,0.9413086295673898,0.8913486292077478,0.8883834846502818,0.7978986664584984,0.9413982301210568,0.9778455523581262,0.7063988820428483,0.8863206536016365,0.7581885389485723,0.8348316552691939,0.7625981392426615,0.7956438863804338,1.0,0.914009221703869,0.6860618162030242,0.7148115480189404,0.7252303909825402,0.9344413151477876,0.8283729324145283,0.9903238115557362,0.8838798848948655,0.9030798803313926,0.9057688416628744,0.9549102876897047,0.783219075399266,0.9319745936210406,0.8073709859208783,0.9500682097734378,0.917903931499141,1.0,0.8991028651409944,0.7646000053428773
0.6405969374872755,0.858867278828815,0.5164478933373651,0.7395348459976098,0.6298885821405437,0.8321864541312362,0.7531468705292749,0.8019491006354476,0.9202426533722691,0.7750960661798921,0.8282654402527961,0.8978774784027571,0.8343287227544965,0.874300427242777,0.9438166287434196,0.9565854005501143,0.8519749217102218,0.9615820090740295,0.9975766666016095,0.9338270325309693,0.0,0.7783809749458317,0.7715928701957362,0.7327156219583145,0.8637889998409836,0.8657921950993946,0.7992018027189124,0.8638157284329719,0.7987161327444461,0.833747167432321,0.9037569091792916,0.589975599558263,0.7010479415785612,0.6193445992441609,0.672581053198572,0.6371927662870518,0.7264485605301313,0.8983383927209853,0.8041327426234406,0.5363712051455884,0.5561951188093628,0.5670195058150432,0.8274131094638575,0.675354351154876,0.8459323291845864,0.7380330830039062,0.790786211149896,0.747962733587646,0.7725387877583304,0.6397347310569276,0.7851211274515121,0.6632831455437482,0.7816962405928622,0.9074136630838302,0.9541292097832235,0.7785269190863727,0.6524156346512386
0.9209439264608273,0.654867875018572,0.34241432642788033,0.49258154018562184,0.49503502075047406,0.8379819004621489,0.8310985540851146,0.8315494603751566,0.8731990901936725,0.8398718647280649,0.8416063702009395,0.7519392153304764,0.7813170606369438,0.6387300240681512,0.9047580722352425,0.7988098752511896,0.6609399451547495,0.8459403846645908,0.7917921962055146,0.9386292925796382,0.7783809749458317,0.0,1.0,0.9528705514879883,0.8004086893545941,0.8208973788213205,0.8195618237542415,0.7396558862900345,0.6730996838943227,0.9738841787460433,0.9004725267789494,0.8266249795351874,0.9271884084464996,0.9097892552546744,0.9528360989844746,0.95416191921925,0.8218945269479148,0.9972848003233807,0.9285209924340203,0.8920124168281255,0.8647667178681927,0.9628825385177009,0.983952690571354,0.8464542791255469,0.9930082417493569,0.9847100620749234,0.8736660208616533,0.8790612696440556,0.9082493276152853,0.7924596160485571,0.9089046982131151,0.820739839638462,0.7948788726532671,0.8168464032743709,0.792979611958622,0.9720515552026757,0.8383163908032201
0.9045890569020263,0.628924188797589,0.336132372620092,0.48117805531587987,0.4912944207904536,0.8388708528910562,0.8980568347839891,0.8869927449353339,0.9409761520805561,0.8939571319091372,0.8781596184665901,0.7589376380008748,0.7730034760126804,0.623740098236236,0.8952643271849557,0.7899103416069992,0.6304454549152007,0.8480329377932728,0.838570195030952,0.9195104400855455,0.7715928701957362,1.0,0.0,0.9915320353805804,0.7928169238604,0.8024806865978656,0.8194377085248,0.7589843736677313,0.6496387448077721,0.9998580927185672,0.9011612871561477,0.9393055392830082,1.0,0.9850969243887301,1.0,0.9730462292127721,0.7900919019126483,1.0,0.9673213721040892,0.8514797821448037,0.8926507327221774,0.8895884126029584,0.998223453562437,0.8713832378269128,1.0,0.9682274973901703,0.9985895608856206,0.8856024960676521,1.0,0.834414009556495,0.9158672396361417,0.8632473988691773,0.7989597104586906,0.8478314270046656,0.7947305642774689,0.9640359565912067,0.8110971599267793
0.8737212001534265,0.5591498664614502,0.3157444963441869,0.4472490487943042,0.435894901717623,0.8363437101861111,0.8740041303244279,0.8507679216797506,0.8671113903012844,0.8535767010187923,0.9105562317865991,0.7111037562718531,0.7751327284946823,0.5704856339078951,0.8053056154802317,0.7330770062749906,0.6259620520122253,0.8388069996979467,0.7872216300793488,0.8825064784684381,0.7327156219583145,0.9528705514879883,0.9915320353805804,0.0,0.7017896359478828,0.7222311480589542,0.7270452283219895,0.6896715111746575,0.5703770041233074,0.934508861949642,0.8091046987266045,0.8343473276159105,0.9587405339732844,0.8678043087697853,0.9730803675357225,0.9782577277715984,0.7574593538218022,0.9536091140675453,0.9609039465537108,0.8567519136061729,0.8685765272716532,0.8562004778608301,0.9714208417994303,0.955222044006921,0.9139452653118432,0.9408952017276913,0.9185906503927657,0.9009718446095722,0.9451804846790159,0.8249179618695935,0.8936873119139923,0.8981660180852683,0.7473963877810564,0.8104909045179373,0.7641102035001534,0.9415787538130386,0.8598965129858932
0.6223037699044609,0.8400921891700636,0.447344277874399,0.6552711001961103,0.7385656871442111,0.6238341583981357,0.6454912531481625,0.6676068896780722,0.7081688380134826,0.6299729055981471,0.7055371836667352,0.7625920621172839,0.6753402486816937,0.662109331316121,0.8196582919302162,0.9082704857314926,0.6867878832858058,0.8054247954523486,0.8385522511699532,0.8441086441786861,0.8637889998409836,0.8004086893545941,0.7928169238604,0.7017896359478828,0.0,0.9264808051112514,0.9509422363929267,0.9716566423630751,0.9130997470595699,0.8475660152469696,0.997801489365635,0.5957319415979998,0.760838725863607,0.7230462653542993,0.6660135228545121,0.624053733912811,0.6951209575665972,0.8466097185019262,0.7819868883615035,0.5676278403889378,0.567905268238384,0.5950669842049984,0.8092876391274707,0.6307251900571748,0.8302693485969695,0.7242218941372688,0.6823021224978395,0.7748882058902354,0.7335598125729291,0.5519973752778392,0.6936488466527488,0.6174872788083955,0.6594299739788974,0.7196814029800149,0.8219040025422863,0.6752889749519082,0.5537695179425484
0.6152795820310718,0.8900000528631358,0.4721290383033897,0.6763977410868105,0.7240024315647292,0.6426735927006538,0.6555035976362924,0.7093885814990121,0.7312956609926085,0.6710956304429249,0.7152908221988731,0.7911718397481746,0.6458418860233365,0.6913216668419838,0.8262311678443701,0.9500479980928839,0.7025056849478201,0.8671345849249601,0.8003848331580751,0.9413086295673898,0.8657921950993946,0.8208973788213205,0.8024806865978656,0.7222311480589542,0.9264808051112514,0.0,0.9136294395153173,0.9283526619970646,0.9631787581699096,0.9087890612223345,0.9680129266386391,0.5916323063592948,0.7607568315600008,0.7149446338028174,0.697518351408329,0.6335076607387737,0.7108641461862991,0.8726724152799962,0.8056736748193624,0.5897401312723495,0.6055148708721743,0.5946223632875149,0.8367054521739752,0.6359095757393871,0.8575033933169112,0.8093333503036255,0.7479975726658924,0.7630543918250214,0.7370498420101012,0.5831686371436201,0.7119797302263661,0.6333063659542214,0.6715057418400162,0.7645833084481675,0.8321265649831019,0.7276616166678749,0.5891988919320171
0.6926416157804616,0.7991993302294493,0.43851564129624454,0.6779718770384061,0.7257661006175977,0.7166604391150522,0.6728387159396487,0.7025954886432375,0.7691276209565326,0.6625631361423048,0.7564323354766977,0.8226738995578112,0.662119983348593,0.663560651502047,0.8198037537790828,0.8746895140419951,0.6736705711520677,0.8198928315428939,0.8339581759118456,0.8913486292077478,0.7992018027189124,0.8195618237542415,0.8194377085248,0.7270452283219895,0.9509422363929267,0.9136294395153173,0.0,0.9746164511457568,0.8041703030197871,0.81898530686103,0.9081041297661383,0.590997146098336,0.7843295172495541,0.7089665760889899,0.6686760685327318,0.6411572202207952,0.6489224413749022,0.9047083807316707,0.8071547565855471,0.5723472863174724,0.6116100925501229,0.614787296121346,0.7784564114779954,0.6655427954597727,0.7859733043236973,0.7585557908090567,0.7719805362301672,0.7973206699089251,0.7835852891551695,0.5748083252550779,0.7082511960727508,0.6254941979996202,0.7071292509528894,0.7875825516156296,0.82063524064368,0.7376181610579372,0.5835255297761213
0.6524209369550047,0.838181480903524,0.4744432103239749,0.6992021792433393,0.7100697248024385,0.6981582548040977,0.6493715162930772,0.7115149302304501,0.7454560700518352,0.6379310969004773,0.7352325949552567,0.7904127180483549,0.6348804371645317,0.6942015109496065,0.8418475099999821,0.8342126508161023,0.7706721885528606,0.8089200174844958,0.846474247966217,0.8883834846502818,0.8638157284329719,0.7396558862900345,0.7589843736677313,0.6896715111746575,0.9716566423630751,0.9283526619970646,0.9746164511457568,0.0,0.8749058946026017,0.8162236185713289,0.9473130829754788,0.555468300052277,0.7432599000743269,0.6510483405892392,0.6550791292140603,0.613358515482821,0.6465040179790081,0.7514236115972788,0.7449300278419275,0.5303792076912017,0.5299394678418246,0.5580580958022532,0.8177795144366669,0.6440075079492644,0.7080472882366609,0.6970512528620553,0.7306434172735662,0.7331128734019291,0.7082824985459155,0.5494180990165662,0.6527676019599788,0.5792783047826701,0.7013009162677588,0.8140702886475923,0.8598704836257567,0.6769453286146986,0.5360205922972652
0.5445908005415063,0.9431733954975688,0.5542226565084954,0.7976454380697542,0.730562562472253,0.546429531131009,0.5358788237870452,0.5628300654628916,0.6409420414612834,0.5596520378403953,0.6038888798747909,0.7116929756643585,0.5856028156003543,0.7240248641972784,0.7470305889352471,0.8207054236968587,0.6820834213814677,0.7645127472006168,0.7348070842331422,0.7978986664584984,0.7987161327444461,0.6730996838943227,0.6496387448077721,0.5703770041233074,0.9130997470595699,0.9631787581699096,0.8041703030197871,0.8749058946026017,0.0,0.7323156577963734,0.8463198195486218,0.4982855324636831,0.6075529766603374,0.590573135429127,0.5685087367715416,0.5172404461236035,0.6365897418526465,0.6493842458967706,0.6572588119913599,0.44922418150969823,0.4599981976623676,0.4891057969838638,0.69730829184178,0.5158788879396745,0.6741496903458339,0.6185540108847245,0.5903431015769472,0.6035135369704766,0.6066670612687859,0.46913086937668463,0.5322489534226733,0.5009734619022247,0.5863358189096743,0.6727109147693153,0.801593652391967,0.573052938525904,0.47737416712713243
0.7944364722386195,0.6693099646559068,0.37936404940574653,0.5877901723562835,0.5377595729431077,0.792801753562631,0.7862573612649119,0.8309712213119527,0.8740835728566714,0.8081714894273793,0.8290765857587155,0.8280414628874605,0.7793868080572299,0.6720505615549199,0.9125470671538632,0.896578929772159,0.6961013574200013,0.8392791442012901,0.8504728870335921,0.9413982301210568,0.833747167432321,0.9738841787460433,0.9998580927185672,0.934508861949642,0.8475660152469696,0.9087890612223345,0.81898530686103,0.8162236185713289,0.7323156577963734,0.0,0.9643352946490501,0.7678847683560269,0.9735679694777406,0.8682880875534676,0.9365056057950163,0.8141865358871938,0.7353765098224795,0.9810526823227408,0.989086790504694,0.7778312467635743,0.7627184893154949,0.7660080112487181,0.9356329486335894,0.8671458099833756,0.978305300397443,0.9076552292276874,0.870414834092056,0.8904887552341624,0.8925733548452676,0.7392496478329986,0.87973059133764,0.8289628936978736,0.8068705796716713,0.8564696001661767,0.8454472123927851,0.8626398792989796,0.7371826963279751
0.7695616459440869,0.8189861722921674,0.42939517817027617,0.6543435233017759,0.6749402779359018,0.7490441602459892,0.7713593299410437,0.7191462946622101,0.8476420845443174,0.7679080788309263,0.8187237315268507,0.7922696266085021,0.7235083467683097,0.6855202022253065,0.9329332027787788,0.9314819420216611,0.7583613455316642,0.9437208688378128,0.8533487116731818,0.9778455523581262,0.9037569091792916,0.9004725267789494,0.9011612871561477,0.8091046987266045,0.997801489365635,0.9680129266386391,0.9081041297661383,0.9473130829754788,0.8463198195486218,0.9643352946490501,0.0,0.6524146147511661,0.8580629356316264,0.774825574995228,0.7841592430185852,0.7587415058926326,0.7390766319256742,0.9603494988584799,0.9385977320914712,0.6254896700056527,0.6471624042481279,0.6851569307590347,0.900633830029441,0.7082397243851715,0.9368111689223516,0.8880790105763304,0.924576056197567,0.8792199739407442,0.8436635881503268,0.6571926633899337,0.787947812252749,0.6750743811375379,0.7808709728088394,0.8491494428072868,0.8814906206402361,0.8022797084661291,0.6583819871911599
0.8214811707642179,0.4798163364343371,0.2626242685240931,0.36458251017405785,0.3573593154493425,0.7536517071290332,0.7892966956269348,0.7894274101324009,0.8206585524643831,0.6752198484441009,0.7819666011616525,0.6229349462106006,0.7767515580714734,0.5797968135222311,0.7249858951145494,0.6425033359018902,0.5783918166558393,0.7212035481567234,0.6585642702545432,0.7063988820428483,0.589975599558263,0.8266249795351874,0.9393055392830082,0.8343473276159105,0.5957319415979998,0.5916323063592948,0.590997146098336,0.555468300052277,0.4982855324636831,0.7678847683560269,0.6524146147511661,0.0,0.9289885585086572,0.8363749937862124,0.978715676361322,0.930491829660639,0.8134876130427642,0.875265231831956,0.8180568364375149,0.9362327511150965,0.9356607468001961,0.9555886389234394,0.8060487604227292,0.857219026361627,0.8630262275261814,0.8429534301260588,0.7701752208428853,0.7634410760027651,0.8555598743524994,0.906100731606971,0.7658125036470672,0.8587505735886475,0.7948778746821359,0.7544111501536584,0.7214427701349088,0.80949664363401,0.9429386124905323
0.8584954952354313,0.5926291534747932,0.3061043868617897,0.45339948357314624,0.4665245256356092,0.8217194192429725,0.8609390271446258,0.8784490207688533,0.8575966294037066,0.7910297366877866,0.9025223845203882,0.7368060655656792,0.7800831983190115,0.586436919202151,0.8427166266615732,0.7691079216374801,0.6052718789825227,0.80853539508993,0.7344665904445759,0.8863206536016365,0.7010479415785612,0.9271884084464996,1.0,0.9587405339732844,0.760838725863607,0.7607568315600008,0.7843295172495541,0.7432599000743269,0.6075529766603374,0.9735679694777406,0.8580629356316264,0.9289885585086572,0.0,0.9690548232014686,0.9995412440024449,0.9841634550144447,0.7986535608772845,1.0,0.9170202281279778,0.949340404563758,0.9021450382826564,0.8709182187025803,0.9075010302513684,0.9198094500470041,0.980145703872355,0.9712533608635164,0.9122416012821161,0.8727290155495615,0.9928793491069643,0.8755354511883803,0.9380931136275568,0.9051993928726555,0.8361560980153007,0.8387404451861206,0.8047232875357953,0.9285156829736584,0.8837955341829156
0.754452271441746,0.5613109870563885,0.290169543421168,0.4178925417837685,0.45386800842155267,0.709311599942747,0.7083465415673402,0.7431147339801287,0.7600792333639679,0.7050425064333836,0.7715354459542892,0.6228238486744001,0.6265830487484929,0.5474510900075663,0.7669604399376311,0.6862986649365294,0.5456095108749268,0.6784119589496322,0.6505947680052709,0.7581885389485723,0.6193445992441609,0.9097892552546744,0.9850969243887301,0.8678043087697853,0.7230462653542993,0.7149446338028174,0.7089665760889899,0.6510483405892392,0.590573135429127,0.8682880875534676,0.774825574995228,0.8363749937862124,0.9690548232014686,0.0,0.9320580725011534,0.9319140897458664,0.7643048939713376,0.9232017514304557,0.9537859203174593,0.8660043525096371,0.8492092940818823,0.9156792464257849,0.8147892221658817,0.8040112674240857,0.8647825570745075,0.8612678873950839,0.7991324963273457,0.853448365064953,0.8925867654801486,0.7513339424939309,0.8139833206139264,0.7948766935759028,0.710013897037473,0.7290019970335763,0.7114685527929531,0.7762236363489506,0.7421911913232013
0.8493197876266517,0.5254387551747421,0.28579211982619734,0.40675423871681887,0.4095900548203919,0.8024819969491644,0.8446985905284149,0.8477212096720199,0.8521581377651132,0.7991913721695284,0.8994868330858495,0.674271088893203,0.7668327701371261,0.5717462172333482,0.7372960399144491,0.704469523167573,0.6105305703224743,0.723826973353887,0.7166398381738431,0.8348316552691939,0.672581053198572,0.9528360989844746,1.0,0.9730803675357225,0.6660135228545121,0.697518351408329,0.6686760685327318,0.6550791292140603,0.5685087367715416,0.9365056057950163,0.7841592430185852,0.978715676361322,0.9995412440024449,0.9320580725011534,0.0,0.9963867634450205,0.81272925004874,0.9843649723805585,0.9472539058299334,0.9808272704074621,0.9332373429736197,0.9901850005142728,0.9236210100432946,0.9225341220460375,0.9076733294671153,0.9352107929470299,0.9024170403644539,0.8401840902520537,0.8842644552823845,0.8879890557621809,0.9161163457191503,0.8840320315637326,0.7761937905434785,0.7711723704836049,0.7047128946925731,0.9489001885545562,0.9364513050025293
0.8921652329534628,0.5067076283634727,0.26960312665989833,0.37889134647079253,0.38670886521172826,0.8241217499448857,0.8720054059958898,0.8392579548280752,0.8367277043031224,0.7489628342954597,0.8180355187878662,0.6432334696066107,0.7419130555453737,0.546202670513029,0.7322456050032203,0.6650607315369529,0.5871389041661078,0.7466791034675963,0.6896157646429862,0.7625981392426615,0.6371927662870518,0.95416191921925,0.9730462292127721,0.9782577277715984,0.624053733912811,0.6335076607387737,0.6411572202207952,0.613358515482821,0.5172404461236035,0.8141865358871938,0.7587415058926326,0.930491829660639,0.9841634550144447,0.9319140897458664,0.9963867634450205,0.0,0.7731095643002419,1.0,0.8641835721873785,0.9626244152190118,0.9051880497080184,0.9667777934249081,0.8729700880925831,0.8980563394076423,0.8630600303662058,0.8770772982025493,0.8701147289840326,0.8247445406203782,0.9701728054513274,0.850955277857403,0.8583728570115343,0.8437319753628972,0.7857626674127548,0.7494668348467001,0.7431301996693399,0.9424164302663834,0.9036973835813511
