Cingulate area 2,Glomerular layer of the accessory olfactory bulb,Glomerular layer of the olfactory bulb,"Olfactory bulb, unspecified",Frontal association cortex,Cornu ammonis 3,Dentate gyrus,Cornu ammonis 2,Cornu ammonis 1,Fasciola cinereum,Subiculum,Postrhinal cortex,Presubiculum,Parasubiculum,Perirhinal area 35,Perirhinal area 36,Medial entorhinal cortex,Lateral entorhinal cortex,Primary auditory area,"Secondary auditory area, dorsal part","Secondary auditory area, ventral part","Piriform cortex, layer 1","Piriform cortex, layer 2","Piriform cortex, layer 3",Ventrolateral orbital area,Lateral orbital area,Ventral orbital area,Medial orbital area,Dorsolateral orbital area,Prelimbic area,Secondary motor area,Frontal association area 3,Primary motor area,"Agranular insular cortex, ventral area",Agranular insular cortex dorsal area,Cingulate area 1,Infralimbic area,Dysgranular insular cortex,Granular insular cortex,"Primary somatosensory area, forelimb representation","Primary somatosensory area, dysgranular zone","Primary somatosensory area, face representation",Secondary somatosensory area,"Primary somatosensory area, hindlimb representation","Agranular insular cortex, posterior area","Primary somatosensory area, barrel field",Retrosplenial dysgranular area,"Primary somatosensory area, trunk representation",Retrosplenial granular area,"Parietal association cortex, lateral area","Parietal association cortex, medial area","Parietal association cortex, posterior area",Primary visual area,"Secondary visual area, lateral part",Temporal association cortex,"Secondary visual area, medial part",Nucleus of the lateral olfactory tract
0.0,0.5257250172980314,0.14047340275398856,0.25385345727671615,0.6573657578668047,0.8438495341025251,0.7487310910750181,0.8364515706483276,0.7908475217949766,0.7886563453624089,0.758801506527325,0.4944350905467102,0.6976240822384986,0.6153131155955287,0.6136075407042415,0.5817270843503749,0.5499961095472463,0.6260120002073867,0.6060469571834458,0.6360752592226477,0.6502100251930747,0.6884727397525477,0.7430737556068967,0.7570814914187057,0.46120833738009465,0.5404928186557739,0.46101834716298523,0.5321291963287206,0.5048702186043157,0.45834287477506763,0.6071812901697319,0.539803419158722,0.8154344121772267,0.5647745671735812,0.569315966232005,0.9249580824194412,0.53589472912058,0.6242054581825274,0.6396803228413676,0.8461518247824865,0.7987485988679934,0.710914789721008,0.6736041789318067,0.884905902864911,0.6617278255889342,0.7852827055707142,0.7590064761903279,0.7356877904172776,0.7802930241018711,0.6872630590192604,0.7973842877844064,0.7513582391780879,0.7683654994786,0.6018729393598076,0.6395168881891344,0.6140959179448525,0.7804355309110579
0.5257250172980314,0.0,0.22461043767511604,0.4888960355620402,0.7215024908274831,0.5503518586529362,0.564552822073883,0.4972688459340412,0.5591907768146936,0.5673365682345225,0.5826423245229657,0.6201737062142918,0.6624116410379767,0.7127906463131439,0.5846412214396289,0.5538020290345287,0.6713896262572882,0.6654583777507007,0.5766859847139518,0.5721358710848936,0.6380799823287295,0.7443429983882699,0.6854872232172077,0.6528935819984101,0.7984200053314221,0.829972846692899,0.7690745458835142,0.9753792701819117,0.8595061695109538,0.9090862521897257,0.8327637156306842,0.7821804020198706,0.681017973921021,0.7452928415697901,0.7634691231371434,0.6906584329193054,0.7853592024271567,0.6641355681836488,0.6650558820568527,0.6281960294835655,0.5419308928023674,0.7057394075758502,0.6181408692989285,0.5024937147693856,0.6164835625819846,0.5472478124605196,0.5441224695122014,0.48116098370098276,0.5055781144167247,0.48579424273548505,0.4128485691840018,0.5149515047601673,0.6529602881236884,0.7692723923762723,0.5930275347283087,0.4395795130801775,0.4897904351434531
0.14047340275398856,0.22461043767511604,0.0,0.6329130558362613,0.16439695250851755,0.17155207124562513,0.1823966000676115,0.17343704314493133,0.19150864770737563,0.18304687240744927,0.1964031335909786,0.2830231269173104,0.20547487686554033,0.2508192715805471,0.2315179127616723,0.21366991977251928,0.25629790874506353,0.22862348650206132,0.22732773616694166,0.21636696675801384,0.2336215015531975,0.2194521396662163,0.21374874272277222,0.1980083644839582,0.3164968123533167,0.2650833702368129,0.2824672620225955,0.24470058881499754,0.28927303599406995,0.281273052135362,0.2502936475387126,0.2737923786766631,0.19948912138369265,0.2513731982431801,0.2711525822718046,0.19210489848219492,0.23856573450548824,0.23354838032462244,0.2347132586925524,0.1636593172633512,0.16584870242408825,0.22095241756234296,0.20971699043347583,0.13689531883087433,0.20327400422178202,0.18217736366362086,0.18510576934851775,0.1710910279258186,0.17569482436397452,0.18336702810569036,0.12917469581780802,0.17398930277673583,0.20845041564250877,0.24754635223923857,0.22066595714608847,0.1863131170139052,0.1461980751334501
0.25385345727671615,0.4888960355620402,0.6329130558362613,0.0,0.3152320702263332,0.32334803021705505,0.331917049836198,0.30925777123372455,0.36025102360129696,0.33651343230302355,0.36094163400794593,0.5552542930768049,0.4039980708324953,0.5264852539763167,0.4379332733792463,0.41250571344037124,0.5250401435234417,0.43896805097065894,0.4413107056264197,0.413405669819447,0.45114863905229013,0.43721880629989857,0.4370829634735835,0.3774379706102642,0.7050299671185455,0.5586075992504097,0.6136092748692084,0.5332919504587882,0.6410838646778323,0.6223723161732841,0.5296356768166054,0.5700911330253557,0.3908714879348652,0.5294839037614403,0.5551484204787888,0.3666259547396843,0.5124425243329405,0.46443374796002,0.4784693397926484,0.3109569912507019,0.30613039207384474,0.4436010830004093,0.40397240921434885,0.2414036154395887,0.3896237748322001,0.3329494767335771,0.3438210716274319,0.3080483476171893,0.30942481963191204,0.3281541671390736,0.22018153439553828,0.31603695359103684,0.40468602172905743,0.5003536771776733,0.4325280815163777,0.3212864963760056,0.2600272543874373
0.6573657578668047,0.7215024908274831,0.16439695250851755,0.3152320702263332,0.0,0.6714821675654009,0.6597605824536449,0.6114062393145684,0.6367295809871147,0.6430015144962814,0.674850171749751,0.561338554172627,0.6505139808810825,0.6257749108742978,0.5805046511583977,0.5706202583161334,0.5815752639929105,0.6486813502093497,0.580102686525483,0.6188136139548975,0.639983754732445,0.6816148002372662,0.6891331451513054,0.7071436978213121,0.5873472775645567,0.5913953384658185,0.5675364099475207,0.7116616065033019,0.6545541106922758,0.6008425818986902,0.7088142803734543,0.603751189283341,0.7224296656994584,0.6498896123207887,0.6137996712300438,0.7342798876520621,0.754550897682916,0.6482355842812602,0.6517284523707503,0.7351516407197574,0.6801816874517496,0.6908701898634751,0.6086220511531366,0.6446843082070641,0.6387910691747297,0.6840728547866273,0.6075717494122247,0.5619706495454789,0.5964541660125284,0.5740481134067713,0.5903007958121265,0.6157476498137249,0.7060418010692239,0.6787270430777254,0.5992401809522558,0.4890982530983326,0.6089055356517089
0.8438495341025251,0.5503518586529362,0.17155207124562513,0.32334803021705505,0.6714821675654009,0.0,0.9944925678339476,1.0,1.0,0.9409394794012705,1.0,0.7423675370300287,0.901870799131536,0.8061256259822712,0.8564338277796983,0.8695149296400696,0.780616977812709,0.930864891574418,0.8780531239942576,0.9188256054182045,0.9398597590383733,0.9491850525150192,0.9792515301124416,1.0,0.6178869219323961,0.6697732985502597,0.6328467479975404,0.6736142244768479,0.6361100232537367,0.5647171102154139,0.7914826488526676,0.6901971002238841,0.8837263170197521,0.7207159308529251,0.7529471748383374,0.9685783780676206,0.6518854943986354,0.878455569072282,0.8527097112793445,0.9969114332026323,0.9740805877970752,0.9284179368700958,0.9351456196251576,0.942157602451593,0.9795883276059636,1.0,1.0,1.0,1.0,0.9098683140311651,0.8458567556934564,1.0,0.9868346509229395,0.8004856396146637,0.9288424385013211,0.9358761546897056,0.9181816561319781
0.7487310910750181,0.564552822073883,0.1823966000676115,0.331917049836198,0.6597605824536449,0.9944925678339476,0.0,0.9160760277799954,0.9781353565493325,0.9527183712668593,0.9472715202495317,0.7516253836834064,0.8641198734298289,0.7900595462538689,0.7825022803813457,0.8241841951502129,0.736503203540386,0.9434868846229728,0.8226165399565886,0.874550142377594,0.878862336142407,0.8854023376556384,0.9585949137807185,0.9302077643362506,0.6400569433648431,0.66457705387023,0.6207822399382498,0.7174963922485005,0.6703664836869988,0.5731090434064111,0.7217419942227444,0.7149370113226758,0.8879884404437443,0.7339070169815654,0.758114604555761,0.8560611914793914,0.7049316029389585,0.8950454062819794,0.8395099701665607,0.9093671803526294,0.8711785208667457,0.9364958752305488,0.8784190383068606,0.837322608775895,0.9605166005271193,0.9604821236242655,0.9844008774751515,0.8817602881358795,0.9580273627470164,0.8828107394904952,0.788064741751122,0.9644021561962334,0.9520665539927573,0.8039571964251744,0.9441502561634714,0.9058508968955461,0.8672359701782157
0.8364515706483276,0.4972688459340412,0.17343704314493133,0.30925777123372455,0.6114062393145684,1.0,0.9160760277799954,0.0,0.9833290169746961,0.9253773237134718,0.9484495994960845,0.7639962068797965,0.880489153735932,0.8044235781328869,0.8640611700713117,0.8263597372338192,0.7447575929366732,0.8998696239865961,0.8953060639522463,0.8659490513591449,0.8881753637025834,0.854335413750153,0.9973924408935813,0.9378702627199229,0.5787631291103884,0.6587583300079646,0.5836559080614655,0.665149276023039,0.6203924563412532,0.5183055141886916,0.7110126909898861,0.6729399957279185,0.8421464254781106,0.7243800373957957,0.7084556036763238,0.8734232541433924,0.6270713961044614,0.8528359410603888,0.879234116647828,0.8426478031951325,0.9495234429210042,0.8943360813108602,0.9255358131302729,0.8436625915858137,0.8855466236274707,0.9897053231025932,1.0,1.0,0.98295296048952,0.9738679779764624,0.8233493888542621,0.9622634266808755,0.9230488573316202,0.780527926378613,0.9342602337547562,0.9659006991454012,0.907544178497606
0.7908475217949766,0.5591907768146936,0.19150864770737563,0.36025102360129696,0.6367295809871147,1.0,0.9781353565493325,0.9833290169746961,0.0,0.9801296182181027,0.9931628724487899,0.824065807834669,0.9377621145058158,0.8882330928474738,0.9090930584488179,0.8704292025433908,0.8166791873833066,0.9671050591107835,0.9496882084236165,0.9960489925422544,0.9998859008084245,0.9297765054830442,0.9983831333980876,0.9958903180309546,0.7022658963136258,0.7494935920849725,0.6286410390393634,0.7353226368517747,0.7456953323579717,0.5902744337174182,0.7866886437148018,0.7311264403605473,0.9873448643575737,0.7456066864750064,0.7989211500127643,0.9376467718450651,0.6915152441863966,0.9520543732293365,0.9709173512374258,0.9026246463809239,0.9835772140590116,0.9858109934362275,0.9310185552079506,0.8446102491415687,0.9189592761085511,1.0,1.0,0.9763724330694497,0.9987136781549834,0.990384689707179,0.788925861801004,0.9626547604299305,0.996084610444151,0.8767962717710508,1.0,0.9316545284161689,0.8905609313897545
0.7886563453624089,0.5673365682345225,0.18304687240744927,0.33651343230302355,0.6430015144962814,0.9409394794012705,0.9527183712668593,0.9253773237134718,0.9801296182181027,0.0,0.9123666992368011,0.7241640541512688,0.8263975864686423,0.8062969888387657,0.7506297977698569,0.7374251411727564,0.7008758817355998,0.8841452727756255,0.8184010590702652,0.8095819313517718,0.8729027102735665,0.8520970441270624,0.8958477446397226,0.9027029618253227,0.6429826810393028,0.7149673977532233,0.5925472095481609,0.6464710989614402,0.667486678705976,0.5907390989148065,0.7643090713669399,0.7054067762274994,0.8747642383306777,0.7381410806101015,0.7376622405790539,0.9953328878890196,0.6238582614984259,0.9154673916707475,0.8282742402363404,0.9288435713186445,0.9172920153424263,0.9291604502391132,0.8793993060881037,0.9168853907582553,0.907033927724223,0.9921663218257972,1.0,0.9165136968336213,0.988910048075963,0.8314033325826973,0.7876608422180966,0.8645134734864817,0.9347217091358916,0.8366983126240758,0.8028238310726874,0.816237341180285,0.8436074480104837
0.758801506527325,0.5826423245229657,0.1964031335909786,0.36094163400794593,0.674850171749751,1.0,0.9472715202495317,0.9484495994960845,0.9931628724487899,0.9123666992368011,0.0,0.8379043716938024,0.935980069584638,0.8805001118036395,0.909420147183514,0.9267968810324957,0.8978594048128193,0.9773015654297934,0.989065128165314,0.9122652335008927,0.9364961935920229,0.9566006444251123,1.0,0.9065415909239575,0.7233294429505407,0.7424889314562361,0.7076275716044022,0.7375765778789397,0.7363304343417321,0.6252354274913825,0.8345752158005896,0.7782453599697292,0.9202469162676987,0.8540224902793229,0.7938638001893268,0.852236647468723,0.7166672630933321,0.941946417701724,0.9151424032706821,0.8682650845021203,0.9000945801931748,1.0,0.942857979458582,0.8151712984020819,0.9559824637264326,0.947154356052314,0.9987538002690035,0.9005120897851903,0.9614770427969216,0.971278518487958,0.6886469011700561,1.0,0.9727326148996105,0.8597806056195356,0.9827379511500219,0.9316315665076293,0.9066213808600926
0.4944350905467102,0.6201737062142918,0.2830231269173104,0.5552542930768049,0.561338554172627,0.7423675370300287,0.7516253836834064,0.7639962068797965,0.824065807834669,0.7241640541512688,0.8379043716938024,0.0,0.8239421887647274,0.9868366612488754,0.907782631537485,0.8758676188007345,0.9368410581819341,0.9238266881408743,0.9892494150997286,0.852623296382949,0.9558404690361548,0.8757659822086861,0.9371962816304064,0.7669404308809856,0.9117829843501303,0.8309390905283683,0.8745128511628167,0.8521323331296081,0.8974413929521877,0.7658046081251109,0.8104724629833335,0.910650141987097,0.795683540463702,0.879896948538174,0.9718869491207128,0.6806850784408001,0.7742977569638714,0.9880277057678732,0.9423794129416417,0.6459284692688396,0.6845749148929471,0.9104420921919659,0.849729730136358,0.5189001981623684,0.7955772613324565,0.7455746843430608,0.7975211548410261,0.6941535884252943,0.707126016606508,0.7419293741123246,0.4634493496389328,0.7083835382410819,0.8511852694380361,0.8938813788791752,0.9401774790721855,0.756264484220504,0.6106730599853835
0.6976240822384986,0.6624116410379767,0.20547487686554033,0.4039980708324953,0.6505139808810825,0.901870799131536,0.8641198734298289,0.880489153735932,0.9377621145058158,0.8263975864686423,0.935980069584638,0.8239421887647274,0.0,0.9475544140423097,0.9408656769184682,0.9649126171492711,0.8821435981018374,0.9828790087345723,0.9595583225193386,0.9563806495804452,1.0,0.8753114082013846,0.9647136578441605,0.9694576429042404,0.7355592299983539,0.7397876662895163,0.7775460194359283,0.8044042442580063,0.7402429137177561,0.6578662935066524,0.8198059802148191,0.8382534690888734,0.9391024900122981,0.8205226604690288,0.8723545855431512,0.8231311795080962,0.727284151217426,0.9890938544427077,0.9043954851697023,0.8412362847894869,0.8547641888242068,0.9133173063252479,0.9177806710637014,0.7066090767418755,0.8510798057579922,0.8130838033225095,0.9906536612768818,0.8505881019733184,0.8715476679481988,0.8704606250254131,0.6333127420272006,0.8682911199499335,0.9261959215142694,0.9209487694580137,0.8982187921885239,0.8651461130128677,0.7842950757213526
0.6153131155955287,0.7127906463131439,0.2508192715805471,0.5264852539763167,0.6257749108742978,0.8061256259822712,0.7900595462538689,0.8044235781328869,0.8882330928474738,0.8062969888387657,0.8805001118036395,0.9868366612488754,0.9475544140423097,0.0,0.9667562221325391,0.8761517511551112,0.9840695107893821,1.0,0.9806159194256732,0.8883738668794929,1.0,0.940920985062923,0.9627579853619428,0.8237776325144659,0.9454633803098202,0.8883018005318771,0.8886114662695996,0.8894800679821033,0.925970942616444,0.8103317381907108,0.9185944513819603,0.9978931890050488,0.9198337818196649,0.9673391162732595,1.0,0.8247616612849348,0.8467239257974558,0.9812802765532518,0.9874060220443583,0.7468403986515477,0.7698978047409815,1.0,0.9743515685261104,0.5822658197575565,0.8594488438911196,0.8536632347779031,0.8859836979625196,0.7549091395371785,0.7854668207055165,0.8521059281912372,0.5427314990932839,0.791494067446024,0.9804226284270021,0.9466027834199895,0.9810945894233265,0.814179449287028,0.6999638590468437
0.6136075407042415,0.5846412214396289,0.2315179127616723,0.4379332733792463,0.5805046511583977,0.8564338277796983,0.7825022803813457,0.8640611700713117,0.9090930584488179,0.7506297977698569,0.909420147183514,0.907782631537485,0.9408656769184682,0.9667562221325391,0.0,0.9185005706335543,0.924438981964589,0.9390675137274186,0.998861170359212,0.9664767143603041,0.9818065477085404,0.8972425814481727,0.9750951707531219,0.829885636572191,0.7403310085286898,0.7225047378693765,0.7532897521708044,0.7049447746070422,0.7511418145110091,0.6453509315220016,0.7960786586792389,0.8307400086829808,0.8522611619467392,0.8327220640271465,0.801749338478626,0.774554308823676,0.7017460914480622,0.8985672372361836,0.9244045884999919,0.7106073319355575,0.7795485025438997,1.0,0.8773189680437712,0.6248242206416819,0.8650318827643405,0.8362846636893193,0.9081658856388388,0.8025478048243676,0.8495814856881809,0.849268777278082,0.5824130426290288,0.8693642475801674,0.9353714160296204,0.855228597012121,0.92865731273206,0.8866856675526851,0.7199023778953806
0.5817270843503749,0.5538020290345287,0.21366991977251928,0.41250571344037124,0.5706202583161334,0.8695149296400696,0.8241841951502129,0.8263597372338192,0.8704292025433908,0.7374251411727564,0.9267968810324957,0.8758676188007345,0.9649126171492711,0.8761517511551112,0.9185005706335543,0.0,0.8397689385534115,0.913198716018284,0.9255288543786212,0.9507298628612584,0.961242294458993,0.8804502395011048,0.9751909008121875,0.8136600094183793,0.7239451519751682,0.7474057733872023,0.7333511272291052,0.704377488528516,0.722078848414767,0.6255204126297104,0.7611922349859894,0.7968062769987322,0.8293024528822288,0.7704338407233948,0.8514051907929678,0.7131682780289867,0.66581138005379,0.9463007042070694,0.8720692435684284,0.7280190840535478,0.7569684999851191,0.9475262519251836,0.8516002261773363,0.6046783587033481,0.888500889673776,0.8011363031122105,0.9265141093117844,0.7794218363871436,0.8413463019233428,0.8865785554924513,0.5627681045730174,0.8313431073959551,0.8950118764692953,0.8278923513734084,0.9659352268502154,0.8677409047191699,0.7787252234428442
0.5499961095472463,0.6713896262572882,0.25629790874506353,0.5250401435234417,0.5815752639929105,0.780616977812709,0.736503203540386,0.7447575929366732,0.8166791873833066,0.7008758817355998,0.8978594048128193,0.9368410581819341,0.8821435981018374,0.9840695107893821,0.924438981964589,0.8397689385534115,0.0,0.958137416544723,0.9393848199319162,0.9226118324255812,0.9953992651629862,0.9178971319156014,0.9096311953799785,0.833004940742433,0.8603197946823594,0.8229453955511526,0.9071682437725159,0.8673675614520185,0.874530893572897,0.7494548409550521,0.9447513664822828,0.9146202416545021,0.8369994344766704,0.9023823943411389,0.9460353633237021,0.7285348771880857,0.7857712179945846,0.9367624883814434,0.9499166939821585,0.722057359355418,0.7092713969989024,0.9396450555270606,0.8445118737969471,0.5581401817551449,0.8548031679732526,0.7299654723396558,0.8312069732615749,0.7081362360293942,0.7867311564236078,0.7567703986752637,0.47645225953133125,0.7671078604332007,0.8528095518164037,0.882021852742887,0.9404180985713297,0.8000538320298823,0.6634524701302996
0.6260120002073867,0.6654583777507007,0.22862348650206132,0.43896805097065894,0.6486813502093497,0.930864891574418,0.9434868846229728,0.8998696239865961,0.9671050591107835,0.8841452727756255,0.9773015654297934,0.9238266881408743,0.9828790087345723,1.0,0.9390675137274186,0.913198716018284,0.958137416544723,0.0,1.0,1.0,1.0,0.9979693726090887,0.9894613670235085,0.959101943948525,0.823634941283756,0.7937788523368966,0.8250353059393027,0.8609293781676779,0.8632708302772505,0.7301041735882311,0.8660979733276655,0.9172375994994799,0.9168833613092684,0.934890768694187,0.9739364062943799,0.8754556160456032,0.7888267391763674,1.0,0.9606192792882894,0.8486270751588092,0.868001228355927,1.0,0.9843430997137647,0.7012259473306572,0.9972922403662742,0.9304049953335616,0.9742756003322517,0.8208697187540841,0.9644635456543253,0.9245035601043604,0.5983872678710839,0.9294491214598277,1.0,0.957270128320769,1.0,0.897360417486483,0.8007823046884551
0.6060469571834458,0.5766859847139518,0.22732773616694166,0.4413107056264197,0.580102686525483,0.8780531239942576,0.8226165399565886,0.8953060639522463,0.9496882084236165,0.8184010590702652,0.989065128165314,0.9892494150997286,0.9595583225193386,0.9806159194256732,0.998861170359212,0.9255288543786212,0.9393848199319162,1.0,0.0,1.0,1.0,0.9446775797463632,0.9925452574436056,0.9272035482558219,0.7680465085277217,0.7846623450189425,0.8060102049192392,0.7815110308637815,0.8098657364702444,0.6638809208725478,0.8035475012991404,0.8187773717316355,0.8798864164512531,0.8539729302098349,0.9194450619326973,0.736579137512282,0.7472507931088251,0.9672444462341656,0.979396358006164,0.7747231444697072,0.7956071300620398,1.0,0.9063633702677826,0.6301389914956358,0.9527883355183102,0.9006859483523313,0.9962917114316179,0.8445616380389415,0.8435858939621237,0.9080947572377657,0.5727715258022311,0.9520327430985481,0.952492571759328,0.9162573025043181,1.0,0.9841255554643417,0.7517289070718634
0.6360752592226477,0.5721358710848936,0.21636696675801384,0.413405669819447,0.6188136139548975,0.9188256054182045,0.874550142377594,0.8659490513591449,0.9960489925422544,0.8095819313517718,0.9122652335008927,0.852623296382949,0.9563806495804452,0.8883738668794929,0.9664767143603041,0.9507298628612584,0.9226118324255812,1.0,1.0,0.0,0.98038874964946,0.8802058457468134,0.948520120008823,0.877251395236486,0.7425822728596027,0.725616900858708,0.7692037079663038,0.7612781316622026,0.7871942177378101,0.6726930521244772,0.8295586363432541,0.8337664654861684,0.911401322010521,0.8183580081958044,0.823339658337171,0.7874502506250426,0.7306617572072247,0.9873022146183851,0.9382929493962519,0.7490805113233179,0.8089477533965853,0.9966744675507497,0.9231042965698693,0.6715048836019343,0.9102522777474593,0.8914658775960851,0.9189101900636305,0.8413747169526684,0.9325335617172509,0.9181050803142289,0.6028776872367986,0.8809612113583871,0.931859858810919,0.8918595123489542,0.9483429964956789,0.8562959542668551,0.7491336250969235
0.6502100251930747,0.6380799823287295,0.2336215015531975,0.45114863905229013,0.639983754732445,0.9398597590383733,0.878862336142407,0.8881753637025834,0.9998859008084245,0.8729027102735665,0.9364961935920229,0.9558404690361548,1.0,1.0,0.9818065477085404,0.961242294458993,0.9953992651629862,1.0,1.0,0.98038874964946,0.0,0.9628586505491189,1.0,0.953039377795012,0.846644833868779,0.7829353674923325,0.8147371889510374,0.8000189519004043,0.8675625891668605,0.6790233048961426,0.8262734483553053,0.9015222753448436,0.8681067352758629,0.9561499296225885,0.9796095661038866,0.8277154405977841,0.7384013589986843,0.9869921221995553,0.9924572137229449,0.8514998973545761,0.8623531215570885,0.9994272824516497,0.9547796483097268,0.6656694518822571,0.9599743323716146,0.9738947957559715,0.9860222003532374,0.8903398831683857,0.8778745987689004,0.8822497648783554,0.6059207810311323,0.9392664594615359,0.9909078675798059,0.9294354320458424,0.9708178132951615,0.9375993914926039,0.7525112129109108
0.6884727397525477,0.7443429983882699,0.2194521396662163,0.43721880629989857,0.6816148002372662,0.9491850525150192,0.8854023376556384,0.854335413750153,0.9297765054830442,0.8520970441270624,0.9566006444251123,0.8757659822086861,0.8753114082013846,0.940920985062923,0.8972425814481727,0.8804502395011048,0.9178971319156014,0.9979693726090887,0.9446775797463632,0.8802058457468134,0.9628586505491189,0.0,0.9855179516550024,0.9350070958577797,0.8019349832023182,0.8047387771927099,0.7567158833755651,0.8834566314601213,0.794285410456685,0.7226111856145939,0.8854882994697831,0.9379805844295134,0.9448414026780555,0.848376170774494,0.902442087081287,0.9296774683622573,0.8374770164299798,0.9463557073593849,0.9871814671411093,0.8528094043553381,0.7944037785706021,0.9971218956959591,0.9273275406457934,0.7350468980526765,0.9273405985216464,0.970383276609092,0.9443667240557355,0.831864592868573,0.8415682230480263,0.8126252839101906,0.6517041018628348,0.9136233203261834,0.946784543488916,0.8876111042688307,0.9377216644658547,0.7889938129117695,0.7877413253447186
0.7430737556068967,0.6854872232172077,0.21374874272277222,0.4370829634735835,0.6891331451513054,0.9792515301124416,0.9585949137807185,0.9973924408935813,0.9983831333980876,0.8958477446397226,1.0,0.9371962816304064,0.9647136578441605,0.9627579853619428,0.9750951707531219,0.9751909008121875,0.9096311953799785,0.9894613670235085,0.9925452574436056,0.948520120008823,1.0,0.9855179516550024,0.0,1.0,0.8338680979077258,0.8629332332972389,0.7992002957633655,0.8550686924307047,0.8598911106008016,0.7292586084887479,0.9270068794547548,0.9050308738121158,0.9996509149810522,0.9190224337185909,0.9450525409077566,0.8780377428142452,0.8203057486271048,0.9785015516499416,0.9823956033041878,0.9225048191489904,0.9056747391324197,1.0,0.9803910047915373,0.7815036128204319,0.9792323182534868,0.9935194247622933,0.989997105903533,0.8852526926780219,0.9835398863747382,0.9692066723393079,0.6753391466853241,0.9743394309925749,0.990687240891776,0.978802895776847,0.9825140361859726,0.9041658568562715,0.8294184702925068
0.7570814914187057,0.6528935819984101,0.1980083644839582,0.3774379706102642,0.7071436978213121,1.0,0.9302077643362506,0.9378702627199229,0.9958903180309546,0.9027029618253227,0.9065415909239575,0.7669404308809856,0.9694576429042404,0.8237776325144659,0.829885636572191,0.8136600094183793,0.833004940742433,0.959101943948525,0.9272035482558219,0.877251395236486,0.953039377795012,0.9350070958577797,1.0,0.0,0.7424842229458608,0.7479912194315501,0.6685084362680648,0.7565972196106645,0.7420144132160171,0.6379873255179956,0.795163494671589,0.7869067190034774,0.9464920163952476,0.7491554662027957,0.8067274747469209,0.8927065353388829,0.7696334958233982,0.9593583862317262,0.9086315930254895,0.9550923791128041,0.9310131780489842,0.9365979001065476,0.9535819334392602,0.8240523068372108,0.984558410129761,0.9598455102499306,0.9863578487005022,0.9021551925741064,0.989282568504655,0.9017748906084898,0.7212409747012026,0.8928776392146611,0.9871939445195527,0.8625071338244029,0.9894648247379716,0.8330441181582318,0.8588630247026376
0.46120833738009465,0.7984200053314221,0.3164968123533167,0.7050299671185455,0.5873472775645567,0.6178869219323961,0.6400569433648431,0.5787631291103884,0.7022658963136258,0.6429826810393028,0.7233294429505407,0.9117829843501303,0.7355592299983539,0.9454633803098202,0.7403310085286898,0.7239451519751682,0.8603197946823594,0.823634941283756,0.7680465085277217,0.7425822728596027,0.846644833868779,0.8019349832023182,0.8338680979077258,0.7424842229458608,0.0,0.8707767207523416,0.8616814850431291,0.9205688510978841,0.9897637017279717,0.9091553545852413,0.9064395664168977,0.9139954842719324,0.734912817990284,0.9621767996718786,0.9282599766251683,0.6947706089970165,0.8824816297460624,0.8080194563849562,0.8469700250197816,0.6073318036515315,0.5801221316016268,0.8095442808831339,0.7319107135984507,0.47248399327527746,0.7146570547692273,0.6580588642598174,0.6422080353552706,0.5669245882980248,0.5845228884064525,0.6314923426862402,0.40997392293893914,0.5815965327956103,0.7955451194011977,0.9341089193224172,0.765663949037117,0.6004752930374997,0.505493984331815
0.5404928186557739,0.829972846692899,0.2650833702368129,0.5586075992504097,0.5913953384658185,0.6697732985502597,0.66457705387023,0.6587583300079646,0.7494935920849725,0.7149673977532233,0.7424889314562361,0.8309390905283683,0.7397876662895163,0.8883018005318771,0.7225047378693765,0.7474057733872023,0.8229453955511526,0.7937788523368966,0.7846623450189425,0.725616900858708,0.7829353674923325,0.8047387771927099,0.8629332332972389,0.7479912194315501,0.8707767207523416,0.0,0.846052791727829,0.9245826986837751,0.8982192221301624,0.8406842244604429,0.9213947566034143,0.911520680365329,0.7972284697105309,0.9009419140252433,0.8327052956707951,0.7373807004699022,0.8190388765521898,0.8308199992901467,0.8376757595311134,0.6747555634197651,0.6359781144471572,0.8784848095809786,0.7070283687743824,0.5406324249054475,0.7262239361777281,0.6483464901683207,0.7212928141932292,0.6086399125168439,0.6559577336089906,0.6766050392308903,0.46391208097072467,0.6441440388461152,0.8156572802676874,0.8570827093188187,0.77870186674162,0.610100776309904,0.5621675847074341
0.46101834716298523,0.7690745458835142,0.2824672620225955,0.6136092748692084,0.5675364099475207,0.6328467479975404,0.6207822399382498,0.5836559080614655,0.6286410390393634,0.5925472095481609,0.7076275716044022,0.8745128511628167,0.7775460194359283,0.8886114662695996,0.7532897521708044,0.7333511272291052,0.9071682437725159,0.8250353059393027,0.8060102049192392,0.7692037079663038,0.8147371889510374,0.7567158833755651,0.7992002957633655,0.6685084362680648,0.8616814850431291,0.846052791727829,0.0,0.9537770634659887,0.9086998424154009,0.8995345024756715,0.876354912526722,0.9138272664159278,0.7112440854077552,0.8140262262347272,0.9020405106357975,0.6339378114108429,0.8160187436011278,0.8328035739074506,0.7700669396313133,0.5761436425640236,0.5689141172700557,0.812385587372445,0.7280323486330796,0.4594294868312992,0.6922803500981362,0.6048945606892293,0.6729295701553266,0.5442260748048632,0.588441624138456,0.6212398601071392,0.39329047131222816,0.5650965255687683,0.7155102654857703,0.8505862156512716,0.7483132850364811,0.6010408449139126,0.5120434638999346
0.5321291963287206,0.9753792701819117,0.24470058881499754,0.5332919504587882,0.7116616065033019,0.6736142244768479,0.7174963922485005,0.665149276023039,0.7353226368517747,0.6464710989614402,0.7375765778789397,0.8521323331296081,0.8044042442580063,0.8894800679821033,0.7049447746070422,0.704377488528516,0.8673675614520185,0.8609293781676779,0.7815110308637815,0.7612781316622026,0.8000189519004043,0.8834566314601213,0.8550686924307047,0.7565972196106645,0.9205688510978841,0.9245826986837751,0.9537770634659887,0.0,0.9257737072168696,0.9274783988518396,0.918575100934086,0.942419921119761,0.8194311731637294,0.9126690106834812,0.8868074687551046,0.706766934555477,0.8741636051735455,0.7913105445780254,0.8320962260702626,0.6851449912262468,0.6615030650614713,0.872925391442033,0.7625787713245692,0.5633902123367688,0.7626532370955303,0.6827263654049817,0.7069458812701059,0.5778550602151176,0.6303627318687591,0.6210065101236097,0.4731032402133468,0.6608197473107957,0.8513546724871701,0.906392589164388,0.770579841139254,0.5841229192565369,0.6006918303853287
0.5048702186043157,0.8595061695109538,0.28927303599406995,0.6410838646778323,0.6545541106922758,0.6361100232537367,0.6703664836869988,0.6203924563412532,0.7456953323579717,0.667486678705976,0.7363304343417321,0.8974413929521877,0.7402429137177561,0.925970942616444,0.7511418145110091,0.722078848414767,0.874530893572897,0.8632708302772505,0.8098657364702444,0.7871942177378101,0.8675625891668605,0.794285410456685,0.8598911106008016,0.7420144132160171,0.9897637017279717,0.8982192221301624,0.9086998424154009,0.9257737072168696,0.0,0.979965101732225,0.872120708719827,0.9246698858564576,0.7934799115113682,0.9306338320725717,0.8553466395545133,0.7440047491241543,0.8784392835439513,0.8539899670441029,0.8294585750572274,0.6541125047907075,0.6200121179896044,0.8201164318597466,0.7847947607909826,0.5082479662283264,0.7653166460534196,0.6598932183007155,0.6679065949036225,0.5856130657346883,0.6235653151023085,0.6289231609749736,0.44529523112469677,0.6294894333128291,0.81506371024097,0.9147045838262411,0.7899473593698559,0.5967925331469962,0.5448286518095359
0.45834287477506763,0.9090862521897257,0.281273052135362,0.6223723161732841,0.6008425818986902,0.5647171102154139,0.5731090434064111,0.5183055141886916,0.5902744337174182,0.5907390989148065,0.6252354274913825,0.7658046081251109,0.6578662935066524,0.8103317381907108,0.6453509315220016,0.6255204126297104,0.7494548409550521,0.7301041735882311,0.6638809208725478,0.6726930521244772,0.6790233048961426,0.7226111856145939,0.7292586084887479,0.6379873255179956,0.9091553545852413,0.8406842244604429,0.8995345024756715,0.9274783988518396,0.979965101732225,0.0,0.8709114818158316,0.8771833921464676,0.7063183788459071,0.8176625707839755,0.8286030933483484,0.6362616787606342,0.8331623765039988,0.781789281299584,0.71893015642451,0.5637442308131649,0.5569407797739406,0.7326892167915462,0.6465141625591987,0.45908294204168154,0.6131299887986376,0.5637608472300177,0.5836323066030172,0.49037599113821256,0.5230670267110883,0.5479374186115864,0.3898157543873858,0.53761476476682,0.7016342175869731,0.8100937431129327,0.6642099400081032,0.49407208769910604,0.4744550012501416
0.6071812901697319,0.8327637156306842,0.2502936475387126,0.5296356768166054,0.7088142803734543,0.7914826488526676,0.7217419942227444,0.7110126909898861,0.7866886437148018,0.7643090713669399,0.8345752158005896,0.8104724629833335,0.8198059802148191,0.9185944513819603,0.7960786586792389,0.7611922349859894,0.9447513664822828,0.8660979733276655,0.8035475012991404,0.8295586363432541,0.8262734483553053,0.8854882994697831,0.9270068794547548,0.795163494671589,0.9064395664168977,0.9213947566034143,0.876354912526722,0.918575100934086,0.872120708719827,0.8709114818158316,0.0,0.9053815053044423,0.8229984579509271,0.9208598552752224,0.9059596092987925,0.834864160047785,0.9199454385262564,0.8651564636556741,0.8496799817302864,0.7345419683566706,0.691656297955799,0.905356438670817,0.7836817444653518,0.6197841268124633,0.7455112784102236,0.7111197428181013,0.7255806843754223,0.6499821252094794,0.7037605157300886,0.711671785622383,0.5052148877154778,0.7114141718391463,0.8076140145109038,0.971668373837091,0.7973058620952054,0.6372672020334395,0.6006771151451742
0.539803419158722,0.7821804020198706,0.2737923786766631,0.5700911330253557,0.603751189283341,0.6901971002238841,0.7149370113226758,0.6729399957279185,0.7311264403605473,0.7054067762274994,0.7782453599697292,0.910650141987097,0.8382534690888734,0.9978931890050488,0.8307400086829808,0.7968062769987322,0.9146202416545021,0.9172375994994799,0.8187773717316355,0.8337664654861684,0.9015222753448436,0.9379805844295134,0.9050308738121158,0.7869067190034774,0.9139954842719324,0.911520680365329,0.9138272664159278,0.942419921119761,0.9246698858564576,0.8771833921464676,0.9053815053044423,0.0,0.809650571571078,0.9101722017418837,0.9874680517439903,0.7154434517143667,0.8111264421431028,0.8801376470338664,0.8834837527271134,0.6870109676671787,0.6232509690814863,0.9125653076978981,0.7882220916358037,0.5314434410657366,0.7523331001785691,0.6837446032558165,0.7602559097342184,0.6562315130596224,0.6816105968509437,0.7024560829807962,0.4571409091413199,0.6840237792731813,0.8239469176694515,0.9392176114826194,0.8086286263765888,0.6589436597484595,0.5847179107914681
0.8154344121772267,0.681017973921021,0.19948912138369265,0.3908714879348652,0.7224296656994584,0.8837263170197521,0.8879884404437443,0.8421464254781106,0.9873448643575737,0.8747642383306777,0.9202469162676987,0.795683540463702,0.9391024900122981,0.9198337818196649,0.8522611619467392,0.8293024528822288,0.8369994344766704,0.9168833613092684,0.8798864164512531,0.911401322010521,0.8681067352758629,0.9448414026780555,0.9996509149810522,0.9464920163952476,0.734912817990284,0.7972284697105309,0.7112440854077552,0.8194311731637294,0.7934799115113682,0.7063183788459071,0.8229984579509271,0.809650571571078,0.0,0.852425385672413,0.7949529048015889,0.8652175504870694,0.8104665637156488,0.944805318067105,0.8896494685099008,0.9004039108124257,0.8382853606697173,0.9074149509658306,0.8791433514292347,0.7827961707333365,0.855062929357176,0.9353022461862407,0.9506291668963411,0.7797442830175574,0.8967300494134323,0.8572531811705089,0.6764819999856654,0.8197148657360886,0.9229729735545456,0.8743959959999914,0.8737231428198395,0.7468673863985366,0.8042303351577899
0.5647745671735812,0.7452928415697901,0.2513731982431801,0.5294839037614403,0.6498896123207887,0.7207159308529251,0.7339070169815654,0.7243800373957957,0.7456066864750064,0.7381410806101015,0.8540224902793229,0.879896948538174,0.8205226604690288,0.9673391162732595,0.8327220640271465,0.7704338407233948,0.9023823943411389,0.934890768694187,0.8539729302098349,0.8183580081958044,0.9561499296225885,0.848376170774494,0.9190224337185909,0.7491554662027957,0.9621767996718786,0.9009419140252433,0.8140262262347272,0.9126690106834812,0.9306338320725717,0.8176625707839755,0.9208598552752224,0.9101722017418837,0.852425385672413,0.0,0.9594903903864986,0.7514030557149011,0.8151730541445411,0.9211807281762924,0.8990357908978783,0.7509534749181185,0.7041485979798218,0.9307726798859246,0.8341326651988389,0.5769707827712552,0.7845422638419788,0.7541213793750395,0.7446152741878598,0.6635324842221405,0.6937895443493541,0.7285096914886441,0.506444269636487,0.7357018041102646,0.8610623520216797,0.8902803136950346,0.8439922114178203,0.6931703700736589,0.6219103975267377
0.569315966232005,0.7634691231371434,0.2711525822718046,0.5551484204787888,0.6137996712300438,0.7529471748383374,0.758114604555761,0.7084556036763238,0.7989211500127643,0.7376622405790539,0.7938638001893268,0.9718869491207128,0.8723545855431512,1.0,0.801749338478626,0.8514051907929678,0.9460353633237021,0.9739364062943799,0.9194450619326973,0.823339658337171,0.9796095661038866,0.902442087081287,0.9450525409077566,0.8067274747469209,0.9282599766251683,0.8327052956707951,0.9020405106357975,0.8868074687551046,0.8553466395545133,0.8286030933483484,0.9059596092987925,0.9874680517439903,0.7949529048015889,0.9594903903864986,0.0,0.7331052496684206,0.7838156503732082,0.9147995041986946,0.853164676793144,0.711922291157997,0.6979777982159042,0.9313147966221013,0.8453484869258053,0.5553115929257669,0.8419193680256299,0.7366696317528587,0.8212358455817833,0.636742298800085,0.7170902389536052,0.7614632836457895,0.4823623174506305,0.7283648519698107,0.8551209838516115,0.9474887816242501,0.894559626458611,0.6994931801858949,0.611197220289364
0.9249580824194412,0.6906584329193054,0.19210489848219492,0.3666259547396843,0.7342798876520621,0.9685783780676206,0.8560611914793914,0.8734232541433924,0.9376467718450651,0.9953328878890196,0.852236647468723,0.6806850784408001,0.8231311795080962,0.8247616612849348,0.774554308823676,0.7131682780289867,0.7285348771880857,0.8754556160456032,0.736579137512282,0.7874502506250426,0.8277154405977841,0.9296774683622573,0.8780377428142452,0.8927065353388829,0.6947706089970165,0.7373807004699022,0.6339378114108429,0.706766934555477,0.7440047491241543,0.6362616787606342,0.834864160047785,0.7154434517143667,0.8652175504870694,0.7514030557149011,0.7331052496684206,0.0,0.7639080390099618,0.824709373903825,0.8529579686243371,0.9054582047806062,0.8198608202777367,0.8611690049189861,0.823179685642667,0.90488269159142,0.8337144654530633,0.9151965528442304,0.8139130587358919,0.7889953531802282,0.8463688498728579,0.8278093942776313,0.7422086995715621,0.8358592153328164,0.9347193325414666,0.8314368672974368,0.7971240250843009,0.6896515215848515,0.7904489768707686
