Cingulate area 2,Glomerular layer of the accessory olfactory bulb,Glomerular layer of the olfactory bulb,"Olfactory bulb, unspecified",Frontal association cortex,Cornu ammonis 3,Dentate gyrus,Cornu ammonis 2,Cornu ammonis 1,Fasciola cinereum,Subiculum,Postrhinal cortex,Presubiculum,Parasubiculum,Perirhinal area 35,Perirhinal area 36,Medial entorhinal cortex,Lateral entorhinal cortex,Primary auditory area,"Secondary auditory area, dorsal part","Secondary auditory area, ventral part","Piriform cortex, layer 1","Piriform cortex, layer 2","Piriform cortex, layer 3",Ventrolateral orbital area,Lateral orbital area,Ventral orbital area,Medial orbital area,Dorsolateral orbital area,Prelimbic area,Secondary motor area,Frontal association area 3,Primary motor area,"Agranular insular cortex, ventral area",Agranular insular cortex dorsal area,Cingulate area 1,Infralimbic area,Dysgranular insular cortex,Granular insular cortex,"Primary somatosensory area, forelimb representation","Primary somatosensory area, dysgranular zone","Primary somatosensory area, face representation",Secondary somatosensory area,"Primary somatosensory area, hindlimb representation","Agranular insular cortex, posterior area","Primary somatosensory area, barrel field",Retrosplenial dysgranular area,"Primary somatosensory area, trunk representation",Retrosplenial granular area,"Parietal association cortex, lateral area","Parietal association cortex, medial area","Parietal association cortex, posterior area",Primary visual area,"Secondary visual area, lateral part",Temporal association cortex,"Secondary visual area, medial part",Nucleus of the lateral olfactory tract
0.0,0.4687846705698989,0.24194023470185094,0.3641203239428721,0.36826150578345535,0.6235127847444649,0.6233130298582226,0.6597090681447241,0.6473729044596729,0.5557767097356465,0.6040667571082531,0.3867294661803942,0.5975662946797101,0.45508731236433814,0.7580561753664289,0.7683769405697541,0.5404687668188376,0.46326997962530425,0.7186927460304151,0.6545229381290375,0.7301292257246295,0.8173081277429379,0.8589954780171595,0.8450260136414691,0.5247484433016971,0.5393970767679478,0.6397376630720192,0.5711395759980624,0.4176820445486282,0.7073897740755173,0.7333022832085478,0.6308998195302796,0.8305570576638904,0.8788640641423822,0.7528280638123005,0.950637664479274,0.826385763221226,0.8870809807088629,0.8096646763885665,0.9360158757201664,0.8378038949219847,0.8205395123447382,0.8714291044039809,0.7146205656719667,0.871460762525425,0.842887002045317,0.7596799257151869,0.9310683670497272,0.6815825071879127,0.6685815328091157,0.5043350101474418,0.5433698796088222,0.661968608531657,0.5740912634213519,0.49492545877621713,0.6356036869438603,0.5533020143759924
0.4687846705698989,0.0,0.4404115416479202,0.6601112977382363,0.8798466816616245,0.6926828320270587,0.6521301841167335,0.6888245642779398,0.6759894791151184,0.516480787277973,0.8379329632342053,0.7890916352877549,0.838299284478536,0.6607148260335403,0.7166215682314047,0.6574708787592611,0.8667022914668098,0.8442299667389211,0.7975462071827583,0.8566727304629816,0.6793379385106864,0.6231115818223223,0.6856452846053885,0.6137132635727626,0.931098573855031,0.8547751686739672,0.9282460959356472,0.9513946981502067,0.937450267936777,0.7415270311930862,0.7846791350619179,0.7286038942663354,0.6300191833701682,0.6742186163972457,0.7808040841561594,0.41576265194153167,0.7406322539569499,0.6398607382482033,0.6450187739557055,0.460387374106708,0.4399834293023297,0.6485221941798275,0.5529553461204895,0.4653923997517813,0.629835953015789,0.4978598407530624,0.5164748180675641,0.6315596497308301,0.540163989096179,0.6328676233107169,0.5313128697734046,0.8464711916951282,0.6658035586272161,0.8021860692975787,0.7023036610518004,0.4504355178444002,0.48927963861121515
0.24194023470185094,0.4404115416479202,0.0,0.7671180637896443,0.4366047610233314,0.4713744051584489,0.45557331395567585,0.44884258403805877,0.47621295757945553,0.4367076122303982,0.46688346001949527,0.5416462115541559,0.4886916573794471,0.44450968450848416,0.3940936398881061,0.3854565148071557,0.4413803505878495,0.5320478828417328,0.4524963367044305,0.45649375304876383,0.4120949304418497,0.31536648077907975,0.34615431163650284,0.3174040871615321,0.4937277610314398,0.5332521360438444,0.44046229505881856,0.4186116971808512,0.612597593449733,0.31505741781445107,0.42992740192190504,0.3250770535662464,0.3502030041699846,0.3583398451843194,0.36142341870631106,0.21996885053142973,0.3406155715800342,0.3304463545126807,0.3313665046975681,0.26766829382428237,0.25439926503624183,0.2994885376892815,0.2949600449528968,0.34510519589827643,0.3543919022901937,0.2697565669989946,0.3793441493753474,0.3462571562570058,0.39561742473677075,0.413798004959699,0.5343847570857223,0.4021191159821225,0.49488990592653126,0.527900949349099,0.5350221719642414,0.36307771864416993,0.44159250361019886
0.3641203239428721,0.6601112977382363,0.7671180637896443,0.0,0.6213484824732534,0.6948901460529293,0.643509174293177,0.6922098042700272,0.6562811488563861,0.6001153244401627,0.7070997232771177,0.6914078489574192,0.7454885041718559,0.6261584562730085,0.5747049720027598,0.5633784637513152,0.6776581151761621,0.7364553769907098,0.7065832565132013,0.7157573489319179,0.6052258585896468,0.4906664860998679,0.5443773056051622,0.46354618260905406,0.7631224575640904,0.7452502877287793,0.6710163493392008,0.648769268390497,0.906050254139949,0.4866170004954038,0.6735672395402097,0.495324296078236,0.532081062904353,0.5468702589441093,0.5475640144444626,0.3246308280617828,0.5492183854175576,0.4974216377220598,0.5036838382044427,0.4065993097813345,0.37279138149705443,0.4538730734111082,0.4343508299210905,0.4930885045213509,0.532379345393937,0.3967333342294192,0.5295675911253601,0.5219090637451768,0.5704350133385855,0.5871706128618154,0.6923012572284074,0.588380931368619,0.7159718121112956,0.7639865614917358,0.7204210800703722,0.4829935934618019,0.5953209687216239
0.36826150578345535,0.8798466816616245,0.4366047610233314,0.6213484824732534,0.0,0.5247100913849312,0.5312172330353565,0.5273992628189661,0.5257387115488704,0.44317742369359214,0.6527387032454355,0.73717099147343,0.692020857484893,0.6056655636295288,0.5453063175926207,0.5200607767227574,0.7595528797801128,0.7917081889980983,0.5940650890608243,0.6875264889175047,0.5471288892175468,0.48895494712223236,0.5003746642415955,0.46349570534455464,0.7545948638630413,0.7183128914642262,0.7365497335834257,0.7575725104457197,0.8635469426892851,0.6263166166646894,0.6248664965694933,0.5999142871067586,0.4896934133170533,0.5310228047444452,0.5770036158453807,0.33360436042317326,0.580080694384149,0.5094506084897179,0.5175933579070956,0.36569589392893836,0.3354479059057576,0.5110203622954106,0.40434910916843675,0.36041164360771505,0.4945693423417678,0.373338147615692,0.3934596638282361,0.5009763845075476,0.41213244176170605,0.5188068676001142,0.42049466415107006,0.7024852047671234,0.5406000409160411,0.6267913235693584,0.6002884936078199,0.34374875353783285,0.3976724309634254
0.6235127847444649,0.6926828320270587,0.4713744051584489,0.6948901460529293,0.5247100913849312,0.0,0.9871724678017698,0.9643626186188564,0.9710472926821324,0.8354665658501519,0.9544355748628843,0.6617104572229746,0.9007026691349858,0.7188152275989682,0.8788609841612604,0.8772461667854523,0.7863328277785357,0.7230471590453823,0.9590632089342669,0.863523650448775,0.8483563284741998,0.8459309366540306,0.9354733206119156,0.79495836758677,0.8610085018703278,0.8206387648411398,0.8325151728046865,0.8621010220034482,0.740785072650941,0.667062259556889,0.8669964517831625,0.6706825625655638,0.7889215557134154,0.8983136214585754,0.8113935811655107,0.5494874482108342,0.8647595269370887,0.858671921394766,0.798970516111452,0.7084273381365613,0.6474259361721757,0.769281150398758,0.7992894495668867,0.8030605379504737,0.8556262110592392,0.7335742335477917,0.8614213939920388,0.8961715003452467,0.8581340689528006,0.8812272019743578,0.8095251639292357,0.7059425513674532,0.993180518107256,0.888736388548683,0.8444889768220716,0.8417293196173695,0.7935689265215814
0.6233130298582226,0.6521301841167335,0.45557331395567585,0.643509174293177,0.5312172330353565,0.9871724678017698,0.0,0.9766523689453455,0.9996392114804116,0.8450928313896897,0.9689421302705973,0.670620448765432,0.961722745123207,0.7114068635171603,0.9216650362854275,0.8445445763507791,0.8113667849747457,0.7637844949200641,0.9576505535270174,0.9161555412915344,0.8929939102185759,0.7696807246519531,0.928149083785057,0.8407397347884552,0.8001182879096003,0.7608601767285987,0.7847194342510975,0.7917725757132065,0.6830406184167771,0.665837539707701,0.8267101229112289,0.6489172910249651,0.790628451120569,0.9210836071434136,0.777589293822037,0.5729480629153423,0.8448044684131994,0.8714108247539264,0.833160112892032,0.7574662189018156,0.6974574929130671,0.7881425850424151,0.8228179612566191,0.8935598348686032,0.9212895002513097,0.785653453879989,0.8599254957513437,0.862285917142883,0.8767634514880217,0.8967177008260021,0.8194374257173327,0.66656619810184,0.9945455894742106,0.9114154006575598,0.8410076816064976,0.819727494245966,0.8273668316409448
0.6597090681447241,0.6888245642779398,0.44884258403805877,0.6922098042700272,0.5273992628189661,0.9643626186188564,0.9766523689453455,0.0,0.9249367289619363,0.9056880372311686,0.8879902831914139,0.7110289291486788,0.9586499640435152,0.8225051886431732,0.9042038308927942,0.8620224963147307,0.8442618913695541,0.8582343806594694,0.9790943179253966,0.9976863809649299,0.8578762747701454,0.8386511291082732,0.8880228158068584,0.8605173732615514,0.8551215407636705,0.8124785821029049,0.8683360586361167,0.7830175431575698,0.7000381514636939,0.7067807725074574,0.9390267151900994,0.7151096384794973,0.8260090200332499,0.9390844455857548,0.8335908633169117,0.5965725917193446,0.8706631731308718,0.8853517789770219,0.856910331661903,0.7320188164586033,0.6893793444441052,0.8198132624452233,0.8008849015813813,0.7515572577848165,0.8889254249542888,0.7345694023548345,0.8285244498279223,0.9728263357190486,0.9207380479211144,0.922684402647701,0.7934498036350277,0.835871067076739,1.0,0.9178929514850912,0.8334129393825993,0.8010430637773295,0.8137209894258022
0.6473729044596729,0.6759894791151184,0.47621295757945553,0.6562811488563861,0.5257387115488704,0.9710472926821324,0.9996392114804116,0.9249367289619363,0.0,0.9371785922417579,0.9386602963259187,0.6843318927364318,0.994750894485322,0.7422506578476404,0.9324270803149858,0.9213076307068212,0.867012420614321,0.7557087261843466,1.0,0.9405949092579494,0.9455297927009714,0.8117363337312439,0.9247727827647012,0.8860473381082099,0.8250060092631868,0.8442310488833317,0.8555787462042261,0.7844764796664585,0.724144483250881,0.6796716554866036,0.897611825022009,0.6652268879431774,0.8686869976985409,0.9113104629181087,0.8392044430995479,0.5659749516027083,0.8399044861430143,0.8689888062353226,0.813123469660995,0.7514718673568288,0.6974551302270319,0.77002805753297,0.8445602163150921,0.8400670456844512,0.9340363891008296,0.7581545418382668,0.9031698292266377,0.9472372599274217,0.962784638676705,0.9749401486499354,0.8402307481496696,0.7209256149083298,1.0,0.926799587670562,0.9174529010517428,0.8775771930571253,0.8554545611908947
0.5557767097356465,0.516480787277973,0.4367076122303982,0.6001153244401627,0.44317742369359214,0.8354665658501519,0.8450928313896897,0.9056880372311686,0.9371785922417579,0.0,0.8004911926800915,0.6058663785821106,0.8549234191306164,0.7216221384369359,0.777217494609831,0.8575175592841204,0.7021961442710077,0.6698831828214497,0.8054394767227551,0.7909117689094666,0.7995039275427248,0.7509090716322565,0.7672976077248141,0.7572630634510544,0.6870751751392715,0.6600023634319846,0.7224106120803709,0.6009558195382013,0.5753997582654917,0.5939033482775629,0.7627115685794698,0.5610485622758712,0.7509594207626332,0.7534048321473021,0.6636372576453612,0.5140723107102398,0.7224843130566043,0.7353912131726357,0.7185486241949255,0.728320501125124,0.6938361794790284,0.6736079709241783,0.7199825669476279,0.8551810313316097,0.779493940781406,0.6528736605337715,0.8649252725814919,0.7912634750913741,0.9106393616976737,0.8394610628450232,0.7824166851263546,0.6368790089563353,0.8804684176901206,0.7745526024667541,0.7638549122052246,0.7443424021858168,0.8788049494064257
0.6040667571082531,0.8379329632342053,0.46688346001949527,0.7070997232771177,0.6527387032454355,0.9544355748628843,0.9689421302705973,0.8879902831914139,0.9386602963259187,0.8004911926800915,0.0,0.812999066147386,1.0,0.797603309164625,0.9501818582800217,0.9053786491671343,0.9044225867774646,0.8727375698352663,0.9329388331297512,0.9881715342780263,0.9029950846541489,0.7200307377628856,0.8133484480302737,0.7660477765952549,0.9021236878420432,0.8163363512309884,0.9365891142460845,0.8899930971718315,0.7789963690471876,0.7208021927847106,0.9625879035985728,0.6830449496722325,0.7591936400864678,0.897171710754195,0.7832210762381678,0.5327424715049042,0.858185699596376,0.8095239351896948,0.8101859966907867,0.6350064398770432,0.6127574994190569,0.7531895115720851,0.7057980693344179,0.702332329982077,0.8480352982335625,0.6648895811776125,0.7486753973350976,0.8708491454439199,0.8263782578478795,0.8829416976429605,0.7504652472690657,0.8036942315626214,0.9426646208290131,0.9028438116962826,0.920240751022084,0.6663053732527979,0.747341803727834
0.3867294661803942,0.7890916352877549,0.5416462115541559,0.6914078489574192,0.73717099147343,0.6617104572229746,0.670620448765432,0.7110289291486788,0.6843318927364318,0.6058663785821106,0.812999066147386,0.0,0.8523129314247792,0.8908038904736398,0.6600939616585517,0.6266129251951436,0.9105321746359503,1.0,0.7252172806032844,0.8314785913953608,0.6062864340075568,0.554839537529263,0.5629341690375672,0.5580280827634043,0.8447155792546732,0.7637066798000443,0.8276734126971017,0.7357572432982439,0.7954091579696072,0.5939367207405841,0.6813563402345636,0.6503453129249019,0.5618487196976463,0.617566872289661,0.6560819769036106,0.3427514503970376,0.6255946327076455,0.5940766256409384,0.5798570473151986,0.42848795340154433,0.3928169478542359,0.5262325498133488,0.49490268803455667,0.45144608940836667,0.5715027350047687,0.42222143528237854,0.5007027740541289,0.5990516506970986,0.5326933597759607,0.654083479776324,0.5261858128233353,0.8268771261116663,0.7680150416500099,0.8262891083924188,0.729648752802247,0.4558675782769173,0.5428485043235375
0.5975662946797101,0.838299284478536,0.4886916573794471,0.7454885041718559,0.692020857484893,0.9007026691349858,0.961722745123207,0.9586499640435152,0.994750894485322,0.8549234191306164,1.0,0.8523129314247792,0.0,0.8993311806668768,0.9012864905584116,0.9715919620036494,0.9785694232920759,0.9271463596234627,1.0,0.9848107131929336,0.9121488526752947,0.7995654855578309,0.802169076814982,0.8168739234765587,0.9173768218353499,0.8707286145830755,0.9777114953598184,0.9366196932913866,0.8540883715316773,0.7586174118955035,0.982067909419619,0.771362480603651,0.7963307434896784,0.9050634317607213,0.8734403107292524,0.5415858228061596,0.8913070888938638,0.8495029652061343,0.7906488651771506,0.6391899993666662,0.6233863508295376,0.7904569538549793,0.7533675314728284,0.7228991924929025,0.9151309160625751,0.6635789016343328,0.7855471571244,0.8831271562705421,0.7772283288668608,0.9174259849589989,0.7543823303111281,0.8316292012480551,1.0,0.9303576170659165,0.9116868483940544,0.6825443652333124,0.7773472009768404
0.45508731236433814,0.6607148260335403,0.44450968450848416,0.6261584562730085,0.6056655636295288,0.7188152275989682,0.7114068635171603,0.8225051886431732,0.7422506578476404,0.7216221384369359,0.797603309164625,0.8908038904736398,0.8993311806668768,0.0,0.7107998967137825,0.7060056729106898,0.9381964172443628,0.9139609129505504,0.8099670814731644,0.8639755649065758,0.6663908162943604,0.6518318645229854,0.6695480996640126,0.6835133734433524,0.7829076359692343,0.7732973597243723,0.7763284688334015,0.6995699140037739,0.689528649988458,0.6668534469081575,0.7671814252824084,0.6967126130130591,0.6619736170660033,0.7109999982339325,0.673409267727785,0.4276249325075396,0.6474838541532355,0.6863348160521225,0.6367672729909741,0.5423148514885783,0.4984650313299069,0.6546385099501643,0.5685285305151718,0.5287613686673436,0.6588943179258044,0.49189416376230083,0.575883908420265,0.6859888623613973,0.6285935903576779,0.7113397464804193,0.5456728539514588,0.8840773352149212,0.8146889130131376,0.8056204527657337,0.7054816749547629,0.5067042032415776,0.6240857619239228
0.7580561753664289,0.7166215682314047,0.3940936398881061,0.5747049720027598,0.5453063175926207,0.8788609841612604,0.9216650362854275,0.9042038308927942,0.9324270803149858,0.777217494609831,0.9501818582800217,0.6600939616585517,0.9012864905584116,0.7107998967137825,0.0,0.9991163010772689,0.7954229890502169,0.772700205838681,0.9404785750601585,0.902206863212546,0.9452373023628822,0.8365374792911517,0.9258016398389513,0.8537031967178726,0.8084999357717658,0.7852767422654587,0.8526241808447241,0.8845114032224068,0.6787309703953374,0.7488195855156413,0.8783106978211083,0.726197978043566,0.8620806923403839,0.9623883630492726,0.8302408273424509,0.6380726857870188,0.9133879715147941,0.8971836973262785,0.9151485953123061,0.721064043006921,0.7697263051361168,0.839347138574069,0.8655977017656388,0.7970670854137382,0.912158749202846,0.8052472791492606,0.7927666967726461,0.9529661463396781,0.808244085171362,0.9392729531942396,0.6742267079208767,0.7744759606445231,0.9318113006890614,0.8441974173525543,0.789791857891155,0.7152998267661194,0.7649738660267031
0.7683769405697541,0.6574708787592611,0.3854565148071557,0.5633784637513152,0.5200607767227574,0.8772461667854523,0.8445445763507791,0.8620224963147307,0.9213076307068212,0.8575175592841204,0.9053786491671343,0.6266129251951436,0.9715919620036494,0.7060056729106898,0.9991163010772689,0.0,0.8215281887248016,0.7512533664165366,0.9802891381538897,0.9101381458939121,0.9220737640344125,0.8404283645214771,0.9248553281762751,0.9542320684960393,0.7877438136701589,0.742130873782932,0.8186286500704731,0.8176854631620497,0.6431296639354513,0.7564707120310652,0.9162887972792078,0.740812732767222,0.8087883644256805,0.9726352611741208,0.8738152109466862,0.6686039385272483,0.9434112549683938,0.879367292279566,0.8943321600334898,0.8004155994710248,0.7715350674678666,0.8843600276930391,0.8572484116172973,0.8185071844610623,0.8977800904979701,0.8027150253106106,0.8172255969448884,0.9717928067497769,0.9141499861387289,0.9005549774464967,0.6997434407070622,0.7608219380823543,0.9408175689519356,0.8318944109649246,0.8711801752347575,0.7476123709411934,0.7737356670799876
0.5404687668188376,0.8667022914668098,0.4413803505878495,0.6776581151761621,0.7595528797801128,0.7863328277785357,0.8113667849747457,0.8442618913695541,0.867012420614321,0.7021961442710077,0.9044225867774646,0.9105321746359503,0.9785694232920759,0.9381964172443628,0.7954229890502169,0.8215281887248016,0.0,0.9359113379187199,0.8852799394062011,0.9963249009956834,0.7825079608577974,0.7463542351719711,0.8013328760095585,0.7421687213829026,0.9893531436137185,0.8845832955523255,0.9344234316675147,0.865973617494446,0.8386673335710275,0.783444582138875,0.8886831767613037,0.842778233004153,0.7791783565861341,0.8116303862789178,0.9004491198438398,0.4916637740619246,0.846064317423338,0.7896793183209196,0.7959813496291062,0.5777012217489744,0.5169114262735601,0.7436733161218492,0.6499862227758497,0.5615263222278986,0.7427061650907582,0.5805004180559658,0.6345689354398495,0.78860192918101,0.6709410709539809,0.7745963944937504,0.5830663425201872,0.9877180430838651,0.8700322638037948,0.927692246420488,0.7834295916950317,0.5515551937835844,0.6360086712129722
0.46326997962530425,0.8442299667389211,0.5320478828417328,0.7364553769907098,0.7917081889980983,0.7230471590453823,0.7637844949200641,0.8582343806594694,0.7557087261843466,0.6698831828214497,0.8727375698352663,1.0,0.9271463596234627,0.9139609129505504,0.772700205838681,0.7512533664165366,0.9359113379187199,0.0,0.8344357177379925,0.9718348246630035,0.723432338842249,0.6392833356836949,0.7035740072839133,0.6190256870093305,0.8858309002836985,0.8576305642769572,0.9139604035830311,0.8300617916859003,0.8801585322353449,0.6807881987047231,0.7946474868937671,0.6950032406025795,0.6615067432365882,0.7026150298897191,0.7231712213540178,0.42280397881107196,0.7210923222895028,0.6798971670277614,0.6559895738975411,0.4892188988764631,0.44027646377387997,0.6110561707310477,0.5502811725243111,0.5238117229667121,0.6536750333601221,0.4798553016943028,0.5731224685555094,0.6430993350434929,0.6142273502796994,0.7259257972852949,0.6102108347561548,0.9526511720632586,0.8321430766248941,0.8787506801075263,0.7749778197918267,0.5286019511450574,0.6123975304390936
0.7186927460304151,0.7975462071827583,0.4524963367044305,0.7065832565132013,0.5940650890608243,0.9590632089342669,0.9576505535270174,0.9790943179253966,1.0,0.8054394767227551,0.9329388331297512,0.7252172806032844,1.0,0.8099670814731644,0.9404785750601585,0.9802891381538897,0.8852799394062011,0.8344357177379925,0.0,1.0,0.9551451568666429,0.8492144376733421,0.9233512895977808,0.8648508479546031,0.9733859735753033,0.8587940014454226,0.9545355360985968,0.8924895500632726,0.8115133037636365,0.7740492715267498,0.9494408687081998,0.7329505830942121,0.8887371587752618,0.986958298537831,0.8801673814698587,0.6194948445110345,0.9838212746466508,0.8945928290734748,0.8723523451570594,0.7008105766446959,0.6960419447535605,0.8190264236203438,0.8272077458339473,0.7789396198317756,0.9151263161687984,0.7994980876058566,0.8318323557959486,0.923541976736308,0.8855004663443932,0.9323588089520927,0.8215189193167082,0.806407438202197,1.0,0.8998323071259013,0.8272434674167082,0.7306466045946504,0.76369889333259
0.6545229381290375,0.8566727304629816,0.45649375304876383,0.7157573489319179,0.6875264889175047,0.863523650448775,0.9161555412915344,0.9976863809649299,0.9405949092579494,0.7909117689094666,0.9881715342780263,0.8314785913953608,0.9848107131929336,0.8639755649065758,0.902206863212546,0.9101381458939121,0.9963249009956834,0.9718348246630035,1.0,0.0,0.8381238185360816,0.8509023388640793,0.8683040295693963,0.7961963540274546,0.95654936385124,0.8830548752654526,1.0,0.9378987494520336,0.808994071210142,0.8129776169305316,0.9889618586829986,0.8409841228520015,0.846106436624135,0.9824404535622961,0.9105992133002692,0.5755767656796862,0.895913360019306,0.8739282213612263,0.9605319882859846,0.6446082614012013,0.5923799198021094,0.8149997460727441,0.8017997750670011,0.7004769439151511,0.877503414777364,0.6875246769160578,0.7664095540739237,0.8790557509043606,0.7847214772058073,0.877648636308106,0.6718521052478728,0.8573976642087463,1.0,0.9687998270327982,0.8085576557013713,0.6537592714275812,0.6902658283772863
0.7301292257246295,0.6793379385106864,0.4120949304418497,0.6052258585896468,0.5471288892175468,0.8483563284741998,0.8929939102185759,0.8578762747701454,0.9455297927009714,0.7995039275427248,0.9029950846541489,0.6062864340075568,0.9121488526752947,0.6663908162943604,0.9452373023628822,0.9220737640344125,0.7825079608577974,0.723432338842249,0.9551451568666429,0.8381238185360816,0.0,0.8074924779109014,0.9341563016181027,0.8578243832459712,0.7778062351678161,0.7856391600747997,0.859719739985418,0.8425312655735043,0.6922110044346862,0.7090320207433767,0.8536076230679485,0.6554480310502647,0.8488716764848566,0.9048669939208468,0.7907990778624419,0.6210592408296053,0.8796961008110323,0.8924030609769762,0.8357809847255645,0.729069860660038,0.7630205480187682,0.7765078146297126,0.845408214163909,0.7969023792361486,0.904347885115695,0.8406148833235398,0.817461271320782,0.9488013571778148,0.9294339001914941,0.919171933223782,0.7695309442005404,0.6733326201662924,0.9202399819878242,0.8362457707888712,0.835785462948834,0.7800696404215461,0.7003531855905984
0.8173081277429379,0.6231115818223223,0.31536648077907975,0.4906664860998679,0.48895494712223236,0.8459309366540306,0.7696807246519531,0.8386511291082732,0.8117363337312439,0.7509090716322565,0.7200307377628856,0.554839537529263,0.7995654855578309,0.6518318645229854,0.8365374792911517,0.8404283645214771,0.7463542351719711,0.6392833356836949,0.8492144376733421,0.8509023388640793,0.8074924779109014,0.0,0.9584183252822289,0.9380906249793954,0.7191004001142047,0.7107121912083142,0.7971851446635932,0.7772483301306005,0.5695520220745061,0.7716951229624667,0.8657706513145097,0.7892794446672078,0.9226795750518992,0.9510901797252134,0.8803949771425021,0.7835617148157349,0.9884933156113912,0.9480412534170789,0.9998559160534498,0.8734677411205979,0.8008948256079756,0.9610477790359369,0.9101395734468165,0.7779957898552161,0.9619930798071799,0.872368200441342,0.8062339324989544,0.9658746323037422,0.7348009845202299,0.7922476846702434,0.5740503472026115,0.7342767731228637,0.8440561383449996,0.7359198990975878,0.6382465151107981,0.71492192762081,0.6783610702677962
0.8589954780171595,0.6856452846053885,0.34615431163650284,0.5443773056051622,0.5003746642415955,0.9354733206119156,0.928149083785057,0.8880228158068584,0.9247727827647012,0.7672976077248141,0.8133484480302737,0.5629341690375672,0.802169076814982,0.6695480996640126,0.9258016398389513,0.9248553281762751,0.8013328760095585,0.7035740072839133,0.9233512895977808,0.8683040295693963,0.9341563016181027,0.9584183252822289,0.0,0.9932893740939603,0.7798289893415055,0.7345974957949708,0.8553322015877911,0.7822147687711842,0.6112726206476353,0.768917913896458,0.9495646682414514,0.7957004686764786,0.937914367687983,1.0,0.8963701910656262,0.8022803543685811,1.0,1.0,0.9637735867927085,0.8809567865123192,0.8280812863483674,0.9692773189852637,0.9954551678692323,0.8717909893082706,0.972532911982236,0.9421308669665024,0.9087195443864192,1.0,0.8722835688745091,0.8750187914877741,0.682612282477993,0.7092210161144429,0.9009985789221677,0.7803712326692067,0.7108568272894785,0.820809700807868,0.725478126200435
0.8450260136414691,0.6137132635727626,0.3174040871615321,0.46354618260905406,0.46349570534455464,0.79495836758677,0.8407397347884552,0.8605173732615514,0.8860473381082099,0.7572630634510544,0.7660477765952549,0.5580280827634043,0.8168739234765587,0.6835133734433524,0.8537031967178726,0.9542320684960393,0.7421687213829026,0.6190256870093305,0.8648508479546031,0.7961963540274546,0.8578243832459712,0.9380906249793954,0.9932893740939603,0.0,0.7062001125889137,0.6674109510614199,0.7398433822800224,0.7456100279021965,0.5202506550594219,0.7638790376923257,0.8509486650575006,0.7576549284985831,0.9420576659796871,0.944497131686406,0.8141495646381116,0.759124195177579,0.8989717500890336,0.9408793290903501,1.0,0.8699193016743193,0.7976506301943054,0.9189235480549702,0.9263220825809679,0.7802965098380674,0.9871867811353343,0.8734261414948765,0.8228337149934472,0.9954395652205166,0.8192695891434011,0.8176528203101036,0.5882402825539766,0.7123661011231451,0.8592230461913057,0.7272867071001252,0.673788284602191,0.7703384487879479,0.6709047140990559
0.5247484433016971,0.931098573855031,0.4937277610314398,0.7631224575640904,0.7545948638630413,0.8610085018703278,0.8001182879096003,0.8551215407636705,0.8250060092631868,0.6870751751392715,0.9021236878420432,0.8447155792546732,0.9173768218353499,0.7829076359692343,0.8084999357717658,0.7877438136701589,0.9893531436137185,0.8858309002836985,0.9733859735753033,0.95654936385124,0.7778062351678161,0.7191004001142047,0.7798289893415055,0.7062001125889137,0.0,0.8750635474733808,0.9279040245282708,0.9621330807064392,0.8790092196939067,0.759849433053392,0.8518981746633902,0.7773018008969584,0.7381003618428279,0.7981448513330696,0.8490347014040989,0.4800333859972346,0.811407068118708,0.7367061007371776,0.7527006228080989,0.5671764282835813,0.5163137946421678,0.7564749355038909,0.6505904321659238,0.5990787806585636,0.7138375027003515,0.5759588146085656,0.6356060931263233,0.8083801926688735,0.7061384700798714,0.7973703354531171,0.6755361814441783,0.8838707668273302,0.9176236771762918,0.9604359998371035,0.8039657190028908,0.5892195117484048,0.6258731920585375
0.5393970767679478,0.8547751686739672,0.5332521360438444,0.7452502877287793,0.7183128914642262,0.8206387648411398,0.7608601767285987,0.8124785821029049,0.8442310488833317,0.6600023634319846,0.8163363512309884,0.7637066798000443,0.8707286145830755,0.7732973597243723,0.7852767422654587,0.742130873782932,0.8845832955523255,0.8576305642769572,0.8587940014454226,0.8830548752654526,0.7856391600747997,0.7107121912083142,0.7345974957949708,0.6674109510614199,0.8750635474733808,0.0,0.8515569143874493,0.9022902164545441,0.8710584179939187,0.7288951154875694,0.8690966878705263,0.7338801478678936,0.7308933025501857,0.7703715022388123,0.8290421575136717,0.4783966361198156,0.8292955233957078,0.7122080659790265,0.7322841828078941,0.5558920164265643,0.5107896545002869,0.6915561032595327,0.6272176635704845,0.5684129984366741,0.7205433703138394,0.5514790619950394,0.6296104489464953,0.7213808450365898,0.6595998833950083,0.7406759979059624,0.6273842051310806,0.8467049001783676,0.8628018952251004,0.8831522868387484,0.7787896602776578,0.5637495811202716,0.6157971251109619
0.6397376630720192,0.9282460959356472,0.44046229505881856,0.6710163493392008,0.7365497335834257,0.8325151728046865,0.7847194342510975,0.8683360586361167,0.8555787462042261,0.7224106120803709,0.9365891142460845,0.8276734126971017,0.9777114953598184,0.7763284688334015,0.8526241808447241,0.8186286500704731,0.9344234316675147,0.9139604035830311,0.9545355360985968,1.0,0.859719739985418,0.7971851446635932,0.8553322015877911,0.7398433822800224,0.9279040245282708,0.8515569143874493,0.0,1.0,0.8306212551435304,0.8356184506400437,0.9189931076651652,0.8362995381669499,0.7995611570113197,0.9338152361386105,0.9586815107225495,0.5512634937480794,0.9676477222832424,0.8488381086013574,0.8262931064364271,0.6066256031294565,0.5724111430307245,0.8288685562582598,0.7149966615296589,0.5881519306194981,0.8225044197327893,0.6184384379055049,0.647479286419681,0.855473556735574,0.7400514419214551,0.8343722788499304,0.6115123159148704,0.8839492047056645,0.8806602546723865,0.9340380775665016,0.7657514536357701,0.6119046612205133,0.65116615635552
0.5711395759980624,0.9513946981502067,0.4186116971808512,0.648769268390497,0.7575725104457197,0.8621010220034482,0.7917725757132065,0.7830175431575698,0.7844764796664585,0.6009558195382013,0.8899930971718315,0.7357572432982439,0.9366196932913866,0.6995699140037739,0.8845114032224068,0.8176854631620497,0.865973617494446,0.8300617916859003,0.8924895500632726,0.9378987494520336,0.8425312655735043,0.7772483301306005,0.7822147687711842,0.7456100279021965,0.9621330807064392,0.9022902164545441,1.0,0.0,0.8109995550658657,0.8410122071127665,0.9024226041717281,0.8071065436988076,0.7668877524879432,0.806659401943455,0.9171460248055252,0.5231184913433263,0.8701656925152078,0.7906897611685892,0.7863000008828436,0.593007461472493,0.5453097894220991,0.7858654879295676,0.6776302438389272,0.5847334619159146,0.8286436000251842,0.6308035278381716,0.6427792441613095,0.7580950295020203,0.7021926201252385,0.8374518116818521,0.6185271950334538,0.8308953757029565,0.8230497992364534,0.8273801875104934,0.8408965258192023,0.5739441764151944,0.5749811582463474
0.4176820445486282,0.937450267936777,0.612597593449733,0.906050254139949,0.8635469426892851,0.740785072650941,0.6830406184167771,0.7000381514636939,0.724144483250881,0.5753997582654917,0.7789963690471876,0.7954091579696072,0.8540883715316773,0.689528649988458,0.6787309703953374,0.6431296639354513,0.8386673335710275,0.8801585322353449,0.8115133037636365,0.808994071210142,0.6922110044346862,0.5695520220745061,0.6112726206476353,0.5202506550594219,0.8790092196939067,0.8710584179939187,0.8306212551435304,0.8109995550658657,0.0,0.6179814252738408,0.7595559354915364,0.6091642231620675,0.5609522150634343,0.6228484061006907,0.6977835679762218,0.36596795361782525,0.6624740571341149,0.6063155691096422,0.588573385936531,0.4363719163240115,0.40234197381840214,0.5606325123841845,0.4886161209620054,0.4941921004731682,0.5736790230367192,0.4462221202429775,0.5021911000260197,0.5931416665450829,0.5910523648432127,0.6967258011701222,0.6538218215062431,0.6996124637916403,0.732946567575001,0.8433288755756378,0.7617301920999703,0.4674230494237778,0.5798863899273057
0.7073897740755173,0.7415270311930862,0.31505741781445107,0.4866170004954038,0.6263166166646894,0.667062259556889,0.665837539707701,0.7067807725074574,0.6796716554866036,0.5939033482775629,0.7208021927847106,0.5939367207405841,0.7586174118955035,0.6668534469081575,0.7488195855156413,0.7564707120310652,0.783444582138875,0.6807881987047231,0.7740492715267498,0.8129776169305316,0.7090320207433767,0.7716951229624667,0.768917913896458,0.7638790376923257,0.759849433053392,0.7288951154875694,0.8356184506400437,0.8410122071127665,0.6179814252738408,0.0,0.8409056218013535,0.8661342694515762,0.8019926500696924,0.8027311958447493,0.8225631604057281,0.6423225898950612,0.9167106213463869,0.8770217231477486,0.7993878208992093,0.6906372703975386,0.5989854653585228,0.8712323772584908,0.7086267470828259,0.5674866681864658,0.7646556376061764,0.6383105099112726,0.6055432302136009,0.8088367448812989,0.603370694593788,0.6870347339277619,0.4802414031319666,0.8441671532233631,0.7085602503746378,0.6952286347111193,0.5839786932574351,0.5093575312303803,0.53657268051854
0.7333022832085478,0.7846791350619179,0.42992740192190504,0.6735672395402097,0.6248664965694933,0.8669964517831625,0.8267101229112289,0.9390267151900994,0.897611825022009,0.7627115685794698,0.9625879035985728,0.6813563402345636,0.982067909419619,0.7671814252824084,0.8783106978211083,0.9162887972792078,0.8886831767613037,0.7946474868937671,0.9494408687081998,0.9889618586829986,0.8536076230679485,0.8657706513145097,0.9495646682414514,0.8509486650575006,0.8518981746633902,0.8690966878705263,0.9189931076651652,0.9024226041717281,0.7595559354915364,0.8409056218013535,0.0,0.8454979534385544,0.8918406436979646,0.9972720425856778,0.9034324156856675,0.6621453794184041,0.9405826544327468,0.9511927952042233,0.8504200973388122,0.7482626738985869,0.7028166754598258,0.849548353248428,0.8431376344371427,0.7384567607194864,0.9177512425707075,0.7172308085039139,0.8181390657073145,0.9114311906700442,0.7863308014724397,0.810214560755384,0.6740852074862355,0.8135243963181699,0.891593398516033,0.8820659817926909,0.7600890872569377,0.7144497996307403,0.738607218689443
0.6308998195302796,0.7286038942663354,0.3250770535662464,0.495324296078236,0.5999142871067586,0.6706825625655638,0.6489172910249651,0.7151096384794973,0.6652268879431774,0.5610485622758712,0.6830449496722325,0.6503453129249019,0.771362480603651,0.6967126130130591,0.726197978043566,0.740812732767222,0.842778233004153,0.6950032406025795,0.7329505830942121,0.8409841228520015,0.6554480310502647,0.7892794446672078,0.7957004686764786,0.7576549284985831,0.7773018008969584,0.7338801478678936,0.8362995381669499,0.8071065436988076,0.6091642231620675,0.8661342694515762,0.8454979534385544,0.0,0.7834346733979579,0.7588873370282498,0.835023869584285,0.6055100171197487,0.8307477892344741,0.800774070192741,0.7731826102756398,0.6076320268161777,0.5469363722720196,0.8627535786075531,0.6981488828788602,0.535879819259524,0.748534342290423,0.622562469660118,0.5856355962963439,0.7800862144489836,0.5702278114557565,0.659372815403365,0.4543533227470207,0.8524121863798343,0.7206438184620302,0.7121532928725172,0.5861095662575118,0.4884584755964999,0.5014857661656043
0.8305570576638904,0.6300191833701682,0.3502030041699846,0.532081062904353,0.4896934133170533,0.7889215557134154,0.790628451120569,0.8260090200332499,0.8686869976985409,0.7509594207626332,0.7591936400864678,0.5618487196976463,0.7963307434896784,0.6619736170660033,0.8620806923403839,0.8087883644256805,0.7791783565861341,0.6615067432365882,0.8887371587752618,0.846106436624135,0.8488716764848566,0.9226795750518992,0.937914367687983,0.9420576659796871,0.7381003618428279,0.7308933025501857,0.7995611570113197,0.7668877524879432,0.5609522150634343,0.8019926500696924,0.8918406436979646,0.7834346733979579,0.0,0.9460768467191636,0.878709751944302,0.7486498309152506,0.9225365323121871,0.9203506009655552,0.9413058594943772,0.8500815291231721,0.8113049738993292,0.957765325346308,0.9089449865558603,0.8127047560558581,0.9928522498427131,0.8284186930114956,0.8551277886084194,0.9874047235570441,0.8278803704201789,0.8269366635208881,0.6259639762362891,0.708946211745136,0.8530895535855906,0.773282159006921,0.6483123836289728,0.7432031354481305,0.7162840304409088
0.8788640641423822,0.6742186163972457,0.3583398451843194,0.5468702589441093,0.5310228047444452,0.8983136214585754,0.9210836071434136,0.9390844455857548,0.9113104629181087,0.7534048321473021,0.897171710754195,0.617566872289661,0.9050634317607213,0.7109999982339325,0.9623883630492726,0.9726352611741208,0.8116303862789178,0.7026150298897191,0.986958298537831,0.9824404535622961,0.9048669939208468,0.9510901797252134,1.0,0.944497131686406,0.7981448513330696,0.7703715022388123,0.9338152361386105,0.806659401943455,0.6228484061006907,0.8027311958447493,0.9972720425856778,0.7588873370282498,0.9460768467191636,0.0,0.8688158490658356,0.7492595373722533,0.9960083781128161,0.9766416149670029,0.9667085671856157,0.8958624087443567,0.8183018362885464,0.9419222322459004,1.0,0.7941797189577838,0.9950686982804358,0.9196365316806658,0.8697732689037663,1.0,0.9083198260409636,0.8834683369661009,0.6652669418566137,0.8096366379933313,0.9817996474188617,0.8297081117640402,0.7258988920975205,0.7829064554600723,0.7455616695988787
0.7528280638123005,0.7808040841561594,0.36142341870631106,0.5475640144444626,0.5770036158453807,0.8113935811655107,0.777589293822037,0.8335908633169117,0.8392044430995479,0.6636372576453612,0.7832210762381678,0.6560819769036106,0.8734403107292524,0.673409267727785,0.8302408273424509,0.8738152109466862,0.9004491198438398,0.7231712213540178,0.8801673814698587,0.9105992133002692,0.7907990778624419,0.8803949771425021,0.8963701910656262,0.8141495646381116,0.8490347014040989,0.8290421575136717,0.9586815107225495,0.9171460248055252,0.6977835679762218,0.8225631604057281,0.9034324156856675,0.835023869584285,0.878709751944302,0.8688158490658356,0.0,0.6551470775931054,0.8804176007552036,0.9244525034255532,0.8889030271415761,0.6997605633848824,0.6387172467417469,0.891607522187757,0.8005801186755713,0.6859020892882386,0.8869819896247325,0.7497060483694773,0.7147229668667875,0.8989828610981482,0.7283124688694764,0.7782504280799829,0.6065705306775,0.8602635368140288,0.8488706560172652,0.8362903658860619,0.6715537688486549,0.643037338426634,0.5916445958974333
0.950637664479274,0.41576265194153167,0.21996885053142973,0.3246308280617828,0.33360436042317326,0.5494874482108342,0.5729480629153423,0.5965725917193446,0.5659749516027083,0.5140723107102398,0.5327424715049042,0.3427514503970376,0.5415858228061596,0.4276249325075396,0.6380726857870188,0.6686039385272483,0.4916637740619246,0.42280397881107196,0.6194948445110345,0.5755767656796862,0.6210592408296053,0.7835617148157349,0.8022803543685811,0.759124195177579,0.4800333859972346,0.4783966361198156,0.5512634937480794,0.5231184913433263,0.36596795361782525,0.6423225898950612,0.6621453794184041,0.6055100171197487,0.7486498309152506,0.7492595373722533,0.6551470775931054,0.0,0.7816338603722381,0.7938729756591314,0.7558836669751975,0.8548327993537208,0.802195040391702,0.8122339192186248,0.8290058328822999,0.6672887405918089,0.744624052282484,0.8456075943857457,0.6958754905961686,0.796492377803987,0.6278629189807993,0.5973237450679361,0.4340308866118926,0.5040127211716969,0.5741633956532736,0.4949460567392619,0.4249764708095648,0.626233528295635,0.5001943057675702
