Cingulate area 2,Glomerular layer of the accessory olfactory bulb,Glomerular layer of the olfactory bulb,"Olfactory bulb, unspecified",Frontal association cortex,Cornu ammonis 3,Dentate gyrus,Cornu ammonis 2,Cornu ammonis 1,Fasciola cinereum,Subiculum,Postrhinal cortex,Presubiculum,Parasubiculum,Perirhinal area 35,Perirhinal area 36,Medial entorhinal cortex,Lateral entorhinal cortex,Primary auditory area,"Secondary auditory area, dorsal part","Secondary auditory area, ventral part","Piriform cortex, layer 1","Piriform cortex, layer 2","Piriform cortex, layer 3",Ventrolateral orbital area,Lateral orbital area,Ventral orbital area,Medial orbital area,Dorsolateral orbital area,Prelimbic area,Secondary motor area,Frontal association area 3,Primary motor area,"Agranular insular cortex, ventral area",Agranular insular cortex dorsal area,Cingulate area 1,Infralimbic area,Dysgranular insular cortex,Granular insular cortex,"Primary somatosensory area, forelimb representation","Primary somatosensory area, dysgranular zone","Primary somatosensory area, face representation",Secondary somatosensory area,"Primary somatosensory area, hindlimb representation","Agranular insular cortex, posterior area","Primary somatosensory area, barrel field",Retrosplenial dysgranular area,"Primary somatosensory area, trunk representation",Retrosplenial granular area,"Parietal association cortex, lateral area","Parietal association cortex, medial area","Parietal association cortex, posterior area",Primary visual area,"Secondary visual area, lateral part",Temporal association cortex,"Secondary visual area, medial part",Nucleus of the lateral olfactory tract
0.0,0.30884421022297237,0.3400861526540667,0.36435141047769304,0.45635022322800123,0.7703378120875489,0.7760269185993198,0.6894945905066258,0.7260204877472933,0.7949055370896415,0.7148278611262611,0.6076480109206767,0.7487655434136404,0.9303585411318839,0.4790095106133753,0.5023974353405011,0.7609647945489866,0.7822057264227433,0.48520157025675736,0.5855639409333367,0.432352620934573,0.5601296184141887,0.5817779666696693,0.6312962159470787,0.6053828397286692,0.46578100771877395,0.5761435260420059,0.4486735157523104,0.38966825739077626,0.6047492998629185,0.6937559322893196,0.4932948800023483,0.7405300537992037,0.5357835395291841,0.5122890831217566,0.8288507589291431,0.6561378619395334,0.5793971365399273,0.6936672314663729,0.7700403311586015,0.7017298190717932,0.5617225452929799,0.6684991877937032,0.904586751088607,0.6088880709165646,0.753916952088229,0.8113131774998057,0.9094624573267649,0.766520009603325,0.8687474389455154,0.7420790932111105,0.8775471889558041,0.7896191383625963,0.5984216873621777,0.6237122449836068,0.6985815984821545,0.5319499261667515
0.30884421022297237,0.0,0.8749529070779714,0.9222227179296815,0.8008268476579204,0.4493110408766858,0.4456288653904856,0.576741991380596,0.4828596877365146,0.38610714744457436,0.47476395955879874,0.5203637621387823,0.3532264362624674,0.3810184638604998,0.5744209210383023,0.5465545613640208,0.3209893929461184,0.42067587447373433,0.6542805418434413,0.5723520166446965,0.5800996694805397,0.6208167677864785,0.5866614683396071,0.5364174023955247,0.636274392618298,0.7910801630580079,0.6559649284888583,0.7676525695150284,0.8786542760155303,0.551272553940462,0.5240150378106437,0.7433327662023278,0.49925644453891055,0.7495792635256456,0.7089354110003271,0.4382184021151373,0.5882607494517544,0.6480242018666764,0.5522089912749427,0.4790475592266052,0.5504910395376684,0.6590427431566722,0.5874240228610742,0.28386924975192596,0.5038475715163834,0.48670539409363245,0.40367948825939365,0.32584315064369446,0.4003289674224373,0.35131487986830284,0.39999683333665353,0.39882539742896833,0.4107756229039599,0.4888653014269013,0.598723324833853,0.46806739584246987,0.3789420121024728
0.3400861526540667,0.8749529070779714,0.0,0.9346005285734988,0.9074947919367131,0.4750978988971455,0.5266130436994322,0.590127531558403,0.521118416321098,0.4121662421766091,0.5369846177286205,0.6015607078124809,0.4040414990418661,0.4410931878587987,0.6731165392575197,0.6375695771607052,0.3674933492576127,0.4885736445488275,0.7327563392326242,0.64878808781037,0.6942513369050968,0.6916172238144018,0.6611063579985722,0.593782355460612,0.6458671830135819,0.787432623702037,0.7019328570660751,0.7787793357424752,0.9158750981082763,0.5453120144123451,0.5722751188650128,0.7390322530729567,0.5346193596144613,0.7127900571253354,0.6852158356536235,0.4442558536143771,0.6319916645069917,0.7365530124965476,0.641182369833595,0.5242708919907333,0.5670723426829889,0.6693984048509509,0.5904774419013145,0.31934081601091713,0.5971582531017087,0.5191424082229311,0.45140329164384746,0.3581132102412145,0.4649449547137974,0.380644513473706,0.4292639604012565,0.4227758567948117,0.46165990458484235,0.5311688949509372,0.6725378237895377,0.5090923334087614,0.45576772060666976
0.36435141047769304,0.9222227179296815,0.9346005285734988,0.0,0.9471106199627332,0.5073516380948869,0.5650739811156659,0.639945374454567,0.5685955436217877,0.4554525687310209,0.6040773128996322,0.6583410413772298,0.4260606412439963,0.4439012521389662,0.7132937140464907,0.6766250886464463,0.39040956287996337,0.5393915907045161,0.8281029724931777,0.6969967732099741,0.6990695264470461,0.7425002030212196,0.7197507567208682,0.6409365319264289,0.7150545770489952,0.9082421646780913,0.7505757406670611,0.8220284977853295,1.0,0.6222024120939388,0.615779015923091,0.8464260839885344,0.5922404299273687,0.7981876944114705,0.76738570343006,0.4880567187467464,0.7003350020596819,0.7520003811775448,0.6991419667364052,0.5718215824071254,0.6497412100700303,0.76445668074289,0.6288127658236383,0.33340500996209016,0.6052023006190501,0.5634209518355625,0.4865496775966667,0.3753484332453394,0.47128298191120543,0.40169788608634477,0.46190120124781114,0.45063415118330236,0.4872833976608979,0.5717519935824518,0.7318441741280352,0.5447961648231687,0.47627889118144096
0.45635022322800123,0.8008268476579204,0.9074947919367131,0.9471106199627332,0.0,0.6080307084535007,0.6936299037070195,0.7163221451846351,0.6975135468863163,0.559245563875764,0.6993942751006855,0.7290514437724028,0.49272268648890377,0.5861664965517537,0.7449720946509486,0.7233433708255922,0.44738140551902467,0.6304763903394895,0.8445851379728048,0.7871509779152018,0.7031424501584668,0.8040662532058097,0.8071736637865264,0.7019667563581565,0.7937696589075582,0.9832434616228789,0.8481299966946647,0.9212753514313575,0.9148635910803643,0.700142384608379,0.7737632184235413,0.818587160833551,0.7122723318934976,0.8916055136036425,0.8162270967904599,0.6291817241450114,0.8406710493235622,0.8630938651676181,0.8857951956984266,0.6639171815564331,0.7446665108147781,0.8072840566033911,0.7866181557059785,0.43204975965777864,0.7097680442605646,0.7245800610892577,0.5876705425654849,0.4798282005497378,0.5896010386532787,0.49959753592369976,0.5434277363267085,0.5919589183828622,0.595404969139149,0.6655647441170919,0.8077272216176262,0.6755034963903653,0.5205279365476111
0.7703378120875489,0.4493110408766858,0.4750978988971455,0.5073516380948869,0.6080307084535007,0.0,0.9053518891762096,0.9098815793870928,0.978982624099854,0.779323478271973,0.8346934500471759,0.8295499202857219,0.8346419663993172,0.8405660571686713,0.7328493636158574,0.7067929232718752,0.7925014499681748,0.8963546735823438,0.7266894349519478,0.9145386196012047,0.661099344816083,0.7925300970834211,0.8111040560115805,0.8456998052854875,0.7131788356964679,0.6664205593442699,0.6692742059959678,0.5240438509477716,0.5580609074364259,0.6686690255626182,0.7116052017607329,0.7482804362497018,0.8729589337359357,0.7228154821088992,0.7318764296615788,0.8897037128268824,0.810193929389065,0.7585485849035736,0.8325060907090387,0.8776797386187049,0.8555039301694296,0.7107044959900854,0.7943035294621712,0.7087845920834994,0.811423291662156,0.8131123500391929,0.8863932365931105,0.7713151372820303,0.8679299501094593,0.8514550264724274,0.8718505354466399,0.9927509912831343,0.9552169137959552,0.9152339163590557,0.9024535240561291,0.8869078420552209,0.6416475366493793
0.7760269185993198,0.4456288653904856,0.5266130436994322,0.5650739811156659,0.6936299037070195,0.9053518891762096,0.0,0.7943038535640339,0.9552423198803756,0.8742639178544855,0.963511271561692,0.9108714448857392,0.9374521980437258,0.9084356521438264,0.7404119558642718,0.7311488446035515,0.8035928251796133,0.893311542496277,0.7430116663570322,0.8082651231443992,0.6682907748865707,0.766592948904752,0.8215944234780364,0.8670825123032742,0.7615852166418179,0.6888042332096783,0.7514268117184707,0.5915610211621273,0.5839961738259858,0.7303102432803913,0.8402831085044394,0.6859244837905591,0.8805585389798185,0.737759653822666,0.7057245967515053,0.814018202076396,0.8420427980225426,0.7990128243776743,0.9445402629590155,0.9245374059082303,0.8411836555184478,0.710222660901366,0.8191214284316453,0.7510535382202074,0.7731748791768533,0.8013289956580308,0.9818772404739073,0.8132890188860271,0.9299290592063639,0.8259019972740871,0.908259258937514,0.9379668467413609,0.9058420277919962,0.8147494387885191,0.9607398516774108,0.9679648338341706,0.7558586656911889
0.6894945905066258,0.576741991380596,0.590127531558403,0.639945374454567,0.7163221451846351,0.9098815793870928,0.7943038535640339,0.0,0.9169993661314138,0.7342210766813235,0.8413393842861698,0.836393558303373,0.7147898597322906,0.7999004111494497,0.7896325308444277,0.7629756117270107,0.6841338939441459,0.831736629846991,0.8020590752750729,0.9587297695502802,0.7240081390905165,0.8556732204811561,0.8833701436319162,0.8912233821781433,0.841048066515607,0.7296291619296127,0.7719801923613784,0.6697846951869748,0.7035225988756801,0.7585531214278528,0.7846273402067159,0.8298151795272443,0.8484236895118055,0.8387980814452063,0.8414688701169997,0.8091880264325692,0.898156936333295,0.8917005069831383,0.8868883494666924,0.8555476426083569,0.9174541855540197,0.758501213992091,0.8842185278672783,0.581372153341289,0.8118166793242586,0.8268558121366174,0.8331533276576758,0.6991201523611937,0.8041454923459431,0.7277849548794381,0.7636190317177209,0.8840280653048699,0.8843796753331239,0.9935172392509989,0.9676779129230076,0.8569779485959372,0.6191496594394582
0.7260204877472933,0.4828596877365146,0.521118416321098,0.5685955436217877,0.6975135468863163,0.978982624099854,0.9552423198803756,0.9169993661314138,0.0,0.822806513865944,0.8862562689489595,0.8626816758429126,0.7967902766983141,0.8700580924332121,0.6334202492091993,0.6771953723861988,0.7414355170681061,0.9094537351144565,0.6872482029347591,0.8579042215598178,0.5785434399139263,0.7596319835244532,0.805141526461831,0.7895997267053441,0.8348804444416761,0.7197473119009619,0.7576586846074299,0.6055001008360913,0.6391376987673637,0.7500011787761964,0.7842093669746368,0.7401734687228316,0.8853820499387403,0.7540790852093524,0.7627948544972636,0.881702310965101,0.9445721393181175,0.8188348699273498,0.8766203890194318,0.9255804173625398,0.8804155946509061,0.7476390893595214,0.902046060358255,0.6678339842470137,0.742842362567896,0.8390969446491096,0.8841410872062432,0.8089418205998005,0.8519475469518901,0.7815555973371392,0.873792955172135,0.940283851664522,0.9287375785903357,0.8216812103659797,0.9481579516179429,0.8666855807555807,0.6273091472863411
0.7949055370896415,0.38610714744457436,0.4121662421766091,0.4554525687310209,0.559245563875764,0.779323478271973,0.8742639178544855,0.7342210766813235,0.822806513865944,0.0,0.771765112005137,0.7120720624585551,0.7403844414761421,0.841397900750916,0.5349199575614276,0.5763024164636481,0.7714132664021969,0.7775942889388321,0.5488737721148882,0.6610553399145082,0.4813768258445512,0.6716180386528894,0.6635609932978189,0.7028093191905042,0.7121064021757969,0.5794905774814594,0.7018049520452078,0.5234368187457347,0.48407343936067593,0.7110761399040013,0.8221256353917444,0.5849860355837319,0.8395623413340654,0.6672733570597147,0.6163362436089989,0.8037955666800516,0.8147591866207333,0.690608381517073,0.8014749471698873,0.852488174897978,0.7698017576558057,0.6651405536433107,0.8014245407343797,0.8200827576094768,0.6887176589122933,0.8473156769734711,0.8977581214436605,0.8465641681759433,0.8960256956624724,0.8425280780678901,0.8261620075173726,0.9086125549418338,0.8017292894397017,0.7237840606905996,0.7846965533487421,0.8112819407243516,0.5678022648515483
0.7148278611262611,0.47476395955879874,0.5369846177286205,0.6040773128996322,0.6993942751006855,0.8346934500471759,0.963511271561692,0.8413393842861698,0.8862562689489595,0.771765112005137,0.0,0.8609730642701083,0.913946342736082,0.8376854962599494,0.7402078007178248,0.695350886705185,0.7445299980806779,0.9260582314896006,0.7810479930669862,0.9017954319725904,0.654408245076315,0.7538453069690588,0.7662570070361489,0.7640731189734775,0.7123782471275469,0.6788642753343642,0.7427750208457692,0.5658185364140718,0.5895654540580232,0.6298414772888196,0.7318246568130142,0.6881790912466839,0.7950528899447318,0.6624689589793421,0.6546353394073635,0.7950838417550712,0.7811908754621998,0.7696051209393049,0.8641481793729451,0.8948799265059388,0.8183056907510862,0.6444410327210883,0.7763551648173362,0.6238831337707302,0.7750425718960517,0.7446584547276475,0.9214703821322083,0.7146286701925542,0.8366425033032915,0.6930612851803729,0.7953241848460847,0.8349306569929696,0.9010895902243454,0.8262181467463869,0.9496189262873959,0.8168504968033673,0.8790603048495705
0.6076480109206767,0.5203637621387823,0.6015607078124809,0.6583410413772298,0.7290514437724028,0.8295499202857219,0.9108714448857392,0.836393558303373,0.8626816758429126,0.7120720624585551,0.8609730642701083,0.0,0.8153646780869274,0.8007890364424811,0.8812214434785854,0.8110316589787725,0.7605279939124822,0.8727941148529947,0.860423146333006,0.8896528770743408,0.8100110412181659,0.7881448931693732,0.8569212506410571,0.7966632136185379,0.6721540190188326,0.674995246313395,0.724622839674621,0.5955238844354906,0.6445293756146324,0.6196435804275293,0.684320579614472,0.736274232658158,0.8210140730722165,0.7013248124077262,0.6497421460938091,0.6870586639539515,0.8261951862080801,0.7895945310548405,0.8132932437154344,0.8044574845243275,0.7892451270750223,0.6537280114954689,0.72453935816248,0.5827908312931974,0.8202253435182583,0.7056757444542833,0.8480754136013335,0.6714291852154881,0.8227701973059856,0.6930876293404417,0.7824578332914048,0.8652141376792551,0.8900480020935313,0.882428341289264,0.9223543922932137,0.8338082335177334,0.7447557489396994
0.7487655434136404,0.3532264362624674,0.4040414990418661,0.4260606412439963,0.49272268648890377,0.8346419663993172,0.9374521980437258,0.7147898597322906,0.7967902766983141,0.7403844414761421,0.913946342736082,0.8153646780869274,0.0,0.9074042294045774,0.5968093748118207,0.5714132727588689,0.9234231298410116,0.8455396268267914,0.6329804990401694,0.7198871093589775,0.5438139661426971,0.6000356939279952,0.6544972208675522,0.6530615578745713,0.559643905171435,0.47974630753720676,0.5421627257216681,0.42951114489933095,0.427769471707709,0.5040579561008427,0.6114914709366683,0.5142907178153743,0.7171578773537106,0.5265958213198151,0.5065166554092694,0.6943989343572536,0.6775145683137606,0.5932191274391838,0.6915102786105777,0.7682966102824799,0.6540534326926478,0.5162022100882947,0.6199007280799362,0.7083252920798113,0.6640697958923789,0.629338267793799,0.9926477423278012,0.7860450249165859,0.831365166391865,0.7559727277420005,0.8069179173936948,0.9209950206355649,0.8654970654737605,0.7285096664525914,0.7523263526962826,0.8019623497026771,0.7683958281806449
0.9303585411318839,0.3810184638604998,0.4410931878587987,0.4439012521389662,0.5861664965517537,0.8405660571686713,0.9084356521438264,0.7999004111494497,0.8700580924332121,0.841397900750916,0.8376854962599494,0.8007890364424811,0.9074042294045774,0.0,0.618462786495204,0.641638199972377,0.872173306420624,0.8667807644028086,0.6173409409449717,0.7646042820624229,0.5898366949565194,0.6895607828101914,0.6757674351416982,0.7243357942192274,0.6576226477836993,0.5378373843506683,0.6286458023141329,0.5288090110841865,0.47565871789497116,0.6278632723456862,0.7547450887164925,0.5625281960074309,0.8987886793546834,0.610451081796652,0.5948070199846193,0.8360287406743024,0.7915254818397526,0.7198208904236778,0.8484874972087126,0.9247676186350541,0.8156942755828293,0.5900730807359676,0.7676534174705767,0.8952176896773882,0.7379678769420972,0.8414092785805636,0.978777074700164,0.8780987708798935,0.9042445835453307,0.8037132987591293,0.8255232202667889,0.996843996354186,0.9259465699543284,0.7607066764644236,0.7746213119085545,0.8404976035343886,0.7172564924650932
0.4790095106133753,0.5744209210383023,0.6731165392575197,0.7132937140464907,0.7449720946509486,0.7328493636158574,0.7404119558642718,0.7896325308444277,0.6334202492091993,0.5349199575614276,0.7402078007178248,0.8812214434785854,0.5968093748118207,0.618462786495204,0.0,0.9964912877962343,0.6184036540369057,0.8039321062190681,0.9828123240219673,0.894297692409256,0.9516360253113119,0.85000476281994,0.9687082429106705,0.8811628906278245,0.5850393917042288,0.6675075187905137,0.6254372922937927,0.603666205049757,0.6035439838237153,0.5423272855633788,0.5956430107881696,0.6683451214106965,0.7252816660161939,0.6305262981412363,0.5982094669685056,0.5593488261466555,0.6967403099348097,0.8047105019735968,0.7176131477230272,0.611848174585706,0.6789673865292147,0.5809306275566033,0.5916622434350863,0.4403649753473335,0.8737482196745664,0.5761891155143766,0.7610096043768156,0.5206047057139099,0.6616847968027887,0.5169785999483593,0.5856607331787436,0.5936204397793488,0.654696996813273,0.7295580290807077,0.8616039793300747,0.6978397966983229,0.6683081187303759
0.5023974353405011,0.5465545613640208,0.6375695771607052,0.6766250886464463,0.7233433708255922,0.7067929232718752,0.7311488446035515,0.7629756117270107,0.6771953723861988,0.5763024164636481,0.695350886705185,0.8110316589787725,0.5714132727588689,0.641638199972377,0.9964912877962343,0.0,0.6084201747622171,0.8097988209482889,0.9506498987041152,0.9079360714634317,0.9342298583776484,0.9214407805421527,0.8995836589993907,0.8737960424254558,0.5883339376360353,0.6732549022811153,0.6624361776197218,0.6118196382749922,0.6238274844722056,0.6025967810037854,0.6408018947799171,0.6779699071862295,0.7589628263238806,0.6764862322521066,0.6372274784360328,0.5995930238275068,0.7525872336525342,0.8781559064095018,0.7403131152208581,0.6848411417939684,0.7125007073714638,0.6106536206430988,0.6330678778697962,0.4943976522344037,0.961774563244148,0.6389658487310989,0.7481423368398903,0.5389387519088787,0.6672516501023869,0.5700360031142194,0.6029065650422877,0.6121405592635847,0.6584709318167836,0.7186436505373445,0.8375169792915879,0.746263816739312,0.614894499789795
0.7609647945489866,0.3209893929461184,0.3674933492576127,0.39040956287996337,0.44738140551902467,0.7925014499681748,0.8035928251796133,0.6841338939441459,0.7414355170681061,0.7714132664021969,0.7445299980806779,0.7605279939124822,0.9234231298410116,0.872173306420624,0.6184036540369057,0.6084201747622171,0.0,0.9076102796802754,0.5820096188034443,0.7266298950559971,0.5543001144956947,0.598220655418824,0.6282291847925837,0.6635096154759719,0.5213632352865278,0.45429439662988574,0.49946381212101815,0.40727020521261836,0.38036205863898875,0.5115038740384582,0.6085833054132767,0.4849926249343853,0.7318439821151436,0.4944311104934416,0.4654847949430555,0.7480250183417869,0.6823835016534947,0.5915981305704411,0.6554182128922518,0.7682280203750128,0.646849420905512,0.4804574790773233,0.5987635327032145,0.8015377586379904,0.7028278609263916,0.6602709287701934,1.0,0.8936544452848774,0.9055264736734701,0.8274668403526675,0.8847642906908639,0.9312852322653482,0.8339564193665984,0.7122685106095583,0.6934636310842132,0.8130667804061785,0.6760887897625275
0.7822057264227433,0.42067587447373433,0.4885736445488275,0.5393915907045161,0.6304763903394895,0.8963546735823438,0.893311542496277,0.831736629846991,0.9094537351144565,0.7775942889388321,0.9260582314896006,0.8727941148529947,0.8455396268267914,0.8667807644028086,0.8039321062190681,0.8097988209482889,0.9076102796802754,0.0,0.7778090700467467,0.8793817963531394,0.6871608602114184,0.7390858247771608,0.7734297129062396,0.822793871730472,0.6991828970216517,0.6322921646623266,0.6756977754705432,0.5475996154568358,0.5395376201047298,0.6327777432916775,0.7351144382983172,0.6738848729230908,0.8456909056584002,0.6366923342472066,0.6121230646885256,0.7643294764923181,0.8467329647850265,0.7867974834015781,0.8032915862799652,0.8722169814180213,0.7800019306650654,0.6301644508220201,0.742537532351329,0.7397810639910963,0.83877157318366,0.7932153323493838,0.9512555775532008,0.7854851223687509,0.8993307903203654,0.7628840160308561,0.8421953370801599,0.8811875077174492,0.902866446650657,0.8813325754964711,0.901640663709495,0.8740683313661132,0.7448130509282007
0.48520157025675736,0.6542805418434413,0.7327563392326242,0.8281029724931777,0.8445851379728048,0.7266894349519478,0.7430116663570322,0.8020590752750729,0.6872482029347591,0.5488737721148882,0.7810479930669862,0.860423146333006,0.6329804990401694,0.6173409409449717,0.9828123240219673,0.9506498987041152,0.5820096188034443,0.7778090700467467,0.0,0.9179025944697338,0.9712853934046124,0.8481374615586239,0.9592466909283053,0.9071107528287254,0.6449135006609026,0.7677757171719388,0.7403149273109683,0.6727746274241624,0.7425175885724405,0.5799264185675059,0.6472173069135005,0.757252409364708,0.7314100585911494,0.7310262861155516,0.6635418870247937,0.5913964952818364,0.7635805407288528,0.8499703912188457,0.7568668775022276,0.683510535240871,0.7787004465116374,0.6620921435013334,0.6704193121553468,0.44819154689759394,0.8357958128756754,0.6056169901159724,0.7456629876921259,0.5268215518259014,0.6695221784929273,0.5377677887502466,0.6147672484116895,0.6284838766693226,0.6602936726013844,0.7302199026403509,0.8724923523956399,0.7139594198312911,0.6379784640397523
0.5855639409333367,0.5723520166446965,0.64878808781037,0.6969967732099741,0.7871509779152018,0.9145386196012047,0.8082651231443992,0.9587297695502802,0.8579042215598178,0.6610553399145082,0.9017954319725904,0.8896528770743408,0.7198871093589775,0.7646042820624229,0.894297692409256,0.9079360714634317,0.7266298950559971,0.8793817963531394,0.9179025944697338,0.0,0.9130389831910277,0.8742351426788973,0.8934638223609928,0.9052821398067435,0.726264129682275,0.7647488658163318,0.7176526806387186,0.6381847221958025,0.6867115681912975,0.6706443975042178,0.7305402486072888,0.849036421486881,0.8200205169492992,0.7751017080958791,0.7439126669036099,0.7682149611779259,0.8512846473746817,0.8651616000326693,0.8632065551865411,0.8329582821150661,0.8632272751118605,0.7119535475648863,0.7664443553052188,0.5311973687858678,0.8662195892847115,0.7435684615196222,0.8397260980815073,0.637224474394505,0.8072259975575439,0.6551097316409049,0.7294196692928434,0.7664929181666604,0.7974119240400908,0.9154756894539958,0.9545041973654862,0.8096614642069861,0.6633762104449763
0.432352620934573,0.5800996694805397,0.6942513369050968,0.6990695264470461,0.7031424501584668,0.661099344816083,0.6682907748865707,0.7240081390905165,0.5785434399139263,0.4813768258445512,0.654408245076315,0.8100110412181659,0.5438139661426971,0.5898366949565194,0.9516360253113119,0.9342298583776484,0.5543001144956947,0.6871608602114184,0.9712853934046124,0.9130389831910277,0.0,0.8029532750844691,0.8536934273520873,0.8070480444203928,0.5306672314523758,0.6385989770326954,0.609711149417724,0.5976711225793975,0.626768491286608,0.5089948957163369,0.5824773441433279,0.6592910670477118,0.661461181181114,0.6224463240726232,0.5594643108650889,0.5254553033507338,0.6455905691358057,0.7980425693191487,0.6849102053250556,0.5888825260148599,0.6437409931630087,0.5921876700978663,0.5712018128365359,0.4140716988750691,0.7882135722021775,0.547289542985496,0.6572830872725527,0.48737657892674763,0.6162774787182423,0.48526792677500663,0.5547260974562669,0.5619498257117721,0.5691279128880129,0.67453110382637,0.8473810301868689,0.6668753267980756,0.6226172576982517
0.5601296184141887,0.6208167677864785,0.6916172238144018,0.7425002030212196,0.8040662532058097,0.7925300970834211,0.766592948904752,0.8556732204811561,0.7596319835244532,0.6716180386528894,0.7538453069690588,0.7881448931693732,0.6000356939279952,0.6895607828101914,0.85000476281994,0.9214407805421527,0.598220655418824,0.7390858247771608,0.8481374615586239,0.8742351426788973,0.8029532750844691,0.0,0.9220344978049955,0.9463353677494694,0.837230267435745,0.8546483339116373,0.8181956444807487,0.7193938149903395,0.7191055924121541,0.7855052149229169,0.8004781329711752,0.8596142814575096,0.8563832101511283,0.8758153164463737,0.7957516040400535,0.7628942933214006,0.8750056589661284,0.9887959667995254,0.9004353533740983,0.7867977061017692,0.8548204960353813,0.7989143014886003,0.8237987822005857,0.528100070719326,0.7922416531123758,0.8031942467680826,0.7373401291626105,0.6177083530173023,0.7124625878223189,0.65945457327031,0.6899166023658718,0.6915498942051261,0.6702448176728518,0.7741710210244781,0.8877953869060756,0.7893779857442824,0.5881363481524996
0.5817779666696693,0.5866614683396071,0.6611063579985722,0.7197507567208682,0.8071736637865264,0.8111040560115805,0.8215944234780364,0.8833701436319162,0.805141526461831,0.6635609932978189,0.7662570070361489,0.8569212506410571,0.6544972208675522,0.6757674351416982,0.9687082429106705,0.8995836589993907,0.6282291847925837,0.7734297129062396,0.9592466909283053,0.8934638223609928,0.8536934273520873,0.9220344978049955,0.0,0.9147324996328732,0.7578755905266518,0.7674438561557376,0.7742831916502989,0.6863802588091708,0.7031080207248891,0.7293172392947859,0.7628114019941786,0.8410503845166202,0.8454336384191391,0.8086923689094638,0.7592299675730014,0.7377127286916838,0.8563365576970048,0.884346159804625,0.7921424027767162,0.7990814265866611,0.8597203748205988,0.7553802019308982,0.8120914594949045,0.5659140207943846,0.8931819442082714,0.753861027462381,0.8235679858845311,0.6521661221602147,0.7227999656295311,0.6666254981987715,0.7378846127023094,0.7308484274572341,0.7507643429099219,0.7802241472530211,0.9467838910058333,0.7881749456288519,0.6249426812193035
0.6312962159470787,0.5364174023955247,0.593782355460612,0.6409365319264289,0.7019667563581565,0.8456998052854875,0.8670825123032742,0.8912233821781433,0.7895997267053441,0.7028093191905042,0.7640731189734775,0.7966632136185379,0.6530615578745713,0.7243357942192274,0.8811628906278245,0.8737960424254558,0.6635096154759719,0.822793871730472,0.9071107528287254,0.9052821398067435,0.8070480444203928,0.9463353677494694,0.9147324996328732,0.0,0.7400728854405163,0.7198329365794892,0.7801549407044917,0.606347106033797,0.615969128885266,0.7703033708911948,0.7627175156681821,0.7816411369946588,0.821025203113432,0.7553108017045608,0.721690915697696,0.7735872610272152,0.7966004820882395,0.9094810621450746,0.867759513380963,0.8083959027892912,0.8383633165589804,0.7321607823804561,0.7987859642657508,0.6082100072196818,0.9073979538714338,0.8072943876252551,0.8495589726126375,0.6897158472291226,0.7491161124930781,0.7110027602054605,0.7658412819756244,0.7524687011612579,0.7093868801392936,0.8259555784773287,0.8852957204017535,0.8689188262996652,0.603174192131358
0.6053828397286692,0.636274392618298,0.6458671830135819,0.7150545770489952,0.7937696589075582,0.7131788356964679,0.7615852166418179,0.841048066515607,0.8348804444416761,0.7121064021757969,0.7123782471275469,0.6721540190188326,0.559643905171435,0.6576226477836993,0.5850393917042288,0.5883339376360353,0.5213632352865278,0.6991828970216517,0.6449135006609026,0.726264129682275,0.5306672314523758,0.837230267435745,0.7578755905266518,0.7400728854405163,0.0,0.9257029347983345,0.9413150523317078,0.8380718859213638,0.7868633846678146,0.9349227329544415,0.8988682247408516,0.8759143644796,0.8056459734555609,0.9346327859106787,0.9363092653219298,0.8038835324047385,0.8955628038139618,0.9103469049288804,0.9435776583916482,0.7833151091486575,0.9012558807385656,0.9825397529297845,0.9578415253452907,0.5546235295715614,0.6322705461194974,0.9281532418748347,0.6454084393631572,0.5922880452516373,0.65714532144892,0.665957177736927,0.6570654759844431,0.6869283466283257,0.6879847098184465,0.6761955197578443,0.8742640696615874,0.7570746024711983,0.5010193150253069
0.46578100771877395,0.7910801630580079,0.787432623702037,0.9082421646780913,0.9832434616228789,0.6664205593442699,0.6888042332096783,0.7296291619296127,0.7197473119009619,0.5794905774814594,0.6788642753343642,0.674995246313395,0.47974630753720676,0.5378373843506683,0.6675075187905137,0.6732549022811153,0.45429439662988574,0.6322921646623266,0.7677757171719388,0.7647488658163318,0.6385989770326954,0.8546483339116373,0.7674438561557376,0.7198329365794892,0.9257029347983345,0.0,0.9206881956709257,0.8556924996167294,0.9570222142693559,0.8125415180732247,0.7454209425053752,0.9719462896739587,0.7717591384034913,1.0,0.9269606599707342,0.6472453397694831,0.9149427336186581,0.8896771996968496,0.8137778900656796,0.7263043190524676,0.806794722647595,0.9119772948940584,0.8415152832692713,0.43193550109740625,0.6646527717447999,0.7453448089496418,0.5734552887284263,0.4882494572149967,0.5670397558358916,0.5346575974776708,0.5933161819008874,0.5877639914171406,0.6008227885683697,0.6603326579201059,0.7835039013176931,0.6748484696600131,0.5070643294281912
0.5761435260420059,0.6559649284888583,0.7019328570660751,0.7505757406670611,0.8481299966946647,0.6692742059959678,0.7514268117184707,0.7719801923613784,0.7576586846074299,0.7018049520452078,0.7427750208457692,0.724622839674621,0.5421627257216681,0.6286458023141329,0.6254372922937927,0.6624361776197218,0.49946381212101815,0.6756977754705432,0.7403149273109683,0.7176526806387186,0.609711149417724,0.8181956444807487,0.7742831916502989,0.7801549407044917,0.9413150523317078,0.9206881956709257,0.0,0.885673200198055,0.8508617088518241,0.8537349048182339,0.9096074859503015,0.8644044448981903,0.8130183616074843,0.9752678434147363,0.9462939884955953,0.7220811091316893,0.82305349528639,0.8738960075332948,0.8676744761467465,0.8176085097502916,0.8705827349129145,0.9343838322485748,0.859530703664312,0.5086239868390539,0.6721424197534969,0.8029441236573853,0.6547260115985244,0.5689650932815503,0.59916080933407,0.6350897386509996,0.6289282759712767,0.6135465328145608,0.6356913492094439,0.6809349253891089,0.8013714301403344,0.7263964915806942,0.5147679201399856
0.4486735157523104,0.7676525695150284,0.7787793357424752,0.8220284977853295,0.9212753514313575,0.5240438509477716,0.5915610211621273,0.6697846951869748,0.6055001008360913,0.5234368187457347,0.5658185364140718,0.5955238844354906,0.42951114489933095,0.5288090110841865,0.603666205049757,0.6118196382749922,0.40727020521261836,0.5475996154568358,0.6727746274241624,0.6381847221958025,0.5976711225793975,0.7193938149903395,0.6863802588091708,0.606347106033797,0.8380718859213638,0.8556924996167294,0.885673200198055,0.0,0.9265762486013679,0.6855733559885264,0.7317012354384574,0.7560195975832817,0.6348510088686977,0.8697236704701982,0.7887238521227119,0.5591736400159607,0.6842708503392786,0.7825175664394598,0.7768956203178243,0.5951882280554928,0.6750961011502351,0.8053109531541176,0.7900224824625246,0.38121694794258243,0.6156710977517547,0.6981111752511331,0.5293312013008183,0.4423732066702666,0.5046404295091563,0.4590306542274342,0.45997774328021546,0.5309332941368,0.5097491549911443,0.5476846814256261,0.6797893059820298,0.556464618814815,0.44265860423521086
0.38966825739077626,0.8786542760155303,0.9158750981082763,1.0,0.9148635910803643,0.5580609074364259,0.5839961738259858,0.7035225988756801,0.6391376987673637,0.48407343936067593,0.5895654540580232,0.6445293756146324,0.427769471707709,0.47565871789497116,0.6035439838237153,0.6238274844722056,0.38036205863898875,0.5395376201047298,0.7425175885724405,0.6867115681912975,0.626768491286608,0.7191055924121541,0.7031080207248891,0.615969128885266,0.7868633846678146,0.9570222142693559,0.8508617088518241,0.9265762486013679,0.0,0.6700674666338083,0.6563820270096834,0.8949967658501828,0.6309219048058596,0.8915719746401225,0.8502149805607755,0.5569278480700978,0.7314567710921559,0.8198119965094106,0.7594662096230926,0.606711695207607,0.7176990019149175,0.8233561048484855,0.7291725191998757,0.3570811357636774,0.6188975957904802,0.6136617373417763,0.4987826897478014,0.40309402039486475,0.5017679111314726,0.43879306349811503,0.47837524954462085,0.4778556606315559,0.5203551075095167,0.629088263580594,0.7531884704884145,0.5635954597312488,0.46634606774510623
0.6047492998629185,0.551272553940462,0.5453120144123451,0.6222024120939388,0.700142384608379,0.6686690255626182,0.7303102432803913,0.7585531214278528,0.7500011787761964,0.7110761399040013,0.6298414772888196,0.6196435804275293,0.5040579561008427,0.6278632723456862,0.5423272855633788,0.6025967810037854,0.5115038740384582,0.6327777432916775,0.5799264185675059,0.6706443975042178,0.5089948957163369,0.7855052149229169,0.7293172392947859,0.7703033708911948,0.9349227329544415,0.8125415180732247,0.8537349048182339,0.6855733559885264,0.6700674666338083,0.0,0.9342237444497021,0.8888246664064198,0.8645731070398971,0.9220010322616868,0.8767566270459087,0.87441860756384,0.9246000317465812,0.8425256784094999,0.8364691673390158,0.7890920787507884,0.8875825503761275,0.9091874464664937,0.9141967401891908,0.5504648171697074,0.67004639305053,0.9258114326416851,0.6628390350531413,0.6241853976210626,0.624757104795361,0.7284831645883447,0.7025592314253556,0.6621501630856126,0.6170842256515606,0.6547649814877385,0.7357758664821699,0.7632948971697645,0.4462317024689582
0.6937559322893196,0.5240150378106437,0.5722751188650128,0.615779015923091,0.7737632184235413,0.7116052017607329,0.8402831085044394,0.7846273402067159,0.7842093669746368,0.8221256353917444,0.7318246568130142,0.684320579614472,0.6114914709366683,0.7547450887164925,0.5956430107881696,0.6408018947799171,0.6085833054132767,0.7351144382983172,0.6472173069135005,0.7305402486072888,0.5824773441433279,0.8004781329711752,0.7628114019941786,0.7627175156681821,0.8988682247408516,0.7454209425053752,0.9096074859503015,0.7317012354384574,0.6563820270096834,0.9342237444497021,0.0,0.7666974094659114,0.9016662981256867,0.9172468293032475,0.8184206244469232,0.9032710830027526,0.882031527829743,0.8401897636958932,0.9498870686835936,0.8709360088897607,0.893676332711206,0.8855169420093447,0.999666421982787,0.6689375428156101,0.7048499878282746,0.9856589139478957,0.7720950944753181,0.7331242625628193,0.7216857511158492,0.7526604716732991,0.7291081527526382,0.761890735635834,0.7136832799439722,0.6590086916405143,0.8015891424407894,0.8101083172753801,0.5350210547510992
0.4932948800023483,0.7433327662023278,0.7390322530729567,0.8464260839885344,0.818587160833551,0.7482804362497018,0.6859244837905591,0.8298151795272443,0.7401734687228316,0.5849860355837319,0.6881790912466839,0.736274232658158,0.5142907178153743,0.5625281960074309,0.6683451214106965,0.6779699071862295,0.4849926249343853,0.6738848729230908,0.757252409364708,0.849036421486881,0.6592910670477118,0.8596142814575096,0.8410503845166202,0.7816411369946588,0.8759143644796,0.9719462896739587,0.8644044448981903,0.7560195975832817,0.8949967658501828,0.8888246664064198,0.7666974094659114,0.0,0.834391019561458,0.9389209527085789,0.9505568996392959,0.7554596242686167,0.8660368412636015,0.9089272055121609,0.8067510719071463,0.755944951600784,0.844317976836259,0.8665073060301698,0.8487100052947404,0.44486089177345967,0.6998174517688197,0.6980487336655666,0.6176284948692157,0.517417053862181,0.6179744488277515,0.5521387174742369,0.6678941909312566,0.6359067548024581,0.6361757650810769,0.7659664987291731,0.8439042888812882,0.703369249678549,0.4981510139744685
0.7405300537992037,0.49925644453891055,0.5346193596144613,0.5922404299273687,0.7122723318934976,0.8729589337359357,0.8805585389798185,0.8484236895118055,0.8853820499387403,0.8395623413340654,0.7950528899447318,0.8210140730722165,0.7171578773537106,0.8987886793546834,0.7252816660161939,0.7589628263238806,0.7318439821151436,0.8456909056584002,0.7314100585911494,0.8200205169492992,0.661461181181114,0.8563832101511283,0.8454336384191391,0.821025203113432,0.8056459734555609,0.7717591384034913,0.8130183616074843,0.6348510088686977,0.6309219048058596,0.8645731070398971,0.9016662981256867,0.834391019561458,0.0,0.8236808293280768,0.8013094933568468,0.9187445103638558,0.9145457081803635,0.8835451019679896,0.954777179964927,0.9254298797854463,0.9550482509632313,0.7868659125027385,0.9087440964821615,0.704469460708733,0.7998135188680424,0.9186676038798546,0.93784005328794,0.7990692772960944,0.8350208907112229,0.8234018225348317,0.8685857146523037,0.8727750383163387,0.8245689503764656,0.7919175713901507,0.8634912621172187,0.8712243959782487,0.6262593866725333
0.5357835395291841,0.7495792635256456,0.7127900571253354,0.7981876944114705,0.8916055136036425,0.7228154821088992,0.737759653822666,0.8387980814452063,0.7540790852093524,0.6672733570597147,0.6624689589793421,0.7013248124077262,0.5265958213198151,0.610451081796652,0.6305262981412363,0.6764862322521066,0.4944311104934416,0.6366923342472066,0.7310262861155516,0.7751017080958791,0.6224463240726232,0.8758153164463737,0.8086923689094638,0.7553108017045608,0.9346327859106787,1.0,0.9752678434147363,0.8697236704701982,0.8915719746401225,0.9220010322616868,0.9172468293032475,0.9389209527085789,0.8236808293280768,0.0,0.9869792576655008,0.7494583979366893,0.908186834714928,0.9269004529580128,0.8830987903508181,0.778697712357854,0.9148610627023283,1.0,0.9499548891071394,0.4994402146569417,0.6908471479126607,0.8285430700417258,0.6635680401579096,0.5709738945438703,0.6590667968104372,0.6426186449787976,0.6611645656948597,0.6616296353671716,0.6309434826784026,0.724764736196835,0.8554733840135365,0.7812849725295,0.47410905168194384
0.5122890831217566,0.7089354110003271,0.6852158356536235,0.76738570343006,0.8162270967904599,0.7318764296615788,0.7057245967515053,0.8414688701169997,0.7627948544972636,0.6163362436089989,0.6546353394073635,0.6497421460938091,0.5065166554092694,0.5948070199846193,0.5982094669685056,0.6372274784360328,0.4654847949430555,0.6121230646885256,0.6635418870247937,0.7439126669036099,0.5594643108650889,0.7957516040400535,0.7592299675730014,0.721690915697696,0.9363092653219298,0.9269606599707342,0.9462939884955953,0.7887238521227119,0.8502149805607755,0.8767566270459087,0.8184206244469232,0.9505568996392959,0.8013094933568468,0.9869792576655008,0.0,0.7264591398953002,0.9110023045252648,0.852365158331408,0.8503140093276059,0.8084228319726551,0.8860842434120488,0.9599064196500557,0.8822308852191483,0.48218073597084044,0.6339527102006676,0.7671430105886033,0.6110814211837056,0.5460533221035637,0.6208943406345658,0.6079691661783493,0.609869888689577,0.6296154577831633,0.6445640840672842,0.7081436842286813,0.8021697381047307,0.7224795911701175,0.46645000789987884
0.8288507589291431,0.4382184021151373,0.4442558536143771,0.4880567187467464,0.6291817241450114,0.8897037128268824,0.814018202076396,0.8091880264325692,0.881702310965101,0.8037955666800516,0.7950838417550712,0.6870586639539515,0.6943989343572536,0.8360287406743024,0.5593488261466555,0.5995930238275068,0.7480250183417869,0.7643294764923181,0.5913964952818364,0.7682149611779259,0.5254553033507338,0.7628942933214006,0.7377127286916838,0.7735872610272152,0.8038835324047385,0.6472453397694831,0.7220811091316893,0.5591736400159607,0.5569278480700978,0.87441860756384,0.9032710830027526,0.7554596242686167,0.9187445103638558,0.7494583979366893,0.7264591398953002,0.0,0.8609934228496342,0.7567617968705571,0.8813540055830494,0.90822586880277,0.941692986690174,0.794694661180038,0.8595852222234781,0.803524286826754,0.700662088386524,0.8939760620411392,0.8518920508139615,0.8793814047516653,0.7893793788298984,0.9079981324215077,0.8523734586789463,0.8227860896262477,0.7655390694891716,0.7408388168180498,0.7849655151868453,0.8887389025007022,0.5224613564487405
