Cingulate area 2,Glomerular layer of the accessory olfactory bulb,Glomerular layer of the olfactory bulb,"Olfactory bulb, unspecified",Frontal association cortex,Cornu ammonis 3,Dentate gyrus,Cornu ammonis 2,Cornu ammonis 1,Fasciola cinereum,Subiculum,Postrhinal cortex,Presubiculum,Parasubiculum,Perirhinal area 35,Perirhinal area 36,Medial entorhinal cortex,Lateral entorhinal cortex,Primary auditory area,"Secondary auditory area, dorsal part","Secondary auditory area, ventral part","Piriform cortex, layer 1","Piriform cortex, layer 2","Piriform cortex, layer 3",Ventrolateral orbital area,Lateral orbital area,Ventral orbital area,Medial orbital area,Dorsolateral orbital area,Prelimbic area,Secondary motor area,Frontal association area 3,Primary motor area,"Agranular insular cortex, ventral area",Agranular insular cortex dorsal area,Cingulate area 1,Infralimbic area,Dysgranular insular cortex,Granular insular cortex,"Primary somatosensory area, forelimb representation","Primary somatosensory area, dysgranular zone","Primary somatosensory area, face representation",Secondary somatosensory area,"Primary somatosensory area, hindlimb representation","Agranular insular cortex, posterior area","Primary somatosensory area, barrel field",Retrosplenial dysgranular area,"Primary somatosensory area, trunk representation",Retrosplenial granular area,"Parietal association cortex, lateral area","Parietal association cortex, medial area","Parietal association cortex, posterior area",Primary visual area,"Secondary visual area, lateral part",Temporal association cortex,"Secondary visual area, medial part",Nucleus of the lateral olfactory tract
0.0,0.3352049777696742,0.2626485151654705,0.34300815461869166,0.33010633457533145,0.9640738158181583,0.9435544584680603,0.9026333616665062,0.9484843698170832,0.8295930918765563,0.8124792575096209,0.759774909970132,0.8898150634937045,0.756756474142347,0.9312876554949719,0.8338216937193517,0.6892887500947149,0.8395431982123727,0.897944816838412,0.9122788905336096,0.9643942687099647,0.9101100970060887,0.9097728649019589,0.9884416061934235,0.4594438313916621,0.49271874619298356,0.3837409524879622,0.2560140034726047,0.5113349585100866,0.7522070594796066,0.6980263855905231,0.7302090210589056,0.8509837371137162,0.8222190923637407,0.661598095763935,0.8959491392091615,0.9137855224910133,0.9404278218471863,0.9470253973756957,0.9271685974516668,0.9108182295411145,0.9793363111688402,0.8748354235000501,0.8662184192040286,0.9610273609568559,0.9558084149836787,0.8168052165200839,0.8149152343215937,0.8351565805170913,0.7576212992981681,0.6768453300902518,0.9927022891789044,0.8746045036597483,0.8040633467818995,0.8300239987890761,0.7597810987462689,0.7235230560832764
0.3352049777696742,0.0,0.405263530372109,0.6168795056732774,0.751120510844762,0.35602326699940684,0.3730429327004889,0.38403324621926205,0.3610155327170497,0.4320871461230711,0.3846188526054293,0.3130948922634119,0.32140289150513995,0.324507995493366,0.31726684887257844,0.32777763346187355,0.3519734915683383,0.31536619616780087,0.3012120532951796,0.3327864782491957,0.35839854520312503,0.350664130508904,0.34686239175486433,0.34121716211587183,0.6937106346571796,0.7609445576698833,0.7145624982778576,0.5973141302365381,0.6526090438802333,0.519107727227945,0.5974681651989536,0.5429671661161799,0.4606816132246385,0.5032982917906235,0.5840271334402598,0.297745689270429,0.25571273926540145,0.36513634932109745,0.3994062782064799,0.30476454150527127,0.24742271136096802,0.35854525101836565,0.4047586157908724,0.3764518337728669,0.3568063232453443,0.3280023858248897,0.41296114775816767,0.341216671607804,0.38201593627797814,0.3261315757789695,0.2952542562109984,0.3062057955639315,0.34630685003628836,0.420940871102707,0.3269396319322406,0.3475837441087893,0.3009325734115242
0.2626485151654705,0.405263530372109,0.0,0.7352127058214439,0.4555609373683133,0.2781940698715226,0.30869870406264394,0.3204397451401213,0.28999289466879097,0.2841453851442606,0.3368946790710367,0.37170230189317605,0.3231148333366766,0.3685303647826196,0.2896916883828248,0.3092987374580448,0.4038985085399147,0.30431828698873875,0.2854511323557355,0.3002909172981976,0.3027731903417279,0.25916028468620467,0.26149484191676936,0.2455710703901754,0.44216351524403436,0.4344641061963966,0.4541958771546469,0.44438252441583137,0.4746900643597365,0.3385368945440779,0.34227001083771885,0.32117216629609746,0.30760801196029586,0.3121183284734491,0.37586704199736376,0.24232339385340892,0.23382896098033376,0.2748353530664104,0.2736743953881413,0.2345511122087593,0.210681971561893,0.26109712397231866,0.310228434742623,0.30312842352126557,0.2667706495472888,0.24316763162332083,0.3155320534047547,0.29476841686834865,0.3101478514131739,0.29912201906054053,0.2410877301298211,0.23561723178712346,0.3200840312833111,0.3508382514994966,0.3500487680957477,0.301409902082034,0.22655924477974598
0.34300815461869166,0.6168795056732774,0.7352127058214439,0.0,0.7286295854916968,0.3749002829220263,0.41816178667112897,0.39995196795059473,0.3789596302775389,0.39083391799443423,0.427191640466379,0.4206942399281379,0.3959843096226506,0.4331964511170139,0.3702102853868854,0.37894021901881636,0.45807169129548814,0.3667371798642201,0.3544185164848608,0.37812651600968367,0.3904885599946683,0.33967719775415783,0.34341207269940976,0.32881387018306224,0.6640488941282178,0.6724823943602252,0.7222951603125014,0.6615323228523059,0.6963952187730151,0.49011647883039083,0.5191277166060713,0.4607558579808832,0.4359715935289223,0.4499112550666229,0.5265521390404733,0.3181566258550209,0.28575155594802343,0.35529611829143515,0.3769146547349022,0.31359309597048507,0.2625183107074271,0.3384591519359544,0.41187342887745504,0.39447779413170186,0.3547288322186365,0.3237286033963644,0.42526616896436936,0.3867825793863778,0.4022060363481623,0.3889196118527567,0.31494781522637305,0.31035227858276215,0.39163595627597514,0.44971108605988674,0.41159376502926215,0.3976686287019077,0.3117995353722148
0.33010633457533145,0.751120510844762,0.4555609373683133,0.7286295854916968,0.0,0.3504073611979876,0.3791878001542016,0.3804453050928486,0.3610043398883219,0.3947677982668998,0.3850988498561101,0.3387857863931159,0.340292857777894,0.3389010646250571,0.3232462427867356,0.340100482655221,0.37540870474227367,0.33240193328812645,0.31127227038043315,0.3370188123595068,0.35171227260233123,0.36211338763910034,0.34456030597032794,0.33581089166366573,0.8478767703945013,0.8289387939428712,0.8767704404955078,0.8958497006001542,0.767249017560374,0.598176872359967,0.6428930668089812,0.5026719108473108,0.46579287114195717,0.4989686860739459,0.6197128334445325,0.29834527887227225,0.26440113868482673,0.3668189879339955,0.3710154353692603,0.3059125495076301,0.2528720928477815,0.35818542801418457,0.4336885029094056,0.370284311506845,0.3367996740545081,0.3245162120181334,0.39199487132583344,0.348688542374302,0.3594646505696025,0.3310989328920414,0.28805368770667444,0.300474952125617,0.3522349790226784,0.4308793052989056,0.3348912326931776,0.3369021631201901,0.2943968455141864
0.9640738158181583,0.35602326699940684,0.2781940698715226,0.3749002829220263,0.3504073611979876,0.0,0.9268265789898462,0.9697216549401334,0.9698743910924601,0.9261092159642712,0.8700095632235344,0.8470670183281541,0.8885884058337432,0.823749098790446,0.972561789715252,0.9111435089971506,0.7529704488675567,0.973601277687857,0.9946593739424464,0.9870336920365408,0.9656673722813751,0.9557422861439643,0.9242658030114659,0.9588124553672244,0.49155464981035435,0.5637626724014939,0.4056604242811803,0.2649825228731818,0.5383926248250147,0.7703640814809869,0.7129274419583213,0.8522034450325009,0.8785412353961954,0.8553359776695576,0.7221686826419327,0.8949511878658052,0.8790510829313836,0.9906887969685849,0.9290373006994129,0.9644120945001744,0.8535171807383174,0.9896882794885185,0.994647783058058,0.936232514736391,0.9205882181103475,0.9978266374352102,0.9129480101128186,0.9712720975567668,0.9554762805668157,0.9253832212048937,0.7328619139568273,0.8689353406390379,0.9821357537029175,0.8962258785234389,0.862770431653564,0.8809627026972878,0.8137489171777581
0.9435544584680603,0.3730429327004889,0.30869870406264394,0.41816178667112897,0.3791878001542016,0.9268265789898462,0.0,0.9474905631529055,1.0,0.8307892515037952,0.8979058523491311,0.8724498217744683,0.8910822256243485,0.8600398071424362,0.9378006923315935,0.9756184625736367,0.7947164905355838,0.9562013227216075,0.9992487636157549,0.9273974302019066,1.0,0.9093983592303512,0.9091632745762732,0.9324970665106783,0.5349162068052331,0.5935665596412666,0.4544428756927845,0.2891896664676888,0.5879768684181537,0.8119320978033836,0.7734067383989656,0.9113776264501662,0.8817807868932459,0.8496789447413696,0.7332661271552067,0.8433943063490985,0.8138459093560353,0.9676158769723802,0.9521897078103967,0.9601568524779099,0.7870306972121325,0.9416330580654484,1.0,0.9451863351423885,0.9358672674467934,0.9553085076197626,0.9473824338507252,0.9795757457725994,1.0,0.9312063015253522,0.8439021321623779,0.7859788210284722,0.9500625057439375,0.9306875372174731,0.9377413743430484,0.9513117697384488,0.8041114742875317
0.9026333616665062,0.38403324621926205,0.3204397451401213,0.39995196795059473,0.3804453050928486,0.9697216549401334,0.9474905631529055,0.0,0.962435995430101,0.9778555207356158,0.960331346184947,0.9171703027396919,1.0,0.9027343351709886,0.9973966420862825,0.938154706796686,0.8442107492471809,0.985966785849655,0.9200171268223065,0.9067675250293368,1.0,0.8716334886496588,0.888456259875765,0.8925646994497356,0.5597951770311227,0.6536295917674052,0.4609129198434428,0.2894280393762848,0.6263313852548429,0.8052329899242009,0.8212530337679834,0.9010863775791341,0.9148580687676203,0.8960805591828611,0.7972395396017844,0.8902138261383311,0.8812393091176516,0.9339659837111177,0.9196281030355484,0.8684274565940049,0.7580052951710996,0.9076866728429935,0.9753305208190931,0.8521585537240067,0.8795009609385686,0.9757512517780755,0.9139588128279972,0.9173748528318765,0.8700149680793058,0.8571752488679539,0.6754423584315634,0.8555429596588685,0.9448600811651054,0.9992086950959028,0.9023487780533461,0.8489163691109155,0.7418034543615686
0.9484843698170832,0.3610155327170497,0.28999289466879097,0.3789596302775389,0.3610043398883219,0.9698743910924601,1.0,0.962435995430101,0.0,0.9244738866454884,0.8811533670763004,0.8488782664479912,0.990287506188147,0.8384860859919153,0.9780166908735994,0.9856236277405146,0.7504650439246534,0.9692278898786285,0.9742556051598483,0.9887224382867266,1.0,0.9477258238353549,0.9256483402023025,0.9919227545635673,0.5176830581917049,0.5939271857429568,0.4232948307021347,0.2830102071897253,0.5877252215445499,0.7737084251724656,0.7551428931187778,0.8196305815403756,0.8790993863878567,0.9068000079699245,0.738414010749019,0.8949967142794713,0.9065737112188588,0.9951035027288954,0.9287955343850983,0.9172760739828782,0.8659008811557898,0.9854358606360047,1.0,0.9300481534465583,0.9762184431227315,0.9606578730656553,0.9362713496020684,0.9954878011826398,0.920792925060594,0.9344682004990289,0.8115738111587072,0.8759515654332599,0.9063478224675422,0.8982270019143899,0.9071184236960526,0.9016471842575622,0.8315751862546673
0.8295930918765563,0.4320871461230711,0.2841453851442606,0.39083391799443423,0.3947677982668998,0.9261092159642712,0.8307892515037952,0.9778555207356158,0.9244738866454884,0.0,0.879804969794257,0.7126263383451233,0.8452186770023842,0.7745299416910679,0.8588740133573787,0.8716471036337045,0.716004532346099,0.7891786178667587,0.8217703851434164,0.8988414116854944,0.8768069268193297,0.892957617057249,0.8601708167219834,0.8986715604369305,0.5589393829884918,0.607875465233087,0.4604148356590428,0.294707840039644,0.6162145050990613,0.8568215189470744,0.838607013122005,0.9079115549067884,0.8614353214132604,0.9259343704556412,0.8129932299039102,0.8373813348160677,0.7529508699456701,0.9340132759766527,0.9038404031832468,0.8458939922031125,0.7316718821386429,0.9267385782094786,0.9708534822317426,0.8663341247145001,0.9269722307771232,0.8709957758513457,0.931529405983134,0.8489181622627725,0.8810554368566254,0.878160710287541,0.6965306138100079,0.8084214261771598,0.84907490551505,0.9207953049332637,0.7860528562717406,0.8328349815993936,0.7578671073953065
0.8124792575096209,0.3846188526054293,0.3368946790710367,0.427191640466379,0.3850988498561101,0.8700095632235344,0.8979058523491311,0.960331346184947,0.8811533670763004,0.879804969794257,0.0,0.8703843930050308,0.9200258881971791,0.8917039480050091,0.9435578397740465,0.8898998291122576,0.796907889162327,0.9157453449863722,0.9419735894309631,0.8432259362192737,0.9391834292847939,0.8306383436379353,0.8823369712487422,0.885222339999732,0.5581464473074589,0.6256395953712862,0.4661178356030174,0.2937537778710452,0.6343995852176372,0.8138271930655482,0.734055028267599,0.845368541989709,0.8519541261791647,0.8284293742503335,0.8170030381674294,0.7782449333152297,0.7692511995651214,0.904638808063551,0.8579743783784529,0.7780465738929541,0.7150423918673208,0.8588876653369434,0.8944562118954699,0.8585567659681006,0.8433708816180643,0.8222944976898959,0.8551623764265524,0.8227995959751501,0.9321971820698111,0.9176821928606735,0.715002634351601,0.7696225545267629,0.9227826537989985,0.898675083968909,0.9340967605650866,0.8644771553886342,0.7176620068250522
0.759774909970132,0.3130948922634119,0.37170230189317605,0.4206942399281379,0.3387857863931159,0.8470670183281541,0.8724498217744683,0.9171703027396919,0.8488782664479912,0.7126263383451233,0.8703843930050308,0.0,0.8806893003054261,0.991527770622595,0.9318746721816288,0.9810196335899808,0.9688369794436678,0.9598586034974615,0.9596484639291326,0.8996709484384239,0.9813345985767161,0.7704741551308953,0.7548424825939039,0.7697637775113093,0.4721425547467544,0.5526201656650435,0.4058053232452399,0.26611999756402527,0.5586421510901635,0.7041236793963894,0.6756427679986475,0.7153002314748326,0.7638643401788584,0.7342270735997268,0.7030017271949813,0.7345752810762499,0.7349990349765227,0.8174584791819589,0.823323713709891,0.7684992529996117,0.6927574719988568,0.8150717078597257,0.8741065522343985,0.8058277669735553,0.8009622241187326,0.783631679374971,0.8622277065469008,0.8715342324438824,0.89101818781152,0.8713514278584814,0.6460602905208138,0.7117961614564767,0.9147638838787668,0.9316075210841579,1.0,0.8345335401715647,0.6380471374070115
0.8898150634937045,0.32140289150513995,0.3231148333366766,0.3959843096226506,0.340292857777894,0.8885884058337432,0.8910822256243485,1.0,0.990287506188147,0.8452186770023842,0.9200258881971791,0.8806893003054261,0.0,0.9242955878309393,1.0,0.9492394206060033,0.7939077332033512,0.9372495448954692,0.8980524703349207,0.8982081765342149,1.0,0.8374916324876869,0.8514645518493076,0.8862577424074352,0.47370447793429926,0.5329091471763462,0.4063242250125719,0.2583908618405013,0.5490377769582111,0.7534351886040952,0.6786672089187247,0.7329415444569464,0.8443394641469826,0.8275606946391026,0.7258738525006264,0.8674210151108009,0.8618328117038851,0.9007901799320726,0.8700709115733831,0.8397002119904753,0.7800584672093887,0.858179064258856,0.8784595789122202,0.8096809418136912,0.9011289664451619,0.8549481620290075,0.8687744031425317,0.8626980424656099,0.9173318470794504,0.9058005143001536,0.6528706884594117,0.8601390440813238,0.9526190982207303,0.9622907656078608,0.912633752846986,0.8303492012618158,0.7280436309064688
0.756756474142347,0.324507995493366,0.3685303647826196,0.4331964511170139,0.3389010646250571,0.823749098790446,0.8600398071424362,0.9027343351709886,0.8384860859919153,0.7745299416910679,0.8917039480050091,0.991527770622595,0.9242955878309393,0.0,0.979663862972987,0.9264848845820611,0.9734057667491175,0.9362265974825744,0.9233865942627763,0.9015081075146659,0.9656194054749064,0.7464772847011906,0.8214432180555734,0.8105032553524407,0.4774138419707887,0.5305688169841314,0.4030533699784965,0.2687436215738832,0.5830025946209137,0.7553400936240311,0.6524637868440565,0.6834549962876431,0.7296868079372851,0.7366434456692277,0.7268483032415594,0.6815870403784291,0.7840559475298906,0.8285843026288128,0.7490586348303608,0.7248519735351976,0.7083599440759909,0.7700395957947777,0.8846988215467747,0.7529393598868407,0.776709412027544,0.7711766486862879,0.8550565490657233,0.8485151561642815,0.895259866137016,0.8354859019414413,0.6242903233993665,0.7356287799623906,0.9406613158873032,0.9400729256374473,1.0,0.8157340106278513,0.6080771212943413
0.9312876554949719,0.31726684887257844,0.2896916883828248,0.3702102853868854,0.3232462427867356,0.972561789715252,0.9378006923315935,0.9973966420862825,0.9780166908735994,0.8588740133573787,0.9435578397740465,0.9318746721816288,1.0,0.979663862972987,0.0,0.9763484367235378,0.8165789883375649,0.9938307264191547,0.9959643957008456,0.9263054964531675,1.0,0.8674668128608513,0.980759339946063,0.9304933739337403,0.45162658099361197,0.5361271197684478,0.3904729696280178,0.2500057864529976,0.5364270161283717,0.7575499779582873,0.6815879440502326,0.7238231317735372,0.8413918607122233,0.7974672077633999,0.7103634475867792,0.8939933079311069,0.8844934944386925,0.9596994212498807,0.8963751639980265,0.9353145857958417,0.8230887727643545,0.907064732069401,0.9872007295913128,0.852725273124173,0.8967564369974949,0.9695000986703894,0.950065861871992,0.9615939402536753,0.9533749415048832,0.8668379771497009,0.7489495353892446,0.936364761028767,0.9976615227368684,0.9306967382872251,0.9481602773935783,0.9329710034039411,0.7538447327062398
0.8338216937193517,0.32777763346187355,0.3092987374580448,0.37894021901881636,0.340100482655221,0.9111435089971506,0.9756184625736367,0.938154706796686,0.9856236277405146,0.8716471036337045,0.8898998291122576,0.9810196335899808,0.9492394206060033,0.9264848845820611,0.9763484367235378,0.0,0.8490993512556938,0.9799629884445729,1.0,0.9705238752273717,0.9971319765251135,0.8808452723733221,0.9364086517644818,0.9450953271504535,0.48381211579290856,0.5399291422174808,0.40481132532424036,0.2607810714209331,0.5618635123921145,0.7888614609700723,0.6859944606444107,0.7667882649315388,0.8682318669785639,0.8509135940941941,0.7161465777186232,0.8256313135653782,0.8298266381081143,0.9420424877495466,0.8995004873465701,0.858321148858857,0.8566054510912707,0.843017784555814,1.0,0.8788124615081895,0.9032834733672632,0.8886358950288514,0.9163488133225983,0.9476303462021107,1.0,0.9833068983703892,0.7512003568080772,0.828508168614266,0.9728740092055141,1.0,1.0,0.9637662404134631,0.7554133439443169
0.6892887500947149,0.3519734915683383,0.4038985085399147,0.45807169129548814,0.37540870474227367,0.7529704488675567,0.7947164905355838,0.8442107492471809,0.7504650439246534,0.716004532346099,0.796907889162327,0.9688369794436678,0.7939077332033512,0.9734057667491175,0.8165789883375649,0.8490993512556938,0.0,0.881287615901586,0.8285456630394881,0.7893841100929405,0.8620587995350352,0.7163967221727886,0.6987146638496613,0.6932294335626364,0.5059104214784533,0.5632903997551614,0.4306258557695585,0.2910600017137254,0.6192014667443824,0.7077418031162102,0.6418534764167421,0.6883599295713012,0.7452244150191154,0.6688801301182665,0.7233589941155764,0.6344629227014705,0.6481561107222953,0.6973201896390159,0.7157096975638034,0.6418118983048741,0.5722432420489789,0.7215287387872376,0.8110198603173226,0.6816095658182414,0.6967706725978646,0.7056113986152298,0.7601403858260294,0.7549812817523037,0.7791390776724619,0.701826979468895,0.5299785294921792,0.6779036514198445,0.8707750266563226,0.9224275632165677,0.9498644156586709,0.7407205840283204,0.5332173457404953
0.8395431982123727,0.31536619616780087,0.30431828698873875,0.3667371798642201,0.33240193328812645,0.973601277687857,0.9562013227216075,0.985966785849655,0.9692278898786285,0.7891786178667587,0.9157453449863722,0.9598586034974615,0.9372495448954692,0.9362265974825744,0.9938307264191547,0.9799629884445729,0.881287615901586,0.0,0.9569648114182391,0.9499903491993472,1.0,0.9053732243304173,0.8655819570888734,0.8894575037115307,0.45830244696160993,0.5296373547096713,0.3912389903778283,0.25404873532012195,0.5288613766863384,0.7716644989981208,0.675224552325445,0.7434743739151043,0.8546879296851125,0.8077214314048523,0.6912212218968323,0.790919295734325,0.813787611839066,0.9678950122923812,0.8720106954205459,0.8467038196497255,0.8094148910631431,0.8537948748482981,0.9267100109008266,0.8214465452152597,0.9107739768488702,0.8675223084625582,0.8614179924409205,0.9126796528807571,0.9440779139758025,0.9008682110777513,0.7306254593990484,0.8403664818908818,0.958757600722501,0.9353958853173218,0.9731032771023003,0.9124916807933008,0.7002923332770684
0.897944816838412,0.3012120532951796,0.2854511323557355,0.3544185164848608,0.31127227038043315,0.9946593739424464,0.9992487636157549,0.9200171268223065,0.9742556051598483,0.8217703851434164,0.9419735894309631,0.9596484639291326,0.8980524703349207,0.9233865942627763,0.9959643957008456,1.0,0.8285456630394881,0.9569648114182391,0.0,0.9791099052896785,1.0,0.944880324143426,0.9450986935089613,0.9487103936777781,0.43692028528065835,0.5253178078790984,0.37389452846255544,0.24253044504649393,0.5125094639573227,0.7480054451921945,0.6377239614929564,0.7368965707103542,0.8694936127531095,0.7854020283199742,0.6587077215710547,0.8407068854610766,0.9048955588017573,0.9522029422693864,0.9133312696373805,0.8983062961840095,0.8197212689709023,0.9321910406857244,0.9813692914324518,0.8445786277034011,0.927922827235119,0.9565522063462198,0.9098881783746359,0.9374976185982197,0.9309674201086332,0.880996891921228,0.7874760010433338,0.8429138635164345,0.9586163923516178,0.8973887868082343,0.9965651119368492,0.9290146835884783,0.7798621176022698
0.9122788905336096,0.3327864782491957,0.3002909172981976,0.37812651600968367,0.3370188123595068,0.9870336920365408,0.9273974302019066,0.9067675250293368,0.9887224382867266,0.8988414116854944,0.8432259362192737,0.8996709484384239,0.8982081765342149,0.9015081075146659,0.9263054964531675,0.9705238752273717,0.7893841100929405,0.9499903491993472,0.9791099052896785,0.0,0.9977313988643635,0.8879051818918988,0.8680660296882894,0.9666956895186642,0.47779004634031774,0.5695985731758988,0.4069573855140357,0.262863504221064,0.5406930173745463,0.7978768428877291,0.7624042725849546,0.8030282837684537,0.9080233141212514,0.8400566361576186,0.7230158629547907,0.826149923219223,0.8704254424077825,0.9245934897150706,0.9330191454874354,0.9082513113069065,0.8329735231740221,0.8907972133186101,0.9607181711996118,0.8625738740220619,0.9198592612313518,0.8970012108601391,0.9118242098349484,0.9402001107270083,0.9067870868165593,0.9292105968831988,0.7807315074449431,0.7744751389904206,0.9309282856239921,0.9200729116497606,0.9860391371672164,0.9163553973733066,0.7999411075879578
0.9643942687099647,0.35839854520312503,0.3027731903417279,0.3904885599946683,0.35171227260233123,0.9656673722813751,1.0,1.0,1.0,0.8768069268193297,0.9391834292847939,0.9813345985767161,1.0,0.9656194054749064,1.0,0.9971319765251135,0.8620587995350352,1.0,1.0,0.9977313988643635,0.0,0.96477231039067,0.9561240962372233,0.9809105667482186,0.4947591522109098,0.5739832238292553,0.4207510718442771,0.2681172425389421,0.5776814231859977,0.8404833898965779,0.7664612443702911,0.8335985650977699,0.9266799607687265,0.8723744696279422,0.7968161798391228,0.8852062927104777,0.909637265345049,1.0,0.9715263725269633,0.9743369294582659,0.8744366174737663,1.0,0.995354183646145,0.8997820942326976,0.99139719641104,0.9695396314603553,0.9724007798119075,0.9643894117531422,1.0,0.9882307319968237,0.8294634266142299,0.9246640197288332,0.998838927166259,0.9930142355102858,1.0,0.9276487983447108,0.9134898828944867
0.9101100970060887,0.350664130508904,0.25916028468620467,0.33967719775415783,0.36211338763910034,0.9557422861439643,0.9093983592303512,0.8716334886496588,0.9477258238353549,0.892957617057249,0.8306383436379353,0.7704741551308953,0.8374916324876869,0.7464772847011906,0.8674668128608513,0.8808452723733221,0.7163967221727886,0.9053732243304173,0.944880324143426,0.8879051818918988,0.96477231039067,0.0,0.9008515459057475,0.9784145561070327,0.523274360873472,0.5500624832244932,0.4204864532003542,0.2888763508142465,0.558288867446958,0.7872015465835356,0.7829968824389679,0.825339693815856,0.8531917121418571,0.8427648662612455,0.7042786249274288,0.8991276624020491,0.8333280117036334,0.9448485660003086,0.9486130392845671,0.939953487015561,0.8794906038968244,0.9841406112627619,0.9889838342061403,0.8702033709384678,0.9163532270007978,0.9513132376804817,0.8966784012400125,0.8936537297234131,0.8899383664254225,0.8465267015391602,0.7886865544786826,0.81704285841647,0.8463694497318326,0.7837307657476286,0.846451140004986,0.8541867011194574,0.7751920191568062
0.9097728649019589,0.34686239175486433,0.26149484191676936,0.34341207269940976,0.34456030597032794,0.9242658030114659,0.9091632745762732,0.888456259875765,0.9256483402023025,0.8601708167219834,0.8823369712487422,0.7548424825939039,0.8514645518493076,0.8214432180555734,0.980759339946063,0.9364086517644818,0.6987146638496613,0.8655819570888734,0.9450986935089613,0.8680660296882894,0.9561240962372233,0.9008515459057475,0.0,1.0,0.4997356853542027,0.5316700446833174,0.4028990049001683,0.26825792382973124,0.540085419049382,0.780991353942366,0.7127246270061673,0.7835025156428069,0.8380783811835515,0.8065839636257899,0.708222169956052,0.887189934963067,0.8935918247078556,0.9637547460592898,0.902409955825044,0.9230283817535101,0.9114965540975044,0.9748087583300112,0.8941669870973575,0.8048995487547203,0.9717909374191606,0.9173067774228523,0.8967187759163556,0.8569971410410255,0.9257813195788439,0.8887413306940645,0.774588615821585,0.8784551495162138,0.8398447224382924,0.9031421926512336,0.8292510181040905,0.8749858616680425,0.8094217530367765
0.9884416061934235,0.34121716211587183,0.2455710703901754,0.32881387018306224,0.33581089166366573,0.9588124553672244,0.9324970665106783,0.8925646994497356,0.9919227545635673,0.8986715604369305,0.885222339999732,0.7697637775113093,0.8862577424074352,0.8105032553524407,0.9304933739337403,0.9450953271504535,0.6932294335626364,0.8894575037115307,0.9487103936777781,0.9666956895186642,0.9809105667482186,0.9784145561070327,1.0,0.0,0.48973773941720145,0.5230788736056993,0.378293401645039,0.25966867466814875,0.5022544211106638,0.722499189941194,0.6990267273214428,0.7791570441722813,0.8541268223663729,0.8709988446708228,0.6774156587369379,0.9698212599664991,0.9933507590071571,1.0,0.9782850882125323,1.0,0.9647911136308551,1.0,0.9592168801977363,0.8490856015358611,0.9982053211515789,1.0,0.8568777007656242,0.9425769145143381,0.8748701433042629,0.8717486659868259,0.8158878222366951,0.9563832918662156,0.9317331070231543,0.8034063464577573,0.8050441862585032,0.8898362673979273,0.8321332279529268
0.4594438313916621,0.6937106346571796,0.44216351524403436,0.6640488941282178,0.8478767703945013,0.49155464981035435,0.5349162068052331,0.5597951770311227,0.5176830581917049,0.5589393829884918,0.5581464473074589,0.4721425547467544,0.47370447793429926,0.4774138419707887,0.45162658099361197,0.48381211579290856,0.5059104214784533,0.45830244696160993,0.43692028528065835,0.47779004634031774,0.4947591522109098,0.523274360873472,0.4997356853542027,0.48973773941720145,0.0,1.0,0.9856693030618001,0.7077793217947156,0.9439734733091594,0.7627100357057384,0.8918379956407357,0.7029145629261134,0.6755466795871878,0.6861081780227117,0.7734802200302882,0.42023953853888163,0.3759115209138443,0.5005979334245496,0.5290442222216007,0.42581402541739394,0.35717106227002965,0.501457052899997,0.6093877138758961,0.5141759726415375,0.47752895613461704,0.4483786721140014,0.5479225137484254,0.4820877305697124,0.5286712707226497,0.4710656907864756,0.3985575853316485,0.4184772811618096,0.5007982115021121,0.6420987821163905,0.4721644743392438,0.4892635684402975,0.40744629814248523
0.49271874619298356,0.7609445576698833,0.4344641061963966,0.6724823943602252,0.8289387939428712,0.5637626724014939,0.5935665596412666,0.6536295917674052,0.5939271857429568,0.607875465233087,0.6256395953712862,0.5526201656650435,0.5329091471763462,0.5305688169841314,0.5361271197684478,0.5399291422174808,0.5632903997551614,0.5296373547096713,0.5253178078790984,0.5695985731758988,0.5739832238292553,0.5500624832244932,0.5316700446833174,0.5230788736056993,1.0,0.0,0.9961252618965655,0.6989948388461342,0.9677913398944737,0.937570403164484,0.9329223183023372,0.7569886092941055,0.7493619881024327,0.7247643308688906,0.907969458179529,0.48305599298361174,0.4244502596939489,0.555467390538236,0.5911748200674287,0.47550827279992824,0.4048437783476604,0.5442098616412169,0.6625689566262805,0.5517828077580392,0.5415330047517051,0.49880774558092267,0.6154057658625915,0.5551017305147236,0.5983844984901867,0.573347906134153,0.4512255394061429,0.4727856313955875,0.5583282563253374,0.6890961279327125,0.5667981420097624,0.5731798343412874,0.48125560581724086
0.3837409524879622,0.7145624982778576,0.4541958771546469,0.7222951603125014,0.8767704404955078,0.4056604242811803,0.4544428756927845,0.4609129198434428,0.4232948307021347,0.4604148356590428,0.4661178356030174,0.4058053232452399,0.4063242250125719,0.4030533699784965,0.3904729696280178,0.40481132532424036,0.4306258557695585,0.3912389903778283,0.37389452846255544,0.4069573855140357,0.4207510718442771,0.4204864532003542,0.4028990049001683,0.378293401645039,0.9856693030618001,0.9961252618965655,0.0,0.832219659041916,0.8788169072191708,0.6996945119667739,0.760808194866188,0.5820277455740005,0.5552039287824105,0.5638014666139822,0.7348376707136436,0.352030404375908,0.311974500647954,0.4167031046011407,0.4437535701923604,0.352174393095244,0.3012333014570745,0.40459809418905823,0.5203398994258603,0.42222506026789164,0.4029397153155276,0.37149786947354047,0.4507315520579645,0.419279957785108,0.4404001197622346,0.4114634353899679,0.3464980052345687,0.35520360160006015,0.4139060477004718,0.5291688032952981,0.40678883514954134,0.39918887268256353,0.3596417134561087
0.2560140034726047,0.5973141302365381,0.44438252441583137,0.6615323228523059,0.8958497006001542,0.2649825228731818,0.2891896664676888,0.2894280393762848,0.2830102071897253,0.294707840039644,0.2937537778710452,0.26611999756402527,0.2583908618405013,0.2687436215738832,0.2500057864529976,0.2607810714209331,0.2910600017137254,0.25404873532012195,0.24253044504649393,0.262863504221064,0.2681172425389421,0.2888763508142465,0.26825792382973124,0.25966867466814875,0.7077793217947156,0.6989948388461342,0.832219659041916,0.0,0.6389626779554418,0.4793848524588699,0.5098676345257294,0.36614989982719653,0.3705990405235963,0.3779265645525219,0.4814941600268535,0.2367602512550728,0.21288393519849913,0.2686414139521043,0.29221268106169807,0.24056058505920772,0.20449843753279345,0.27611587881499705,0.33883802596412316,0.28210349052847966,0.2673412380227211,0.2525294849887487,0.2983191323993676,0.2704110954104663,0.2809051902913135,0.25990419174443,0.2319278603077346,0.23415493573955015,0.2729647688764505,0.3238730415688307,0.2634265111481508,0.26557919007183944,0.23581510819221213
0.5113349585100866,0.6526090438802333,0.4746900643597365,0.6963952187730151,0.767249017560374,0.5383926248250147,0.5879768684181537,0.6263313852548429,0.5877252215445499,0.6162145050990613,0.6343995852176372,0.5586421510901635,0.5490377769582111,0.5830025946209137,0.5364270161283717,0.5618635123921145,0.6192014667443824,0.5288613766863384,0.5125094639573227,0.5406930173745463,0.5776814231859977,0.558288867446958,0.540085419049382,0.5022544211106638,0.9439734733091594,0.9677913398944737,0.8788169072191708,0.6389626779554418,0.0,0.890935856706185,0.9108371778879887,0.7168393494106754,0.6892132794041078,0.7018282323237067,0.8302815726487921,0.4688261718609533,0.42924300314544184,0.565954839373249,0.5620580882449512,0.46719867997617176,0.40838477625286124,0.5608636851960166,0.6738604172783259,0.5435403432541865,0.5403959746593231,0.5001223270530246,0.5951514468740238,0.5471553637935254,0.5711514660459054,0.524856107514938,0.4203110329092123,0.4737268306836931,0.5763946874112775,0.6855905240380115,0.5622187532844176,0.5290401714255083,0.4375905514286587
0.7522070594796066,0.519107727227945,0.3385368945440779,0.49011647883039083,0.598176872359967,0.7703640814809869,0.8119320978033836,0.8052329899242009,0.7737084251724656,0.8568215189470744,0.8138271930655482,0.7041236793963894,0.7534351886040952,0.7553400936240311,0.7575499779582873,0.7888614609700723,0.7077418031162102,0.7716644989981208,0.7480054451921945,0.7978768428877291,0.8404833898965779,0.7872015465835356,0.780991353942366,0.722499189941194,0.7627100357057384,0.937570403164484,0.6996945119667739,0.4793848524588699,0.890935856706185,0.0,1.0,0.9389716286617055,0.8870640165395184,0.9070868546061888,0.9365095332671812,0.6973552313669735,0.6548414148530213,0.7849722069082599,0.7916804739817352,0.7051460857435721,0.6353280169978965,0.7986258597639909,0.8941534231703835,0.7606202178795591,0.7349877311980363,0.7356658875605475,0.8285589171374795,0.752613372686798,0.8447376698018341,0.7808021984429191,0.5909695422105946,0.6767000192263142,0.811181731450401,0.8503679493357258,0.7633621382470034,0.8077796124935889,0.6444029147071229
0.6980263855905231,0.5974681651989536,0.34227001083771885,0.5191277166060713,0.6428930668089812,0.7129274419583213,0.7734067383989656,0.8212530337679834,0.7551428931187778,0.838607013122005,0.734055028267599,0.6756427679986475,0.6786672089187247,0.6524637868440565,0.6815879440502326,0.6859944606444107,0.6418534764167421,0.675224552325445,0.6377239614929564,0.7624042725849546,0.7664612443702911,0.7829968824389679,0.7127246270061673,0.6990267273214428,0.8918379956407357,0.9329223183023372,0.760808194866188,0.5098676345257294,0.9108371778879887,1.0,0.0,0.8494738317031926,0.8714448096553336,0.9674892916588492,0.967595255242752,0.629115028926308,0.574222672713741,0.7755661382026618,0.731876462373507,0.6589252838500278,0.5686708166514592,0.758136968561167,0.942658888444728,0.7487692007990782,0.68208063600417,0.6953865808790772,0.7727621221378119,0.6950484200940555,0.7339535106357333,0.6842520511344601,0.5864523669200884,0.6193721506477817,0.7287629733162194,0.8265956528627693,0.6768119724230895,0.6839341099194399,0.6231793298537922
0.7302090210589056,0.5429671661161799,0.32117216629609746,0.4607558579808832,0.5026719108473108,0.8522034450325009,0.9113776264501662,0.9010863775791341,0.8196305815403756,0.9079115549067884,0.845368541989709,0.7153002314748326,0.7329415444569464,0.6834549962876431,0.7238231317735372,0.7667882649315388,0.6883599295713012,0.7434743739151043,0.7368965707103542,0.8030282837684537,0.8335985650977699,0.825339693815856,0.7835025156428069,0.7791570441722813,0.7029145629261134,0.7569886092941055,0.5820277455740005,0.36614989982719653,0.7168393494106754,0.9389716286617055,0.8494738317031926,0.0,0.9051229447676514,0.9402912314981887,0.9315389551843106,0.6730398079276444,0.6584668713787226,0.8771179457900378,0.8669641024693109,0.7183526493267941,0.6456644534946291,0.8502160726160514,0.8551020420426699,0.7979927291078603,0.7901313374776445,0.7294402559261243,0.8377988866681412,0.8146550248894581,0.8324506709896202,0.7784671467123545,0.6840369070676959,0.673531619826701,0.8106401754899607,0.9222724525208672,0.7515326158078696,0.8064003238205869,0.7412352241473793
0.8509837371137162,0.4606816132246385,0.30760801196029586,0.4359715935289223,0.46579287114195717,0.8785412353961954,0.8817807868932459,0.9148580687676203,0.8790993863878567,0.8614353214132604,0.8519541261791647,0.7638643401788584,0.8443394641469826,0.7296868079372851,0.8413918607122233,0.8682318669785639,0.7452244150191154,0.8546879296851125,0.8694936127531095,0.9080233141212514,0.9266799607687265,0.8531917121418571,0.8380783811835515,0.8541268223663729,0.6755466795871878,0.7493619881024327,0.5552039287824105,0.3705990405235963,0.6892132794041078,0.8870640165395184,0.8714448096553336,0.9051229447676514,0.0,0.9628990590331338,0.8437481324350372,0.8115637595936914,0.7687443894200638,0.9697709640666824,0.9268368891755566,0.8402422987024452,0.7270829365275934,0.9731536213504586,0.8477605936126125,0.9196047128933428,0.8856422031311454,0.8579504474795762,0.9151630612924799,0.8696906335854874,0.9140973621011947,0.869254571970918,0.7942053506550916,0.7445213495930982,0.8507078642750261,0.89032972927246,0.7982541734135115,0.8373026318964892,0.7882737651283257
0.8222190923637407,0.5032982917906235,0.3121183284734491,0.4499112550666229,0.4989686860739459,0.8553359776695576,0.8496789447413696,0.8960805591828611,0.9068000079699245,0.9259343704556412,0.8284293742503335,0.7342270735997268,0.8275606946391026,0.7366434456692277,0.7974672077633999,0.8509135940941941,0.6688801301182665,0.8077214314048523,0.7854020283199742,0.8400566361576186,0.8723744696279422,0.8427648662612455,0.8065839636257899,0.8709988446708228,0.6861081780227117,0.7247643308688906,0.5638014666139822,0.3779265645525219,0.7018282323237067,0.9070868546061888,0.9674892916588492,0.9402912314981887,0.9628990590331338,0.0,0.864757360092825,0.772454487598472,0.7113398253739188,0.8953285887774937,0.9006573333316945,0.774558894665398,0.6836770847323718,0.8760233233591146,0.9313503561343323,0.7999201220269444,0.8442561007617745,0.786893472649603,0.886078790056132,0.8499429496100568,0.8201821542814652,0.8435086297628561,0.6838306956954937,0.7629054986088515,0.8102488465195744,0.9052839287726944,0.7809037061687711,0.7952229597627711,0.7148354690531455
0.661598095763935,0.5840271334402598,0.37586704199736376,0.5265521390404733,0.6197128334445325,0.7221686826419327,0.7332661271552067,0.7972395396017844,0.738414010749019,0.8129932299039102,0.8170030381674294,0.7030017271949813,0.7258738525006264,0.7268483032415594,0.7103634475867792,0.7161465777186232,0.7233589941155764,0.6912212218968323,0.6587077215710547,0.7230158629547907,0.7968161798391228,0.7042786249274288,0.708222169956052,0.6774156587369379,0.7734802200302882,0.907969458179529,0.7348376707136436,0.4814941600268535,0.8302815726487921,0.9365095332671812,0.967595255242752,0.9315389551843106,0.8437481324350372,0.864757360092825,0.0,0.6123101064313847,0.5697176823380232,0.7595799044864201,0.7107334303505335,0.6220724059255909,0.5579193222435,0.7107889273711788,0.8268258690984732,0.7488219271907282,0.6974262031707904,0.6532819077629792,0.7708158623291012,0.7501776072812846,0.7623546531902184,0.6990482198583476,0.5635191957516483,0.6278894716389373,0.7144003043313384,0.8641078715185261,0.7059616596435666,0.7062553115712257,0.6107355492656615
0.8959491392091615,0.297745689270429,0.24232339385340892,0.3181566258550209,0.29834527887227225,0.8949511878658052,0.8433943063490985,0.8902138261383311,0.8949967142794713,0.8373813348160677,0.7782449333152297,0.7345752810762499,0.8674210151108009,0.6815870403784291,0.8939933079311069,0.8256313135653782,0.6344629227014705,0.790919295734325,0.8407068854610766,0.826149923219223,0.8852062927104777,0.8991276624020491,0.887189934963067,0.9698212599664991,0.42023953853888163,0.48305599298361174,0.352030404375908,0.2367602512550728,0.4688261718609533,0.6973552313669735,0.629115028926308,0.6730398079276444,0.8115637595936914,0.772454487598472,0.6123101064313847,0.0,0.9605785093702295,0.916936395374063,0.9293001627978447,0.9047982180588691,0.9111893686526559,0.963055342100491,0.8912855450811328,0.7781817630178142,0.9135508519495271,0.9915521676919876,0.8131657961369188,0.8462301025758332,0.8474300014734815,0.7615318371893847,0.6966515551245166,0.9722579788135901,0.8589849678383608,0.733934531169192,0.7495497203089412,0.7813427080261892,0.7528701044145729
