Cingulate area 2,Glomerular layer of the accessory olfactory bulb,Glomerular layer of the olfactory bulb,"Olfactory bulb, unspecified",Frontal association cortex,Cornu ammonis 3,Dentate gyrus,Cornu ammonis 2,Cornu ammonis 1,Fasciola cinereum,Subiculum,Postrhinal cortex,Presubiculum,Parasubiculum,Perirhinal area 35,Perirhinal area 36,Medial entorhinal cortex,Lateral entorhinal cortex,Primary auditory area,"Secondary auditory area, dorsal part","Secondary auditory area, ventral part","Piriform cortex, layer 1","Piriform cortex, layer 2","Piriform cortex, layer 3",Ventrolateral orbital area,Lateral orbital area,Ventral orbital area,Medial orbital area,Dorsolateral orbital area,Prelimbic area,Secondary motor area,Frontal association area 3,Primary motor area,"Agranular insular cortex, ventral area",Agranular insular cortex dorsal area,Cingulate area 1,Infralimbic area,Dysgranular insular cortex,Granular insular cortex,"Primary somatosensory area, forelimb representation","Primary somatosensory area, dysgranular zone","Primary somatosensory area, face representation",Secondary somatosensory area,"Primary somatosensory area, hindlimb representation","Agranular insular cortex, posterior area","Primary somatosensory area, barrel field",Retrosplenial dysgranular area,"Primary somatosensory area, trunk representation",Retrosplenial granular area,"Parietal association cortex, lateral area","Parietal association cortex, medial area","Parietal association cortex, posterior area",Primary visual area,"Secondary visual area, lateral part",Temporal association cortex,"Secondary visual area, medial part",Nucleus of the lateral olfactory tract
0.0,0.49992645451469714,0.21120201803208027,0.2938594934084189,0.40434863781897884,0.7552184318860735,0.7910099342315638,0.6836856744186841,0.7851015447233455,0.6778031318034469,0.7152417975257586,0.8432629319457821,0.7166613924319982,0.5975971870629334,0.6781358182110147,0.828481524922013,0.7242490292448782,0.5972406727402343,0.7716446262163036,0.755371181814231,0.8459457105402293,0.6146967013430477,0.6763509949430206,0.6864091567121734,0.43516494536030953,0.3830398694202881,0.35847623082959634,0.3586254930696046,0.35214523730445285,0.5489250018331979,0.7762403535674018,0.7177296505757202,0.8501675672392436,0.6061126745717051,0.5338177473810868,0.8050547915931269,0.36253266372075027,0.6197746304154022,0.6529664281252696,0.9498434006864475,0.8571394148740981,0.8095835940466197,0.7444896307930432,0.998043070992586,0.5821855376131095,0.7546123105675646,0.7450869011887152,0.8644987321745959,0.688403155159353,0.7587796937224818,0.5895659204336582,0.8331522614308449,0.7969508000545781,0.749740723510452,0.7863002175265448,0.8887230697750583,0.8847881065928924
0.49992645451469714,0.0,0.4992715430577732,0.7268450761754373,0.7286490345916683,0.42994925703800174,0.5746207864869123,0.4062064018397186,0.5933452067265598,0.5866023111126121,0.6164209887609472,0.6425736228479082,0.5211258582512938,0.5175025664547918,0.8254735581525416,0.71371501829366,0.7827203400122243,0.8917587052809558,0.3522961390327975,0.29321829321929194,0.5318082272614912,0.7580175990633361,0.6754335246599645,0.6210701369539432,0.9499946060090015,0.8535663919031491,0.8894745021070214,0.8481712461966987,0.8592010118073096,0.7904960429268496,0.6865794319100955,0.7283130930471249,0.5471388908720394,0.7291202812982707,0.9049077075686112,0.7460210969169389,0.734531166171994,0.6479315994251125,0.526100163909297,0.5659722304586924,0.5141161449843755,0.7036171043473461,0.5429392357108179,0.5480824392405661,0.6060943245452386,0.27052241134804317,0.42103357658430496,0.48923113753794506,0.4600763367843036,0.4578623657453509,0.6730465761921894,0.3414838342415347,0.48173827758552445,0.3184297557008068,0.46967569540881715,0.4710666814783426,0.46403370960234236
0.21120201803208027,0.4992715430577732,0.0,0.8313658180441009,0.37845762094744,0.1932425790066111,0.22428198987759457,0.17316045009144745,0.24049605547443753,0.24443052094515527,0.2704960336141287,0.2604419956058312,0.24712134382980208,0.2545370469045942,0.3480159379798619,0.30401553074149124,0.3676051694396336,0.40961250361145934,0.15165937692418618,0.13121447907991288,0.22050864225742858,0.3101573700211356,0.2911601023959414,0.2660353317729683,0.5168482716948999,0.5163828205437448,0.6180019947418077,0.6397890247836779,0.6179394071551729,0.3752895988488934,0.27982184491868295,0.2832786963325026,0.22433635083730413,0.3254741300869767,0.39894604992236965,0.2958191895728953,0.44449445444080943,0.3061076031640489,0.24533615066696385,0.23139643725006787,0.20705893875081388,0.28756095772565166,0.2535718867271793,0.23101316794897936,0.29361864115720737,0.1270252284600052,0.19271774610315978,0.1983822835794286,0.203115386449315,0.19222426099919554,0.2798607999693506,0.15444266809068313,0.20535323033339778,0.14661183305112038,0.19247491741571815,0.19896943088798655,0.20842830583783323
0.2938594934084189,0.7268450761754373,0.8313658180441009,0.0,0.5280849627659718,0.2657944748045543,0.32611965788269254,0.23844030782102513,0.3433952884863723,0.3524214798073626,0.3882335482331952,0.3680475141530741,0.34021354703999623,0.3415170506559222,0.5221309189991901,0.4364293408287235,0.5070890847110067,0.5994826577718786,0.20758229342003223,0.1759266567474162,0.30258789017854754,0.4631081506900016,0.4229095215720006,0.3896738793762724,0.7278729572055443,0.753341231525469,0.8566927442947705,0.8617579938082365,0.8397284086234921,0.5325156245422215,0.4097153665563623,0.414132551906032,0.3142298330712978,0.46660698231601766,0.5951664262463667,0.41243968903112477,0.6112034947475367,0.43958637852475035,0.3392495560782427,0.3361198777079672,0.28954694427040845,0.4225626885436643,0.3583087476683768,0.32651131611827966,0.42133560092138284,0.16698343587111028,0.261956005273856,0.27620684307988197,0.29083945592460975,0.26130065569828176,0.40201983830995686,0.2028247430729389,0.2831776442009117,0.19646284940588066,0.2640333873090843,0.2807779296204096,0.28488743428748525
0.40434863781897884,0.7286490345916683,0.37845762094744,0.5280849627659718,0.0,0.3364320037164629,0.4199321930002986,0.3602822862959359,0.46228731561036646,0.49526111451741395,0.435573858628827,0.4435498703113297,0.34498543494660994,0.3477513138842325,0.5495653331677308,0.4691405987522006,0.5552631591868127,0.6388806713515152,0.30646331559842277,0.25684472469927977,0.38078229811532976,0.5376029552955117,0.5081530637813866,0.46332527458281747,0.6513915980964823,0.594318216505179,0.6558127655699791,0.5118343847290061,0.5992564037374081,0.5726559310543287,0.551884675307318,0.5104032182140866,0.46597822204963946,0.5311660205274019,0.6128685835720515,0.5654059211252005,0.5039318846056671,0.4300864289750361,0.35379093740952827,0.49295750423565105,0.4134950157075399,0.5198480218936113,0.3891837797172818,0.4180825179773039,0.410533444985552,0.2325890861063029,0.33353490954957915,0.37820568707816377,0.3719217639808888,0.3485359829997241,0.5111334030660653,0.28147991492268754,0.35078937623816026,0.25504818205286817,0.362958342397002,0.40224209587113224,0.34423199027467954
0.7552184318860735,0.42994925703800174,0.1932425790066111,0.2657944748045543,0.3364320037164629,0.0,0.971822561213869,0.8429355723157907,0.8794026748341,0.7079522126542289,0.8251248738083907,0.8308681200437432,0.8060498910246935,0.7242062983179749,0.6822953992472358,0.7485930038441914,0.536421559346137,0.5897551132053606,0.7631730216550825,0.7457112461931855,0.8663747131345375,0.6592843407350558,0.7400919421544722,0.7524513740686617,0.42163029436293153,0.375470221886048,0.3516125229231538,0.34765288945441175,0.3390039925732052,0.5482891023099179,0.7150418489777115,0.7519627944362363,0.7476392996697392,0.6289008188271921,0.5994934813454306,0.7047284108945293,0.38613802825773047,0.8044961393289721,0.8809165540116052,0.8278913567567779,0.816112899528556,0.7783961020144516,0.8391075599029956,0.8244501919960736,0.7597638910055827,0.7816629175871962,1.0,0.9121056367024959,0.8215323317585248,0.881463867230605,0.7094319428915569,0.8777068079104763,0.9163282515927669,0.9457184539985802,0.7121814845715423,0.8513216758957625,0.9786639269773237
0.7910099342315638,0.5746207864869123,0.22428198987759457,0.32611965788269254,0.4199321930002986,0.971822561213869,0.0,0.8762352425291824,0.981492464402338,0.8755922901274183,0.8725394079026557,0.9381479695895062,0.8527383101371097,0.7581942698837141,0.8206864291736174,0.9167073021912729,0.698902864926942,0.7261140686370124,0.7985404652017134,0.7153819015689247,0.9515654330285767,0.774029798165524,0.822451225004838,0.8885406257910791,0.5441296575113221,0.4818127678378276,0.4596594355127142,0.4437120278473519,0.44087857841081546,0.7259261869376539,0.8424615892767302,0.9728325791565858,0.8771212750918649,0.7718037463132271,0.7288056870122045,0.8520038775006925,0.48839855028020723,0.8238684023227619,0.8975807355284171,0.9484833801485761,0.9003650291405575,0.9297479713188586,0.9453859733000073,0.9699886168416981,0.8152336061422264,0.7280657388323738,0.9164341069572258,0.9995866173899542,0.8935641998099405,0.9223148786659426,0.7781482378509484,0.847340727455224,1.0,0.8983436973988227,0.7982643212430479,0.9183578150246376,0.9687847744863349
0.6836856744186841,0.4062064018397186,0.17316045009144745,0.23844030782102513,0.3602822862959359,0.8429355723157907,0.8762352425291824,0.0,0.8598534108017805,0.7172187465889933,0.7198751155921411,0.6981205391173625,0.5988199632490189,0.5433880820071645,0.614109985555513,0.6374305861885083,0.468378202807162,0.5162739451163433,0.8529457410956731,0.7803619225024849,0.8206975644837368,0.6140288543702674,0.6425188576208701,0.698121285901436,0.4015124588566537,0.35639406496270826,0.34479462953272194,0.3196736065335405,0.32114815871565855,0.5436922121375823,0.6336406767892284,0.7453819801852748,0.7937552422930375,0.5923488106399577,0.5478947113681537,0.7066820287183906,0.3891664784426929,0.6294382794507203,0.6782459035460563,0.8074471655552802,0.8277393195972305,0.6809104764994854,0.6865267452019792,0.7006638143361246,0.6042527504820567,0.7957549388803146,0.8224489610063748,0.8687394321274478,0.7861708218790708,0.8948243487233896,0.7153344445140489,0.7726829096711694,0.8657898088919763,0.7845211882680577,0.7552414199057106,0.8466499497859769,0.7109233585903254
0.7851015447233455,0.5933452067265598,0.24049605547443753,0.3433952884863723,0.46228731561036646,0.8794026748341,0.981492464402338,0.8598534108017805,0.0,0.8937514922729876,0.9508585825320133,0.9012757736824938,0.7681829768590277,0.6487134533789969,0.8077852038193575,0.8938018267797203,0.6845669643463668,0.7892548837711094,0.72527222351689,0.6668881057157134,0.8727609848780601,0.8308479966817744,0.870487247885767,0.8889763515322052,0.5754898858098711,0.5441207374851552,0.4976567964369191,0.46029318194102287,0.46157267144379643,0.7434475663906023,0.8602976457211824,0.922887255188456,0.8627576431142852,0.8278104310876463,0.7707680306125755,0.8567570712229635,0.5342989449848167,0.8379808905011517,0.8184674578895631,0.9041186036066092,0.9045771739498079,0.9754350393741889,0.8541738397747296,0.8773001929696796,0.7814782228512726,0.6344073857469071,0.8339973312034193,0.9079388904001717,0.8669230993750806,0.8275523662542673,0.8379922308779127,0.706954590250732,0.8511764955686848,0.744993671216806,0.7769549421517125,0.8603515530714722,0.8139379541857051
0.6778031318034469,0.5866023111126121,0.24443052094515527,0.3524214798073626,0.49526111451741395,0.7079522126542289,0.8755922901274183,0.7172187465889933,0.8937514922729876,0.0,0.7851479497180328,0.7119936972481854,0.5466924689391508,0.5504479823494313,0.708633160919621,0.7390041114844536,0.5896548944880751,0.6934773040980041,0.6478634119390995,0.5326872864286571,0.7278989662521094,0.8529330993048213,0.8740989217169215,0.8667725081832072,0.5632469613504189,0.5384513359485126,0.5252066867108615,0.4734814514262317,0.474771315886797,0.6945388341074418,0.7761263750282819,0.8965745619350182,0.7754196928281392,0.7762172844017059,0.71912122075572,0.810238589576751,0.5450905781774593,0.7197671125600682,0.6370183019342672,0.7979048623207552,0.7621436114677862,0.8657443081464485,0.6949296501274682,0.7101054180611261,0.6822726202636651,0.4982580080267726,0.6833025715073594,0.7374103686279239,0.7783844828845502,0.6915390507794393,0.7141471648221528,0.5633506997073342,0.6953225819568453,0.5673814733717756,0.6366067712802188,0.788313712903225,0.6492347128335865
0.7152417975257586,0.6164209887609472,0.2704960336141287,0.3882335482331952,0.435573858628827,0.8251248738083907,0.8725394079026557,0.7198751155921411,0.9508585825320133,0.7851479497180328,0.0,0.8797549102336639,0.8464842722027514,0.8021686171256672,0.8365054778814193,0.9166461553700475,0.7019038693888315,0.7846188199580539,0.6071259654713359,0.5551183441053512,0.8144253435642221,0.7722662855406818,0.8028432846623307,0.8517154630187587,0.6225327300027712,0.5650217854757883,0.524563548336405,0.5206578960933815,0.5083898229873263,0.822808600581559,0.7538444829280112,0.9004272638928054,0.7042866989256957,0.8021269260381734,0.7928732374757685,0.8335907796883876,0.5486790967589821,0.9059230357729912,0.8811232284497845,0.8003123748948493,0.7900551737269672,0.8074017257458134,0.8675213880308223,0.7955014236408893,0.8233180703409541,0.5293199966033817,0.752408322914458,0.8413977813384861,0.7620520534967945,0.7881706986816864,0.8366501636651357,0.6643891341830637,0.8526200262720882,0.6814951017668969,0.6833727117544103,0.7978051612007995,0.8300703740205093
0.8432629319457821,0.6425736228479082,0.2604419956058312,0.3680475141530741,0.4435498703113297,0.8308681200437432,0.9381479695895062,0.6981205391173625,0.9012757736824938,0.7119936972481854,0.8797549102336639,0.0,0.9918595838698014,0.8018716233639671,0.893261663285832,1.0,0.8773206361240781,0.8153850293038631,0.6718566443761298,0.6153645962965797,1.0,0.7065924648158576,0.7242612351195065,0.7040698462590561,0.5781973971327202,0.5181229067352162,0.46445134153524686,0.4786532429497527,0.48302496777730614,0.7417714569812109,0.8170702279887899,0.8684828711950714,0.8016039265397136,0.7515948036881581,0.6881512949883123,0.9403666662746626,0.4614207236389054,0.80080458105458,0.8385396886928488,0.8557239600951742,0.8602696027112493,0.7835027481090883,0.801290735307324,1.0,0.6904044443002177,0.5964031093759845,0.7442767722310599,0.9476796764466123,0.6974773413266855,0.8634570076007915,0.723461704400008,0.8290171833033321,0.9418177881926635,0.7416869518166554,0.872781279569475,0.7900552720428939,0.9311389099432447
0.7166613924319982,0.5211258582512938,0.24712134382980208,0.34021354703999623,0.34498543494660994,0.8060498910246935,0.8527383101371097,0.5988199632490189,0.7681829768590277,0.5466924689391508,0.8464842722027514,0.9918595838698014,0.0,0.9339469017101786,0.8313763498214218,0.974166733788898,0.7422670000610135,0.7026964966061271,0.5399850320030252,0.5594058411491583,0.8393092621489299,0.6551626141505853,0.6596719391981143,0.6604767326726674,0.5198109861735726,0.4594384595236,0.41081207795509644,0.44347645155500237,0.4075887401487941,0.6592832672502116,0.6931965834738092,0.7478236972925065,0.641096956536367,0.6192099780067847,0.6063164445145774,0.6902806018215514,0.4215612272425742,0.8224177993455923,0.9302585050633997,0.7353640450264567,0.6883256838292177,0.7448787138332669,0.8345832187210038,0.8401092126378282,0.7624906542238356,0.5440496222809285,0.6981215719782644,0.8055405648259429,0.6537948116781266,0.7588171162650477,0.6440527394763893,0.7080529175828674,0.9049293162729584,0.7555780826424983,0.6785056698776338,0.697654019906627,0.9084869370593699
0.5975971870629334,0.5175025664547918,0.2545370469045942,0.3415170506559222,0.3477513138842325,0.7242062983179749,0.7581942698837141,0.5433880820071645,0.6487134533789969,0.5504479823494313,0.8021686171256672,0.8018716233639671,0.9339469017101786,0.0,0.7157550192103064,0.8051363864203119,0.6731538417768337,0.6521357077894829,0.4823746700078762,0.4719049403880755,0.7646031632752269,0.5857797229439241,0.5710745091169005,0.5637679176831395,0.5356363759842621,0.476968949991488,0.43246200159374865,0.46166160036465803,0.44577962775245006,0.6625965748367892,0.6016905782286387,0.6643096812790723,0.5289348254954379,0.5946811191928404,0.6074017489720125,0.6723897870807908,0.4301901115963829,0.7738934124778424,0.8973191971963628,0.600379084069205,0.6245007497521807,0.61980066392779,0.747167191154701,0.6938970293299875,0.7096794392107105,0.46419512665951435,0.6408785244267404,0.6869758723754446,0.5839855694264706,0.6370968298166565,0.6384573959448592,0.6433137787468984,0.838428086184484,0.6798755520435074,0.6185464036390871,0.5844346716946448,0.7693198161683821
0.6781358182110147,0.8254735581525416,0.3480159379798619,0.5221309189991901,0.5495653331677308,0.6822953992472358,0.8206864291736174,0.614109985555513,0.8077852038193575,0.708633160919621,0.8365054778814193,0.893261663285832,0.8313763498214218,0.7157550192103064,0.0,0.9940536903893693,0.8189097779316509,0.9510912037259263,0.4991745262895722,0.44959143497634707,0.7435387986525014,0.7836719838237237,0.8617920862701637,0.7889701671452298,0.7977467877800724,0.7122148856498843,0.6980867216088801,0.6916330869242677,0.6661090737549873,0.8085463259620179,0.797519022266342,0.8643382146695671,0.6919678357026465,0.8886306890604746,0.9291923873003717,0.8991866813827201,0.6587746490205828,0.876451655023313,0.7624725871467135,0.7752555723185264,0.6797551205664869,0.8887013173900674,0.8189680281205398,0.7606852783854984,0.7923199886045469,0.4175910789626304,0.6478476272396433,0.7145406293344524,0.6896037933538598,0.669194751777181,0.8008191865593657,0.5280656585307281,0.7128299726328206,0.5231142366074303,0.61897627797623,0.6665134605080411,0.7380088333215721
0.828481524922013,0.71371501829366,0.30401553074149124,0.4364293408287235,0.4691405987522006,0.7485930038441914,0.9167073021912729,0.6374305861885083,0.8938018267797203,0.7390041114844536,0.9166461553700475,1.0,0.974166733788898,0.8051363864203119,0.9940536903893693,0.0,0.8699799432711397,0.9340303045063325,0.5943273232666929,0.5495983112456057,0.8984025743053157,0.7658351209682707,0.7503670209255021,0.7713343806489253,0.652462024306706,0.5889983890112434,0.544314635352006,0.5590526101232116,0.5602352800066902,0.8232253853606509,0.8190917518808262,0.8860467035130115,0.8031440947356216,0.7568160574339046,0.793720040789304,0.9141304909966729,0.534572889827908,0.8409570282606247,0.8924045400669184,0.8363999646623965,0.810121952911091,0.8442939597438893,0.8825609033779112,0.9506438654673871,0.8183325298837923,0.5158141034300295,0.7183630399664768,0.8424214161768648,0.6696848096253787,0.7691248165817663,0.7389035718090409,0.7344107979754895,0.8602776231076426,0.6601402452154387,0.7629374441147625,0.7223698972957497,0.8690623764709084
0.7242490292448782,0.7827203400122243,0.3676051694396336,0.5070890847110067,0.5552631591868127,0.536421559346137,0.698902864926942,0.468378202807162,0.6845669643463668,0.5896548944880751,0.7019038693888315,0.8773206361240781,0.7422670000610135,0.6731538417768337,0.8189097779316509,0.8699799432711397,0.0,0.8879322190951746,0.429521852719313,0.4205328453888654,0.6783352456838273,0.6841863522968689,0.6670481664212022,0.6400578219035211,0.6545672034782587,0.6125089177360782,0.5546762334394446,0.582547488486922,0.589033501891746,0.7653777852501625,0.7533550322427462,0.722863931753437,0.6519121336179339,0.6697388577673846,0.7189143942747485,0.8249532502849618,0.520125403294911,0.6571816229619405,0.6575196120348697,0.7323107078365813,0.6202712684914935,0.750455869439757,0.6725211380316566,0.7960624215952139,0.6594157488297908,0.3898108662408696,0.5145470870919295,0.6365504093609912,0.5125560793703627,0.5565440861822691,0.6511454697568654,0.5073479103143906,0.6334909388350035,0.4537874194844335,0.5934102320579207,0.581335223123043,0.7229565041920302
0.5972406727402343,0.8917587052809558,0.40961250361145934,0.5994826577718786,0.6388806713515152,0.5897551132053606,0.7261140686370124,0.5162739451163433,0.7892548837711094,0.6934773040980041,0.7846188199580539,0.8153850293038631,0.7026964966061271,0.6521357077894829,0.9510912037259263,0.9340303045063325,0.8879322190951746,0.0,0.43831339226504346,0.3714887309976294,0.6812995337271099,0.8595616712866371,0.8147193446552057,0.7904238865133159,0.8873239860623575,0.8574086087896841,0.7571606666249021,0.7653655725892596,0.7876109713843746,0.8937573217772683,0.7866660275787732,0.8684259801798546,0.6585770496305091,0.8701658408098097,0.9759853804796333,0.8200596602161994,0.7490287485186953,0.8205506028875321,0.714257921717639,0.7009495525613703,0.622219533073381,0.8503132290214162,0.7153046904043312,0.6826574230905893,0.8124757304534163,0.3638077751185789,0.5615519903119809,0.6117403147220853,0.6026655409314683,0.589421923599949,0.7722181211066496,0.45681731417772564,0.620667858143436,0.4354415356082678,0.5202418651256415,0.5820436027367809,0.6109649264247529
0.7716446262163036,0.3522961390327975,0.15165937692418618,0.20758229342003223,0.30646331559842277,0.7631730216550825,0.7985404652017134,0.8529457410956731,0.72527222351689,0.6478634119390995,0.6071259654713359,0.6718566443761298,0.5399850320030252,0.4823746700078762,0.4991745262895722,0.5943273232666929,0.429521852719313,0.43831339226504346,0.0,0.9174811319108005,0.7244310543152054,0.5022922474485142,0.557521572602648,0.5998457984239549,0.32318246197006784,0.2903496840993079,0.27167369653421286,0.2598460454526963,0.25842405742822677,0.42042797084681516,0.5615554013748433,0.6194203091773592,0.756401418696707,0.4689466369470454,0.4154313277716894,0.6166526413259967,0.29773223916076613,0.5046143919091232,0.5500358249698315,0.7702350521543372,0.8277523579262739,0.6275953593516396,0.5930543315488228,0.7442595211680348,0.4907479132644279,0.8711204231367314,0.70412803497773,0.8123072959698941,0.7070148419722588,0.7928122127366822,0.5301226911674547,0.8569412434847387,0.756820619523624,0.8517118011443883,0.7718963828002349,0.8470403664148357,0.7634854918989941
0.755371181814231,0.29321829321929194,0.13121447907991288,0.1759266567474162,0.25684472469927977,0.7457112461931855,0.7153819015689247,0.7803619225024849,0.6668881057157134,0.5326872864286571,0.5551183441053512,0.6153645962965797,0.5594058411491583,0.4719049403880755,0.44959143497634707,0.5495983112456057,0.4205328453888654,0.3714887309976294,0.9174811319108005,0.0,0.7313936782844613,0.42670507413590575,0.474608574992967,0.5199928962759757,0.27063098084290743,0.23942642152799962,0.22098687458619198,0.21969797893288254,0.216193742138446,0.3774154854423939,0.5053541090939512,0.5455278356630393,0.7021397693182244,0.4015553944295889,0.35736262425679005,0.5260252013969456,0.24063423819688765,0.4687879664694761,0.5471511425239823,0.7354977338201356,0.773049380409432,0.5871260168929624,0.5887460165228077,0.6865309746294753,0.4579826888035041,0.9129070930067243,0.6797195719408362,0.853640140984517,0.6550745980029866,0.7488947487545626,0.45775711805114944,0.9188322597758624,0.7584809569688266,0.8767650607394795,0.7634782717381812,0.8071226610909247,0.7084083122405926
0.8459457105402293,0.5318082272614912,0.22050864225742858,0.30258789017854754,0.38078229811532976,0.8663747131345375,0.9515654330285767,0.8206975644837368,0.8727609848780601,0.7278989662521094,0.8144253435642221,1.0,0.8393092621489299,0.7646031632752269,0.7435387986525014,0.8984025743053157,0.6783352456838273,0.6812995337271099,0.7244310543152054,0.7313936782844613,0.0,0.6548695318653679,0.7321596354141127,0.7106008271467565,0.4840734748590187,0.43286137808956926,0.39094602251444793,0.401044524484374,0.38801706338819314,0.6778612876113433,0.7327866342295489,0.8261868488844266,0.8087453234306019,0.6304429472783397,0.6142040971486326,0.8151776412637188,0.4084048520875219,0.732517884023073,0.8339573891953411,0.8267548816684519,0.8738208050075964,0.7829818072623034,0.8024773217974753,0.9123566382609617,0.7172462709055183,0.6744112641385286,0.7324016854684516,0.9885510294188491,0.7631657272773641,0.8833883343221982,0.6470312598744021,0.8886341098431753,0.9797073127948079,0.8853996599696485,0.9046983850870483,0.7871264758060182,0.8927253003542093
0.6146967013430477,0.7580175990633361,0.3101573700211356,0.4631081506900016,0.5376029552955117,0.6592843407350558,0.774029798165524,0.6140288543702674,0.8308479966817744,0.8529330993048213,0.7722662855406818,0.7065924648158576,0.6551626141505853,0.5857797229439241,0.7836719838237237,0.7658351209682707,0.6841863522968689,0.8595616712866371,0.5022922474485142,0.42670507413590575,0.6548695318653679,0.0,0.9791213289457577,0.9162160955652519,0.7591417905939664,0.67543761825578,0.6513836138980778,0.5936681007386257,0.615478429890675,0.7198420836243627,0.7917661247016649,0.9096426362862584,0.6899771069888111,0.8736467369236465,0.978238879925125,0.7996517485026363,0.7225055759969432,0.8361961431359881,0.717385831758438,0.7526800162522699,0.6388538147716184,0.9549525904473614,0.7482764170220843,0.6365774550667986,0.8712613132291418,0.4117929758423755,0.7041281735598219,0.6725991799409738,0.7384932324188431,0.6049644027843816,0.7764282640967398,0.48913218891775273,0.6176525396744095,0.5040703585417493,0.57623566743026,0.6668081440690595,0.6513937918123008
0.6763509949430206,0.6754335246599645,0.2911601023959414,0.4229095215720006,0.5081530637813866,0.7400919421544722,0.822451225004838,0.6425188576208701,0.870487247885767,0.8740989217169215,0.8028432846623307,0.7242612351195065,0.6596719391981143,0.5710745091169005,0.8617920862701637,0.7503670209255021,0.6670481664212022,0.8147193446552057,0.557521572602648,0.474608574992967,0.7321596354141127,0.9791213289457577,0.0,0.9757189718980247,0.6729182245358464,0.6472430699162585,0.6031679000724673,0.5742553132085436,0.5661549355386032,0.7174472243141058,0.8214590434384559,0.9502695795448184,0.7125908538178497,0.9125121985878559,0.8943993521693353,0.8048205929191833,0.6959669328822798,0.8488040557935732,0.7311841490068517,0.7497810628287187,0.7193063019850829,0.9332570190948196,0.7771894842853183,0.7016133262405088,0.9156764303795393,0.4494191781746246,0.7553632082340541,0.6963376012354979,0.7919535113151892,0.6502086630057825,0.706713459964029,0.5263810050501978,0.6895735869743305,0.5569529032812686,0.6024453913164861,0.7445460094228535,0.7189508138929389
0.6864091567121734,0.6210701369539432,0.2660353317729683,0.3896738793762724,0.46332527458281747,0.7524513740686617,0.8885406257910791,0.698121285901436,0.8889763515322052,0.8667725081832072,0.8517154630187587,0.7040698462590561,0.6604767326726674,0.5637679176831395,0.7889701671452298,0.7713343806489253,0.6400578219035211,0.7904238865133159,0.5998457984239549,0.5199928962759757,0.7106008271467565,0.9162160955652519,0.9757189718980247,0.0,0.6086769918941443,0.533431852541562,0.5433693535221433,0.49942513465517036,0.4952704409875413,0.6676031610967983,0.9008048638209469,0.8771424063251513,0.7546372040676782,0.873177743025114,0.8475447025774185,0.7400572610991945,0.6090389094908203,0.851072091837612,0.7594409535483221,0.7711466015929607,0.7471062126627329,0.9544769287402954,0.7959575200355598,0.7035452642850859,0.9104370632795126,0.5101861646089279,0.8068379850270869,0.7281190733138964,0.8695165170105206,0.681372736160274,0.7121835369052552,0.5369890718032784,0.7492975750427784,0.6231358332496421,0.6218099729385128,0.8092322852053411,0.7505985344824085
0.43516494536030953,0.9499946060090015,0.5168482716948999,0.7278729572055443,0.6513915980964823,0.42163029436293153,0.5441296575113221,0.4015124588566537,0.5754898858098711,0.5632469613504189,0.6225327300027712,0.5781973971327202,0.5198109861735726,0.5356363759842621,0.7977467877800724,0.652462024306706,0.6545672034782587,0.8873239860623575,0.32318246197006784,0.27063098084290743,0.4840734748590187,0.7591417905939664,0.6729182245358464,0.6086769918941443,0.0,0.9397291167998136,0.9624080154112984,0.9211366471239851,0.9714693559676626,0.8923475718633006,0.6197795631052053,0.7006887974616527,0.4987494545464794,0.7281246978823277,0.9341964668574766,0.6986590734740845,0.8428728962202423,0.6564641602568021,0.5488317079830684,0.5171629900577367,0.45989649695349133,0.6458788048656543,0.5548256480977471,0.5100853637079694,0.6816695579481016,0.25670627636522797,0.4286930444067238,0.44726017490216474,0.46467785721448956,0.4282279279645393,0.6629387902644831,0.3196253903472757,0.4602790933934485,0.3118235063028988,0.40762343142947194,0.45300338254056255,0.4351593338984178
0.3830398694202881,0.8535663919031491,0.5163828205437448,0.753341231525469,0.594318216505179,0.375470221886048,0.4818127678378276,0.35639406496270826,0.5441207374851552,0.5384513359485126,0.5650217854757883,0.5181229067352162,0.4594384595236,0.476968949991488,0.7122148856498843,0.5889983890112434,0.6125089177360782,0.8574086087896841,0.2903496840993079,0.23942642152799962,0.43286137808956926,0.67543761825578,0.6472430699162585,0.533431852541562,0.9397291167998136,0.0,0.9968816210945098,0.9837323374873523,0.9914225427837725,0.7849029211006734,0.5551887754955777,0.6381844086971241,0.4522580503555107,0.6704388293159956,0.8413600339057523,0.6157454862793759,0.8430643624237733,0.6158799754868821,0.4771337974544932,0.4508978642235649,0.40720503643146505,0.573192676565833,0.47080476464060034,0.426425267059178,0.5660644472419036,0.22239756099500627,0.36927070547141055,0.3992901943844518,0.4128108897333064,0.38142182293022026,0.6224377838486903,0.2748360220180789,0.41166893117310677,0.2781420341306552,0.3671667356948577,0.4123626372109203,0.3725179197356589
0.35847623082959634,0.8894745021070214,0.6180019947418077,0.8566927442947705,0.6558127655699791,0.3516125229231538,0.4596594355127142,0.34479462953272194,0.4976567964369191,0.5252066867108615,0.524563548336405,0.46445134153524686,0.41081207795509644,0.43246200159374865,0.6980867216088801,0.544314635352006,0.5546762334394446,0.7571606666249021,0.27167369653421286,0.22098687458619198,0.39094602251444793,0.6513836138980778,0.6031679000724673,0.5433693535221433,0.9624080154112984,0.9968816210945098,0.0,0.951290895288946,1.0,0.7679681146539663,0.5353322511012515,0.6009286244322717,0.4274549717667159,0.6610311380051778,0.8899418449001382,0.5690176616532064,0.874267617139963,0.6014809405561082,0.44678616965149914,0.4411522608251195,0.387287927809522,0.5845726283762462,0.4499881905917112,0.3974596457402705,0.5501512757012462,0.2045341271756279,0.34528019342959904,0.36715615024440124,0.4116799715932708,0.35482901246377374,0.5889599924456752,0.25964958800247123,0.3689743351736035,0.24609793303851127,0.33349634044657067,0.3903087642532273,0.3309783517560577
0.3586254930696046,0.8481712461966987,0.6397890247836779,0.8617579938082365,0.5118343847290061,0.34765288945441175,0.4437120278473519,0.3196736065335405,0.46029318194102287,0.4734814514262317,0.5206578960933815,0.4786532429497527,0.44347645155500237,0.46166160036465803,0.6916330869242677,0.5590526101232116,0.582547488486922,0.7653655725892596,0.2598460454526963,0.21969797893288254,0.401044524484374,0.5936681007386257,0.5742553132085436,0.49942513465517036,0.9211366471239851,0.9837323374873523,0.951290895288946,0.0,0.9803692475795693,0.7232222755192846,0.5078159152401692,0.5395398286253195,0.38936180619573063,0.6126359452517203,0.7709523541550601,0.5365932972430221,0.769214450309531,0.60651561039033,0.4587223436001107,0.41332269036081554,0.36492320130650907,0.5432250512456239,0.45820448197681113,0.4061286078687469,0.5433998382385918,0.20623585599361494,0.34824403709142027,0.36124740948906975,0.38839541952342904,0.34878256877198915,0.5385120069626848,0.2570346259608175,0.39319237055152034,0.2568416642200756,0.3337131182314688,0.365735167977714,0.3589072380882248
0.35214523730445285,0.8592010118073096,0.6179394071551729,0.8397284086234921,0.5992564037374081,0.3390039925732052,0.44087857841081546,0.32114815871565855,0.46157267144379643,0.474771315886797,0.5083898229873263,0.48302496777730614,0.4075887401487941,0.44577962775245006,0.6661090737549873,0.5602352800066902,0.589033501891746,0.7876109713843746,0.25842405742822677,0.216193742138446,0.38801706338819314,0.615478429890675,0.5661549355386032,0.4952704409875413,0.9714693559676626,0.9914225427837725,1.0,0.9803692475795693,0.0,0.8131854234395511,0.5076084368295419,0.5439515253689473,0.40671475075439145,0.6196987118234643,0.8178211659555147,0.5639007004248624,0.8256955167556326,0.5897798259237591,0.45171313861417395,0.4188355659703032,0.37044170278678723,0.5598908670230777,0.4504092004571789,0.410865149093157,0.5416244763638223,0.20654903713588998,0.34389317217798265,0.36209531951318175,0.3862631356209653,0.3403957862928414,0.5491068088045705,0.25542585719599636,0.373713374690348,0.2491295871056095,0.3272057376702937,0.367246435151436,0.3448096385875199
0.5489250018331979,0.7904960429268496,0.3752895988488934,0.5325156245422215,0.5726559310543287,0.5482891023099179,0.7259261869376539,0.5436922121375823,0.7434475663906023,0.6945388341074418,0.822808600581559,0.7417714569812109,0.6592832672502116,0.6625965748367892,0.8085463259620179,0.8232253853606509,0.7653777852501625,0.8937573217772683,0.42042797084681516,0.3774154854423939,0.6778612876113433,0.7198420836243627,0.7174472243141058,0.6676031610967983,0.8923475718633006,0.7849029211006734,0.7679681146539663,0.7232222755192846,0.8131854234395511,0.0,0.7067558892210059,0.8036802540924989,0.6190782789005779,0.7845680201683424,0.8829739820519501,0.7743745677177309,0.7041755316389392,0.771506567252819,0.6787065123715645,0.6838182116695078,0.5905524333653654,0.7342335288120635,0.6340394955072048,0.6431851019855899,0.6639823017525887,0.3514758108793765,0.529750773945201,0.6092383386078832,0.5600000793541793,0.5645022017120018,0.8632497641161674,0.4459649908733356,0.6565231598875317,0.43865429192626276,0.5376982189789186,0.5750888908137253,0.5829071663011093
0.7762403535674018,0.6865794319100955,0.27982184491868295,0.4097153665563623,0.551884675307318,0.7150418489777115,0.8424615892767302,0.6336406767892284,0.8602976457211824,0.7761263750282819,0.7538444829280112,0.8170702279887899,0.6931965834738092,0.6016905782286387,0.797519022266342,0.8190917518808262,0.7533550322427462,0.7866660275787732,0.5615554013748433,0.5053541090939512,0.7327866342295489,0.7917661247016649,0.8214590434384559,0.9008048638209469,0.6197795631052053,0.5551887754955777,0.5353322511012515,0.5078159152401692,0.5076084368295419,0.7067558892210059,0.0,0.8672607899131389,0.8349253823682884,0.7892795433298188,0.8084690250064088,0.865774808811464,0.536252941904778,0.7727616181882873,0.6812837740960512,0.8726362810606465,0.7700593829255763,0.944543786755071,0.7834501079748617,0.7866202599739087,0.7867852058469039,0.5154749801344077,0.7316561460422674,0.7907086764321367,0.7102602909656658,0.663194027146518,0.7536992774321248,0.565945427031872,0.6784089635137015,0.552831052966866,0.6106371325001325,0.8420902802818283,0.7590617352605187
0.7177296505757202,0.7283130930471249,0.2832786963325026,0.414132551906032,0.5104032182140866,0.7519627944362363,0.9728325791565858,0.7453819801852748,0.922887255188456,0.8965745619350182,0.9004272638928054,0.8684828711950714,0.7478236972925065,0.6643096812790723,0.8643382146695671,0.8860467035130115,0.722863931753437,0.8684259801798546,0.6194203091773592,0.5455278356630393,0.8261868488844266,0.9096426362862584,0.9502695795448184,0.8771424063251513,0.7006887974616527,0.6381844086971241,0.6009286244322717,0.5395398286253195,0.5439515253689473,0.8036802540924989,0.8672607899131389,0.0,0.7992410458193104,0.8753276203755123,0.8905127657615713,0.8713220684338224,0.622377203443433,0.8638126882948549,0.817073241122176,0.8201337343769131,0.7813633779248714,0.9338188429682953,0.8142029711411521,0.8627477495813275,0.7928371707052849,0.5022109578809029,0.7511434295152045,0.8213390960103703,0.7828081708871882,0.788846048590508,0.8241021349797311,0.61159270564736,0.7576311938852213,0.6243421598782396,0.7171063355725347,0.8078768049698253,0.7460554870588901
0.8501675672392436,0.5471388908720394,0.22433635083730413,0.3142298330712978,0.46597822204963946,0.7476392996697392,0.8771212750918649,0.7937552422930375,0.8627576431142852,0.7754196928281392,0.7042866989256957,0.8016039265397136,0.641096956536367,0.5289348254954379,0.6919678357026465,0.8031440947356216,0.6519121336179339,0.6585770496305091,0.756401418696707,0.7021397693182244,0.8087453234306019,0.6899771069888111,0.7125908538178497,0.7546372040676782,0.4987494545464794,0.4522580503555107,0.4274549717667159,0.38936180619573063,0.40671475075439145,0.6190782789005779,0.8349253823682884,0.7992410458193104,0.0,0.679834415961067,0.6302742457703087,0.84363712377302,0.43849734243187494,0.6496762787501108,0.6080247391230236,0.9468057210156064,0.8414970444969858,0.8517564079493316,0.7270560014122417,0.807492823587683,0.6405811280163097,0.6502123850361404,0.7400726048039057,0.873204609017282,0.7432855510421186,0.780678967744222,0.7692056810389615,0.7294360100758919,0.7142481251029322,0.6817632274581779,0.708551706799758,0.8676923843450636,0.7412464590806511
0.6061126745717051,0.7291202812982707,0.3254741300869767,0.46660698231601766,0.5311660205274019,0.6289008188271921,0.7718037463132271,0.5923488106399577,0.8278104310876463,0.7762172844017059,0.8021269260381734,0.7515948036881581,0.6192099780067847,0.5946811191928404,0.8886306890604746,0.7568160574339046,0.6697388577673846,0.8701658408098097,0.4689466369470454,0.4015553944295889,0.6304429472783397,0.8736467369236465,0.9125121985878559,0.873177743025114,0.7281246978823277,0.6704388293159956,0.6610311380051778,0.6126359452517203,0.6196987118234643,0.7845680201683424,0.7892795433298188,0.8753276203755123,0.679834415961067,0.0,0.9038298914031164,0.8129504653594118,0.7157286320422062,0.9019806275254174,0.7192557728518219,0.7247106598551772,0.6337508041822436,0.8915400698424643,0.7623727191495298,0.6357051340653702,0.8154593093508543,0.40538817223743395,0.665369632591306,0.6558010812506261,0.732022857938904,0.6181518389953397,0.8279621248492409,0.45822198829477656,0.6270700619402578,0.49657229514069606,0.5531969176463575,0.6455929760325056,0.6136876111670585
0.5338177473810868,0.9049077075686112,0.39894604992236965,0.5951664262463667,0.6128685835720515,0.5994934813454306,0.7288056870122045,0.5478947113681537,0.7707680306125755,0.71912122075572,0.7928732374757685,0.6881512949883123,0.6063164445145774,0.6074017489720125,0.9291923873003717,0.793720040789304,0.7189143942747485,0.9759853804796333,0.4154313277716894,0.35736262425679005,0.6142040971486326,0.978238879925125,0.8943993521693353,0.8475447025774185,0.9341964668574766,0.8413600339057523,0.8899418449001382,0.7709523541550601,0.8178211659555147,0.8829739820519501,0.8084690250064088,0.8905127657615713,0.6302742457703087,0.9038298914031164,0.0,0.7785419066949385,0.8589622616646757,0.8615972401496969,0.6978215849142734,0.6421244983732,0.5890912494459648,0.8887415779851482,0.6923439404094223,0.6091847828590361,0.8560555040280041,0.3355659117449796,0.5648049437886412,0.5829566172155031,0.6640707460478418,0.5642152759274239,0.8136425342329174,0.41943602531420926,0.6139151563548122,0.41377270711339975,0.5229120246702805,0.5933950476765022,0.5734400846480843
0.8050547915931269,0.7460210969169389,0.2958191895728953,0.41243968903112477,0.5654059211252005,0.7047284108945293,0.8520038775006925,0.7066820287183906,0.8567570712229635,0.810238589576751,0.8335907796883876,0.9403666662746626,0.6902806018215514,0.6723897870807908,0.8991866813827201,0.9141304909966729,0.8249532502849618,0.8200596602161994,0.6166526413259967,0.5260252013969456,0.8151776412637188,0.7996517485026363,0.8048205929191833,0.7400572610991945,0.6986590734740845,0.6157454862793759,0.5690176616532064,0.5365932972430221,0.5639007004248624,0.7743745677177309,0.865774808811464,0.8713220684338224,0.84363712377302,0.8129504653594118,0.7785419066949385,0.0,0.5457440977852717,0.7576264398803979,0.689789622146275,0.913296434993922,0.8467375586566788,0.9239948256298851,0.7252884705435807,0.8534100816376846,0.6830689807262189,0.4981069013577534,0.7011682275836768,0.8411855152341444,0.6658551967139755,0.7222453290213854,0.8395699806640652,0.620832821986386,0.7281781315126775,0.5654878960300675,0.7071707316095638,0.7990692701910033,0.7508750370869796
