Cingulate area 2,Glomerular layer of the accessory olfactory bulb,Glomerular layer of the olfactory bulb,"Olfactory bulb, unspecified",Frontal association cortex,Cornu ammonis 3,Dentate gyrus,Cornu ammonis 2,Cornu ammonis 1,Fasciola cinereum,Subiculum,Postrhinal cortex,Presubiculum,Parasubiculum,Perirhinal area 35,Perirhinal area 36,Medial entorhinal cortex,Lateral entorhinal cortex,Primary auditory area,"Secondary auditory area, dorsal part","Secondary auditory area, ventral part","Piriform cortex, layer 1","Piriform cortex, layer 2","Piriform cortex, layer 3",Ventrolateral orbital area,Lateral orbital area,Ventral orbital area,Medial orbital area,Dorsolateral orbital area,Prelimbic area,Secondary motor area,Frontal association area 3,Primary motor area,"Agranular insular cortex, ventral area",Agranular insular cortex dorsal area,Cingulate area 1,Infralimbic area,Dysgranular insular cortex,Granular insular cortex,"Primary somatosensory area, forelimb representation","Primary somatosensory area, dysgranular zone","Primary somatosensory area, face representation",Secondary somatosensory area,"Primary somatosensory area, hindlimb representation","Agranular insular cortex, posterior area","Primary somatosensory area, barrel field",Retrosplenial dysgranular area,"Primary somatosensory area, trunk representation",Retrosplenial granular area,"Parietal association cortex, lateral area","Parietal association cortex, medial area","Parietal association cortex, posterior area",Primary visual area,"Secondary visual area, lateral part",Temporal association cortex,"Secondary visual area, medial part",Nucleus of the lateral olfactory tract
0.0,0.6970916125378315,0.3532829021662531,0.5871723289517793,0.8458867409890257,0.9611324204964086,0.8372151675940056,0.8250275534840846,0.8406334545047267,0.7763960022867409,1.0,0.7669405717214235,0.8369686336468154,0.7704561876309227,0.8473777555930703,0.9269424886407559,0.8595695442292745,0.8455481553557022,0.9473540366193174,0.9387425243214785,0.8707394978270123,1.0,0.9753908397232866,0.9982550330780545,0.8581084457937568,0.993348672166612,0.8761919650302609,0.7492304798426542,0.9674465227506152,0.9342924004146118,1.0,0.7970139535588809,0.9670427361477149,0.8814400024748854,0.9500983980410402,0.9386319748613329,0.8261614526095158,0.8728672987615504,0.9195083924446324,0.9867350287875308,0.8556418711247469,1.0,0.9966709240540498,0.9583200351134245,0.863126703496303,0.9632557037530636,0.8585926078082058,0.8225552633312093,0.9349792199856506,0.9240898940461298,0.9034084452432193,0.833906327370161,0.8684965478286567,0.8871542176895885,0.8286085723400685,0.8283305061783894,0.9665240430312454
0.6970916125378315,0.0,0.26322847097103125,0.4307278439782164,0.8723105994400753,0.5481144927446813,0.49907605118999,0.512364087291236,0.5449019217990587,0.5454540809502249,0.6262900109950033,0.47788163158372804,0.5286880838411686,0.4774857285299599,0.5421030032555387,0.599562110971704,0.5668990032458704,0.531307414619885,0.6006132311056188,0.5813245804523443,0.5402854150274219,0.7034138993474581,0.6690383475221832,0.6550146309789266,0.7294605383013215,0.7772995106067072,0.7556271269844567,0.9158089845111523,0.7391286283977742,0.7194319428126524,0.7023353636753361,0.5905343980090637,0.6351076841205139,0.6181930889431461,0.6537372547567697,0.6870602615225881,0.5845947715256591,0.5763469195479282,0.5650381993822118,0.5991514404607766,0.5107559313758208,0.6428644532390725,0.5537637577602234,0.5723774062128753,0.5545892705630774,0.5861910049494183,0.5183051505623711,0.5077705617872178,0.5310911756639465,0.5986203886598478,0.4784653731641844,0.5187802854549115,0.5322306457277001,0.5404949670417,0.4771560307926621,0.5289004509558156,0.6271532839129542
0.3532829021662531,0.26322847097103125,0.0,0.7931531934813395,0.3810857437598193,0.32072552456203807,0.31651903295548656,0.2866091487745829,0.33620059815716935,0.45888660055988817,0.39625128892940936,0.3425287257825354,0.4065931503872224,0.45819001960538913,0.2870974457791252,0.29445641940848805,0.3978839317057044,0.3150992529091835,0.33327831840331296,0.38449649055599394,0.3360769662882774,0.3405747573755826,0.3168199397485627,0.3142019564523176,0.27656044406244973,0.3267337352520191,0.2618678244450784,0.2722573540662798,0.34277429690812167,0.29146944993379353,0.34903148891785635,0.24229367211768316,0.2834698689749263,0.2726837693265067,0.282791271723517,0.3271392523281367,0.2459930059040086,0.357814416058412,0.35890966832910354,0.3069352019672433,0.3255798164355546,0.34070267463133375,0.34576393451415816,0.30885391016083363,0.4184524283439097,0.3410520296335709,0.38796445031951743,0.3006587921564759,0.39586417097903964,0.35132722812518663,0.4596033332692193,0.3423408336962696,0.42659400929307656,0.39698349452254855,0.2947778186135395,0.39760487923063653,0.35015621675821906
0.5871723289517793,0.4307278439782164,0.7931531934813395,0.0,0.6218737539903033,0.5079674863918909,0.4943741829080257,0.43397808612835864,0.5093826228495978,0.6539946135596045,0.665235274421376,0.5117272290075306,0.6125172701422695,0.7111700261937689,0.4265429252640356,0.4966251724817926,0.6308267829838576,0.4892682905344769,0.5275667381528084,0.576827163362926,0.5311342709079386,0.580733766050766,0.532732605037154,0.5161329468767687,0.43133470328733164,0.5425896810870662,0.417599015470057,0.4588199067562435,0.5808661047503701,0.49474474479212677,0.6009494981437137,0.38810399536728646,0.4654575024599798,0.4363481538601343,0.47214614673635824,0.5288952775315477,0.39152437447818844,0.5666103319700088,0.5510347370885437,0.5237744772419849,0.4970856578133309,0.5521252882019851,0.559096409364265,0.5029231993162696,0.6644864941783348,0.5443253574255226,0.615004263081717,0.45387366658451966,0.6181821078888291,0.5636760961501942,0.6963327723554318,0.519342536851324,0.6483726805626657,0.5957618514025587,0.44322986153803867,0.5904256039030991,0.5763837902673631
0.8458867409890257,0.8723105994400753,0.3810857437598193,0.6218737539903033,0.0,0.6500948327926337,0.6000166307582426,0.5937797028660592,0.6457346712029888,0.6934139916525092,0.7826623838582237,0.6029072502977592,0.6565587323292548,0.6618462447385294,0.6158125414035913,0.6882152815073972,0.717095142065243,0.6066002981132415,0.7016090707898639,0.7153142230876027,0.6435378217936499,0.8339679327151786,0.7658975301974781,0.718406795183636,0.7585588611626267,0.8684770894628968,0.7669081605683165,0.8753569664766938,0.8489099369831932,0.8106752082764709,0.8723157146762325,0.6234541465536003,0.7183693605964201,0.6245198135883844,0.7042724093703376,0.8521617700169228,0.6339052681844973,0.6997898240503649,0.6738762065292023,0.7287406173642762,0.5956647781574334,0.7768354783032674,0.6564739920858377,0.670923520727213,0.6960937773372312,0.7000305684435743,0.6335865969047144,0.5760491233376859,0.7284384014921416,0.7418779899657163,0.6595028535858144,0.6440332188302386,0.6749307732183245,0.6689561396014615,0.5380602064222605,0.6463905549834085,0.7060370614890733
0.9611324204964086,0.5481144927446813,0.32072552456203807,0.5079674863918909,0.6500948327926337,0.0,0.9320413344081703,0.9070038426241529,0.8878244489140329,0.7502748656360928,0.9622625500081724,0.8515007748844058,0.7933457673932798,0.792115803493954,0.9361480170699059,1.0,0.8350635346911071,0.927290317065555,0.9488895039549526,0.9393946953997955,0.8990305280983235,0.9103386560683264,0.8531674877838171,0.9237295499820665,0.7460783346431411,0.804046972991881,0.7499703313273991,0.6004537200388398,0.8280004598688743,0.7933848783733333,0.9271894669328211,0.7708372963590425,0.8254850432373428,0.8469206378323194,0.8635646614406761,0.801784626207395,0.8381813056443632,0.8131406039701194,0.8696933234151211,0.9199171793873318,0.9176617693550606,0.8719238237855088,0.9900975122208581,0.981068677480756,0.8501735596435054,0.946483732799174,0.9082680350540155,0.97067070743634,0.9852337320368035,0.9176230741127733,0.9327664956008495,0.9486221782447158,0.8791759399239892,0.9021623369291887,0.9740685756601324,0.8404864900994677,0.9508119252308755
0.8372151675940056,0.49907605118999,0.31651903295548656,0.4943741829080257,0.6000166307582426,0.9320413344081703,0.0,0.8805469848749502,0.8909209631801902,0.7104395991169586,0.9073698727418706,0.8288974955386704,0.8242940891417473,0.7921087555976096,0.8943249411822947,0.9494409514890763,0.8570620990494605,0.8853720396904898,0.8835787839378482,0.9533421520188528,0.8923510118427651,0.8303702253390743,0.813039433298239,0.8695449486352389,0.6689893499614163,0.7615957831832975,0.711520970183739,0.542457619984192,0.7333744507652307,0.6727790517412793,0.7841264195524046,0.7135096169984032,0.7769635668671748,0.7693940514192683,0.7867922469478189,0.7534626165752975,0.8054762848620133,0.7581935568865784,0.8065111515366602,0.8185529335604229,0.840619851281213,0.8350735295847482,0.849180917395987,0.9191533831647798,0.8177967924227596,0.8922657200593594,0.8802145477123176,0.8990327126267142,0.9018053189957487,0.8895836080703766,0.8556324672536915,0.8947933079895353,0.8015721365000152,0.8447004329761771,0.8935392863558889,0.9065813520277913,0.8509243323869142
0.8250275534840846,0.512364087291236,0.2866091487745829,0.43397808612835864,0.5937797028660592,0.9070038426241529,0.8805469848749502,0.0,0.9012330006941354,0.6801467150144325,0.8424663335972669,0.8453033779142943,0.8011157863031731,0.8047775228037894,0.9125456020620571,0.9816593551264964,0.8664409177388397,0.929608702287735,0.9075939037406937,0.8996513302115382,0.8954673819016311,0.8626112828127086,0.8179007034026073,0.8468184952939342,0.6994100771662897,0.7980184644100602,0.7234006929618865,0.5449592984986719,0.7036008121871135,0.734346136280805,0.7497269077850951,0.7035815320440261,0.7979016776425626,0.8069649631682929,0.8212357825207883,0.79107397849799,0.8494711129635049,0.7825906342461503,0.7889695906748291,0.8293695805156469,0.8561044045955523,0.8173212977534702,0.8424053886039878,0.8838951196406132,0.8153231815852446,0.8913211598743745,0.8168618103902663,0.8811613171165524,0.8717607407275033,0.8933584780544082,0.791775720786679,0.822580576581752,0.7753677494066452,0.863103023939802,0.8951970623427309,0.8237688162601357,0.8382635008437023
0.8406334545047267,0.5449019217990587,0.33620059815716935,0.5093826228495978,0.6457346712029888,0.8878244489140329,0.8909209631801902,0.9012330006941354,0.0,0.7820390056788079,0.9371656054711143,0.8622277253162635,0.8580610646376795,0.8334730646867672,0.9084799851180836,0.9446352156257798,0.8776965664198689,0.9323418443165414,0.8588577240503791,0.9628343036659825,0.9267572331536397,0.9461908124519839,0.8211627936498066,0.9109148654447741,0.7355155970335349,0.8603489023620263,0.7710161278824197,0.592219954607469,0.799799999943252,0.7412095084678848,0.8824846303874021,0.6866668565743219,0.7903495626288487,0.814901998679536,0.8423329941671859,0.7875618445474383,0.8535305328603958,0.8281254806239977,0.827490283938942,0.9284279866773056,0.8639485332741665,0.8811241316536865,0.8936785351585317,0.9254351741640003,0.8853022263710107,0.9542865270260579,0.8655389354379238,0.9434433793597039,0.9841604162225791,0.9451529856346468,0.8236272910763764,0.8570442479636835,0.8686544867314493,0.8896357980176907,0.9125091177186697,0.865106531842289,0.9263980413727959
0.7763960022867409,0.5454540809502249,0.45888660055988817,0.6539946135596045,0.6934139916525092,0.7502748656360928,0.7104395991169586,0.6801467150144325,0.7820390056788079,0.0,0.8658515237410759,0.8433996487051427,0.8446985743308313,0.9116646037018706,0.7167808808029374,0.7394837853746151,0.8540782665121985,0.7523300939007056,0.7939973349382441,0.8558183577343159,0.8191615174767021,0.8409338546917611,0.7227401955996268,0.7035540999052173,0.6004273566479891,0.7417292045821654,0.6033116807590043,0.5680876527289509,0.6922781568892881,0.6276832404116941,0.7852820034177944,0.5406406343954065,0.6845169054889032,0.6404406313123168,0.6404615983898146,0.7347754830779244,0.5827642579074106,0.764488241599002,0.7922612757982924,0.7479124987114001,0.7517431493181175,0.7672411833568508,0.7868076963922783,0.7442304869404068,0.86647464230411,0.7782611744720958,0.80239146948949,0.7188374278974681,0.8894625271425585,0.8121341854444117,0.885782937083112,0.7841857415916738,0.8767955886469182,0.860367678369825,0.7015537841390274,0.8603384448710638,0.7880357224731837
1.0,0.6262900109950033,0.39625128892940936,0.665235274421376,0.7826623838582237,0.9622625500081724,0.9073698727418706,0.8424663335972669,0.9371656054711143,0.8658515237410759,0.0,0.8736466758767479,0.9420091631859803,0.8870003889608848,0.8462144851071328,0.9358172945326159,0.9631459580536944,0.8899089965531811,0.9658761524469958,0.9951614787145241,0.932643780262526,0.9870455552659617,0.8720891153369282,0.8815818581517266,0.7461027622693343,0.8989947641128182,0.800834696402757,0.6473973527794137,0.8961788291400533,0.7832491210131898,0.9742039320580438,0.6930251182772889,0.8852091491136657,0.8157219063361695,0.9266230894453903,0.8750940311816164,0.7923033881140988,0.8895641285110315,0.8923280516758993,0.8944692937820723,0.9068416278860683,0.9117086795015694,0.9470962444548371,0.9925484647501344,0.9478106070235051,0.9623436050736421,0.9709413304290329,0.9068582186298346,1.0,0.9981990485781334,1.0,0.9073345909992657,0.9391640061549869,0.9713393901587692,0.8854682648808542,0.9671862301325932,0.976493198795711
0.7669405717214235,0.47788163158372804,0.3425287257825354,0.5117272290075306,0.6029072502977592,0.8515007748844058,0.8288974955386704,0.8453033779142943,0.8622277253162635,0.8433996487051427,0.8736466758767479,0.0,0.9289711965480963,0.9676506658518756,0.9012127006079883,0.8450794100834313,0.9860200814744193,0.8867917612802498,0.9179931144924158,0.95450601480659,0.931835784870877,0.873455809169087,0.7498004380680343,0.7934227539555125,0.6231996726414248,0.7639182347536448,0.6547114581185733,0.5464122333516757,0.6855795513961961,0.6599246787844528,0.7314215656192042,0.5890269365123304,0.7165792420244351,0.7009895099191293,0.6782518779594034,0.7351438809146751,0.713630073765939,0.764824457197997,0.7981700895643397,0.7819997403318284,0.8278326149900279,0.7630822173675449,0.8373698191468378,0.844008555526424,0.9298503394386086,0.8795915270530762,0.9090247604897376,0.8725985524799971,0.9818566472838601,0.9135171116744452,0.8470010772259775,0.9844269416190418,0.9264080651188537,0.9835795409012803,0.9037906579068397,0.8972385724865475,0.7887316391480798
0.8369686336468154,0.5286880838411686,0.4065931503872224,0.6125172701422695,0.6565587323292548,0.7933457673932798,0.8242940891417473,0.8011157863031731,0.8580610646376795,0.8446985743308313,0.9420091631859803,0.9289711965480963,0.0,0.9343920259514235,0.8363135135709182,0.8521828062143857,0.883838651548837,0.8279749647372217,0.9487951500019511,0.9156035281768162,0.894921187650789,0.8749007625799028,0.802530214356949,0.8434605333237711,0.6237769097056579,0.7788722395313691,0.6581413062358641,0.5738880413933827,0.7193343922149598,0.6981772283011601,0.7709066008035224,0.5778637985115624,0.6975853925047977,0.7041077198591135,0.6793584665495104,0.7697824587637366,0.6807585111016082,0.795887283582183,0.7966551198530043,0.7649435110214078,0.7855293807827157,0.7878739298242975,0.8436952194909135,0.8304903134257532,0.9420560435841133,0.9544164193927239,0.8288742559601099,0.8101328607426747,0.9468531047233333,0.8649774533161815,0.8842215450285422,0.8827358279749956,0.9551737494226447,0.9461636369238964,0.8518084830115099,0.8891110724124781,0.8483196658152746
0.7704561876309227,0.4774857285299599,0.45819001960538913,0.7111700261937689,0.6618462447385294,0.792115803493954,0.7921087555976096,0.8047775228037894,0.8334730646867672,0.9116646037018706,0.8870003889608848,0.9676506658518756,0.9343920259514235,0.0,0.820913439200066,0.8111953000939135,1.0,0.7972563700980836,0.854887581401166,0.9573904400700446,0.9076422632237616,0.799149405701456,0.7553115191403604,0.7336215418225294,0.5597707065215712,0.7118921082501488,0.632071069252462,0.5190427268630415,0.685416330369168,0.595044439423538,0.7432010129053751,0.5309064868206232,0.6585648222933402,0.639920065815435,0.6885769597154205,0.7428664496247593,0.6239967784219492,0.7256710403744662,0.7920702170719311,0.7476619852416874,0.7482233694052954,0.7574250371939716,0.8405449138459176,0.7745084163178941,0.9076614755459259,0.8521980928577075,0.9164124792996124,0.7824605328073055,0.9281078024952245,0.9027631114555951,0.9573741678290469,0.8552556010408693,0.9662382792373273,0.8976533294303636,0.8047994166845976,0.9547339623175951,0.7784754116381277
0.8473777555930703,0.5421030032555387,0.2870974457791252,0.4265429252640356,0.6158125414035913,0.9361480170699059,0.8943249411822947,0.9125456020620571,0.9084799851180836,0.7167808808029374,0.8462144851071328,0.9012127006079883,0.8363135135709182,0.820913439200066,0.0,0.9384658234767084,0.8517907980723275,0.9499819883642829,0.9569039354817362,0.9008427247776252,0.8994249816377784,0.885465286689983,0.8011149480719245,0.8224717792378522,0.7040712583707295,0.8511691371772583,0.7470491860001792,0.5899387866385986,0.7231192173531588,0.7305661428955912,0.8067787184789231,0.7323144552071152,0.8289128111656462,0.7894833019894025,0.7907438460945231,0.8013388563804784,0.8350804177327198,0.7969484698847606,0.7794905564558121,0.876389794790304,0.7955745912773067,0.8324517171233788,0.8262437831453746,0.9297693989159042,0.8093266150836396,0.839365814450941,0.7830821627057366,0.8920743201820039,0.863348935164797,0.9149780243500006,0.7757067495530406,0.8614316533205023,0.8041198058642075,0.8472761130785835,0.9699236388177918,0.8441921044369811,0.8422186393670934
0.9269424886407559,0.599562110971704,0.29445641940848805,0.4966251724817926,0.6882152815073972,1.0,0.9494409514890763,0.9816593551264964,0.9446352156257798,0.7394837853746151,0.9358172945326159,0.8450794100834313,0.8521828062143857,0.8111953000939135,0.9384658234767084,0.0,0.9004172858781684,0.9410440713690561,0.9988339485623511,0.9197477249611609,0.9120582230423737,0.9834387377414555,0.8852145176840831,0.9657716881500761,0.7841505871202883,0.9350735501787897,0.8278217735948723,0.6391264501510974,0.8474403991810645,0.8214667587374497,0.9214624153564542,0.7582233175287522,0.9130695957849646,0.88756949515197,0.9388074765675671,0.859527421419763,0.9053450809611194,0.8726118711716617,0.8681424045539129,0.9514192402353244,0.8877352473190832,0.9365218245583351,0.881597283082405,0.986862850193425,0.8949104191805767,0.9863220078512484,0.833380485828185,0.8701368339921286,0.9466976575873536,0.939047660249288,0.846858090353599,0.951734629832591,0.805962503971212,0.9031160321099133,0.8824414809209901,0.8004068417476158,0.9062332422188519
0.8595695442292745,0.5668990032458704,0.3978839317057044,0.6308267829838576,0.717095142065243,0.8350635346911071,0.8570620990494605,0.8664409177388397,0.8776965664198689,0.8540782665121985,0.9631459580536944,0.9860200814744193,0.883838651548837,1.0,0.8517907980723275,0.9004172858781684,0.0,0.9330994418144016,0.9457988737528512,0.9745164279783647,0.9435582627953881,0.8342059760566867,0.794685106360854,0.7697849212847981,0.6490617407938492,0.7890360172477965,0.6926860531743348,0.5997974186942464,0.7190357323369619,0.6601204708985616,0.7869094381820478,0.5858488306839587,0.6881407816925792,0.6952634476737988,0.7181756513430402,0.7601031172666921,0.6965039771385974,0.7720887547718805,0.8244953853522488,0.7708186682274356,0.7950259002106155,0.8087357041452659,0.8583161743798923,0.8382856663762657,0.9639655791459426,0.8600434026893357,0.9020679965082409,0.8310398575500809,1.0,0.9616493102561257,0.9881555435860547,0.8976838056934786,0.954472004289276,0.9302204332173621,0.8980271077573427,0.8988295281103493,0.9246683305811126
0.8455481553557022,0.531307414619885,0.3150992529091835,0.4892682905344769,0.6066002981132415,0.927290317065555,0.8853720396904898,0.929608702287735,0.9323418443165414,0.7523300939007056,0.8899089965531811,0.8867917612802498,0.8279749647372217,0.7972563700980836,0.9499819883642829,0.9410440713690561,0.9330994418144016,0.0,0.9400381590691842,0.9397018876629966,0.9543127736141096,0.8752538440800748,0.8350069861706381,0.8812663839842536,0.7039833817201995,0.8520591353558759,0.7142949625430342,0.5643544094650261,0.7498015767186857,0.679136931194072,0.7936492835057206,0.6802511706518954,0.8486817236472864,0.8187105036014912,0.794094594641039,0.8167273827530388,0.8408414436652761,0.8029455073174392,0.8008949197421059,0.8329957646745805,0.921753231587371,0.8569516006267758,0.8492294511001892,0.9407720047902403,0.8797315495729999,0.9238014898478696,0.873700133075712,0.9929836695317317,0.9026712974811973,0.9083253986595756,0.8421573442812905,0.8921377734666907,0.8619163611740104,0.9220538971459171,0.985872035236015,0.848147188499986,0.8997796237269736
0.9473540366193174,0.6006132311056188,0.33327831840331296,0.5275667381528084,0.7016090707898639,0.9488895039549526,0.8835787839378482,0.9075939037406937,0.8588577240503791,0.7939973349382441,0.9658761524469958,0.9179931144924158,0.9487951500019511,0.854887581401166,0.9569039354817362,0.9988339485623511,0.9457988737528512,0.9400381590691842,0.0,1.0,0.9814449830125794,0.9693393168031547,0.9193958824250905,0.927710835797846,0.7357822655100247,0.8916238905357516,0.7829039233361993,0.6440262088120404,0.8297204072946904,0.7840817663509743,0.8655846524502787,0.7194796337973192,0.8979911164966762,0.8364051483274506,0.8735076962014743,0.8861822797106899,0.8268654835131702,0.8624743618254874,0.920662296277885,0.9168404593680175,0.878521044031312,0.8876987063133643,0.9341000733612044,0.9823131193200451,0.9093614520515773,0.956967948233426,0.8876511842479391,0.9843377551222974,0.94930950792603,0.9508241805078357,0.8673273817227989,0.9553344617631073,0.8745794056489626,0.9386294512067291,0.9209465133218708,0.8814095277019597,0.9197516443273757
0.9387425243214785,0.5813245804523443,0.38449649055599394,0.576827163362926,0.7153142230876027,0.9393946953997955,0.9533421520188528,0.8996513302115382,0.9628343036659825,0.8558183577343159,0.9951614787145241,0.95450601480659,0.9156035281768162,0.9573904400700446,0.9008427247776252,0.9197477249611609,0.9745164279783647,0.9397018876629966,1.0,0.0,0.9912100363684054,0.9430830812084787,0.8971410533745608,0.8800879721506236,0.721738308662027,0.8415952413994578,0.791226272676746,0.6212254242513405,0.8544023903717716,0.7681564824072067,0.8987210078009275,0.7158739033492819,0.8294743208048695,0.804371141314327,0.8435593940994915,0.8410882590798675,0.759129164354489,0.8446062333161762,0.9053823633513779,0.9415695001057376,0.8946492644833444,0.895742733761389,0.9531965101848924,0.9312742853702441,0.970026903632516,0.9723263655878472,0.9593448435295222,0.9659711481593278,0.9917919411903818,0.9540604599506812,0.9350191479225699,0.866489215594899,1.0,1.0,0.8895353486523877,0.9738257297986662,1.0
0.8707394978270123,0.5402854150274219,0.3360769662882774,0.5311342709079386,0.6435378217936499,0.8990305280983235,0.8923510118427651,0.8954673819016311,0.9267572331536397,0.8191615174767021,0.932643780262526,0.931835784870877,0.894921187650789,0.9076422632237616,0.8994249816377784,0.9120582230423737,0.9435582627953881,0.9543127736141096,0.9814449830125794,0.9912100363684054,0.0,0.8891874431576947,0.8592753068486831,0.9031281482396265,0.6561167589715213,0.8517832200036968,0.7048649139909244,0.5493604779961235,0.7591452536266827,0.704579392793633,0.8542257019474694,0.665489479877523,0.7846290244000289,0.7769213520279777,0.8017025866053935,0.8212466146710681,0.8406454289381462,0.8564152307543961,0.9060354591978076,0.8305617227386761,0.8744443073052661,0.8808392643026013,0.9327399623070343,0.9734737208175873,0.8819325308839616,0.9589502432893975,0.8802071958080582,0.9298099211404453,0.9559329075952642,0.8790953711918879,0.8486152116343739,0.8782297951784962,0.8642907220764764,0.9361642736710669,0.950437038892454,0.9223174842520736,0.8533709711231611
1.0,0.7034138993474581,0.3405747573755826,0.580733766050766,0.8339679327151786,0.9103386560683264,0.8303702253390743,0.8626112828127086,0.9461908124519839,0.8409338546917611,0.9870455552659617,0.873455809169087,0.8749007625799028,0.799149405701456,0.885465286689983,0.9834387377414555,0.8342059760566867,0.8752538440800748,0.9693393168031547,0.9430830812084787,0.8891874431576947,0.0,0.9599790728724847,1.0,0.8587382593351214,1.0,0.9013362474534161,0.8053071927340938,0.9124391781483102,0.9376235594633253,1.0,0.8663904581621923,1.0,0.9035073777507683,1.0,0.9741271135472626,0.8552839451540086,0.9510021593661274,0.987700705947965,1.0,0.877243469679819,1.0,1.0,1.0,0.9436756362288987,0.9434615736439503,0.8231746585594107,0.8736935199361197,1.0,0.9176666608375772,0.877101535424134,0.8477854381850475,0.8325127745486024,0.8882756482735231,0.7926634741183625,0.8431841857156475,0.9920832120237608
0.9753908397232866,0.6690383475221832,0.3168199397485627,0.532732605037154,0.7658975301974781,0.8531674877838171,0.813039433298239,0.8179007034026073,0.8211627936498066,0.7227401955996268,0.8720891153369282,0.7498004380680343,0.802530214356949,0.7553115191403604,0.8011149480719245,0.8852145176840831,0.794685106360854,0.8350069861706381,0.9193958824250905,0.8971410533745608,0.8592753068486831,0.9599790728724847,0.0,0.9198702409397139,0.8519312273460024,0.9705726726531458,0.8493040033150999,0.7549434661692964,0.8747970526083276,0.8702882291303116,0.9997998288705843,0.777783432551194,0.8951575077305624,0.9192940879062284,0.9478851966096211,0.9548298270923061,0.8519216391288108,0.8534497085490802,0.8564440844236598,0.9503832429434464,0.8496329004680336,0.9762236922553007,0.9154351412035793,0.9641258632820976,0.7950425553614993,0.9341210317668539,0.8386919702416544,0.8137003199057208,0.8703491688196779,0.9194789480837581,0.8094747643763588,0.8235356232173955,0.7692695302793091,0.8281668513385009,0.8261959874073017,0.7637164107586093,0.9753228335331849
0.9982550330780545,0.6550146309789266,0.3142019564523176,0.5161329468767687,0.718406795183636,0.9237295499820665,0.8695449486352389,0.8468184952939342,0.9109148654447741,0.7035540999052173,0.8815818581517266,0.7934227539555125,0.8434605333237711,0.7336215418225294,0.8224717792378522,0.9657716881500761,0.7697849212847981,0.8812663839842536,0.927710835797846,0.8800879721506236,0.9031281482396265,1.0,0.9198702409397139,0.0,0.8491399968826736,0.9488474136553112,0.8530128232613202,0.7661825205712126,0.8702408251954411,0.8666358101264153,0.9411857172977941,0.8125016915166619,0.984712699928228,0.9334511579198015,0.9009133535801995,0.8847163800949958,0.9013153071586798,0.9390639881692632,0.9294960946696703,0.9942484110057225,0.8557323598706713,0.9955880012055205,0.9728966424890472,0.9322255249423793,0.8598335872497562,1.0,0.7865584397772664,0.898285150238727,0.8473916232424278,0.9196846846192629,0.8127659878563892,0.84055940830325,0.8124264334365542,0.8443133846216901,0.8362510195741002,0.7950469023510367,0.9009200140963899
0.8581084457937568,0.7294605383013215,0.27656044406244973,0.43133470328733164,0.7585588611626267,0.7460783346431411,0.6689893499614163,0.6994100771662897,0.7355155970335349,0.6004273566479891,0.7461027622693343,0.6231996726414248,0.6237769097056579,0.5597707065215712,0.7040712583707295,0.7841505871202883,0.6490617407938492,0.7039833817201995,0.7357822655100247,0.721738308662027,0.6561167589715213,0.8587382593351214,0.8519312273460024,0.8491399968826736,0.0,0.96105000745698,0.8494556512374966,0.788538848682229,0.7836729765956086,0.8547037191431677,0.8831158582687385,0.730840664514034,0.8011979450662806,0.8304322737435398,0.8798493517944824,0.8239018593359192,0.7767384095116774,0.7549171652707144,0.756690047319252,0.8140213257186657,0.680173261003177,0.8343558366176977,0.7439983077159605,0.7682039024202818,0.6666344101430793,0.7532105591839003,0.6614532407765876,0.7228244138872778,0.7181321115374653,0.7263431270747062,0.6296185668207137,0.6880584767441521,0.6062057709743751,0.6596666189760069,0.6486634591364836,0.6313369173255154,0.770378910058818
0.993348672166612,0.7772995106067072,0.3267337352520191,0.5425896810870662,0.8684770894628968,0.804046972991881,0.7615957831832975,0.7980184644100602,0.8603489023620263,0.7417292045821654,0.8989947641128182,0.7639182347536448,0.7788722395313691,0.7118921082501488,0.8511691371772583,0.9350735501787897,0.7890360172477965,0.8520591353558759,0.8916238905357516,0.8415952413994578,0.8517832200036968,1.0,0.9705726726531458,0.9488474136553112,0.96105000745698,0.0,0.8742008342573924,0.8514568949051186,0.9619514780684475,0.975630829234873,1.0,0.8234171535006981,0.907833562193254,0.9215886329836825,0.950164690237059,0.9704933151171911,0.8102631510362137,0.945812348130667,0.8862871293819545,0.9426477572344192,0.8115109355432897,1.0,0.9066687641768447,0.9381121403895143,0.8284563141406522,0.9686086933169463,0.7796053732451252,0.8080717153975422,0.8395358401772776,0.9346210252305289,0.792473088649746,0.7420914685897066,0.7483274478223128,0.8006330510349603,0.7237997815223328,0.7722637700689965,0.9277345485163431
0.8761919650302609,0.7556271269844567,0.2618678244450784,0.417599015470057,0.7669081605683165,0.7499703313273991,0.711520970183739,0.7234006929618865,0.7710161278824197,0.6033116807590043,0.800834696402757,0.6547114581185733,0.6581413062358641,0.632071069252462,0.7470491860001792,0.8278217735948723,0.6926860531743348,0.7142949625430342,0.7829039233361993,0.791226272676746,0.7048649139909244,0.9013362474534161,0.8493040033150999,0.8530128232613202,0.8494556512374966,0.8742008342573924,0.0,0.8349669848877652,0.8300467933975285,0.8956025106180102,0.828721975442805,0.7780673986589818,0.8401970750508404,0.8096252065107429,0.8224177936486523,0.8570598934382955,0.7824473903930808,0.6945207533918134,0.688214428833575,0.7980956181547314,0.6532963566250061,0.792008084056035,0.7287671538701249,0.7961672521942327,0.6561638772611577,0.7503659031640075,0.6334874631150521,0.6969516101812189,0.7092388533582997,0.7488619389094618,0.6178540727923605,0.6789654766614301,0.6420817022996214,0.7010581161674816,0.666807018089027,0.6421810203961168,0.8176384315678628
0.7492304798426542,0.9158089845111523,0.2722573540662798,0.4588199067562435,0.8753569664766938,0.6004537200388398,0.542457619984192,0.5449592984986719,0.592219954607469,0.5680876527289509,0.6473973527794137,0.5464122333516757,0.5738880413933827,0.5190427268630415,0.5899387866385986,0.6391264501510974,0.5997974186942464,0.5643544094650261,0.6440262088120404,0.6212254242513405,0.5493604779961235,0.8053071927340938,0.7549434661692964,0.7661825205712126,0.788538848682229,0.8514568949051186,0.8349669848877652,0.0,0.7254696810019687,0.8834627586268609,0.8474755065189501,0.6578120853021784,0.7075720156198908,0.7114257823790461,0.7828288120665643,0.8206050535887651,0.594749232560836,0.6365859213395686,0.6376167675885753,0.7027814015353715,0.5707235501937618,0.7004180576825199,0.6029094497274828,0.647727899186702,0.6011415335544041,0.6415141513869617,0.5537698667722389,0.5774498472667869,0.592910021380195,0.6448748185969783,0.5506731269665159,0.5749726372012184,0.5667500001069918,0.5853109635628188,0.5236851079024222,0.5587094597595098,0.6935753638397749
0.9674465227506152,0.7391286283977742,0.34277429690812167,0.5808661047503701,0.8489099369831932,0.8280004598688743,0.7333744507652307,0.7036008121871135,0.799799999943252,0.6922781568892881,0.8961788291400533,0.6855795513961961,0.7193343922149598,0.685416330369168,0.7231192173531588,0.8474403991810645,0.7190357323369619,0.7498015767186857,0.8297204072946904,0.8544023903717716,0.7591452536266827,0.9124391781483102,0.8747970526083276,0.8702408251954411,0.7836729765956086,0.9619514780684475,0.8300467933975285,0.7254696810019687,0.0,0.8829557902745934,0.8925105188174023,0.7813248655144558,0.8662997068594721,0.7830578469721945,0.8960315348449912,0.8627398743238288,0.7447607942060105,0.7815822301149905,0.7931710572221176,0.87504984933364,0.7459933646657332,0.8390441919049005,0.7933723130060615,0.9408784045163446,0.7515329958676571,0.8249634756113011,0.742049097243411,0.7202691183385124,0.8166258865014131,0.8566278301034413,0.7809963295924414,0.750916116187832,0.7059764631291963,0.813584650904089,0.6889023575745366,0.749505382317732,0.9230820171252825
0.9342924004146118,0.7194319428126524,0.29146944993379353,0.49474474479212677,0.8106752082764709,0.7933848783733333,0.6727790517412793,0.734346136280805,0.7412095084678848,0.6276832404116941,0.7832491210131898,0.6599246787844528,0.6981772283011601,0.595044439423538,0.7305661428955912,0.8214667587374497,0.6601204708985616,0.679136931194072,0.7840817663509743,0.7681564824072067,0.704579392793633,0.9376235594633253,0.8702882291303116,0.8666358101264153,0.8547037191431677,0.975630829234873,0.8956025106180102,0.8834627586268609,0.8829557902745934,0.0,0.9069485413294378,0.869266342190834,0.8853400696864357,0.8860102492980647,0.9331991675645369,0.8853344664151367,0.8025628894093951,0.8141113438681836,0.8029002020013059,0.8873850910144089,0.7732970920931574,0.938232378334321,0.7656958312972054,0.8264751889929047,0.7013848655300869,0.8011109786669126,0.6811518214399961,0.6930005609922967,0.7138950213261841,0.8023310077653225,0.6681511611207305,0.665459697436357,0.654844025362549,0.6946830010838856,0.6326774265289871,0.6422801010908367,0.8012433235689709
1.0,0.7023353636753361,0.34903148891785635,0.6009494981437137,0.8723157146762325,0.9271894669328211,0.7841264195524046,0.7497269077850951,0.8824846303874021,0.7852820034177944,0.9742039320580438,0.7314215656192042,0.7709066008035224,0.7432010129053751,0.8067787184789231,0.9214624153564542,0.7869094381820478,0.7936492835057206,0.8655846524502787,0.8987210078009275,0.8542257019474694,1.0,0.9997998288705843,0.9411857172977941,0.8831158582687385,1.0,0.828721975442805,0.8474755065189501,0.8925105188174023,0.9069485413294378,0.0,0.8247003715144771,0.9880010194334286,0.8718498115331256,0.9185333130569487,0.9723883815558269,0.8149126630469998,0.9393645726900404,0.9284849262216057,0.9273511295491133,0.9051318210136812,1.0,0.9536501629973037,0.9439999358359868,0.8676623651519284,0.9728800509550559,0.8041470386791845,0.8011544613619246,0.8949054821570576,0.8279825566317544,0.8130918180548062,0.8143987669517393,0.8045310528383298,0.8154983757862995,0.7339006190305528,0.7853063230811207,0.9902764580283958
0.7970139535588809,0.5905343980090637,0.24229367211768316,0.38810399536728646,0.6234541465536003,0.7708372963590425,0.7135096169984032,0.7035815320440261,0.6866668565743219,0.5406406343954065,0.6930251182772889,0.5890269365123304,0.5778637985115624,0.5309064868206232,0.7323144552071152,0.7582233175287522,0.5858488306839587,0.6802511706518954,0.7194796337973192,0.7158739033492819,0.665489479877523,0.8663904581621923,0.777783432551194,0.8125016915166619,0.730840664514034,0.8234171535006981,0.7780673986589818,0.6578120853021784,0.7813248655144558,0.869266342190834,0.8247003715144771,0.0,0.9278518196408565,0.8618986546280193,0.8893840692897332,0.8311219182408154,0.8259991296966427,0.7528743424914726,0.7989620316219401,0.8634269974312301,0.7699666429176377,0.8761316394735453,0.76623481800153,0.8170009453920746,0.6607949692118665,0.7505860208243217,0.6446511676203238,0.7087492964364897,0.6681152158796096,0.7178594750876918,0.6030061667170871,0.6518297354203293,0.601086557469944,0.6276974517731699,0.645304772029649,0.5822339304865258,0.7623659212233197
0.9670427361477149,0.6351076841205139,0.2834698689749263,0.4654575024599798,0.7183693605964201,0.8254850432373428,0.7769635668671748,0.7979016776425626,0.7903495626288487,0.6845169054889032,0.8852091491136657,0.7165792420244351,0.6975853925047977,0.6585648222933402,0.8289128111656462,0.9130695957849646,0.6881407816925792,0.8486817236472864,0.8979911164966762,0.8294743208048695,0.7846290244000289,1.0,0.8951575077305624,0.984712699928228,0.8011979450662806,0.907833562193254,0.8401970750508404,0.7075720156198908,0.8662997068594721,0.8853400696864357,0.9880010194334286,0.9278518196408565,0.0,0.8830767889306229,0.961837549224669,0.9007388788024354,0.8921218209133447,0.8246841669896023,0.8480341548587785,0.9846964556010284,0.8328427952364019,1.0,0.8399932424598869,0.962963479226585,0.7522357024549041,0.89579790688631,0.7531503623965848,0.7941033681626819,0.8392965107576925,0.8362686866647054,0.6961950706512745,0.7415007595122627,0.7209778935917183,0.7585874325043651,0.7659364423236651,0.731070876793639,0.9147928412171396
0.8814400024748854,0.6181930889431461,0.2726837693265067,0.4363481538601343,0.6245198135883844,0.8469206378323194,0.7693940514192683,0.8069649631682929,0.814901998679536,0.6404406313123168,0.8157219063361695,0.7009895099191293,0.7041077198591135,0.639920065815435,0.7894833019894025,0.88756949515197,0.6952634476737988,0.8187105036014912,0.8364051483274506,0.804371141314327,0.7769213520279777,0.9035073777507683,0.9192940879062284,0.9334511579198015,0.8304322737435398,0.9215886329836825,0.8096252065107429,0.7114257823790461,0.7830578469721945,0.8860102492980647,0.8718498115331256,0.8618986546280193,0.8830767889306229,0.0,0.9993464677109438,0.823223485317556,0.9039554825824699,0.8771228753761443,0.8516683365017881,0.9639580856075756,0.826209049189638,0.9630811030918821,0.7916143215812325,0.8998216359867058,0.7747699023158103,0.8181782923397668,0.7188965291443767,0.8051512627986458,0.7236363119394322,0.8387822196110327,0.7141032651925772,0.7099279331465309,0.6986576630201112,0.761758382349649,0.7649597756740347,0.6757759187589072,0.829862797543012
0.9500983980410402,0.6537372547567697,0.282791271723517,0.47214614673635824,0.7042724093703376,0.8635646614406761,0.7867922469478189,0.8212357825207883,0.8423329941671859,0.6404615983898146,0.9266230894453903,0.6782518779594034,0.6793584665495104,0.6885769597154205,0.7907438460945231,0.9388074765675671,0.7181756513430402,0.794094594641039,0.8735076962014743,0.8435593940994915,0.8017025866053935,1.0,0.9478851966096211,0.9009133535801995,0.8798493517944824,0.950164690237059,0.8224177936486523,0.7828288120665643,0.8960315348449912,0.9331991675645369,0.9185333130569487,0.8893840692897332,0.961837549224669,0.9993464677109438,0.0,0.9282690160229584,0.9187576738122132,0.8818396647549814,0.8873574782590085,0.9432507906224536,0.8452319221230566,1.0,0.8564791605673886,0.9841261759360568,0.7858390944545176,0.8979427585596388,0.7671798132245109,0.8247197265566703,0.8215369315308817,0.8123122421320458,0.7516752427257417,0.7461366041904625,0.7074983008871453,0.7363872050779056,0.7478523256929158,0.7108417859167497,0.9294534241403016
0.9386319748613329,0.6870602615225881,0.3271392523281367,0.5288952775315477,0.8521617700169228,0.801784626207395,0.7534626165752975,0.79107397849799,0.7875618445474383,0.7347754830779244,0.8750940311816164,0.7351438809146751,0.7697824587637366,0.7428664496247593,0.8013388563804784,0.859527421419763,0.7601031172666921,0.8167273827530388,0.8861822797106899,0.8410882590798675,0.8212466146710681,0.9741271135472626,0.9548298270923061,0.8847163800949958,0.8239018593359192,0.9704933151171911,0.8570598934382955,0.8206050535887651,0.8627398743238288,0.8853344664151367,0.9723883815558269,0.8311219182408154,0.9007388788024354,0.823223485317556,0.9282690160229584,0.0,0.7756595196799525,0.8334323466393125,0.8625987562209838,0.8565395524796409,0.7800696268763909,0.9137254995211544,0.844882529445379,0.9175334522332044,0.8617473195077822,0.8751762488248973,0.7602854013350631,0.7840086269290757,0.8240895537288913,0.8472375505693313,0.7294789176907803,0.76774566325478,0.7519947037577936,0.7942414185899144,0.7331008825601325,0.7505498935353871,0.8475120159508697
