Cingulate area 2,Glomerular layer of the accessory olfactory bulb,Glomerular layer of the olfactory bulb,"Olfactory bulb, unspecified",Frontal association cortex,Cornu ammonis 3,Dentate gyrus,Cornu ammonis 2,Cornu ammonis 1,Fasciola cinereum,Subiculum,Postrhinal cortex,Presubiculum,Parasubiculum,Perirhinal area 35,Perirhinal area 36,Medial entorhinal cortex,Lateral entorhinal cortex,Primary auditory area,"Secondary auditory area, dorsal part","Secondary auditory area, ventral part","Piriform cortex, layer 1","Piriform cortex, layer 2","Piriform cortex, layer 3",Ventrolateral orbital area,Lateral orbital area,Ventral orbital area,Medial orbital area,Dorsolateral orbital area,Prelimbic area,Secondary motor area,Frontal association area 3,Primary motor area,"Agranular insular cortex, ventral area",Agranular insular cortex dorsal area,Cingulate area 1,Infralimbic area,Dysgranular insular cortex,Granular insular cortex,"Primary somatosensory area, forelimb representation","Primary somatosensory area, dysgranular zone","Primary somatosensory area, face representation",Secondary somatosensory area,"Primary somatosensory area, hindlimb representation","Agranular insular cortex, posterior area","Primary somatosensory area, barrel field",Retrosplenial dysgranular area,"Primary somatosensory area, trunk representation",Retrosplenial granular area,"Parietal association cortex, lateral area","Parietal association cortex, medial area","Parietal association cortex, posterior area",Primary visual area,"Secondary visual area, lateral part",Temporal association cortex,"Secondary visual area, medial part",Nucleus of the lateral olfactory tract
0.0,0.7879642287722299,0.35505473369452284,0.51955732662079,0.7467148939491,0.9724122451143699,0.8610175947854,0.965395005349184,0.8764331129798295,0.8547278301892326,0.8496205480157906,0.6780498368305083,0.7675493683717928,0.5722847588989001,0.8867418648289626,0.7415210749997394,0.6164375477924292,0.8135641403690081,0.9055764348740909,0.757894056858757,0.9020562652327393,0.9504684016399754,0.9472690541558171,1.0,0.9801656765783309,0.9886282037834472,0.9467626065773626,0.6773096634196885,0.9134144358763279,1.0,1.0,0.8523100837535066,0.9741950293529062,0.9814907208211484,0.957922507751829,1.0,0.9392844667348158,0.9729421344813151,0.9003846291209002,1.0,0.8940051348817109,1.0,0.8977707763724382,0.8735562973276229,0.9710468372841706,1.0,0.8751606455006705,0.9795777945348555,0.8936308064880121,0.9593495891312819,0.989047374043497,0.8849290338130705,0.8295894898346841,0.7025227604629269,0.7550053526815135,0.8415619051751624,0.7621711521536653
0.7879642287722299,0.0,0.5018203489677433,0.6987551648965957,0.8004806249601208,0.867933938279447,0.8758900304074462,0.9613798277292007,0.9158401234102169,0.938410583279505,0.7964456228477395,0.870051350525709,0.7964484518140366,0.6755699028595785,0.8555361047463478,0.8363294868336241,0.7331595093523026,0.8675179602612325,0.8646011838172093,0.85940416537484,0.8268249377421553,0.768000096792498,0.8084102154995713,0.8467096343718568,0.7290290670857256,0.7910377548710913,0.7252816250344908,0.7424592314535075,0.6839849871992916,0.7044296231646585,0.8884833314946396,0.5915654745661932,0.8239755220681605,0.7551465251984242,0.6540646489019705,0.745892828986146,0.5879263185315117,0.786026425082853,0.9148346307545048,0.7176652616004665,0.6484689836469796,0.7850294334140425,0.9452155873401992,0.7904267407364463,0.9241886550004172,0.8232772143603907,0.9511521643672634,0.7734667211899875,0.9460890597002715,0.7526057961094894,0.8221177963196257,0.7273320396814807,0.8082212104163261,0.7867975561712871,0.8277939217701025,0.916397394455294,0.6518736459352461
0.35505473369452284,0.5018203489677433,0.0,0.8196140308416247,0.5611380930282382,0.3743209383700804,0.4840319523909656,0.46041316411157823,0.47663106834456204,0.4803144409122013,0.48065443206741787,0.6860299094622673,0.5888368367112986,0.7200472210009754,0.43616376956939307,0.5067115579846558,0.6826551794271571,0.5802339641912114,0.4558167231250187,0.5453211675771772,0.42549264003874115,0.32141300851345816,0.36396438722642166,0.33730914875390855,0.3142334004215396,0.37874902387759996,0.32263661566059815,0.6787558529419161,0.31944183956900957,0.3274568772320962,0.3752658226213416,0.26948365483292924,0.3734670889493397,0.32627424525827087,0.28199007586809954,0.326471820499572,0.2614005224121374,0.36204707254825613,0.4301114570526848,0.2793553727544041,0.28567780500432643,0.3355242996087296,0.45242865706867025,0.3467600711258013,0.4051461581738525,0.37929949265733975,0.5353597860251008,0.37972570275948797,0.4871228421673508,0.3385577221338106,0.3891989204092451,0.29339102009110146,0.5427090071987907,0.6331833144344585,0.5148610638206721,0.49328957479427327,0.28465866066014167
0.51955732662079,0.6987551648965957,0.8196140308416247,0.0,0.764153747773586,0.5340381675735755,0.7047366654144089,0.6645602859699797,0.7103042189446102,0.6640462631763123,0.7012665727054785,0.8531095609024871,0.8090404978045732,0.8666472112834879,0.647559112935109,0.6853561657511569,0.9272952217704379,0.7649387856698205,0.7032781493504252,0.7335670393879934,0.6355300350626343,0.4686414097141655,0.521736022665823,0.48455034640251343,0.49269230608516473,0.5881326603569772,0.4859079848638285,0.9499217246477761,0.48838644149062604,0.4792262186021309,0.5972232215442252,0.41194502240772013,0.5470646651407032,0.4876471750649842,0.4269690629348557,0.5032506099335006,0.3983724132021776,0.5549813653778994,0.625590374213556,0.42982911720416983,0.43699949212620404,0.49887812004267656,0.654289035060468,0.48501172745075155,0.5744760709115205,0.5678019158562005,0.7647998369603248,0.5791864769432131,0.664939440350206,0.48036042682835145,0.5677753414195655,0.43923314638082595,0.7750127896311942,0.8559931774554372,0.7230776801041869,0.6974882163962616,0.39137672917700556
0.7467148939491,0.8004806249601208,0.5611380930282382,0.764153747773586,0.0,0.7459614957087155,0.8386950919940346,0.8631294776505698,0.9514771785937644,0.7852887479700237,0.9477282398123885,0.8244635417442545,0.9750242217945524,0.8610519437089673,0.8739109618636417,0.8607400614417653,0.8038244133394448,0.8764034768405549,0.9092407024089803,0.8281929847035304,0.8760887334061583,0.6686872650994766,0.7352673660036738,0.7061237598688287,0.6651930972352473,0.7425905486092303,0.7039190306763018,1.0,0.6492533292504373,0.7001065461333885,0.7973801514285883,0.599994082912985,0.741669055093027,0.651085022866538,0.6017445973712077,0.6710505849359555,0.6333413659962555,0.7185151270957784,0.8237015357153821,0.6101744014771159,0.6140580525175036,0.679245682837546,0.8486172608033039,0.6424496637013717,0.7298437718772245,0.7664312610009707,0.9094208467694178,0.8011246306523808,0.8483482803682529,0.7283554741178904,0.6995851695700157,0.7166491779649679,0.9399567340859813,0.8903374153522333,0.8113957910798034,0.8041270921101867,0.5323218968569166
0.9724122451143699,0.867933938279447,0.3743209383700804,0.5340381675735755,0.7459614957087155,0.0,0.9148454689209279,0.9575766743989097,0.9323402181126386,0.7966078572195886,0.888269288842076,0.7573293138749929,0.7461779046994372,0.641170774192,0.9842977385368379,0.851180069441332,0.676901999784031,0.8710265276514146,0.8655713017711065,0.8885120477156796,0.959348389741068,0.9258615067317575,0.9896269662312188,0.9518981372702572,0.9544618627686683,0.9689868290725796,0.9657579988403411,0.7322335051986146,0.8282589694008067,0.8317944627617274,0.9434892051050549,0.8300836748263877,0.980714969758131,0.9862324424111035,0.9009434532424049,0.9341964304092805,0.7847583971996067,0.9078797775096081,0.9615077850953895,0.9318689526987226,0.8761918194957229,0.9547234372172946,0.982150021327581,0.8393343971994625,0.9521988594974423,0.9869858730649007,0.9895091249206224,0.9019283318349279,0.908583283686342,0.9854693619344068,0.9773459362661165,0.9130315150718279,0.8347346738931998,0.7399694915546224,0.8257932627810182,0.8703549648370427,0.7766684355666448
0.8610175947854,0.8758900304074462,0.4840319523909656,0.7047366654144089,0.8386950919940346,0.9148454689209279,0.0,0.9293933987850168,0.9864217659551435,0.8859367547738213,0.9452483792499612,0.9346262143491849,0.9043884135891643,0.7867038161937074,0.9700963330122492,0.9828265530338679,0.8221557357180472,1.0,0.9460053032151109,0.9653581345581046,0.9906754946894083,0.7984560682636646,0.8278256490131374,0.8229499946234634,0.8157987976791792,0.9029193918319014,0.8235451901897757,0.8663590929343803,0.7461270015470691,0.7883934270822346,0.8957603014508622,0.7255483921845877,0.8660350895884561,0.8059441523896836,0.7230425434199598,0.8131034074416912,0.6826436646036228,0.9077059068982571,0.9320196246738816,0.7732519850538989,0.7209314465058558,0.8377031639107171,0.9971424411039844,0.7639036823104167,0.9107402796480464,0.962036744649313,1.0,0.8902693458442932,1.0,0.8635822238627319,0.9079928361542344,0.7778654326633325,0.935308148939707,0.9111795860190626,0.9096294935179369,0.9633049554831553,0.6396807019163416
0.965395005349184,0.9613798277292007,0.46041316411157823,0.6645602859699797,0.8631294776505698,0.9575766743989097,0.9293933987850168,0.0,0.9756981342296183,0.8665924758462252,0.98862071975754,0.8916458428889714,0.857487107319293,0.6912981825004739,0.9854123286667473,0.9249456527511977,0.7786849111644194,0.9916986430757208,0.9424031988771914,0.8995995810302755,0.9908294548645528,0.8589183049105932,0.9105032388316696,0.939212554843348,0.8565000066799173,0.9087273682817771,0.9073448067765184,0.7934072750375569,0.7240614420239054,0.7982952803512204,0.9308684486201364,0.6989485508214357,0.8953538577079825,0.8125976882208443,0.751388920320543,0.8543999285881575,0.7170898760831995,0.8603733445383985,0.9838747234144108,0.8052090921933012,0.774098293299254,0.9081078628019742,0.9843464593727886,0.8100321173568183,0.9646112685930465,0.9565971955448553,0.9975050305565581,0.9258228086387713,0.9878819557172956,0.8816916483445834,0.9732969201763146,0.8868378604194371,0.949365444180152,0.8205402915713393,0.8730096605055632,0.9283994761273182,0.7666353661641073
0.8764331129798295,0.9158401234102169,0.47663106834456204,0.7103042189446102,0.9514771785937644,0.9323402181126386,0.9864217659551435,0.9756981342296183,0.0,0.8275530672476311,0.9169009059183343,0.8420288962684978,0.9295708340662778,0.7707840818778119,0.9594857954050386,0.9485455933713964,0.7977038723220695,0.9754018529845905,0.9351841653327743,0.9040768356574999,0.9494702262887861,0.8246565788218597,0.8830164209078022,0.8430490328483825,0.878233933243975,0.9322161953201391,0.8590819427159608,0.847032556136311,0.7652019886243838,0.7578362500056383,0.9514847736248772,0.7637820917384067,0.909688039273227,0.8759846978139546,0.7877776517831887,0.8300836585876995,0.721624803319369,0.838261338094286,0.9870235184547791,0.7621779101125707,0.7611274685632065,0.870821851437188,0.9106921160136767,0.7989941105707024,0.9392056960024211,0.9704409982687652,0.9947885421323679,0.9849333963830547,0.9751967361762366,0.9588159066220632,0.922134586279595,0.8044295842184533,0.9236501522212912,0.8783298099857072,0.9792828879727706,0.926050992495005,0.694663680376204
0.8547278301892326,0.938410583279505,0.4803144409122013,0.6640462631763123,0.7852887479700237,0.7966078572195886,0.8859367547738213,0.8665924758462252,0.8275530672476311,0.0,0.7849855364860983,0.7923699624621546,0.8016822887643325,0.6589339196894584,0.847201066418559,0.8062512505465265,0.7160978422403386,0.9107987910963763,0.7912241059643104,0.8206139897306832,0.8124062284801861,0.7487017710876588,0.8719240409325408,0.7833447320641049,0.7866814980595364,0.8071823279811083,0.7694014847389695,0.7216220158921772,0.7032231093733179,0.8174839371022923,0.9416108938378167,0.5939869439874612,0.9171193268671592,0.7670350224991825,0.6281594525352607,0.8009171233791585,0.6006216633884571,0.9190013700122069,0.8939612989003008,0.7840682242376728,0.7069296472487638,0.8634305892521482,0.9901229473764166,0.7970379202693078,0.9025834490557322,0.9361451594227971,0.9182311529045623,0.7456370533755124,0.9029489469265517,0.7347935677968246,0.8353469750638373,0.6929129405340416,0.8482909291308038,0.7911475296562791,0.7942534446482917,0.8493704471392111,0.6037865806991491
0.8496205480157906,0.7964456228477395,0.48065443206741787,0.7012665727054785,0.9477282398123885,0.888269288842076,0.9452483792499612,0.98862071975754,0.9169009059183343,0.7849855364860983,0.0,0.8718643627498487,0.9165332785214079,0.8570719195454592,0.9694409102876759,0.9695004456295694,0.8028476937143193,0.9893890801992249,0.9330924088229422,0.9666998259896823,0.9322675704088597,0.7694258180883797,0.8409123717459454,0.8274290715691403,0.8141748534581107,0.8390399893133222,0.8187823029709527,0.8295419765716604,0.7286100072807151,0.7773985797831574,0.8232474090084477,0.7149911438356263,0.8234018320185291,0.8017066412416837,0.7430839460190883,0.8052881625432342,0.7167698848441396,0.8077838599471177,0.9063536769634878,0.7340475778289245,0.7500642029210229,0.7814286873531066,0.9082797149785214,0.7561230270763176,0.8461670282199567,0.9404975283784175,0.9565119549750486,0.9258791335221237,0.9268196623398931,0.9437981102696557,0.899704269259839,0.7719589062049889,0.9984527172296473,0.9452422877558901,0.8819302979184569,0.9360180896244416,0.6488642071273855
0.6780498368305083,0.870051350525709,0.6860299094622673,0.8531095609024871,0.8244635417442545,0.7573293138749929,0.9346262143491849,0.8916458428889714,0.8420288962684978,0.7923699624621546,0.8718643627498487,0.0,0.8345716712856176,0.9786926644496035,0.8894782338253221,0.9444555335937639,1.0,1.0,0.8613356617600132,0.9504673995425096,0.8604515457629931,0.639846984092093,0.7323631388662245,0.6923166167047422,0.6281362603439675,0.7087281418299255,0.6724048767431141,0.9201384442940608,0.5629128949395064,0.5802849338099951,0.7224523333170358,0.5087696404491047,0.7142048989054213,0.628544134474909,0.551899840386988,0.6310145710716324,0.4981737007357104,0.6800948701990667,0.8140674908386589,0.565890654887754,0.5774585498823159,0.6365804653043461,0.9065221372901464,0.6530720273062289,0.8684383783454187,0.7982611338215263,1.0,0.7304918394570084,0.9336603738688323,0.7052656207522422,0.8279290069049763,0.5929171066491903,0.9168378479551385,0.9715287188664993,0.9917826303541897,0.9732540273784196,0.6136912282840982
0.7675493683717928,0.7964484518140366,0.5888368367112986,0.8090404978045732,0.9750242217945524,0.7461779046994372,0.9043884135891643,0.857487107319293,0.9295708340662778,0.8016822887643325,0.9165332785214079,0.8345716712856176,0.0,0.8905625966462877,0.8507080488529626,0.871327477504432,0.8469649273713729,0.982852499961842,0.844385703334858,0.9230368236846872,0.8522513062238679,0.6362302017435755,0.7218729354532043,0.7067803111157117,0.7796621441007251,0.829628913755134,0.7118599649865553,0.9224492812866746,0.6811917700312485,0.7193556857580081,0.8106687784787426,0.6416840568156063,0.7524182409931317,0.6817129752583604,0.6407439993387726,0.7267273912986464,0.6407041493679748,0.7657522523632333,0.7709763107951653,0.6167279387179121,0.6279912513673985,0.6939722776965704,0.8322044029626844,0.6211625893598556,0.7321027114391293,0.8032058713767475,0.9074398883352234,0.8444518681945502,0.8534787798202079,0.7330633666018853,0.6980615867348132,0.6392644713646075,0.9396578506925567,0.9212755113346359,0.8666200285947844,0.8044841628261353,0.5334432242194526
0.5722847588989001,0.6755699028595785,0.7200472210009754,0.8666472112834879,0.8610519437089673,0.641170774192,0.7867038161937074,0.6912981825004739,0.7707840818778119,0.6589339196894584,0.8570719195454592,0.9786926644496035,0.8905625966462877,0.0,0.760814028038487,0.7883387580441228,0.9629497690965025,0.9099119507101217,0.77744936587533,0.8337385476666462,0.7474131964986519,0.5314031736754571,0.5984763010294027,0.5542189717477899,0.534830206978008,0.6158631782153124,0.5499356963812088,0.9548925957825182,0.5065927632250791,0.5254784443967795,0.6102370299997699,0.46095664654968843,0.5851552524382122,0.525542931870394,0.4916095993716793,0.5282375060011294,0.45724173381903144,0.5907891200864349,0.678875889464079,0.4678403250316005,0.4735769216141674,0.49839837897242767,0.6620030736125302,0.531946954968222,0.5958326069736549,0.6202264757650554,0.8475227283544636,0.6780667016630844,0.7749654242702277,0.5944912689889115,0.6021480961676244,0.5258495228295296,0.9234779341925766,0.8959950717754039,0.8699803691776206,0.7607867702976973,0.4664664457965951
0.8867418648289626,0.8555361047463478,0.43616376956939307,0.647559112935109,0.8739109618636417,0.9842977385368379,0.9700963330122492,0.9854123286667473,0.9594857954050386,0.847201066418559,0.9694409102876759,0.8894782338253221,0.8507080488529626,0.760814028038487,0.0,0.9245742395498471,0.7662082118501806,0.959560594701148,0.9257132656280567,0.9428275838483763,1.0,0.8661016126816155,0.9341949594752581,0.8785460126807751,0.8572047058660184,0.8966871865146633,0.8440152924386821,0.7876468844222604,0.7653574757225727,0.8080746394801119,0.9648599984716618,0.7559000949913661,0.921005955395098,0.8643162587343568,0.7948199834608858,0.8751853807383004,0.7646736838713096,0.8271724990098931,0.8748293585894261,0.7822356100285688,0.8054500259624428,0.8247947903090459,0.8950925222462148,0.8296118493901846,0.9052021740566225,0.9838994453895871,0.9799623746833889,0.9141018953167229,0.9531518449992245,0.9502419238311224,0.9075464307024383,0.834536144817691,0.9226043532781167,0.8641298666886446,0.9120026936014232,0.9517602181256521,0.7128290279602263
0.7415210749997394,0.8363294868336241,0.5067115579846558,0.6853561657511569,0.8607400614417653,0.851180069441332,0.9828265530338679,0.9249456527511977,0.9485455933713964,0.8062512505465265,0.9695004456295694,0.9444555335937639,0.871327477504432,0.7883387580441228,0.9245742395498471,0.0,0.8851754062469881,0.995683061768961,0.9188946056894358,0.9443927630207719,0.9973855665419817,0.7440817166920078,0.8249623038944273,0.7875917742773216,0.7754523417678268,0.8303296030551136,0.8166101655681642,0.8625553953496088,0.6336755592070737,0.6481392151838232,0.804929124084409,0.613887216501006,0.741900613335374,0.7839510338158868,0.6574260264540533,0.7535779247021335,0.6427331063585692,0.8067371558193677,0.8558338521631979,0.6584246576823419,0.7150926765430051,0.7512150722016482,0.8813803987657159,0.7625316567003765,0.8388930440080473,0.8803696438190607,1.0,0.8464052443642766,0.9646953514594893,0.892053297443018,0.9165993566244655,0.7631455718449974,0.9523875547975036,0.8871889702751943,0.9656856945357469,0.9957724385027471,0.6925429870706932
0.6164375477924292,0.7331595093523026,0.6826551794271571,0.9272952217704379,0.8038244133394448,0.676901999784031,0.8221557357180472,0.7786849111644194,0.7977038723220695,0.7160978422403386,0.8028476937143193,1.0,0.8469649273713729,0.9629497690965025,0.7662082118501806,0.8851754062469881,0.0,0.9651307411716388,0.7893931819661013,0.867304932726524,0.7940859694774858,0.5842935739021693,0.6252678201203196,0.5801502661340506,0.5979489657360453,0.6855116209864409,0.6116018267338469,0.8778583268001957,0.5328537995945425,0.5550110359556616,0.6530093763442982,0.49906486720910065,0.6450818520770701,0.6014836541566497,0.5190732166652383,0.5728040753391183,0.46941207929985973,0.6181891655265901,0.7157685534246191,0.5157047744142055,0.5285012478843589,0.5999845397655841,0.7230915328149438,0.6144932556507278,0.6882851745982285,0.6838825924967586,0.8905400428774867,0.7105166737958818,0.8338791764724962,0.657537596446411,0.7132933311654187,0.5369212102802792,0.8552828054453843,0.9720311218245032,0.9222405503784528,0.8838832031933724,0.520659908442383
0.8135641403690081,0.8675179602612325,0.5802339641912114,0.7649387856698205,0.8764034768405549,0.8710265276514146,1.0,0.9916986430757208,0.9754018529845905,0.9107987910963763,0.9893890801992249,1.0,0.982852499961842,0.9099119507101217,0.959560594701148,0.995683061768961,0.9651307411716388,0.0,0.9766088183590981,1.0,1.0,0.8034113425562385,0.8231986036862837,0.8352285955710013,0.7984952682892671,0.8714310323851358,0.8163375393644914,0.909598812382048,0.7177744596349104,0.6853365372232401,0.8482346581161103,0.6880674286444022,0.8548197806276285,0.7723583579274583,0.6908432684128906,0.7798967608384021,0.6420484008886072,0.8260715539720851,0.9338160029421506,0.6865447502300863,0.7255537212160731,0.7664692997965222,0.9378057284962676,0.780139823999465,0.953109837099015,0.9160348245644891,1.0,0.9494406281578238,1.0,0.8589195806147891,0.9552767026597492,0.7494863841148194,0.9851682667678057,0.9577158952903219,0.9695416541678441,0.9978764787283204,0.6813827369822127
0.9055764348740909,0.8646011838172093,0.4558167231250187,0.7032781493504252,0.9092407024089803,0.8655713017711065,0.9460053032151109,0.9424031988771914,0.9351841653327743,0.7912241059643104,0.9330924088229422,0.8613356617600132,0.844385703334858,0.77744936587533,0.9257132656280567,0.9188946056894358,0.7893931819661013,0.9766088183590981,0.0,0.9617613296474705,0.9355581873826284,0.7808658125455162,0.9141996292556155,0.8740213613426819,0.7950952569317854,0.8810409320833477,0.8154725284773713,0.8731029144994211,0.7008559444670481,0.7452689350450558,0.8306119477121279,0.6739113781242574,0.8527525388335213,0.7788070505132465,0.7280380870024158,0.8686036851825883,0.72904447800533,0.7676846128965656,0.846601540636847,0.7600394727328209,0.7575979611046043,0.7878086874875698,0.8680777026207,0.7522722695231493,0.8481339448870773,0.8973312446833,0.9796552940587041,0.9320132438121871,0.9615103209736204,0.9082418041893592,0.8025002399875643,0.7936365828513994,0.9108196137415328,0.8540669467821533,0.8766737714771632,0.9435691021336784,0.686596604430362
0.757894056858757,0.85940416537484,0.5453211675771772,0.7335670393879934,0.8281929847035304,0.8885120477156796,0.9653581345581046,0.8995995810302755,0.9040768356574999,0.8206139897306832,0.9666998259896823,0.9504673995425096,0.9230368236846872,0.8337385476666462,0.9428275838483763,0.9443927630207719,0.867304932726524,1.0,0.9617613296474705,0.0,0.9694867196544382,0.7382385790168438,0.7700132205968793,0.7784887478232415,0.8037008812793766,0.8681558650165895,0.7626613441457066,0.867447039996056,0.6977368245343418,0.7338210340961253,0.7961790906899052,0.6426482009154549,0.8489390514276707,0.7577512435986334,0.6912267079845272,0.758454419904031,0.6249279505845438,0.7714533548098201,0.8584815098372951,0.6730661273084628,0.6771428424071378,0.7770459486930242,0.9352641034647787,0.7687476160322196,0.8263797386107357,0.8451674020068035,0.9686232584750686,0.8910944658498513,0.9477501670098106,0.7750729610854429,0.8472946974208277,0.7177827522593165,0.9809899048362578,0.9979525695691078,0.9021430238322725,0.8926441829986533,0.6588361007509427
0.9020562652327393,0.8268249377421553,0.42549264003874115,0.6355300350626343,0.8760887334061583,0.959348389741068,0.9906754946894083,0.9908294548645528,0.9494702262887861,0.8124062284801861,0.9322675704088597,0.8604515457629931,0.8522513062238679,0.7474131964986519,1.0,0.9973855665419817,0.7940859694774858,1.0,0.9355581873826284,0.9694867196544382,0.0,0.8892327722337197,0.9046986911963878,0.9187892217752393,0.8724562676487789,0.9078327376853987,0.9140595155474054,0.7770371698200433,0.7520808115691041,0.7922965390521157,0.8991882765775381,0.7195635250250894,0.9543957575773265,0.870475993959759,0.7865973897860652,0.8823164275913578,0.779741709598101,0.840561249938547,0.915930273442425,0.7896730614977258,0.8189193218353086,0.8659148711873907,0.8877814653691407,0.8193947758844288,0.8708746178100634,0.9757768902453124,0.9890941415933774,0.9172061604831586,1.0,0.99903559573247,0.982528043887642,0.8719639685459079,0.9033580772896666,0.8733856552158776,0.8854187133874999,0.9757561125653216,0.7535596064236862
0.9504684016399754,0.768000096792498,0.32141300851345816,0.4686414097141655,0.6686872650994766,0.9258615067317575,0.7984560682636646,0.8589183049105932,0.8246565788218597,0.7487017710876588,0.7694258180883797,0.639846984092093,0.6362302017435755,0.5314031736754571,0.8661016126816155,0.7440817166920078,0.5842935739021693,0.8034113425562385,0.7808658125455162,0.7382385790168438,0.8892327722337197,0.0,0.9469341842795146,0.9568837388800808,0.9343447590434566,0.8642280970578856,0.8889932056216057,0.5746546884252579,0.8428719293161255,0.8302469420471006,0.9454909590572669,0.7714208526680385,0.9447636282300165,0.9213454764603606,0.8513736227421318,0.9126099539263514,0.7870328260457413,0.8580495742005716,0.9102774240844893,0.947787269218818,0.9314611587817776,0.8635430090704025,0.8526951271748997,0.8433095593792881,0.8945775095731737,0.9561733229229153,0.8458377232576253,0.8068000407101046,0.8352007540578177,0.9518403410688582,0.9614264570747512,0.8728731404126453,0.7604076271071434,0.6400576820186273,0.7120788569615368,0.8083548283700868,0.7771938068440912
0.9472690541558171,0.8084102154995713,0.36396438722642166,0.521736022665823,0.7352673660036738,0.9896269662312188,0.8278256490131374,0.9105032388316696,0.8830164209078022,0.8719240409325408,0.8409123717459454,0.7323631388662245,0.7218729354532043,0.5984763010294027,0.9341949594752581,0.8249623038944273,0.6252678201203196,0.8231986036862837,0.9141996292556155,0.7700132205968793,0.9046986911963878,0.9469341842795146,0.0,0.9981969022819551,1.0,0.9198439868590079,0.9620017302369446,0.634251466228425,0.778620643598014,0.828722055198926,0.9234688966884582,0.7680875611922786,0.943524043994169,0.9113707030084166,0.8570563449186228,0.9231006315889084,0.8737834667742062,0.9770436873637556,0.9477633949329692,0.9179885845913532,0.9058205872654752,0.9639763598715627,0.8464566315071518,0.9026066485256858,0.9136432010607158,1.0,0.9215201178149738,0.8896362179153539,0.8735378184808409,0.9568110465996518,0.9747824497281856,0.8873862450812621,0.8041789561544422,0.7435741650156947,0.8016361794146795,0.8743770727594247,0.8767567620120785
1.0,0.8467096343718568,0.33730914875390855,0.48455034640251343,0.7061237598688287,0.9518981372702572,0.8229499946234634,0.939212554843348,0.8430490328483825,0.7833447320641049,0.8274290715691403,0.6923166167047422,0.7067803111157117,0.5542189717477899,0.8785460126807751,0.7875917742773216,0.5801502661340506,0.8352285955710013,0.8740213613426819,0.7784887478232415,0.9187892217752393,0.9568837388800808,0.9981969022819551,0.0,1.0,0.937830175082346,0.9841709386663624,0.6052710491388998,0.8594930214810006,0.8794528681590978,1.0,0.8134540154317523,0.9702428951877841,1.0,0.8706644477262494,0.9663295417075973,0.8098501011068661,0.974593719814415,0.971051814110893,0.9723889311250553,0.9594138575978906,1.0,0.8943007762511621,0.9354759039332735,0.9594548117913603,1.0,0.8717291204689044,0.9484996412040052,0.8977993315385616,0.9838350594432369,0.98404342778413,0.9615390483838818,0.8041114135247804,0.6805894608584001,0.7240445905277636,0.8384154948264426,0.860344954322061
0.9801656765783309,0.7290290670857256,0.3142334004215396,0.49269230608516473,0.6651930972352473,0.9544618627686683,0.8157987976791792,0.8565000066799173,0.878233933243975,0.7866814980595364,0.8141748534581107,0.6281362603439675,0.7796621441007251,0.534830206978008,0.8572047058660184,0.7754523417678268,0.5979489657360453,0.7984952682892671,0.7950952569317854,0.8037008812793766,0.8724562676487789,0.9343447590434566,1.0,1.0,0.0,0.9507404004415607,0.9609384481291359,0.6055496009147464,0.8817899939503744,0.9510639454173235,0.9634146206515392,0.8232977888572656,0.9439211295779802,0.9872920845121584,0.933510549933327,1.0,0.9127772191168579,0.9634928506968106,0.8714702032827146,0.9937649345803505,0.9868698284068765,0.9849732223669666,0.8958873399884445,0.9097638269597502,0.9155021816445511,1.0,0.847846608542538,0.8813751738458984,0.8482451455025902,0.9869081064912177,0.9639583574523837,0.9168010342285213,0.7602436188656969,0.673249173123338,0.7506745251172853,0.7998554794464506,0.8077223829240326
0.9886282037834472,0.7910377548710913,0.37874902387759996,0.5881326603569772,0.7425905486092303,0.9689868290725796,0.9029193918319014,0.9087273682817771,0.9322161953201391,0.8071823279811083,0.8390399893133222,0.7087281418299255,0.829628913755134,0.6158631782153124,0.8966871865146633,0.8303296030551136,0.6855116209864409,0.8714310323851358,0.8810409320833477,0.8681558650165895,0.9078327376853987,0.8642280970578856,0.9198439868590079,0.937830175082346,0.9507404004415607,0.0,0.9067420014182447,0.6715272137200357,0.8364600694189335,0.8065958241383996,0.977041853404852,0.7893736921178353,0.9260374832751316,0.9186385470483435,0.8484678292584743,0.9487123530670558,0.8239173770951447,0.9381177114471951,0.9246136569949531,0.9458374510563616,0.8409170493704513,0.9310072808942628,0.9513694308033908,0.9257106745427678,0.8772659649732494,0.9921770858237151,0.9837852702771992,0.8653639312991831,0.94201460726193,0.9039188939820081,1.0,0.8392338006758191,0.8523902341929788,0.711171531694899,0.8414805622111143,0.8915457212086999,0.7756622973942786
0.9467626065773626,0.7252816250344908,0.32263661566059815,0.4859079848638285,0.7039190306763018,0.9657579988403411,0.8235451901897757,0.9073448067765184,0.8590819427159608,0.7694014847389695,0.8187823029709527,0.6724048767431141,0.7118599649865553,0.5499356963812088,0.8440152924386821,0.8166101655681642,0.6116018267338469,0.8163375393644914,0.8154725284773713,0.7626613441457066,0.9140595155474054,0.8889932056216057,0.9620017302369446,0.9841709386663624,0.9609384481291359,0.9067420014182447,0.0,0.6056579389741641,0.7761451519287712,0.8744851566766662,0.9179071221403774,0.8397049885735881,0.9253636748159194,0.9333568984685383,0.8635133612606942,0.9855701489570466,0.9084388529714982,0.9391670369846048,0.8726447951226743,0.9329382703160384,0.914075290886689,0.9371463317786769,0.8583141510158783,0.8280103255746734,0.8782666871387119,0.9946497435786474,0.8856598800162565,0.8958265363410496,0.9063565540275939,0.9805235944284263,0.8956821452093842,0.9679293123668672,0.7750835195424977,0.6730434036052928,0.7407030070283155,0.8362085673831138,0.8442958497942418
0.6773096634196885,0.7424592314535075,0.6787558529419161,0.9499217246477761,1.0,0.7322335051986146,0.8663590929343803,0.7934072750375569,0.847032556136311,0.7216220158921772,0.8295419765716604,0.9201384442940608,0.9224492812866746,0.9548925957825182,0.7876468844222604,0.8625553953496088,0.8778583268001957,0.909598812382048,0.8731029144994211,0.867447039996056,0.7770371698200433,0.5746546884252579,0.634251466228425,0.6052710491388998,0.6055496009147464,0.6715272137200357,0.6056579389741641,0.0,0.5773954088783804,0.6057791531134198,0.6887560002133888,0.5526643634555956,0.6846098527754354,0.5825757062156075,0.561813807134738,0.6446508002006786,0.5475224170345037,0.6614551274149097,0.7295445504116339,0.5184419986012989,0.5289606315452237,0.6164239633486571,0.7517030968931124,0.5681484895697231,0.6646716523052071,0.7058844459834624,0.8644383295591014,0.78271550324792,0.7995999180328566,0.6603503186574694,0.6460545196392369,0.5778867926730641,1.0,0.9711330276853724,0.8287730484091785,0.7689345320909743,0.46948045739563277
0.9134144358763279,0.6839849871992916,0.31944183956900957,0.48838644149062604,0.6492533292504373,0.8282589694008067,0.7461270015470691,0.7240614420239054,0.7652019886243838,0.7032231093733179,0.7286100072807151,0.5629128949395064,0.6811917700312485,0.5065927632250791,0.7653574757225727,0.6336755592070737,0.5328537995945425,0.7177744596349104,0.7008559444670481,0.6977368245343418,0.7520808115691041,0.8428719293161255,0.778620643598014,0.8594930214810006,0.8817899939503744,0.8364600694189335,0.7761451519287712,0.5773954088783804,0.0,0.8864802745771054,0.9642175935130676,0.8342696592624412,0.8573076197612063,0.8418992423328562,0.9027381217755364,0.9065559183152893,0.8041966072643663,0.9101460791407133,0.7823225760979271,0.9981588536793955,0.8497667826570463,0.9409171602603772,0.7737721351460672,0.7317373208378297,0.7915492829011218,0.8702833747310086,0.7561546490721502,0.8356321873898112,0.7386505690248039,0.723646538125569,0.8267196622303584,0.7244164392145134,0.750805439814072,0.622739500916982,0.6657364232174665,0.6858860510663344,0.616379888572366
1.0,0.7044296231646585,0.3274568772320962,0.4792262186021309,0.7001065461333885,0.8317944627617274,0.7883934270822346,0.7982952803512204,0.7578362500056383,0.8174839371022923,0.7773985797831574,0.5802849338099951,0.7193556857580081,0.5254784443967795,0.8080746394801119,0.6481392151838232,0.5550110359556616,0.6853365372232401,0.7452689350450558,0.7338210340961253,0.7922965390521157,0.8302469420471006,0.828722055198926,0.8794528681590978,0.9510639454173235,0.8065958241383996,0.8744851566766662,0.6057791531134198,0.8864802745771054,0.0,0.9372936994061387,0.8708383847803989,0.868151727433245,0.8479087474602242,0.8306288814437102,1.0,0.8824583969850718,0.9205793290886941,0.8665505606027917,0.9560651608222747,0.8084084998417927,0.9506892904822433,0.8360734504511571,0.7601938307672208,0.810677286142943,0.8794648399332704,0.7356491070345147,0.863236346588544,0.779746728443992,0.7789327198902632,0.8114536941457252,0.8010121699663578,0.7598067936705076,0.6300228201964786,0.6464262835952846,0.6966676683490689,0.6427621933273228
1.0,0.8884833314946396,0.3752658226213416,0.5972232215442252,0.7973801514285883,0.9434892051050549,0.8957603014508622,0.9308684486201364,0.9514847736248772,0.9416108938378167,0.8232474090084477,0.7224523333170358,0.8106687784787426,0.6102370299997699,0.9648599984716618,0.804929124084409,0.6530093763442982,0.8482346581161103,0.8306119477121279,0.7961790906899052,0.8991882765775381,0.9454909590572669,0.9234688966884582,1.0,0.9634146206515392,0.977041853404852,0.9179071221403774,0.6887560002133888,0.9642175935130676,0.9372936994061387,0.0,0.8172304740193069,0.9775044134643693,0.9495962261129228,0.89938425181659,0.9850099895644677,0.8684443662293723,1.0,0.9840456824678804,0.9881556597558198,0.8851776398653077,0.9862516711190342,0.9755172458498529,0.8456983943899016,0.9504135177994247,0.975910259631469,0.9197190369815575,0.937280124908586,0.8996524805245611,0.8626234335590839,0.9152803810813678,0.8292907202457929,0.8780427940797402,0.7417379368682966,0.7690401865040708,0.845124967470791,0.7660345857127208
0.8523100837535066,0.5915654745661932,0.26948365483292924,0.41194502240772013,0.599994082912985,0.8300836748263877,0.7255483921845877,0.6989485508214357,0.7637820917384067,0.5939869439874612,0.7149911438356263,0.5087696404491047,0.6416840568156063,0.46095664654968843,0.7559000949913661,0.613887216501006,0.49906486720910065,0.6880674286444022,0.6739113781242574,0.6426482009154549,0.7195635250250894,0.7714208526680385,0.7680875611922786,0.8134540154317523,0.8232977888572656,0.7893736921178353,0.8397049885735881,0.5526643634555956,0.8342696592624412,0.8708383847803989,0.8172304740193069,0.0,0.8377652336292499,0.8022576827792685,0.8970358130596416,0.8941892975194563,0.8168239055465655,0.7875000352323278,0.743076306612057,0.870387488911962,0.8762465460437405,0.8860362901442782,0.7370758026686571,0.7408732435332741,0.7378934386888836,0.8441851322390092,0.6833693558222501,0.8705395710131955,0.7056450060592179,0.7881820943753409,0.781172672410328,0.7658197393174878,0.6879445438830178,0.5879811666448334,0.6088807085092929,0.6857365655696703,0.6019206779762376
0.9741950293529062,0.8239755220681605,0.3734670889493397,0.5470646651407032,0.741669055093027,0.980714969758131,0.8660350895884561,0.8953538577079825,0.909688039273227,0.9171193268671592,0.8234018320185291,0.7142048989054213,0.7524182409931317,0.5851552524382122,0.921005955395098,0.741900613335374,0.6450818520770701,0.8548197806276285,0.8527525388335213,0.8489390514276707,0.9543957575773265,0.9447636282300165,0.943524043994169,0.9702428951877841,0.9439211295779802,0.9260374832751316,0.9253636748159194,0.6846098527754354,0.8573076197612063,0.868151727433245,0.9775044134643693,0.8377652336292499,0.0,0.8696420030119366,0.8863522121328672,0.9708893404347472,0.7984004652608983,0.9194301916992953,0.9849998955023734,0.9663243457202717,0.9490196733173996,0.9867011427542997,0.9290494431988362,0.9005729015937002,0.9704591923602934,1.0,0.882808551844464,1.0,0.8993306329582391,0.9079760824914401,0.9635062052971944,0.8611664172870781,0.8472050175455285,0.7214666010650621,0.7567405782606911,0.8531488125364031,0.7826985084044217
0.9814907208211484,0.7551465251984242,0.32627424525827087,0.4876471750649842,0.651085022866538,0.9862324424111035,0.8059441523896836,0.8125976882208443,0.8759846978139546,0.7670350224991825,0.8017066412416837,0.628544134474909,0.6817129752583604,0.525542931870394,0.8643162587343568,0.7839510338158868,0.6014836541566497,0.7723583579274583,0.7788070505132465,0.7577512435986334,0.870475993959759,0.9213454764603606,0.9113707030084166,1.0,0.9872920845121584,0.9186385470483435,0.9333568984685383,0.5825757062156075,0.8418992423328562,0.8479087474602242,0.9495962261129228,0.8022576827792685,0.8696420030119366,0.0,0.8666164032993213,0.9753479861273316,0.8284963273900904,0.9332278033606897,0.8742308778893105,0.9807434130213925,0.9152894854608113,0.9908065477664653,0.8820678534548134,0.8451324225682065,0.9250167432575274,0.9190629387967593,0.83942104716403,0.8838179785025669,0.8829436208588226,0.9487978733975344,0.9600143810706764,0.834188518488376,0.7668261998426686,0.6376313995269062,0.7624168089959241,0.8353780838521384,0.7903371803106065
0.957922507751829,0.6540646489019705,0.28199007586809954,0.4269690629348557,0.6017445973712077,0.9009434532424049,0.7230425434199598,0.751388920320543,0.7877776517831887,0.6281594525352607,0.7430839460190883,0.551899840386988,0.6407439993387726,0.4916095993716793,0.7948199834608858,0.6574260264540533,0.5190732166652383,0.6908432684128906,0.7280380870024158,0.6912267079845272,0.7865973897860652,0.8513736227421318,0.8570563449186228,0.8706644477262494,0.933510549933327,0.8484678292584743,0.8635133612606942,0.561813807134738,0.9027381217755364,0.8306288814437102,0.89938425181659,0.8970358130596416,0.8863522121328672,0.8666164032993213,0.0,0.9981031141630209,0.8746944322752139,0.9173958621578108,0.852469952165146,0.9454955276283066,0.9207902902992713,0.9167108326964829,0.7769473949538731,0.8456601737651355,0.8284084158038665,0.9440806169359155,0.7580924863916911,0.8334839095123652,0.7377987109318369,0.8266857483774511,0.8836591838511816,0.7612944330985477,0.694468316248668,0.602053172423233,0.677518952618965,0.7273256290619876,0.7093750835207436
1.0,0.745892828986146,0.326471820499572,0.5032506099335006,0.6710505849359555,0.9341964304092805,0.8131034074416912,0.8543999285881575,0.8300836585876995,0.8009171233791585,0.8052881625432342,0.6310145710716324,0.7267273912986464,0.5282375060011294,0.8751853807383004,0.7535779247021335,0.5728040753391183,0.7798967608384021,0.8686036851825883,0.758454419904031,0.8823164275913578,0.9126099539263514,0.9231006315889084,0.9663295417075973,1.0,0.9487123530670558,0.9855701489570466,0.6446508002006786,0.9065559183152893,1.0,0.9850099895644677,0.8941892975194563,0.9708893404347472,0.9753479861273316,0.9981031141630209,0.0,0.9770010912207417,0.9383310072020422,0.8777173588778231,1.0,0.9508442357609586,0.958721237803612,0.9280388829302841,0.8370821008689989,0.8956721500508567,1.0,0.8424634929585639,0.9686343469105045,0.8163772571037524,0.8985463706304734,0.8371429424628691,0.839177814040992,0.7574468864840481,0.6622114820555781,0.7268233061637008,0.7510294264381508,0.7352305423033472
