Cingulate area 2,Glomerular layer of the accessory olfactory bulb,Glomerular layer of the olfactory bulb,"Olfactory bulb, unspecified",Frontal association cortex,Cornu ammonis 3,Dentate gyrus,Cornu ammonis 2,Cornu ammonis 1,Fasciola cinereum,Subiculum,Postrhinal cortex,Presubiculum,Parasubiculum,Perirhinal area 35,Perirhinal area 36,Medial entorhinal cortex,Lateral entorhinal cortex,Primary auditory area,"Secondary auditory area, dorsal part","Secondary auditory area, ventral part","Piriform cortex, layer 1","Piriform cortex, layer 2","Piriform cortex, layer 3",Ventrolateral orbital area,Lateral orbital area,Ventral orbital area,Medial orbital area,Dorsolateral orbital area,Prelimbic area,Secondary motor area,Frontal association area 3,Primary motor area,"Agranular insular cortex, ventral area",Agranular insular cortex dorsal area,Cingulate area 1,Infralimbic area,Dysgranular insular cortex,Granular insular cortex,"Primary somatosensory area, forelimb representation","Primary somatosensory area, dysgranular zone","Primary somatosensory area, face representation",Secondary somatosensory area,"Primary somatosensory area, hindlimb representation","Agranular insular cortex, posterior area","Primary somatosensory area, barrel field",Retrosplenial dysgranular area,"Primary somatosensory area, trunk representation",Retrosplenial granular area,"Parietal association cortex, lateral area","Parietal association cortex, medial area","Parietal association cortex, posterior area",Primary visual area,"Secondary visual area, lateral part",Temporal association cortex,"Secondary visual area, medial part",Nucleus of the lateral olfactory tract
0.0,0.9480537118778797,0.44906066983557386,0.668386062601699,0.7314207470088988,0.6830292318416628,0.644609889592083,0.67476192694387,0.6525499667771691,0.5729870298978537,0.6738386753236313,0.7441013484773077,0.6531432463442816,0.6617936327001297,0.8072846235880963,0.6996209218651172,0.7795014618086479,0.778079901484762,0.7043847498076338,0.7120121513448212,0.7423850252354067,0.8351535747713316,0.9130226489292345,0.946633177224672,0.9646769076550985,0.8105285493666151,0.9775909832271352,1.0,0.6964332347367784,0.9890851334418189,0.8807776655803459,0.718533754657703,0.9353846017253219,0.8706816553271874,0.7046409214971437,0.9251688263090909,0.992731132860217,0.7011657012295203,0.7339414051640791,0.9451963962297202,0.9481463029913939,0.8825433849803839,0.7508962703995201,0.864265589013599,0.7703655376912831,0.8716698331923328,0.800521087976146,0.6207958615562195,0.808283514435729,0.47472616117037186,0.5075374521992505,0.7863123202653189,0.7150608741374496,0.6439318343240392,0.7337903259311835,0.7037112252071794,0.9616781928336556
0.9480537118778797,0.0,0.48719411254803335,0.693657564787503,0.7040552550378645,0.7011148366942267,0.6542732479979011,0.7155150307889533,0.6440533362584179,0.5942114828042504,0.7033954245307665,0.7956522384483252,0.6521452407312129,0.6709904863999141,0.8696299987017764,0.7097342659774886,0.8142570356084443,0.8006130210415703,0.6759120687909144,0.6960899577690828,0.7515407919347002,0.9584836922931497,0.9868968287544835,0.9652148952858594,0.9462634910492568,0.8479568423492573,0.9475910526556042,1.0,0.7336902732347833,0.9879774103403175,0.919740955069807,0.7886102406692678,0.9736279039187672,0.8976051887667715,0.7478799576117919,0.8966138821399174,0.9646046948546643,0.7547529619700664,0.7376575888705581,0.9427531987640967,0.8913877621426473,0.8547426498926286,0.8018551967869927,0.912932803290829,0.8081417013157145,0.8761470912429933,0.7631365136568788,0.659474527620006,0.8183121085027715,0.4968089954298937,0.5184271182184287,0.7803918315883622,0.7817033826188605,0.6584200735138316,0.7415513354830359,0.7519709068808796,0.8875653333755487
0.44906066983557386,0.48719411254803335,0.0,0.8820317303997928,0.751905011757945,0.6481252666959585,0.6738073793071515,0.6148546459276066,0.624725061225902,0.6562141476984206,0.6741520086879031,0.6270112916006452,0.5473069374112887,0.6268803943826463,0.6127152969246289,0.699451631879026,0.629940027380539,0.6411075198872277,0.7274826578199901,0.6240227072382193,0.6627151298781461,0.6353777413079161,0.5698943703272094,0.6165024337241882,0.503820486009796,0.7264445938291194,0.4468625315777266,0.4639495537155989,0.7584172334258833,0.49039792474106014,0.6451382543939206,0.716802339987024,0.527971971567201,0.5722536856217489,0.6409536652227348,0.4460579515570977,0.4781135400011845,0.6590996797724689,0.8156296998959759,0.5082377221256281,0.4641163323451726,0.6299347324913315,0.7213872165953017,0.5347501309940309,0.6823433535723956,0.6904871543971985,0.5944704910775215,0.6337320535674035,0.6249819923889255,0.6930276311473341,0.5062655087856788,0.47209173541727595,0.6290559781331583,0.7850069168922175,0.6688205996114187,0.6003158887201712,0.33119745525968136
0.668386062601699,0.693657564787503,0.8820317303997928,0.0,0.8415684082946401,0.7309893742376372,0.7115763230169798,0.6626223043006029,0.6744887164916183,0.6651124119401568,0.6726565884407529,0.7286179649089279,0.6071771858208698,0.7302015300849114,0.8319777466316842,0.7702417866595427,0.7396455730351144,0.7058315725359173,0.7743088692203366,0.727551672898158,0.7765720976840671,0.8111803236942077,0.7423487183679419,0.8101730025614217,0.6766979521626898,0.938513884563873,0.6238084125654937,0.6969907530848979,0.8961967779661134,0.6659169661484955,0.8879206514286182,0.8628227703815752,0.7218788226071984,0.7329430352649048,0.735724243759289,0.6481075095318841,0.6524185141189837,0.7529826846146049,0.9018109470175544,0.6971328263131638,0.6197443437845317,0.8137615952576399,0.7684720268160142,0.7055730891111571,0.7759117775960901,0.8793772816384758,0.7152780526152617,0.6908297574872252,0.7459237305535471,0.6663471043475353,0.5205332138037002,0.5807368537262173,0.7217801165876219,0.8053177565359897,0.7391392335676877,0.6852538109861868,0.47658772583041775
0.7314207470088988,0.7040552550378645,0.751905011757945,0.8415684082946401,0.0,0.7152828495636437,0.7689296315092325,0.703814010165528,0.7119963692179617,0.6625642406578193,0.8655127979902875,0.8545283840861453,0.6674568793189889,0.7226315978878208,0.8659112495322762,0.8769042585959055,0.8445043938890857,0.7705274915415674,0.8346568943152093,0.8238885958995557,0.8490498114077156,0.8078546046391343,0.7765351347454883,0.7940755015521292,0.6780606959008195,0.7877001816270289,0.6623439904470414,0.7239624089654354,0.6929600302814294,0.6791398749836742,0.8048206134287822,0.9684864719552849,0.7282363909393471,0.8356795172894573,0.8679355571247183,0.6450983171869784,0.6728927060818487,0.8020786920364011,0.8655339363228283,0.6331298190317939,0.6683155310408713,0.6962425013775828,0.8107573102982442,0.6345006018211948,0.891617093767434,0.8887614483534241,0.7803102732530677,0.734716458770444,0.8034587362969655,0.6014390670193852,0.4919953834696942,0.6088801265204818,0.750232304256512,0.8353419867228038,0.8755546630409355,0.6943811056182535,0.5318301106380435
0.6830292318416628,0.7011148366942267,0.6481252666959585,0.7309893742376372,0.7152828495636437,0.0,0.977590513515237,0.9763971728896131,0.945308718282333,0.8941061876001037,0.9743093055610561,0.87402736870381,0.863862616326119,0.979521300807832,0.9245735169317568,0.8110632315577416,0.9346675089733512,0.9301604084099199,0.9191876262367331,0.8404385068362565,0.8025203669657431,0.7852829455410686,0.8590333909204323,0.8003322758414642,0.6824042163353408,0.8519897269439413,0.6207612616590861,0.724147733670978,0.7946062603737614,0.6191927608638985,0.7587243714072293,0.6519031251244923,0.7254858445047612,0.7865945923267752,0.7338383333397634,0.6702729449665302,0.8107443834462056,0.7955352237569532,0.9190937278181964,0.7395983438162277,0.779525948291169,0.7875296837716017,0.8583110101066914,0.8372714422886643,0.8310786961034451,0.807928374499649,0.9367151987281542,0.9885166502183886,0.8947672882233025,0.8918505992118542,0.8299531109154356,0.959266563513441,0.9952316100774923,0.9373039504154597,0.8635463378549794,0.9985214428440519,0.54894846593949
0.644609889592083,0.6542732479979011,0.6738073793071515,0.7115763230169798,0.7689296315092325,0.977590513515237,0.0,0.9293734148205608,0.9722811388034799,0.9338791467842661,0.9893684034085177,0.8524192495479568,0.8441137976162845,0.93137001506147,0.8797118227758253,0.8230894612957789,0.9838255066886341,0.8857888512474426,0.9571752029397935,0.8856073874006003,0.8769089974870877,0.7433557805180124,0.819662043328949,0.7281421467785328,0.6557904356266308,0.7467293533541796,0.6036525803633777,0.6615518566307399,0.6992120641519258,0.5955101013829301,0.6998210809452609,0.6772218160743437,0.6564677958590441,0.7405832962219514,0.8169603639664008,0.5840138924750671,0.7288026066243563,0.8002022897816551,0.8613555731369779,0.6656260782385719,0.7187795769118036,0.7028617911745276,0.832014428158343,0.7580487421317449,0.7819896997347403,0.7898626904416332,0.915925753162703,0.9622299352226863,0.9129135673974198,0.859096783793015,0.7709921609615089,0.8209034770478882,0.9539517172101756,0.962757831318016,0.8610148894696855,0.894762466494264,0.5063733845702094
0.67476192694387,0.7155150307889533,0.6148546459276066,0.6626223043006029,0.703814010165528,0.9763971728896131,0.9293734148205608,0.0,0.8611335936123009,0.8333440495904921,0.9620486352708386,0.8775570809373103,0.890547076834923,0.9044403320715239,0.8422950703956165,0.7748847668531997,0.8580376597072205,0.8642596262645978,0.8065869176168383,0.8028731862691161,0.7972341711957933,0.7740606389003796,0.9073491821169487,0.7638313182020143,0.6777151706925613,0.7847473692668968,0.6342836609952851,0.6984254810448437,0.7282830475396435,0.609187258019258,0.7092770024895907,0.6767999378454396,0.6974588161367796,0.7441681530936336,0.703653557320129,0.636515738613089,0.7621528262366467,0.7878398816881981,0.8309964885818896,0.7057242155059784,0.7540468990654009,0.746833045122424,0.8422128777211896,0.7570587609225354,0.8119817699368365,0.7914711081801596,0.9764254087842152,0.9796306102137974,0.8765381872715731,0.7988214205323192,0.7756185706982692,0.9157874223125727,0.9731196413389008,0.8742862198058946,0.8082417071449355,0.8863702238484226,0.5231537092954412
0.6525499667771691,0.6440533362584179,0.624725061225902,0.6744887164916183,0.7119963692179617,0.945308718282333,0.9722811388034799,0.8611335936123009,0.0,0.9210096248990182,0.9343929675585136,0.8082556040729737,0.8463111480508524,0.8885889308030871,0.8707315124989125,0.7991304566464191,0.9243257887211318,0.9064014264419644,0.8652013567003102,0.8436944943081061,0.827537263609293,0.7217318282243017,0.795647742587626,0.730173634047478,0.6509089380172537,0.7517116600967365,0.5865854092924628,0.6714761066807233,0.6978382759085413,0.5844753933133322,0.6947986858171007,0.6419433493669888,0.6854543396801949,0.736501441217971,0.7620923136751939,0.606868344578941,0.7555286482829014,0.7790879232111396,0.8088702537553542,0.6504298006951404,0.7413361476467856,0.7717003236793722,0.7761321505717371,0.7483659487332535,0.8136334783045817,0.7661900747811428,0.9586190693849946,0.9753170193045513,0.8867059770145465,0.8255473439999248,0.7813746961428264,0.8467625691323557,0.9124471810047187,0.9275663916914348,0.8473566184359554,0.8691789960985344,0.5070607977801838
0.5729870298978537,0.5942114828042504,0.6562141476984206,0.6651124119401568,0.6625642406578193,0.8941061876001037,0.9338791467842661,0.8333440495904921,0.9210096248990182,0.0,0.8868907602179046,0.7535662689305317,0.8048579254653802,0.8849791599031285,0.839927609185573,0.8249741767176422,0.985411966746072,0.7833277937865011,0.8468449925400403,0.8498065230513719,0.7983673469344204,0.6549120203635997,0.7267619567573672,0.6892572884458524,0.6024190864586019,0.6380318409733308,0.5517788262340846,0.5835164099173437,0.6147195635093682,0.5676982065779801,0.6386082658314115,0.5912655841599581,0.5985842647379436,0.6491698187724344,0.7451980998553233,0.5587880438436805,0.6291215259075074,0.738707390390061,0.7466565005522001,0.5878846694353765,0.627505094028791,0.6840462804581977,0.7563647908811262,0.6622092553338966,0.72721552915152,0.6907427242375505,0.8884352847884837,0.9886627344681647,0.7833168448489174,0.843045138113591,0.8119984175685628,0.7378505055221098,0.8511196853248567,0.9341368058418964,0.8167492097875498,0.8909537230816476,0.4488020455082486
0.6738386753236313,0.7033954245307665,0.6741520086879031,0.6726565884407529,0.8655127979902875,0.9743093055610561,0.9893684034085177,0.9620486352708386,0.9343929675585136,0.8868907602179046,0.0,0.9736158860720419,0.8992570338746227,1.0,0.9437433911809135,0.8990889573955435,0.9878046135095115,0.876209807656309,0.9392233855623975,0.9731128310149275,0.8857411503561563,0.7586414864073272,0.8803019523975905,0.7268878998017003,0.633239337249744,0.764591186352684,0.6246814835384419,0.6805365218358549,0.6752893546263855,0.6083002524522383,0.7324500271853319,0.7058047860798173,0.6862885414296166,0.7689811181193731,0.8234829203599154,0.6352705496876526,0.7362483264584939,0.8384873783292286,0.901924863287607,0.655171016831456,0.7164802561930843,0.7100244043513672,0.8863585380396414,0.7173169977696023,0.8609042260203729,0.8329479535669208,1.0,0.9899293228294848,0.995437932283346,0.7913548183822701,0.7486300924260387,0.8145580265453211,0.989707728987107,1.0,0.9658625305210272,0.927916323318233,0.5055554938073401
0.7441013484773077,0.7956522384483252,0.6270112916006452,0.7286179649089279,0.8545283840861453,0.87402736870381,0.8524192495479568,0.8775570809373103,0.8082556040729737,0.7535662689305317,0.9736158860720419,0.0,0.9049582357592122,0.8590968836539145,0.993870529963426,0.9258155440217711,0.9874531049419042,0.9589705198010973,0.9959220428652223,0.8496341901167073,0.9408816011288101,0.8344794823401792,0.9689119054779652,0.8042451314935808,0.7159126260415003,0.8667108374289885,0.6728195678527791,0.7362478131395869,0.6884610025958685,0.6886756095306594,0.7801986998747583,0.8319279162626817,0.7889410804096646,0.8672584627890871,0.8803424186427996,0.6767110006827908,0.8283784714401639,0.8963894139334465,0.9434465058897312,0.745527003921191,0.7712712184130504,0.7580456258028537,0.9047149387018545,0.7763906060342162,0.8862118855231197,0.824600889758992,0.9185873438056257,0.8154116732894336,0.9021568716244163,0.6480481581717973,0.6134884582170226,0.7963922467652337,0.9253936765044534,0.8977621303068958,0.9549296718096644,0.8879629818843481,0.5422487708217757
0.6531432463442816,0.6521452407312129,0.5473069374112887,0.6071771858208698,0.6674568793189889,0.863862616326119,0.8441137976162845,0.890547076834923,0.8463111480508524,0.8048579254653802,0.8992570338746227,0.9049582357592122,0.0,0.9237011060978572,0.8315662513313504,0.7515206080629839,0.909946909538401,0.8378927621614946,0.8483621540911715,0.7902515179395149,0.7196655576308945,0.7036258933611076,0.8297674046818118,0.6787506398803973,0.6403364595048262,0.7302300968554498,0.6155944262860734,0.6610700570115693,0.6537084410454269,0.5786374578615194,0.6705829178936041,0.6419725778985089,0.6684408845246813,0.7796899926866513,0.7355294451068881,0.6046481389927749,0.7838292965276026,0.7464501109307036,0.8037537672459545,0.6450716236868885,0.7429812714150222,0.6873830872237103,0.774991126071063,0.7143912592484445,0.8121929141991775,0.7822888163182066,0.8943792354037101,0.8573422105127508,0.8369377543230736,0.7083706547335926,0.7512949752328647,0.8131290881274322,0.8811583171208212,0.8263649596201593,0.8312869804028838,0.816716971678405,0.5066905119055947
0.6617936327001297,0.6709904863999141,0.6268803943826463,0.7302015300849114,0.7226315978878208,0.979521300807832,0.93137001506147,0.9044403320715239,0.8885889308030871,0.8849791599031285,1.0,0.8590968836539145,0.9237011060978572,0.0,0.8670531895783066,0.8263202274797472,0.8923662592844186,0.8488998078245609,0.8943092705739887,0.8526007254773253,0.846149606670261,0.7557513807533747,0.8238867985868054,0.7298297747403107,0.6547914978939104,0.7680937497798077,0.5827060980014104,0.6689698750922205,0.7649812909460095,0.5946118841720117,0.7438337148214936,0.6478439850133249,0.6889650844779927,0.7356893039693245,0.7242607726822671,0.6023883985154296,0.7403399638982878,0.7633043129352997,0.9013253250080789,0.6823490167710592,0.7835309466074841,0.752011197204997,0.8779684581668187,0.7789372231031079,0.7928804439208939,0.7950366799678475,0.9816986308773442,0.9360319254939701,0.8758655717307858,0.8980046169627097,0.8373231838594631,0.8468945104030561,0.8543767199535682,0.921830435809255,0.8903582813982985,0.958012927859228,0.46738645884824365
0.8072846235880963,0.8696299987017764,0.6127152969246289,0.8319777466316842,0.8659112495322762,0.9245735169317568,0.8797118227758253,0.8422950703956165,0.8707315124989125,0.839927609185573,0.9437433911809135,0.993870529963426,0.8315662513313504,0.8670531895783066,0.0,0.939079487093541,1.0,0.8970239500077295,0.9872847146985784,0.9655704237540964,0.9430847739450214,0.9522268327179655,1.0,0.9125919058180242,0.8240175681465707,0.8611589732862092,0.7664994456934912,0.8536709776500272,0.7515966292549001,0.8043860687036029,0.8666398608658339,0.8753246543929863,0.9165596329235666,0.9276971705523298,0.8867444764480241,0.7847638693877989,0.9517197480401878,0.9720738086912103,0.9990434799591243,0.7970793339993041,0.8648044911687139,0.8251309918450411,0.944068355032152,0.8619641194365955,1.0,0.9832561022530005,0.9798613519616637,0.8481815542313513,0.9306753143986097,0.7255967520464706,0.6301237546127963,0.8516733861649177,0.9486271222158436,0.9385693119379275,0.9698377575879823,0.928021761651635,0.5694513815421023
0.6996209218651172,0.7097342659774886,0.699451631879026,0.7702417866595427,0.8769042585959055,0.8110632315577416,0.8230894612957789,0.7748847668531997,0.7991304566464191,0.8249741767176422,0.8990889573955435,0.9258155440217711,0.7515206080629839,0.8263202274797472,0.939079487093541,0.0,0.9012081406744358,0.8986990672209171,0.9249521855868689,0.9593533330707495,0.951641275188976,0.789275605139577,0.837579310137151,0.7546051690285904,0.6754409095570653,0.8292801220178732,0.6585659822373126,0.7119880334035459,0.6670024887379333,0.7060744272008622,0.738528423240609,0.8772615095172241,0.7075695283938525,0.88374818175331,0.9515926758818496,0.6473073648314785,0.7268313654365366,0.9711001996139337,0.9484280165413532,0.6406486560182441,0.6466756406095127,0.8013711994213063,0.9371929252614578,0.7052031264331625,0.8965891668892852,0.8390821477703954,0.8247345805114757,0.8256268954372463,0.8408953240441086,0.7204995379668646,0.5709298530576985,0.6578162261225569,0.8729296191984628,0.9820609711390641,0.9201636271333539,0.7929646934560475,0.4508301628194566
0.7795014618086479,0.8142570356084443,0.629940027380539,0.7396455730351144,0.8445043938890857,0.9346675089733512,0.9838255066886341,0.8580376597072205,0.9243257887211318,0.985411966746072,0.9878046135095115,0.9874531049419042,0.909946909538401,0.8923662592844186,1.0,0.9012081406744358,0.0,0.9642654952631724,0.9629289157711997,1.0,0.9776840068289494,0.8659910584928875,0.9727579419688946,0.8538059778421591,0.7021932254122882,0.8682242155689991,0.7049544792698548,0.8103789215704792,0.6964955693908139,0.7018599027336886,0.7661644271311436,0.8290672574798905,0.8013312741627624,0.9146566205750365,0.9403122552271681,0.6969240995850637,0.8683935274875421,0.9505979361771695,0.9069433982306162,0.7233461889586494,0.7908979662335027,0.7786671312420815,0.9217237033361937,0.7544329915196477,0.9052066218894964,0.8962761074431908,0.9946234445789738,0.9382876857170044,0.9205206600961289,0.7577551796480556,0.6870662045571801,0.8056244091933152,0.9384435522378546,1.0,0.9701344749095897,0.859689787346968,0.5962585157284767
0.778079901484762,0.8006130210415703,0.6411075198872277,0.7058315725359173,0.7705274915415674,0.9301604084099199,0.8857888512474426,0.8642596262645978,0.9064014264419644,0.7833277937865011,0.876209807656309,0.9589705198010973,0.8378927621614946,0.8488998078245609,0.8970239500077295,0.8986990672209171,0.9642654952631724,0.0,0.9499932780904927,0.929782679147612,0.9320620001283774,0.8580947573697675,0.9549377781561403,0.8270956699500029,0.7467452769682315,0.8109639697010044,0.7125628037218681,0.7856974368428128,0.7188800473770703,0.716643243096044,0.7783837996519873,0.811623928116656,0.7831324912886682,0.9230130698500625,0.9106971461742355,0.7253093350728133,0.8706339858170118,0.9184324241475674,0.9254926024908409,0.7727935998316972,0.8094951720337671,0.7435833953835462,0.8916665171939816,0.7939810859150134,0.8976849355112434,0.8101373163175231,0.934923415095988,0.8749184259513656,0.9207037504148091,0.7337693406787689,0.6400103952396048,0.7898989358275289,0.8912765257957636,0.9425747622832228,0.9095866838400367,0.82460702231745,0.569663576037435
0.7043847498076338,0.6759120687909144,0.7274826578199901,0.7743088692203366,0.8346568943152093,0.9191876262367331,0.9571752029397935,0.8065869176168383,0.8652013567003102,0.8468449925400403,0.9392233855623975,0.9959220428652223,0.8483621540911715,0.8943092705739887,0.9872847146985784,0.9249521855868689,0.9629289157711997,0.9499932780904927,0.0,0.919264987584268,0.9395967661909544,0.8109715975313608,0.8460383505864855,0.8040523987098207,0.7048735450114776,0.7831777477169075,0.6604545583594928,0.6807819274619138,0.6654456009388471,0.6611956697299369,0.7486360946414942,0.8424615378450104,0.735132771723716,0.7882734119463224,0.9218344767054079,0.6611284345639968,0.7601186769096903,0.9611062120892525,0.9134650318146543,0.6587571730669797,0.6882030311164864,0.7712316775375238,0.8777463103204317,0.7111411145862521,0.912149176005478,0.7950732994869655,0.8758993517733564,0.8755517956057066,0.884730824515495,0.7214482462409135,0.6910895015982692,0.6876853624003522,0.8955153990758747,0.9798459091368159,0.9790967922468116,0.9144406117379155,0.48527273855477493
0.7120121513448212,0.6960899577690828,0.6240227072382193,0.727551672898158,0.8238885958995557,0.8404385068362565,0.8856073874006003,0.8028731862691161,0.8436944943081061,0.8498065230513719,0.9731128310149275,0.8496341901167073,0.7902515179395149,0.8526007254773253,0.9655704237540964,0.9593533330707495,1.0,0.929782679147612,0.919264987584268,0.0,0.918212090575094,0.8333660566956776,0.8508787306098834,0.8030229851689,0.6869834674356959,0.7864336527269692,0.658357599116748,0.7566664930793401,0.6322452862328254,0.6735027860744444,0.7312415265614405,0.8051897262845511,0.7294651704793466,0.8257515119082386,0.8778714320232207,0.6413632814419588,0.793797390384055,0.9185703313136668,0.863099286514846,0.6552974747825032,0.6890577272384003,0.7166697138251452,0.8511431579095267,0.7073474424613543,0.8850971746420961,0.7893708419072387,0.8983887758731962,0.8638047425833772,0.9160136204299105,0.6869358269003756,0.6494425838358946,0.7356411571445092,0.8797152325140326,0.9712786721275669,0.8713108453622339,0.8335569308630391,0.5126275021572162
0.7423850252354067,0.7515407919347002,0.6627151298781461,0.7765720976840671,0.8490498114077156,0.8025203669657431,0.8769089974870877,0.7972341711957933,0.827537263609293,0.7983673469344204,0.8857411503561563,0.9408816011288101,0.7196655576308945,0.846149606670261,0.9430847739450214,0.951641275188976,0.9776840068289494,0.9320620001283774,0.9395967661909544,0.918212090575094,0.0,0.8342534993384758,0.9081584252083696,0.8454023848583364,0.745180966965594,0.8159531107673572,0.7188339990591361,0.77232627518702,0.6994450833680678,0.7232377189906922,0.8053813311458098,0.9120939683993097,0.7876441371532394,0.8783033730746233,0.8802028273790528,0.6633307952334236,0.8083593673128929,0.9815019894412796,0.9508732439655735,0.7154541668814138,0.7490516366123318,0.8243053140215314,0.9396467257777967,0.7571045980384522,0.9361735057685086,0.867865563748759,0.9079992724084606,0.8308489354688723,0.8770030503294969,0.705738384484129,0.6119048274840587,0.7103285537567476,0.8916471083149935,0.9781333237212162,0.9156752708438335,0.7824925901744754,0.528981546604249
0.8351535747713316,0.9584836922931497,0.6353777413079161,0.8111803236942077,0.8078546046391343,0.7852829455410686,0.7433557805180124,0.7740606389003796,0.7217318282243017,0.6549120203635997,0.7586414864073272,0.8344794823401792,0.7036258933611076,0.7557513807533747,0.9522268327179655,0.789275605139577,0.8659910584928875,0.8580947573697675,0.8109715975313608,0.8333660566956776,0.8342534993384758,0.0,0.9382071310141147,0.9451655573364426,0.8677055378381605,0.9468790246390711,0.8715272407234692,0.9070692233996459,0.8412953696822889,0.8786143927969458,0.994032314785941,0.9154656663373232,0.9870814031470333,0.9247319322106248,0.8547223777688882,0.8122585238902402,0.9214782367235489,0.9154450259974168,0.9436244387427505,0.909394684069127,0.8387024816794582,0.9235896362027081,0.8733343307599661,0.8749511877563727,0.8931383767261741,0.9620745732725194,0.8783514985605883,0.7391123977025287,0.8674519560984983,0.6234892591220283,0.585648949884927,0.794617686476104,0.8352985712603178,0.8175925027330354,0.8250947197568941,0.7999715090440905,0.6398882713433885
0.9130226489292345,0.9868968287544835,0.5698943703272094,0.7423487183679419,0.7765351347454883,0.8590333909204323,0.819662043328949,0.9073491821169487,0.795647742587626,0.7267619567573672,0.8803019523975905,0.9689119054779652,0.8297674046818118,0.8238867985868054,1.0,0.837579310137151,0.9727579419688946,0.9549377781561403,0.8460383505864855,0.8508787306098834,0.9081584252083696,0.9382071310141147,0.0,0.9768301368075398,0.9104215328094585,0.93309852044478,0.8607983829883332,0.9938590136205924,0.802190156554692,0.8163502766848858,0.91774177394052,0.847854493445631,1.0,0.9938266477928254,0.8706265599573828,0.8133432084091806,1.0,0.9144042628245372,0.9506804031279842,0.9706991167500053,0.9521984225039255,0.940026108301564,0.8998495460415462,0.949622859061633,0.9301305775144555,0.8861519757397593,0.9252437233273386,0.8123343396902643,0.908934272272642,0.6590069465337255,0.632900289105259,0.9272820307844007,0.9309884584608135,0.841985227651028,0.8932384468122605,0.9161105895532764,0.6820098490754687
0.946633177224672,0.9652148952858594,0.6165024337241882,0.8101730025614217,0.7940755015521292,0.8003322758414642,0.7281421467785328,0.7638313182020143,0.730173634047478,0.6892572884458524,0.7268878998017003,0.8042451314935808,0.6787506398803973,0.7298297747403107,0.9125919058180242,0.7546051690285904,0.8538059778421591,0.8270956699500029,0.8040523987098207,0.8030229851689,0.8454023848583364,0.9451655573364426,0.9768301368075398,0.0,0.944366629168192,0.9678798511504023,0.8946730385834368,0.9551700993240052,0.8608458417215941,0.8956404845378024,0.9880714612747726,0.8446153561776633,0.9949438973636769,0.9693304903069557,0.8349381066429011,0.7921127553149627,0.9177301680599935,0.8913263756613934,0.9346287739216824,0.9347378305755889,0.8650457178298051,0.9076377378802788,0.8964142543562635,0.8774076402607537,0.8615286811244383,0.9452826412914239,0.8045368629979472,0.7031284794575898,0.8332788623932135,0.6001997758454447,0.5421046162524553,0.8042275880150297,0.7791552733422091,0.8149733896963759,0.8164615699981737,0.7659541002954874,0.7249222617901142
0.9646769076550985,0.9462634910492568,0.503820486009796,0.6766979521626898,0.6780606959008195,0.6824042163353408,0.6557904356266308,0.6777151706925613,0.6509089380172537,0.6024190864586019,0.633239337249744,0.7159126260415003,0.6403364595048262,0.6547914978939104,0.8240175681465707,0.6754409095570653,0.7021932254122882,0.7467452769682315,0.7048735450114776,0.6869834674356959,0.745180966965594,0.8677055378381605,0.9104215328094585,0.944366629168192,0.0,0.841026487417483,0.9863172355203084,1.0,0.6977098082345498,0.9476403227911578,0.9166278955685604,0.7674399300427517,0.9647123941751025,0.8656427428381358,0.6887105675153182,0.8840713092874959,0.890473119775758,0.6977026198811869,0.795240565149004,0.9668132851212862,0.8792249347703077,0.8628569098388553,0.765515019053155,0.8247532152746587,0.7536201878181298,0.8321928514798985,0.7523067971612246,0.6531489875398359,0.7295057497671851,0.5568881746206469,0.5221818875554457,0.7815447007548023,0.7223901844240674,0.6504129621248111,0.6790649307465043,0.7149548724359417,0.7929648879721629
0.8105285493666151,0.8479568423492573,0.7264445938291194,0.938513884563873,0.7877001816270289,0.8519897269439413,0.7467293533541796,0.7847473692668968,0.7517116600967365,0.6380318409733308,0.764591186352684,0.8667108374289885,0.7302300968554498,0.7680937497798077,0.8611589732862092,0.8292801220178732,0.8682242155689991,0.8109639697010044,0.7831777477169075,0.7864336527269692,0.8159531107673572,0.9468790246390711,0.93309852044478,0.9678798511504023,0.841026487417483,0.0,0.7747632007687458,0.8565935388705219,0.92310868403751,0.7991901992285431,0.9450869820639909,0.877877273797873,0.9025412394543185,0.8629795593568859,0.7859290036026354,0.7874303939818865,0.8336243858293417,0.8229750648905896,0.9744721859678165,0.8758236986372725,0.8280835836212946,0.871748519139333,0.9483433533525372,0.8482138593021143,0.8549425991423476,0.9031061892701632,0.8625807609334477,0.741757626128157,0.8663873564895841,0.687059228251114,0.6137438082954623,0.7905461669000817,0.8931411084186274,0.7689366083211456,0.8567162853170689,0.8237285100768563,0.6275618080090212
0.9775909832271352,0.9475910526556042,0.4468625315777266,0.6238084125654937,0.6623439904470414,0.6207612616590861,0.6036525803633777,0.6342836609952851,0.5865854092924628,0.5517788262340846,0.6246814835384419,0.6728195678527791,0.6155944262860734,0.5827060980014104,0.7664994456934912,0.6585659822373126,0.7049544792698548,0.7125628037218681,0.6604545583594928,0.658357599116748,0.7188339990591361,0.8715272407234692,0.8607983829883332,0.8946730385834368,0.9863172355203084,0.7747632007687458,0.0,1.0,0.6532761054319051,0.9121543320793805,0.8764788499874225,0.755874575673139,0.9185948149919398,0.8438079107717763,0.6676562725673088,0.9379746919042311,0.9495428666061968,0.7114818333991644,0.7238269737188666,0.921960740198949,0.8785084822499449,0.83006437505101,0.7319040766503732,0.8013259925624419,0.7361676878343396,0.8583852862564272,0.7072643412565998,0.5845905494275109,0.7210013058971609,0.4614208632881386,0.4598561401459236,0.7351299071755303,0.6621221922057869,0.6167686649306638,0.6708927388272099,0.648487816476302,0.8899567892380866
1.0,1.0,0.4639495537155989,0.6969907530848979,0.7239624089654354,0.724147733670978,0.6615518566307399,0.6984254810448437,0.6714761066807233,0.5835164099173437,0.6805365218358549,0.7362478131395869,0.6610700570115693,0.6689698750922205,0.8536709776500272,0.7119880334035459,0.8103789215704792,0.7856974368428128,0.6807819274619138,0.7566664930793401,0.77232627518702,0.9070692233996459,0.9938590136205924,0.9551700993240052,1.0,0.8565935388705219,1.0,0.0,0.7457653676163635,0.9835592782756993,0.9177819653649356,0.8196505889540587,1.0,0.9120395673436376,0.7232446166115305,0.9931945816661929,1.0,0.7614066062784783,0.7552742105442611,1.0,0.9782943400280908,0.9003264826569807,0.7390894469739376,0.8914560089054826,0.7858520925566235,0.9023466699654478,0.7736337124786621,0.6425617980045796,0.8082874738434496,0.5044625949959998,0.5192014427184606,0.7915158740891489,0.7383483642703155,0.6737730775610504,0.7189610261772484,0.7851442301928264,0.9289643481172906
0.6964332347367784,0.7336902732347833,0.7584172334258833,0.8961967779661134,0.6929600302814294,0.7946062603737614,0.6992120641519258,0.7282830475396435,0.6978382759085413,0.6147195635093682,0.6752893546263855,0.6884610025958685,0.6537084410454269,0.7649812909460095,0.7515966292549001,0.6670024887379333,0.6964955693908139,0.7188800473770703,0.6654456009388471,0.6322452862328254,0.6994450833680678,0.8412953696822889,0.802190156554692,0.8608458417215941,0.6977098082345498,0.92310868403751,0.6532761054319051,0.7457653676163635,0.0,0.6647467195596755,0.8905140993047173,0.7758484712733247,0.7881306667512954,0.7924265297979552,0.6539944548038504,0.7222689121697681,0.6995185183014837,0.6969723734155494,0.8957039423293596,0.7927931093807921,0.6922805336866784,0.7980589804254153,0.7985186623891304,0.8366943801934688,0.7465086798218495,0.8677728438708702,0.7490391482127554,0.6714617245944413,0.7643541082904164,0.7025525399929357,0.6191308157207019,0.7338312827792278,0.7312376660756184,0.7172906555777332,0.6770055462056429,0.7677166911167999,0.5298161008903358
0.9890851334418189,0.9879774103403175,0.49039792474106014,0.6659169661484955,0.6791398749836742,0.6191927608638985,0.5955101013829301,0.609187258019258,0.5844753933133322,0.5676982065779801,0.6083002524522383,0.6886756095306594,0.5786374578615194,0.5946118841720117,0.8043860687036029,0.7060744272008622,0.7018599027336886,0.716643243096044,0.6611956697299369,0.6735027860744444,0.7232377189906922,0.8786143927969458,0.8163502766848858,0.8956404845378024,0.9476403227911578,0.7991901992285431,0.9121543320793805,0.9835592782756993,0.6647467195596755,0.0,0.965663410620337,0.7811761022472126,0.9429175348897952,0.8449491094770287,0.7181296713779755,0.9490231741770819,0.8762432007737522,0.7369377123246724,0.735881563660066,0.9684968375781258,0.866032200261213,0.8247481028908017,0.7109279750377145,0.8572760053767876,0.7369624360127162,0.8384390172313518,0.6627902605302498,0.5657822641730704,0.7578798056263956,0.4712058821218404,0.4609736986758717,0.6951777194153124,0.678597355711272,0.667118304016144,0.6909896140099298,0.6602863124944792,0.7955837863523513
0.8807776655803459,0.919740955069807,0.6451382543939206,0.8879206514286182,0.8048206134287822,0.7587243714072293,0.6998210809452609,0.7092770024895907,0.6947986858171007,0.6386082658314115,0.7324500271853319,0.7801986998747583,0.6705829178936041,0.7438337148214936,0.8666398608658339,0.738528423240609,0.7661644271311436,0.7783837996519873,0.7486360946414942,0.7312415265614405,0.8053813311458098,0.994032314785941,0.91774177394052,0.9880714612747726,0.9166278955685604,0.9450869820639909,0.8764788499874225,0.9177819653649356,0.8905140993047173,0.965663410620337,0.0,0.860160845943471,0.9766682828811976,0.8234710717575935,0.7768272803813725,0.8375075279341927,0.8693000652842173,0.7907383579852304,0.8912747844776902,0.9199751449869072,0.8523139717318933,0.9136326105560513,0.84559790692443,0.9472503935482133,0.8323204530640447,0.915297937776138,0.8241769700357684,0.6433113851419499,0.7804924693815223,0.5943272456822651,0.5400498747757767,0.7791536159382988,0.766776246139009,0.7414049233176254,0.7243522762528006,0.746749202773482,0.6905677348533656
0.718533754657703,0.7886102406692678,0.716802339987024,0.8628227703815752,0.9684864719552849,0.6519031251244923,0.6772218160743437,0.6767999378454396,0.6419433493669888,0.5912655841599581,0.7058047860798173,0.8319279162626817,0.6419725778985089,0.6478439850133249,0.8753246543929863,0.8772615095172241,0.8290672574798905,0.811623928116656,0.8424615378450104,0.8051897262845511,0.9120939683993097,0.9154656663373232,0.847854493445631,0.8446153561776633,0.7674399300427517,0.877877273797873,0.755874575673139,0.8196505889540587,0.7758484712733247,0.7811761022472126,0.860160845943471,0.0,0.8318678330021564,0.9609825918990238,0.8625791071265703,0.7371767885363886,0.7463594085276348,0.8877961495997482,0.9916448712475324,0.8036736841433011,0.7254690386502382,0.8213720725307765,0.8996538713948311,0.7237771670437998,0.9120584514500425,0.8989079053603694,0.709119439030816,0.6357922422932822,0.752913797717221,0.567679633396358,0.4577289229464598,0.6078038436435458,0.7668966546507721,0.8123330962848324,0.8228496007623027,0.7109549628520246,0.5236267508682638
0.9353846017253219,0.9736279039187672,0.527971971567201,0.7218788226071984,0.7282363909393471,0.7254858445047612,0.6564677958590441,0.6974588161367796,0.6854543396801949,0.5985842647379436,0.6862885414296166,0.7889410804096646,0.6684408845246813,0.6889650844779927,0.9165596329235666,0.7075695283938525,0.8013312741627624,0.7831324912886682,0.735132771723716,0.7294651704793466,0.7876441371532394,0.9870814031470333,1.0,0.9949438973636769,0.9647123941751025,0.9025412394543185,0.9185948149919398,1.0,0.7881306667512954,0.9429175348897952,0.9766682828811976,0.8318678330021564,0.0,0.9387864639674257,0.7988754132123234,0.878658276123405,0.9614194076660464,0.7950570334629167,0.8470324608652591,0.9800150584258498,0.9034864488273889,0.9360474495602822,0.8350851018874734,0.9772995310576342,0.8270616743024831,0.9106563839112188,0.7944108817778297,0.6566925669557845,0.797990492228199,0.5744017626695322,0.5306129557825213,0.7986171538900391,0.7356900372783206,0.7054078255534381,0.7437652164511875,0.768748393245421,0.7557071517434765
0.8706816553271874,0.8976051887667715,0.5722536856217489,0.7329430352649048,0.8356795172894573,0.7865945923267752,0.7405832962219514,0.7441681530936336,0.736501441217971,0.6491698187724344,0.7689811181193731,0.8672584627890871,0.7796899926866513,0.7356893039693245,0.9276971705523298,0.88374818175331,0.9146566205750365,0.9230130698500625,0.7882734119463224,0.8257515119082386,0.8783033730746233,0.9247319322106248,0.9938266477928254,0.9693304903069557,0.8656427428381358,0.8629795593568859,0.8438079107717763,0.9120395673436376,0.7924265297979552,0.8449491094770287,0.8234710717575935,0.9609825918990238,0.9387864639674257,0.0,0.9067808908334299,0.799641271822461,0.9592717216126871,0.8852018316231581,0.9154803876977664,0.8709807773440628,0.8830824352264085,0.8619825115201262,0.9432857163175113,0.861679413495589,0.9084977555866365,0.9539845881790076,0.8642681358929933,0.7199098547832045,0.9243758471354122,0.5713144596376826,0.5270659460114199,0.7985558126326617,0.8973421787998509,0.8169402984104005,0.8650726091931122,0.8027091776626483,0.6548394474801392
0.7046409214971437,0.7478799576117919,0.6409536652227348,0.735724243759289,0.8679355571247183,0.7338383333397634,0.8169603639664008,0.703653557320129,0.7620923136751939,0.7451980998553233,0.8234829203599154,0.8803424186427996,0.7355294451068881,0.7242607726822671,0.8867444764480241,0.9515926758818496,0.9403122552271681,0.9106971461742355,0.9218344767054079,0.8778714320232207,0.8802028273790528,0.8547223777688882,0.8706265599573828,0.8349381066429011,0.6887105675153182,0.7859290036026354,0.6676562725673088,0.7232446166115305,0.6539944548038504,0.7181296713779755,0.7768272803813725,0.8625791071265703,0.7988754132123234,0.9067808908334299,0.0,0.6012958000913128,0.7679509289810714,0.9788930467489053,0.8735826487288114,0.6656097837255069,0.6706118852621759,0.7776238980805259,0.8360073867981989,0.6769252596642423,0.969666848278828,0.8386434669515876,0.7957053470957207,0.7817430952428647,0.8203408075275913,0.6533279103841166,0.5242119636314253,0.6276304239694759,0.8167713794943936,0.9444573527267218,0.8914254436358396,0.7245944699668327,0.49319557520181645
0.9251688263090909,0.8966138821399174,0.4460579515570977,0.6481075095318841,0.6450983171869784,0.6702729449665302,0.5840138924750671,0.636515738613089,0.606868344578941,0.5587880438436805,0.6352705496876526,0.6767110006827908,0.6046481389927749,0.6023883985154296,0.7847638693877989,0.6473073648314785,0.6969240995850637,0.7253093350728133,0.6611284345639968,0.6413632814419588,0.6633307952334236,0.8122585238902402,0.8133432084091806,0.7921127553149627,0.8840713092874959,0.7874303939818865,0.9379746919042311,0.9931945816661929,0.7222689121697681,0.9490231741770819,0.8375075279341927,0.7371767885363886,0.878658276123405,0.799641271822461,0.6012958000913128,0.0,0.8733805586784683,0.6686319377942364,0.6775883357415742,0.9140226743576387,0.8459907995887797,0.8013748908036876,0.6971092199170469,0.7969695236227571,0.6780074994518673,0.8026492060443242,0.7232888299539664,0.5915261156240676,0.7095232214890316,0.5100331727059985,0.49801155145422416,0.7480746002312071,0.6914594887220908,0.654012961736751,0.6328861858611429,0.6925099950153677,0.8348546493749237
