Cingulate area 2,Glomerular layer of the accessory olfactory bulb,Glomerular layer of the olfactory bulb,"Olfactory bulb, unspecified",Frontal association cortex,Cornu ammonis 3,Dentate gyrus,Cornu ammonis 2,Cornu ammonis 1,Fasciola cinereum,Subiculum,Postrhinal cortex,Presubiculum,Parasubiculum,Perirhinal area 35,Perirhinal area 36,Medial entorhinal cortex,Lateral entorhinal cortex,Primary auditory area,"Secondary auditory area, dorsal part","Secondary auditory area, ventral part","Piriform cortex, layer 1","Piriform cortex, layer 2","Piriform cortex, layer 3",Ventrolateral orbital area,Lateral orbital area,Ventral orbital area,Medial orbital area,Dorsolateral orbital area,Prelimbic area,Secondary motor area,Frontal association area 3,Primary motor area,"Agranular insular cortex, ventral area",Agranular insular cortex dorsal area,Cingulate area 1,Infralimbic area,Dysgranular insular cortex,Granular insular cortex,"Primary somatosensory area, forelimb representation","Primary somatosensory area, dysgranular zone","Primary somatosensory area, face representation",Secondary somatosensory area,"Primary somatosensory area, hindlimb representation","Agranular insular cortex, posterior area","Primary somatosensory area, barrel field",Retrosplenial dysgranular area,"Primary somatosensory area, trunk representation",Retrosplenial granular area,"Parietal association cortex, lateral area","Parietal association cortex, medial area","Parietal association cortex, posterior area",Primary visual area,"Secondary visual area, lateral part",Temporal association cortex,"Secondary visual area, medial part",Nucleus of the lateral olfactory tract
0.0,0.46703891789750096,0.31480976513809483,0.42631391210371683,0.5479141061458601,0.9016751952982922,0.8759360473758625,0.9304916247566629,0.9153876096031778,0.7022271441346609,0.8396534577627384,0.7918694185631638,0.7752844651947235,0.7217714458388278,0.6719897386331363,0.7562705068755752,0.7459552884469963,0.7785999101889518,0.7931556088915149,0.8233467419191469,0.8024961359012907,0.8459581647245176,0.9002407455595384,0.9738495872052335,0.7840061012826132,0.7268471180845317,0.7721022920135657,0.7825497230066527,0.6392694684242913,0.8160533317697902,0.8119315610156165,0.7696168394776053,0.8227643325853795,0.7858468751347248,0.7888279499806358,0.951094258115313,0.9139438793222716,0.8132016164587743,0.8077026767997926,0.831637023406741,0.8319041690096104,0.8096795060313895,0.777694962255869,0.9137278782510372,0.7692640850348974,0.8712114271175204,0.8768980111693223,0.8777023150659118,0.8710715455260399,0.7244625184101318,0.6952277347809726,0.8010627444199631,0.8332628615293913,0.9032056639831292,0.7413196119510381,0.9428204446745331,0.954016941994573
0.46703891789750096,0.0,0.4521673421930029,0.5958966742116962,0.8201247178103231,0.4189692341491408,0.4207397288231941,0.5148513511186893,0.4497617397777044,0.2638074788439273,0.4251904869267022,0.4355911391985802,0.38509389107699504,0.4628384804275898,0.5059547331876177,0.558413529529856,0.4274797441441913,0.486434291725911,0.6030192294463147,0.5420635978955965,0.5522146514192838,0.4613618761241907,0.5035272868294627,0.43412451049936207,0.6683960318713266,0.6283944611940673,0.6325066295236733,0.6057283511515923,0.7207792742632866,0.6030624682721949,0.5941353219392396,0.5056411077610745,0.4330823990829857,0.43628411473175777,0.45696083982817565,0.4907037953111446,0.45000354347004845,0.47110567849570834,0.4749736017864874,0.3571291657653451,0.3285005297202615,0.4224485909463346,0.5154886441044952,0.3935168054066675,0.4740627118125194,0.4092354693340324,0.3697362312499373,0.44071983450489527,0.3993917050809605,0.3668163915975133,0.357654491584871,0.36667784478748966,0.44604667898003025,0.4399630162331906,0.45730961083367466,0.47133006480554535,0.505030021287836
0.31480976513809483,0.4521673421930029,0.0,0.8613103950194029,0.5982611414899871,0.34509080166253076,0.358583450282413,0.36983786841271654,0.3579931429159148,0.23085669951092708,0.33177625457395415,0.3776614143579199,0.37010025541288233,0.41928094762271767,0.4687372706466929,0.4152015100315824,0.3548448727279588,0.39981393084518646,0.4431127029088205,0.37706620592507883,0.4080420536207853,0.3534032483517965,0.3567127793641209,0.3503637381952735,0.4944801724032712,0.45319922330927626,0.5117968467468792,0.5549789342568578,0.5574015936402685,0.4648687778924993,0.5042558227623178,0.4594375644581657,0.3724825908745062,0.39584147824200494,0.4667457198767621,0.37010451326343,0.3418449684445141,0.35304797688674816,0.36214139743608953,0.30833818780046457,0.2576574642082457,0.3790736512122198,0.3848800930476373,0.306731643031787,0.35564980856198125,0.3253426158835986,0.3636361245349419,0.3295669077461131,0.3641586068355164,0.3145728300236129,0.28641886882671524,0.34586102087953846,0.3992671825704584,0.36681567483142746,0.3826333487453,0.3648984103759463,0.3584915490564257
0.42631391210371683,0.5958966742116962,0.8613103950194029,0.0,0.7823180689074861,0.4494293324085813,0.4628980674413914,0.4747832085296277,0.4762819841843946,0.283609220305212,0.4272402148802987,0.4831979746891659,0.47370649396165415,0.5372805132293184,0.5825744904220113,0.5566262932959593,0.45377375940066755,0.5122392079328799,0.5614536630767797,0.49178917507128395,0.5512614506930187,0.4941229548607435,0.4784790876968157,0.4681298330490619,0.6742261112405097,0.6138808925549885,0.6711621151571429,0.6940192058458742,0.7406334801100128,0.6137651278010616,0.6526855323767942,0.596421282686781,0.48857403705966657,0.49986091072720135,0.6115022042812106,0.48552686354903646,0.4634664983895947,0.48426803526746404,0.4906291345242197,0.41009231948389,0.3376798511961735,0.4747564124247043,0.5201870369430907,0.39198895375786014,0.4614742756080595,0.4205019542364092,0.4764998587824941,0.4451508729180224,0.4578206079762461,0.396315917503738,0.3623183272344993,0.430107168477892,0.5104368246064943,0.4741130197797849,0.48599192893785875,0.4770094946269777,0.4827575431456964
0.5479141061458601,0.8201247178103231,0.5982611414899871,0.7823180689074861,0.0,0.5524941076078721,0.5406751286880657,0.6374543393221934,0.5819691638544116,0.32630516507022334,0.5328194591007578,0.5821876374764829,0.5229241171976958,0.6092526923476728,0.7124346892441146,0.7044432826543281,0.5355375430495185,0.6241037273602299,0.7750980712667424,0.6572297865489122,0.7247134134472947,0.5931751524920094,0.6081489521206428,0.594129053440968,0.828511821758764,0.8314664814787153,0.8191640767617306,0.8277379727397846,0.9558964569295236,0.7811097579556368,0.8227186883015505,0.7112336565693591,0.6105591726171277,0.6033134296757887,0.7095066095415098,0.6161711664760924,0.5907465964040702,0.6058952367743392,0.6012555551588277,0.4710570914950825,0.41327580589977253,0.5767726639915365,0.6577278944479537,0.48566445726324126,0.5892842489211484,0.5091228069950369,0.5220323063712358,0.5533864287046975,0.5361988518687542,0.45781503128404816,0.41507681040002886,0.4981048425565576,0.5763330073351495,0.6193277723033067,0.6005100383163904,0.5963852798329529,0.6377005342392271
0.9016751952982922,0.4189692341491408,0.34509080166253076,0.4494293324085813,0.5524941076078721,0.0,1.0,0.9446693364410035,0.97072345810512,0.7824317379735579,0.9311050748090544,0.9941489962730979,0.996737117382656,0.9418000132424834,0.7992736151225084,0.7918842714861811,0.8707453776455989,0.8950698077196243,0.7810135827896277,0.8358783613463358,0.820410505236454,0.8670061495155443,0.823592521446384,0.914573891536695,0.7669266955903976,0.6662057456584677,0.7794636186661362,0.794241084823638,0.6051444451421878,0.7964415556019322,0.7197931291686058,0.740437838615076,0.8125940991646966,0.8929961572197919,0.8669688437956243,0.9234961712998019,0.8622888375552111,0.9179483438351168,0.8709123732985649,0.9125718127933354,0.8832103567220896,0.9148649086427191,0.8768623277275475,0.901070263590953,0.8384985180247775,0.8709938680378916,0.9122070016998758,0.9316033252269644,1.0,0.8489928401272357,0.8344206052049029,0.9392420255997894,1.0,1.0,0.8491372830582974,0.9298376551072123,0.9950244175807501
0.8759360473758625,0.4207397288231941,0.358583450282413,0.4628980674413914,0.5406751286880657,1.0,0.0,0.9813660576125142,0.9971669397095055,0.8806862659073276,0.9481076815381732,1.0,0.9699712597679865,0.9016113854143448,0.8066201033735902,0.8158804245720707,0.9456986110210711,0.8600655959602793,0.8127259088223016,0.8862744302099902,0.8555306214194972,0.929184237627968,0.8831304771943137,0.9944979632413519,0.7745825182196281,0.723500366583889,0.7866293763269283,0.8060739101864651,0.653607964656963,0.8289635412724797,0.7786041659450538,0.8268552357639021,0.8387317616387395,0.940854208899975,0.9247213999776281,0.9166335431181867,0.940009013309037,0.9609631332976498,0.8945074084969123,0.9393032276526726,0.8859607865385896,0.9151274542287228,0.9602995915795477,0.9781856434168422,0.9188142909608323,0.9749839655034073,1.0,0.9618238912870019,0.9825940851324408,0.9236351644748206,0.8343138226577589,0.9574429956034468,0.9593864702418957,1.0,0.8691838257681332,1.0,0.9286169686574772
0.9304916247566629,0.5148513511186893,0.36983786841271654,0.4747832085296277,0.6374543393221934,0.9446693364410035,0.9813660576125142,0.0,0.9896947935620914,0.7188890642623806,0.8697655645715809,0.8968420408960244,0.8373461289340773,0.8653522399833447,0.8855907538803901,0.8612452858104201,0.8590494282264053,0.87220879363356,0.8646359526316207,0.9390383612904413,0.890995797954938,0.9727531220820028,0.8901688286323278,1.0,0.8680375588707115,0.7549432952292572,0.8690555945763797,0.8142180628375256,0.7483530206274192,0.8734506943433663,0.8386596053966213,0.8397094718302808,0.886513723529811,0.8645347930709932,0.9180694365573462,0.9588313832206513,0.9557262273175468,0.9654839288023014,0.9436391035737398,0.8927709501444948,0.8672157994911804,0.9589206269556357,0.9713623847670895,0.9246738452482279,0.9236825868415589,0.9893673047567826,0.9422055928202505,0.9878864664260741,0.9980544389073032,0.8981668167498108,0.7433975266344032,0.8294344687287926,0.942645135503792,1.0,0.8995488875165193,1.0,0.9737930249919888
0.9153876096031778,0.4497617397777044,0.3579931429159148,0.4762819841843946,0.5819691638544116,0.97072345810512,0.9971669397095055,0.9896947935620914,0.0,0.7896181382438605,0.9913244109653845,0.9989420372774533,0.8530407138508218,0.8721631031822161,0.8498333914826333,0.9215155129608347,0.9239561452516981,0.9338247258617236,0.8228153725855846,0.9436086224514637,0.8553661954211528,0.9487476725190596,0.9578306750698892,0.9812748196394069,0.8142636102002199,0.7861839808041011,0.8457589704346953,0.8041004291934755,0.6877093462950943,0.9227249213124679,0.7982175165702328,0.8635786852134537,0.9439393472842598,0.9663557742698462,0.9211087649544247,0.9167153525102045,0.9012593539707696,0.9545852072429658,0.9595783630558087,0.976386471699616,0.9744115054886113,0.9547530116160143,0.9524790868455238,0.922908486002803,0.9026028220595291,0.9694099715590171,0.9821095570386317,0.9887620922467054,0.9932788183364015,0.9308809984602374,0.8905560672844965,0.8254397032993059,0.995789494652275,0.995641850496327,0.9015855558795358,1.0,0.9542685816950881
0.7022271441346609,0.2638074788439273,0.23085669951092708,0.283609220305212,0.32630516507022334,0.7824317379735579,0.8806862659073276,0.7188890642623806,0.7896181382438605,0.0,0.7655679124818769,0.8608761480486031,0.7987287286502143,0.6554926812229533,0.5945223708452934,0.5911184027522512,0.717056974399406,0.6989081912806119,0.5353648063421235,0.6906267157327368,0.5587986823882114,0.7299704067219482,0.6201606112936389,0.7109416878344198,0.4672336756419752,0.463590191005698,0.49967868852491537,0.5080821702571845,0.41570360601623674,0.5804613635795077,0.5138081740565786,0.5748490595235249,0.6631168409302152,0.7455074839988782,0.6272315307778152,0.6431240637133663,0.6836984793708246,0.7437293513558516,0.6518182073587694,0.88990821841208,0.8904604969823651,0.7253052550520602,0.6531199561185352,0.8352940532716155,0.7075963429472489,0.8036601953023004,0.844674142008604,0.7490049045456221,0.8399991830153793,0.7908382840093464,0.774860827292485,0.7477562223005251,0.7440882440298948,0.7768683662375844,0.6726850506765238,0.7552576811778412,0.717709138361437
0.8396534577627384,0.4251904869267022,0.33177625457395415,0.4272402148802987,0.5328194591007578,0.9311050748090544,0.9481076815381732,0.8697655645715809,0.9913244109653845,0.7655679124818769,0.0,0.9696950786342718,0.8979974139129887,0.8624476484165453,0.7313649769083561,0.8138698491057054,0.8894936770659392,0.8523089886057797,0.7312153174967544,0.8312064952565436,0.8186334679556365,0.8425813583756764,0.8205182082384161,0.893195002813287,0.7296060111374892,0.6568216057910845,0.728871367416538,0.7298387110085649,0.6445335746985561,0.7417632094989807,0.70792081830945,0.7153983487118326,0.8391551255755315,0.848853181028882,0.803119212156621,0.7724453775929973,0.8535528415528634,0.8751040439660418,0.8651284457361055,0.9103463255150126,0.823613638261363,0.8508859817577494,0.8443897367093705,0.8514757755127568,0.8514567820310762,0.8818216186721306,0.9164077172521934,0.9085235459108074,0.9580376304523247,0.9023924155278847,0.856368487532508,0.861886309448683,0.9374369193424118,0.9403592641538697,0.8592284930137408,0.9796459235377107,0.9530078157830418
0.7918694185631638,0.4355911391985802,0.3776614143579199,0.4831979746891659,0.5821876374764829,0.9941489962730979,1.0,0.8968420408960244,0.9989420372774533,0.8608761480486031,0.9696950786342718,0.0,0.9947569032208713,1.0,0.9161401021588272,0.9432317029058754,0.9330789683344551,1.0,0.8036952616474861,0.9734327317221106,0.8530259719221159,0.948964706312687,0.8145150671857656,0.9730204093996123,0.7536394340380891,0.7204162671177698,0.7804202550689762,0.8046045574459213,0.6902469061922117,0.8927934700633087,0.7515150042412521,0.8070443871905716,0.8439955562215573,0.9384257846325255,0.9543399545534222,0.8621454237195699,0.9106532661316804,0.9155489449290753,0.9411120490877806,0.9012738763134842,0.8938302152500284,0.9098660426682867,0.9296564530528437,0.9300779362524918,0.9685066745786985,0.9058731406914552,0.9803401140162326,0.9142486775703405,1.0,0.9910210565281066,0.9330326191245991,0.8689022331391274,0.9976401974557986,0.9800224335946176,1.0,1.0,0.9809508498184564
0.7752844651947235,0.38509389107699504,0.37010025541288233,0.47370649396165415,0.5229241171976958,0.996737117382656,0.9699712597679865,0.8373461289340773,0.8530407138508218,0.7987287286502143,0.8979974139129887,0.9947569032208713,0.0,0.975683490026833,0.7997455134957082,0.768090876821075,0.8670184627409757,0.8618243742946865,0.7005594835184318,0.7758930284680756,0.7240714901824661,0.7425225103568548,0.7121185454723928,0.8299630004274541,0.6605873792632819,0.6125438761640115,0.684538485549367,0.7516483719966888,0.5904663556068606,0.7371745757805601,0.6820678505434244,0.6636235935169152,0.7161955301218863,0.8370490674348788,0.8020476739679973,0.7361624887825424,0.8437095805024368,0.8366704923009468,0.7649856830606485,0.7991686201541099,0.7590204717298021,0.8508381501125917,0.8252358874554848,0.795217378309702,0.7335757173184475,0.7963417151497921,0.8929924981538885,0.7440285328112267,0.8340901412251125,0.8748066138510711,0.7469573690957,0.9789040414362503,0.9467122709220324,0.8948621280816691,0.9176410049282029,0.864018918854456,0.9378552825952413
0.7217714458388278,0.4628384804275898,0.41928094762271767,0.5372805132293184,0.6092526923476728,0.9418000132424834,0.9016113854143448,0.8653522399833447,0.8721631031822161,0.6554926812229533,0.8624476484165453,1.0,0.975683490026833,0.0,0.8480686096689903,0.830292393326165,0.8246478798949203,0.889584318009526,0.776394516938419,0.8243057372599959,0.7887787263187908,0.7938055200722455,0.7623899028806851,0.8540442439992317,0.7495304882822439,0.6881768902927223,0.7732275584625408,0.8347783568624617,0.687577152382285,0.7905312278915333,0.7264169857015972,0.6999001591664892,0.7622312891192246,0.820297203483764,0.8962019242736466,0.8093826976146685,0.8171752987817125,0.8528326968957416,0.80505506869906,0.7472446779920506,0.7030788076133652,0.8897042440390671,0.8104045191539131,0.7653420057175864,0.786371001835657,0.824080281243123,0.8073414209979347,0.8327734204690439,0.9162457193050985,0.8479387964631452,0.7086911806413646,0.879517070706706,0.952620839396087,0.9775711932924641,0.8929998174974287,0.9303917422778922,0.8572361750101509
0.6719897386331363,0.5059547331876177,0.4687372706466929,0.5825744904220113,0.7124346892441146,0.7992736151225084,0.8066201033735902,0.8855907538803901,0.8498333914826333,0.5945223708452934,0.7313649769083561,0.9161401021588272,0.7997455134957082,0.8480686096689903,0.0,0.9179218120101947,0.8196761176104231,0.9052707483146356,0.8233080845777048,0.8657143558325678,0.8634823126025293,0.8149572700455898,0.8039814069444541,0.9064188771492331,0.8345075625531971,0.7813320906219946,0.8452529432478496,0.9007824623868764,0.8096439888301152,0.8893333141352341,0.849664597066382,0.8185372773736382,0.7733798745827745,0.8610799200609741,0.9187129383324311,0.7956304680349284,0.7846377002955645,0.8084603849399451,0.7777202669610815,0.7478815603236955,0.6930972368473169,0.8363015757274506,0.8654828396034724,0.7062140861835546,0.8357910018989761,0.7886396960542633,0.8611770151768947,0.78868659494063,0.8621794169454082,0.7418958537375064,0.6843732324939177,0.7208269146531671,0.8479978433867433,0.8469463611336001,0.8326967500356378,0.8583408285434871,0.834320639423143
0.7562705068755752,0.558413529529856,0.4152015100315824,0.5566262932959593,0.7044432826543281,0.7918842714861811,0.8158804245720707,0.8612452858104201,0.9215155129608347,0.5911184027522512,0.8138698491057054,0.9432317029058754,0.768090876821075,0.830292393326165,0.9179218120101947,0.0,0.8538245835527645,0.9521185007234122,0.93540027220367,0.9606487383086622,0.9526357882565991,0.9319718322964671,0.9170121720518816,0.8510065472889197,0.8949701205504161,0.8141849012897586,0.9022503204512327,0.8894629303512137,0.8591123855518102,0.9167593136750204,0.833340457996859,0.8900079672364528,0.8341959232794209,0.9657511003927799,0.8940428938944753,0.8399593397547803,0.9107422414090269,0.8759953116609831,0.7911553712384046,0.7883902379077473,0.6790624147684343,0.8337745765571594,0.927964425291244,0.7812063836932851,0.8471621061728056,0.8458411482883141,0.8046392425666888,0.8922298334117882,0.8478220007273082,0.7944833004142181,0.7855739167603122,0.7101197318937484,0.8217032749113136,0.884629161122297,0.8950774187953169,0.8992015928174422,0.8986738000303001
0.7459552884469963,0.4274797441441913,0.3548448727279588,0.45377375940066755,0.5355375430495185,0.8707453776455989,0.9456986110210711,0.8590494282264053,0.9239561452516981,0.717056974399406,0.8894936770659392,0.9330789683344551,0.8670184627409757,0.8246478798949203,0.8196761176104231,0.8538245835527645,0.0,0.940740792950616,0.8364076775384125,0.9066830000781496,0.8110612450655572,0.8378776294013025,0.7673463733415494,0.8417892505933939,0.6772579715898938,0.674398759517403,0.7661545336415941,0.7799513232478524,0.6847446777196343,0.8052378456553866,0.6912758640998996,0.7396270502390772,0.7281517433205882,0.9517773805903937,0.8276436243971514,0.7394832605472839,0.8550031727593264,0.8104471460515479,0.8281528592504254,0.8492402157352384,0.7439699537964083,0.8463814729533384,0.8425129239004946,0.8390506410529405,0.8430000728240522,0.8612086646622867,0.868791584101484,0.8057445891654401,0.8923115591660065,0.8956886038026348,0.9283288295369962,0.7259238464844867,0.9261878708960866,0.8740589725158645,0.868957945422528,0.9342677496296641,0.9004969468395637
0.7785999101889518,0.486434291725911,0.39981393084518646,0.5122392079328799,0.6241037273602299,0.8950698077196243,0.8600655959602793,0.87220879363356,0.9338247258617236,0.6989081912806119,0.8523089886057797,1.0,0.8618243742946865,0.889584318009526,0.9052707483146356,0.9521185007234122,0.940740792950616,0.0,0.9319609027654694,0.9132699474661665,0.8773974310461243,0.8458588636948674,0.8106368630582732,0.8733099586289504,0.7919832860505093,0.7139695667589393,0.8382728253194623,0.8699968469886116,0.7555445337907122,0.8904140840729958,0.7526754543914927,0.8030321124234524,0.7860610007647696,0.9651496228869872,0.8758336101608991,0.824344791886871,0.863677447702813,0.8373840748610809,0.8383762596451944,0.8035800074120963,0.7610005874608111,0.874525517200432,0.8922440091825318,0.8289465994087959,0.9260269208681459,0.8515482478321247,0.8894556640518435,0.8503869313850742,0.8934534689792832,0.8849160045403349,0.9057384907173478,0.7820858307038837,0.9480095735756205,0.9421834849900736,0.9923755238716868,0.982749966327087,0.9272920085450711
0.7931556088915149,0.6030192294463147,0.4431127029088205,0.5614536630767797,0.7750980712667424,0.7810135827896277,0.8127259088223016,0.8646359526316207,0.8228153725855846,0.5353648063421235,0.7312153174967544,0.8036952616474861,0.7005594835184318,0.776394516938419,0.8233080845777048,0.93540027220367,0.8364076775384125,0.9319609027654694,0.0,0.8801006111485911,0.966277853285551,0.8224448808343418,0.8749398452980978,0.8698888059579893,0.9609548562015039,0.9112358403384319,0.8986891281659187,0.9229660247090639,0.8540152026328216,0.9173634004773757,0.8351662541959379,0.868161868288129,0.8029744139997756,0.8356886770099929,0.8946031080846878,0.8209268564316712,0.8578602273232071,0.8130100302272735,0.8880115008139641,0.7518020417178154,0.6558948781648947,0.8081072556542982,0.8765578243460388,0.7545736590680866,0.85569194141426,0.7961723143566835,0.803836485492025,0.8632046522868168,0.8662507582642677,0.752429530633959,0.6819362388579332,0.7088065598239804,0.7921627087836492,0.878321917453491,0.8889052982317341,0.9145138034297822,0.9167741008014197
0.8233467419191469,0.5420635978955965,0.37706620592507883,0.49178917507128395,0.6572297865489122,0.8358783613463358,0.8862744302099902,0.9390383612904413,0.9436086224514637,0.6906267157327368,0.8312064952565436,0.9734327317221106,0.7758930284680756,0.8243057372599959,0.8657143558325678,0.9606487383086622,0.9066830000781496,0.9132699474661665,0.8801006111485911,0.0,0.9018230060424687,0.9397120842938229,0.8604427436839276,0.9094828702830171,0.8053141745952741,0.7636563568348298,0.7932309150655694,0.8543816841932099,0.7241604646962098,0.8885025546314255,0.7958422151087428,0.8072492676807376,0.8261236936454429,0.8965179758955533,0.8707027598404681,0.8281868516942186,0.8597853279134602,0.8737909020908193,0.9122769296769513,0.8316952519030726,0.7486626230285282,0.8662796895192998,0.9010315050551947,0.8399341878670505,0.9227023534092149,0.8818596656822559,0.8486476950063527,0.9174262199801786,0.9223295746459235,0.8419556066962113,0.7614152135319561,0.8098385162197508,0.8803422371355867,0.9736314006761537,0.9012320852863549,0.9769093491086814,0.940352982496882
0.8024961359012907,0.5522146514192838,0.4080420536207853,0.5512614506930187,0.7247134134472947,0.820410505236454,0.8555306214194972,0.890995797954938,0.8553661954211528,0.5587986823882114,0.8186334679556365,0.8530259719221159,0.7240714901824661,0.7887787263187908,0.8634823126025293,0.9526357882565991,0.8110612450655572,0.8773974310461243,0.966277853285551,0.9018230060424687,0.0,0.884044505935079,0.8672760222645809,0.9214063549571344,0.9150289294155552,0.8259517556077925,0.9263771099834297,0.8532048107500443,0.8537468737376209,0.9235604560465094,0.8655266465816328,0.8559494134720931,0.7863850345460772,0.9163351667486099,0.847698889746419,0.8399073439591006,0.8504833353646212,0.8804556315705103,0.8309519855237407,0.7631106488397348,0.6668370185331017,0.81716370588857,0.8869965405303581,0.8083213783300331,0.8814382574952045,0.8217114965069588,0.8169392745913343,0.8861668555735738,0.8244397395128493,0.7961861445049087,0.6922178449381908,0.7200735112112431,0.8759936496454453,0.8521855424820103,0.8574796621165355,0.9466699345886269,0.9213780482663425
0.8459581647245176,0.4613618761241907,0.3534032483517965,0.4941229548607435,0.5931751524920094,0.8670061495155443,0.929184237627968,0.9727531220820028,0.9487476725190596,0.7299704067219482,0.8425813583756764,0.948964706312687,0.7425225103568548,0.7938055200722455,0.8149572700455898,0.9319718322964671,0.8378776294013025,0.8458588636948674,0.8224448808343418,0.9397120842938229,0.884044505935079,0.0,0.8888949375617786,1.0,0.8518634827898334,0.7932984919004811,0.8271970923457376,0.8362643377670643,0.7682738701045404,0.9066926863610294,0.8596313499868482,0.9132271078784865,0.896539241840016,0.9391272454780384,0.9060540496648998,0.9208699089483912,0.9327308682831482,0.9250152791103202,0.9435102922593603,0.984227672570197,0.8825808946086333,0.9252643943087997,0.9053946676364553,0.9721708967405938,0.9094705696451729,0.9871528775590825,0.9422386238707259,0.9782112143977304,0.9555393540836532,0.8364150795276007,0.7995874852763124,0.8007815570550638,0.8476374913777022,0.9592072093344122,0.8364424031183818,0.9819620645551835,0.9152312540015912
0.9002407455595384,0.5035272868294627,0.3567127793641209,0.4784790876968157,0.6081489521206428,0.823592521446384,0.8831304771943137,0.8901688286323278,0.9578306750698892,0.6201606112936389,0.8205182082384161,0.8145150671857656,0.7121185454723928,0.7623899028806851,0.8039814069444541,0.9170121720518816,0.7673463733415494,0.8106368630582732,0.8749398452980978,0.8604427436839276,0.8672760222645809,0.8888949375617786,0.0,0.9237536711240912,0.8285493640766268,0.7824703517936874,0.8603002201175967,0.8081777140906793,0.7424630291910087,0.8848102751775383,0.8318931312054058,0.8056378922490992,0.8534640672276331,0.8852145133001941,0.7982521237218736,0.8430004234970477,0.8984461589792903,0.8701938250641309,0.8454115310403381,0.8467960512306794,0.7627059331576359,0.8013410189172491,0.8867167279846482,0.7815250436980521,0.8815012237423555,0.8716461655494409,0.857039308937652,0.9480425111462286,0.8990592466723235,0.7572310669333493,0.7301294065706203,0.7063533464756652,0.8345491690541101,0.8695638959653486,0.7886283357133098,0.8854523660445246,0.8805801422380727
0.9738495872052335,0.43412451049936207,0.3503637381952735,0.4681298330490619,0.594129053440968,0.914573891536695,0.9944979632413519,1.0,0.9812748196394069,0.7109416878344198,0.893195002813287,0.9730204093996123,0.8299630004274541,0.8540442439992317,0.9064188771492331,0.8510065472889197,0.8417892505933939,0.8733099586289504,0.8698888059579893,0.9094828702830171,0.9214063549571344,1.0,0.9237536711240912,0.0,0.8843985806909921,0.8129758061478592,0.8613517225697733,0.8073935828681512,0.7502245129961104,0.9983540769503776,0.8811826075656479,0.895775362259779,0.9703782297782323,0.9687081954134179,0.9093780573300008,0.9559104333231364,0.9684154556046379,0.9982581405962523,0.90798192366053,0.961671513301612,0.8945452314174953,0.923013824556604,0.9537161285155198,0.9564044440154716,0.9715357071959764,1.0,0.9580201843115036,1.0,1.0,0.8624334570303747,0.8461299016465702,0.8762397442715051,0.9348614078968357,0.9796546966174922,0.857289370366654,1.0,0.8967262023690663
0.7840061012826132,0.6683960318713266,0.4944801724032712,0.6742261112405097,0.828511821758764,0.7669266955903976,0.7745825182196281,0.8680375588707115,0.8142636102002199,0.4672336756419752,0.7296060111374892,0.7536394340380891,0.6605873792632819,0.7495304882822439,0.8345075625531971,0.8949701205504161,0.6772579715898938,0.7919832860505093,0.9609548562015039,0.8053141745952741,0.9150289294155552,0.8518634827898334,0.8285493640766268,0.8843985806909921,0.0,0.9074063031415419,0.9934290863618482,0.9658694679856658,0.9855921487709509,0.9882966307904001,0.9908637882151603,0.9515139203630635,0.9406419743266515,0.8160388353335436,0.9062594987673483,0.890700111973315,0.7969795536500753,0.7757428923537993,0.806891161412986,0.6830945841864154,0.6201330037400091,0.7768087217894284,0.8621098480969399,0.7131084428817976,0.8333084837941965,0.7351932482867402,0.7732668141854426,0.7804690172994461,0.7773065053776194,0.6490149720794013,0.5961479168652107,0.6556725727648598,0.770281214030646,0.7837555605312774,0.7512844680132749,0.8723280587587632,0.8444174570406564
0.7268471180845317,0.6283944611940673,0.45319922330927626,0.6138808925549885,0.8314664814787153,0.6662057456584677,0.723500366583889,0.7549432952292572,0.7861839808041011,0.463590191005698,0.6568216057910845,0.7204162671177698,0.6125438761640115,0.6881768902927223,0.7813320906219946,0.8141849012897586,0.674398759517403,0.7139695667589393,0.9112358403384319,0.7636563568348298,0.8259517556077925,0.7932984919004811,0.7824703517936874,0.8129758061478592,0.9074063031415419,0.0,0.921058666330492,0.9349882163262844,0.9268952528050718,0.9819330577640887,0.9536563470694642,0.9140811581524769,0.7998004404696476,0.814528310702447,0.8330914671007991,0.8058741533824403,0.7551045595510811,0.7566237555601094,0.7633314501380423,0.6751405861825154,0.6085010143044107,0.7400933294974603,0.7717016400221505,0.6744049657800559,0.793887932724658,0.7139119188107013,0.7408856350713257,0.7942515147394583,0.7820837112723198,0.6153512781022074,0.5809038857015908,0.6168152814032628,0.7419040925712806,0.717184999143503,0.7359635593987915,0.781625477094605,0.7765976893827597
0.7721022920135657,0.6325066295236733,0.5117968467468792,0.6711621151571429,0.8191640767617306,0.7794636186661362,0.7866293763269283,0.8690555945763797,0.8457589704346953,0.49967868852491537,0.728871367416538,0.7804202550689762,0.684538485549367,0.7732275584625408,0.8452529432478496,0.9022503204512327,0.7661545336415941,0.8382728253194623,0.8986891281659187,0.7932309150655694,0.9263771099834297,0.8271970923457376,0.8603002201175967,0.8613517225697733,0.9934290863618482,0.921058666330492,0.0,0.9635469024658025,0.9422627122873962,0.9681857814014883,0.9961143203378899,0.9649141456788288,0.8469433921223071,0.8848380866818747,0.9048982956741872,0.8256436632226589,0.8344685368764607,0.8075520749247466,0.856417943737483,0.7384081967426993,0.62175457577623,0.7734022644791027,0.8756926855900776,0.7313986935558263,0.8005437431113263,0.7962147576328994,0.7934301988666785,0.8173322609598046,0.7594056241886582,0.6944667575023433,0.6330058814226777,0.6899444863247383,0.7899012667203346,0.8512266080099666,0.8095333236300931,0.8443335017631146,0.8722479514164289
0.7825497230066527,0.6057283511515923,0.5549789342568578,0.6940192058458742,0.8277379727397846,0.794241084823638,0.8060739101864651,0.8142180628375256,0.8041004291934755,0.5080821702571845,0.7298387110085649,0.8046045574459213,0.7516483719966888,0.8347783568624617,0.9007824623868764,0.8894629303512137,0.7799513232478524,0.8699968469886116,0.9229660247090639,0.8543816841932099,0.8532048107500443,0.8362643377670643,0.8081777140906793,0.8073935828681512,0.9658694679856658,0.9349882163262844,0.9635469024658025,0.0,0.9240052112253907,0.9685621800118689,0.9524699866880253,0.845120687300012,0.7715204940960569,0.8405917789533158,0.9478976054459491,0.7878864010137626,0.8209176115785187,0.8313396122240071,0.7991899800288115,0.6882891569938346,0.6229099723732697,0.822735909508792,0.8553692207196274,0.6824725814453133,0.8117164562067753,0.7356491518092987,0.794304110219552,0.7516430466441051,0.7630375948735864,0.6875015956494431,0.6316951013250653,0.7389001306870464,0.8305192260645474,0.8325609920200333,0.7783713558552503,0.8490881691920309,0.800594634218201
0.6392694684242913,0.7207792742632866,0.5574015936402685,0.7406334801100128,0.9558964569295236,0.6051444451421878,0.653607964656963,0.7483530206274192,0.6877093462950943,0.41570360601623674,0.6445335746985561,0.6902469061922117,0.5904663556068606,0.687577152382285,0.8096439888301152,0.8591123855518102,0.6847446777196343,0.7555445337907122,0.8540152026328216,0.7241604646962098,0.8537468737376209,0.7682738701045404,0.7424630291910087,0.7502245129961104,0.9855921487709509,0.9268952528050718,0.9422627122873962,0.9240052112253907,0.0,0.9727832910608404,0.9528512241976976,0.9249474689964591,0.7470951265164536,0.7513650787071706,0.855287166771671,0.7297707735134809,0.6838197254237838,0.7051685415230815,0.732613537648653,0.6325887435837284,0.512640218755413,0.7016910534592156,0.7893793854360287,0.6249414253136287,0.7195873573393813,0.6656486123693244,0.6735694584115228,0.7098327890219402,0.6691660445019293,0.590299465551877,0.5643791950879906,0.5618929722926367,0.6898824801404011,0.6911052207905458,0.6822134976209092,0.7488137430568413,0.7414271683286787
0.8160533317697902,0.6030624682721949,0.4648687778924993,0.6137651278010616,0.7811097579556368,0.7964415556019322,0.8289635412724797,0.8734506943433663,0.9227249213124679,0.5804613635795077,0.7417632094989807,0.8927934700633087,0.7371745757805601,0.7905312278915333,0.8893333141352341,0.9167593136750204,0.8052378456553866,0.8904140840729958,0.9173634004773757,0.8885025546314255,0.9235604560465094,0.9066926863610294,0.8848102751775383,0.9983540769503776,0.9882966307904001,0.9819330577640887,0.9681857814014883,0.9685621800118689,0.9727832910608404,0.0,1.0,0.9751533131095469,0.9091568226555354,0.9146085807208597,0.9693395838097936,0.9271089458796725,0.8737958355086163,0.8966461781448078,0.9242532896919723,0.7947092615512373,0.6814767752895802,0.8838904439652746,0.9676949580132262,0.7987867528658849,0.9280138551400497,0.8552955080389234,0.8817804622662266,0.888114468328267,0.8703510641264286,0.7505382511350489,0.6991179317573507,0.7192100584566465,0.8412549588896672,0.8786608444559169,0.7855431482180204,0.9149717878277985,0.8452292732646102
0.8119315610156165,0.5941353219392396,0.5042558227623178,0.6526855323767942,0.8227186883015505,0.7197931291686058,0.7786041659450538,0.8386596053966213,0.7982175165702328,0.5138081740565786,0.70792081830945,0.7515150042412521,0.6820678505434244,0.7264169857015972,0.849664597066382,0.833340457996859,0.6912758640998996,0.7526754543914927,0.8351662541959379,0.7958422151087428,0.8655266465816328,0.8596313499868482,0.8318931312054058,0.8811826075656479,0.9908637882151603,0.9536563470694642,0.9961143203378899,0.9524699866880253,0.9528512241976976,1.0,0.0,0.8998499798866332,0.928425473710229,0.8240707708078815,0.9476586250635771,0.9088658824340936,0.811494457890323,0.787983381332931,0.8393618237991594,0.7420163894181986,0.6484033287001036,0.7995604242664043,0.8157769126126554,0.7243686610275449,0.8067138433752554,0.751318381577309,0.8132972147885386,0.8184727611415723,0.8515480527119338,0.6591572417185914,0.5842511253724855,0.681735959464118,0.791411900703692,0.7933811921171404,0.7352757865181818,0.890467493701732,0.7936484255508717
0.7696168394776053,0.5056411077610745,0.4594375644581657,0.596421282686781,0.7112336565693591,0.740437838615076,0.8268552357639021,0.8397094718302808,0.8635786852134537,0.5748490595235249,0.7153983487118326,0.8070443871905716,0.6636235935169152,0.6999001591664892,0.8185372773736382,0.8900079672364528,0.7396270502390772,0.8030321124234524,0.868161868288129,0.8072492676807376,0.8559494134720931,0.9132271078784865,0.8056378922490992,0.895775362259779,0.9515139203630635,0.9140811581524769,0.9649141456788288,0.845120687300012,0.9249474689964591,0.9751533131095469,0.8998499798866332,0.0,0.906030960096587,0.9415272022215866,0.9443388804839148,0.9154614919523582,0.7919150473502747,0.8708898155573649,0.8485300279125988,0.7931601228987483,0.6558468891196754,0.8166170828027774,0.8806504222800268,0.8093056295274242,0.8543909541110078,0.8283994344769063,0.8709552579894178,0.8377264237745458,0.8476277940710178,0.7001693010581714,0.6727439311759342,0.6737484631996129,0.7689394099263283,0.7899770114490532,0.8014829420557354,0.855074023464759,0.7896143538735094
0.8227643325853795,0.4330823990829857,0.3724825908745062,0.48857403705966657,0.6105591726171277,0.8125940991646966,0.8387317616387395,0.886513723529811,0.9439393472842598,0.6631168409302152,0.8391551255755315,0.8439955562215573,0.7161955301218863,0.7622312891192246,0.7733798745827745,0.8341959232794209,0.7281517433205882,0.7860610007647696,0.8029744139997756,0.8261236936454429,0.7863850345460772,0.896539241840016,0.8534640672276331,0.9703782297782323,0.9406419743266515,0.7998004404696476,0.8469433921223071,0.7715204940960569,0.7470951265164536,0.9091568226555354,0.928425473710229,0.906030960096587,0.0,0.9015323171974904,0.8709820510130825,0.9235626955773389,0.9325994422707305,0.8787026332447787,0.8688404394692796,0.8496203916288059,0.7964423621548812,0.8065146215200509,0.8644937465360525,0.8478650483983835,0.8889467320296597,0.8690265519566781,0.9038091044543431,0.9396525207061929,0.9323929667396582,0.7849230784598041,0.7059118513884901,0.72342135672636,0.7955456225039819,0.8855353633318788,0.757869159301307,0.8916984416421235,0.8539057285597155
0.7858468751347248,0.43628411473175777,0.39584147824200494,0.49986091072720135,0.6033134296757887,0.8929961572197919,0.940854208899975,0.8645347930709932,0.9663557742698462,0.7455074839988782,0.848853181028882,0.9384257846325255,0.8370490674348788,0.820297203483764,0.8610799200609741,0.9657511003927799,0.9517773805903937,0.9651496228869872,0.8356886770099929,0.8965179758955533,0.9163351667486099,0.9391272454780384,0.8852145133001941,0.9687081954134179,0.8160388353335436,0.814528310702447,0.8848380866818747,0.8405917789533158,0.7513650787071706,0.9146085807208597,0.8240707708078815,0.9415272022215866,0.9015323171974904,0.0,0.9713592152654623,0.8789065962829226,0.9012902317734998,0.8870723688036929,0.8902734262856791,0.9647929093038464,0.8171236430101025,0.9144304863184295,0.8700055058213217,0.8889262031386979,0.9093021657007919,0.9701644369918062,0.974653037887903,0.9756010402272415,0.9079657749112362,0.8496661153232671,0.8960884413042065,0.7837580833433708,0.8433784324691381,0.9514173305767838,0.9381537664284121,0.9975854214101383,0.8900074046388696
0.7888279499806358,0.45696083982817565,0.4667457198767621,0.6115022042812106,0.7095066095415098,0.8669688437956243,0.9247213999776281,0.9180694365573462,0.9211087649544247,0.6272315307778152,0.803119212156621,0.9543399545534222,0.8020476739679973,0.8962019242736466,0.9187129383324311,0.8940428938944753,0.8276436243971514,0.8758336101608991,0.8946031080846878,0.8707027598404681,0.847698889746419,0.9060540496648998,0.7982521237218736,0.9093780573300008,0.9062594987673483,0.8330914671007991,0.9048982956741872,0.9478976054459491,0.855287166771671,0.9693395838097936,0.9476586250635771,0.9443388804839148,0.8709820510130825,0.9713592152654623,0.0,0.8717398985470637,0.862906064068564,0.8770675514857366,0.8996041366990062,0.8135009650966076,0.7429112325577869,0.942726410670208,0.8735863064907299,0.8364331586835918,0.9057777300444858,0.8475624057552689,0.9351442748263394,0.902468029529733,0.9249768061958781,0.783098962836143,0.7202100883638121,0.7407684644159224,0.9053196998086218,0.9406726164716518,0.8529951616547454,0.9018900321369768,0.9168144190266387
0.951094258115313,0.4907037953111446,0.37010451326343,0.48552686354903646,0.6161711664760924,0.9234961712998019,0.9166335431181867,0.9588313832206513,0.9167153525102045,0.6431240637133663,0.7724453775929973,0.8621454237195699,0.7361624887825424,0.8093826976146685,0.7956304680349284,0.8399593397547803,0.7394832605472839,0.824344791886871,0.8209268564316712,0.8281868516942186,0.8399073439591006,0.9208699089483912,0.8430004234970477,0.9559104333231364,0.890700111973315,0.8058741533824403,0.8256436632226589,0.7878864010137626,0.7297707735134809,0.9271089458796725,0.9088658824340936,0.9154614919523582,0.9235626955773389,0.8789065962829226,0.8717398985470637,0.0,0.8621170297362142,0.877303174684068,0.9146869988256799,0.8675555896844115,0.8131044111818525,0.8238061538458342,0.8943812142534043,0.8937936845614362,0.9186192851175903,0.8487622122748066,0.8430393489792929,0.9582917949835164,0.8998445261328486,0.7930765424206482,0.7345138703961763,0.789120150156596,0.7721384507862578,0.8721676670312825,0.8003930857239738,0.9376162836829225,0.8750136890787907
