Cingulate area 2,Glomerular layer of the accessory olfactory bulb,Glomerular layer of the olfactory bulb,"Olfactory bulb, unspecified",Frontal association cortex,Cornu ammonis 3,Dentate gyrus,Cornu ammonis 2,Cornu ammonis 1,Fasciola cinereum,Subiculum,Postrhinal cortex,Presubiculum,Parasubiculum,Perirhinal area 35,Perirhinal area 36,Medial entorhinal cortex,Lateral entorhinal cortex,Primary auditory area,"Secondary auditory area, dorsal part","Secondary auditory area, ventral part","Piriform cortex, layer 1","Piriform cortex, layer 2","Piriform cortex, layer 3",Ventrolateral orbital area,Lateral orbital area,Ventral orbital area,Medial orbital area,Dorsolateral orbital area,Prelimbic area,Secondary motor area,Frontal association area 3,Primary motor area,"Agranular insular cortex, ventral area",Agranular insular cortex dorsal area,Cingulate area 1,Infralimbic area,Dysgranular insular cortex,Granular insular cortex,"Primary somatosensory area, forelimb representation","Primary somatosensory area, dysgranular zone","Primary somatosensory area, face representation",Secondary somatosensory area,"Primary somatosensory area, hindlimb representation","Agranular insular cortex, posterior area","Primary somatosensory area, barrel field",Retrosplenial dysgranular area,"Primary somatosensory area, trunk representation",Retrosplenial granular area,"Parietal association cortex, lateral area","Parietal association cortex, medial area","Parietal association cortex, posterior area",Primary visual area,"Secondary visual area, lateral part",Temporal association cortex,"Secondary visual area, medial part",Nucleus of the lateral olfactory tract
0.0,0.1654970125221902,0.2619417482912523,0.35859698757093345,0.4081554391319186,0.8215243177291791,0.8222650056590861,0.7183771645448497,0.7613815408548118,0.7349383951521078,0.6487157259501598,0.763292988209773,0.7560597338631526,0.68735957330334,0.7371103813520499,0.668838541068501,0.7452452586720293,0.7048091556015662,0.7178187317521274,0.8211287768863571,0.6288983235499593,0.8382249351162687,0.7725727583892484,0.7918126403728305,0.6163459010294062,0.6902134342207653,0.5907876193898773,0.439013190018353,0.5638847206479944,0.7285758069039835,0.7334469843971173,0.7314940726372903,0.8938778235375854,0.7864917472804754,0.778791688168343,0.9312485814890552,0.7950344382705019,0.7858234607528579,0.8421524380880189,0.8396912306664481,0.8820834328312109,0.7408782489737433,0.8534891706294182,0.7363721878138249,0.8364311077665046,0.8822851089405742,0.7289815093713071,0.8181556895639497,0.7889009306291372,0.706946080153789,0.5910618287788026,0.8086416641822689,0.8269190795587654,0.6880681406760637,0.6934481500042071,0.8118444802155707,0.4928153899624474
0.1654970125221902,0.0,0.8288428925554406,0.6378672805078357,0.6008860008085932,0.1282224733599294,0.13527472286488526,0.11726875855637399,0.1357009023974548,0.13605784596422654,0.1348668548464509,0.15818032201860102,0.14136971649004723,0.1417091281456879,0.13803761110421486,0.14776025080700406,0.15163538466207643,0.14748622997007,0.20302641088946569,0.18231502042953912,0.17483690666116916,0.16852621129357812,0.1681641447850512,0.14393995968299766,0.33487351567894397,0.3007858835033863,0.31332480904838267,0.49091516057822754,0.3972007312231254,0.2790296156625314,0.2675573759212397,0.260657795027872,0.18330799717979773,0.20231922036110406,0.22410243947095143,0.190755294199992,0.2218115694522139,0.20031614387267985,0.1965552753247636,0.16944587833528563,0.19296625555305771,0.23053561951267534,0.1820307551580094,0.11387635310079822,0.17112699908861803,0.16106546907452898,0.12312669446046554,0.14123751042706806,0.1294586245693924,0.13636190878386245,0.11237061380998181,0.13785286474602776,0.13462322173095106,0.13923569980344894,0.16691487435760088,0.13020017124801728,0.08718019843135859
0.2619417482912523,0.8288428925554406,0.0,0.8611062457228973,0.8422807835674099,0.20410305507498527,0.21616007744942808,0.1872430650807946,0.2191452958807017,0.19383463196335152,0.21366206711622407,0.24985510328136,0.2274866475564568,0.22083657839398083,0.21802289183658186,0.23815556803889246,0.2544214643789525,0.24469715912089657,0.3198956407421869,0.2795569257473092,0.2861137920283275,0.27803007707853067,0.28185773180427953,0.2420983185682619,0.5121529684959544,0.4832452196129523,0.49295499390232367,0.6791699413384243,0.5865563219904874,0.4470385791435556,0.4092014412932723,0.40368788553362506,0.2917986855073977,0.3411793217172915,0.3724677921789769,0.2985656461373211,0.34624115327285326,0.33085956610065587,0.3229291114579619,0.2680217335155684,0.2950528177703132,0.3885239968269226,0.29801695512906523,0.17375027477199684,0.28201110145725033,0.26069652157544493,0.18215243404155484,0.22594198708708751,0.20770257119010327,0.22977711410627646,0.18146716813003072,0.2020382738005324,0.22319809123454468,0.21510533790797592,0.26480548410562654,0.2104907762000813,0.1230095239249119
0.35859698757093345,0.6378672805078357,0.8611062457228973,0.0,0.9472976552964757,0.2700094761419386,0.2936658890049317,0.2506020298129384,0.29256995462799673,0.258732701535389,0.2756954000869736,0.33021553930306585,0.2946521763636768,0.29278539182649027,0.2842130045356176,0.30463889295622626,0.32843710523622927,0.322465564771293,0.4220449596858557,0.37417924982167644,0.3762355688559757,0.3818933847099439,0.38057549088492815,0.3243281741177595,0.7028552523016551,0.6403036886181354,0.6961647429320151,0.7950810326471918,0.7889106951164089,0.5795611874872767,0.5814639163185118,0.5353289254566758,0.40753428951187987,0.44443396564767745,0.4941873073277362,0.4166367112066604,0.47495208605770234,0.4462224608853277,0.43607549222499603,0.3704609580696874,0.4007193862344168,0.5075680535124181,0.4153154680066275,0.2334285537927244,0.3731230972840396,0.35724886074407747,0.2409497880727935,0.30190279945184,0.27832166796575303,0.30225007041535334,0.23179947365268497,0.2654183344016589,0.293306937391301,0.27722887237943533,0.3509653084222558,0.27951151084812437,0.15840419417189186
0.4081554391319186,0.6008860008085932,0.8422807835674099,0.9472976552964757,0.0,0.3014879274033314,0.3335144648226928,0.27391871047136673,0.3270126066891431,0.2955510678343461,0.29944143947235624,0.35966795415161135,0.3270290125715115,0.32600615345242967,0.31134281119876256,0.33140661119499226,0.3649195942431604,0.342988589449076,0.47458120099505235,0.4130525048380899,0.39004381593329934,0.4337890233252897,0.4218451079772862,0.3598136988137284,0.7819003581838522,0.7396839816913952,0.7508041368577038,0.8865477479960665,0.8549683834831181,0.690760279508166,0.6323201915471568,0.6162750381008252,0.4636480536479237,0.5174511612344322,0.5551597286262527,0.49440213747142797,0.5293528048824981,0.49501673336137025,0.4996680198847365,0.4142246697320059,0.46988883693001626,0.5602915512301149,0.4548635656745014,0.2581278198450606,0.4322016514299895,0.4103051570986127,0.2709795106442382,0.3470073085056431,0.30598926125842396,0.3304535637341411,0.25184062190943923,0.29868578027140397,0.3299705297513747,0.30290739738900985,0.3875576233047683,0.32096253990827317,0.17231095614451253
0.8215243177291791,0.1282224733599294,0.20410305507498527,0.2700094761419386,0.3014879274033314,0.0,0.9990862093904239,1.0,0.9907473085673768,0.872183255969646,0.9932374655372305,0.9886804034504096,0.9785641202978039,1.0,0.9804087123705284,0.9580493876119457,0.9669867620695866,0.9350088732890348,0.7087242415484198,0.8632640752120334,0.7845011363085855,0.8984459214984115,0.8953463475992337,0.9492585651504488,0.5082523847345629,0.5550301719186757,0.5116853121317759,0.32306555444595403,0.437568087267143,0.5917912210841253,0.5969218099726895,0.6378388323201685,0.8530245328765028,0.7788587160081086,0.7104861679803474,0.7795105301942288,0.7202699695553749,0.7780064501142687,0.8433270757545102,0.8521299614544402,0.813072012930952,0.6592789518420138,0.9513268790810508,0.9822089638305557,0.8978768623235113,0.905227346129583,0.9224421344297205,0.9323722185489473,1.0,0.9403585515111761,0.9725530291297589,0.984965083374903,0.989767177913802,0.9500612236444055,0.870558967727716,1.0,0.8008205834021728
0.8222650056590861,0.13527472286488526,0.21616007744942808,0.2936658890049317,0.3335144648226928,0.9990862093904239,0.0,0.9618663310791077,0.9371294443812309,0.8116372814510946,0.9157457191534842,0.8895930693587083,0.9640904543960439,0.902028766709506,0.9440408059844358,0.8673949706098659,0.9794603150631451,0.9922772872323871,0.7393229285430237,0.8714364971429106,0.744124160569624,0.8996215804812498,0.9126438235194962,0.962136870591659,0.5430233529385793,0.5656182113499802,0.5228302231056147,0.34210178551298615,0.44822505826516784,0.6051371658814634,0.6149673339368898,0.6415092212999501,0.8812403606753447,0.7723063546201357,0.71409644977454,0.8237744830324173,0.737646720181371,0.8134690798648877,0.7932946049242217,0.9225257235379931,0.8409135633622972,0.6987877467627498,0.914092844744881,0.8897538066358976,0.9406442151739566,0.9715188176292178,0.9001713193223181,0.9499322048993972,0.9878402149844793,0.9066695406009854,0.8078789604105885,0.9417244714721268,0.9724057455532344,0.8761341866358927,0.8268873032612543,1.0,0.7158983086434595
0.7183771645448497,0.11726875855637399,0.1872430650807946,0.2506020298129384,0.27391871047136673,1.0,0.9618663310791077,0.0,0.9969637403469499,0.8111159373050835,0.9652513429157249,0.7882688085179432,0.8871194811754787,0.9028392006099187,0.93440439294207,0.8112997089891701,0.8747407765112297,0.8839507631098945,0.6499003294189918,0.7705504225555512,0.6833672624940568,0.8575438686382616,0.7539816101558885,0.8769625309832155,0.4300891322666665,0.483198748875184,0.44965799416740226,0.28694840362756385,0.38023973382439186,0.5014257572924841,0.5154529799576831,0.5384972750425486,0.7513010778889044,0.6710210390165198,0.6175966371442587,0.7135031546004842,0.6166739776403711,0.6885735951805871,0.6859831717174392,0.786652339241454,0.6945032721757451,0.5982635359569058,0.779621363262056,0.9671844915279494,0.846048637719722,0.8489603566513506,0.8896199008849357,0.9048039739688541,0.9505316968663042,0.8956044339354322,0.9436586166009856,0.8510460968211326,0.91544934378482,0.7781918946609702,0.7129690398562117,1.0,0.8255026399282043
0.7613815408548118,0.1357009023974548,0.2191452958807017,0.29256995462799673,0.3270126066891431,0.9907473085673768,0.9371294443812309,0.9969637403469499,0.0,0.8153156276017611,0.9943340240936557,0.9097866832487447,0.9189510766220638,0.9020743053966823,0.9449749357275808,0.9125011198451433,0.8823621707091887,0.8742343781835635,0.7781458883909481,0.9207271840888339,0.7879145783547655,0.9031844078700305,0.9536996773463581,0.9300520260823893,0.5109594914516318,0.5796016486944645,0.530275780224554,0.34551248010504965,0.44835714108286095,0.6156393423477493,0.6193340459475147,0.6228774389486947,0.8443048327212368,0.7723630606830407,0.7045960471521387,0.7848408894417547,0.7240757040481296,0.8177426393386277,0.8258429499110537,0.8387303112376036,0.8187379921119462,0.730298232120398,0.9033236824773149,0.8759782275873065,0.8956119428966874,0.9269771177510672,0.8525195210768826,0.9445055673879977,0.8789770609260126,0.8562409820075025,0.862185357186388,0.8759751353653973,0.9613179447988721,0.8903690574556391,0.8156789715337928,0.9492550784144174,0.693316519293259
0.7349383951521078,0.13605784596422654,0.19383463196335152,0.258732701535389,0.2955510678343461,0.872183255969646,0.8116372814510946,0.8111159373050835,0.8153156276017611,0.0,0.7447723464671278,0.7614336506918631,0.6891324622036272,0.7844297654157859,0.7506053728378881,0.6826387448377512,0.6502121569367509,0.6740151126677504,0.599535666499752,0.7758102893214298,0.5662365727507481,0.7539375906542021,0.6385520300877623,0.7518473262380517,0.4969596716278026,0.5167703954485289,0.44917938263477425,0.31030562079441404,0.3840281220058218,0.5595595540384135,0.5793753480451367,0.5959457784196277,0.8255163083574898,0.6056880397389319,0.592515868673638,0.7269377118833774,0.6186066674156009,0.6305915025722718,0.6410368893529585,0.8403168336345156,0.8031050054391036,0.6155983786965795,0.7744755365840471,0.8753085172086023,0.8120140271942419,0.8229151890192719,0.9644253581087584,0.8537725935287547,0.7930744549037215,0.6088486036512026,0.6626671483698179,0.86938499852947,0.7720701006336447,0.6260377043137472,0.5879690030800504,0.8875562488749423,0.6850263092608279
0.6487157259501598,0.1348668548464509,0.21366206711622407,0.2756954000869736,0.29944143947235624,0.9932374655372305,0.9157457191534842,0.9652513429157249,0.9943340240936557,0.7447723464671278,0.0,0.9249285960951927,0.8783723790313678,0.891744570155218,0.9360511532452429,0.9981897455905081,0.9524735309639388,0.9346135843286727,0.7611783154617359,0.8911549857082168,0.8632509828627783,0.91858643364514,0.9059794502253647,0.9091119189668896,0.49492797383971765,0.5609591763885693,0.5178171556869292,0.31787086589739394,0.43624954435875285,0.5818070974446476,0.5761147158862325,0.5899787442366805,0.7349305563140411,0.7595729256706355,0.6969197907866027,0.7171315883811862,0.6646180040731573,0.8186468623265768,0.7781214748953386,0.7904165207573648,0.7563192607780149,0.6966253827095903,0.811436248400739,0.8078166911422666,0.8901102377856299,0.8694870179615766,0.8400960671792,0.8729212307618036,0.9262491516816725,0.829518832179657,0.9162325346104304,0.8349414046400511,0.9083680397264062,0.9293908459781078,0.8582273019456019,0.8926065247945097,0.698516152074419
0.763292988209773,0.15818032201860102,0.24985510328136,0.33021553930306585,0.35966795415161135,0.9886804034504096,0.8895930693587083,0.7882688085179432,0.9097866832487447,0.7614336506918631,0.9249285960951927,0.0,0.9027486875828425,0.9258569734438044,1.0,0.9534454024853896,0.9156659162149495,0.9331522607495194,0.7553325180864605,0.8943361979025952,0.8567381807593967,0.9043708032703826,0.9365178828645148,0.8796447970109141,0.6145334161550515,0.6616884170940917,0.654592224194554,0.3846001197765047,0.5074624654549537,0.6954935471346904,0.6784163752032611,0.7185876624641012,0.85526404198669,0.8721571356135912,0.8273962504479927,0.8119285011665529,0.8228801466600145,0.856464802829877,0.8497830571467708,0.8544239471565734,0.8770589741887536,0.7810310385167772,0.9923385524500514,0.7587573877581022,0.911320221006662,0.9027348512966993,0.8140923219207277,0.8991250016966561,0.9388546116026919,0.8182813586491353,0.7641523039115713,0.9403830426159292,0.8512344559937681,0.8522091242486248,0.9148065500048682,0.9477099194151277,0.5882058760310155
0.7560597338631526,0.14136971649004723,0.2274866475564568,0.2946521763636768,0.3270290125715115,0.9785641202978039,0.9640904543960439,0.8871194811754787,0.9189510766220638,0.6891324622036272,0.8783723790313678,0.9027486875828425,0.0,0.9220560978858404,0.930257964868538,0.8586400039277472,0.923409518534984,0.8967490700454626,0.7003034007107529,0.8020947301560537,0.7685809861371529,0.875029159405159,0.8850443424013367,0.923598835436967,0.5304337969253761,0.585922459505053,0.5715080397887444,0.3594682271533106,0.455283951260613,0.6290625336288772,0.6180204356184164,0.6427539516126496,0.815742569496113,0.7994424505453102,0.7724516234539839,0.7333676998210843,0.7496295768171851,0.8047676481169933,0.8208786574891245,0.8064687868719219,0.7747252347170827,0.6902572257188845,0.9101679676889421,0.7726497405635174,0.8848273903546298,0.8602880072229286,0.7524421132605921,0.9167382663825521,0.9224984066043079,0.9113514252569428,0.8483860616770296,0.83919816269609,0.944108860789588,0.8083475445363537,0.8559315008068155,0.9635065079448714,0.6115884544107598
0.68735957330334,0.1417091281456879,0.22083657839398083,0.29278539182649027,0.32600615345242967,1.0,0.902028766709506,0.9028392006099187,0.9020743053966823,0.7844297654157859,0.891744570155218,0.9258569734438044,0.9220560978858404,0.0,0.9238581846938176,0.8814790221183805,0.8714142201315543,0.9079239807617497,0.6797477367546759,0.7832333478368388,0.7237966414616824,0.8444469489362092,0.8634478119680706,0.9058956292488115,0.537505605148969,0.5933551068869805,0.5841963722889104,0.3413016590807517,0.4674295356794874,0.6315195875423231,0.5936927235299986,0.6405015050308727,0.8725691664347368,0.7891831127844818,0.7503587469555217,0.7481672354640131,0.7568999457750557,0.8337437909291064,0.8094277431619694,0.8506911352145765,0.8157751667049128,0.7037589169789695,0.8586230248541217,0.7803383117690413,0.8734036533563906,0.8818877606109066,0.8581799898244471,0.8707274389927401,0.9320474213198304,0.7883447906009451,0.8145491931400233,0.9172352042363514,0.8944193982739983,0.7503034140205324,0.775830006967031,0.8719755822310091,0.6570642744831203
0.7371103813520499,0.13803761110421486,0.21802289183658186,0.2842130045356176,0.31134281119876256,0.9804087123705284,0.9440408059844358,0.93440439294207,0.9449749357275808,0.7506053728378881,0.9360511532452429,1.0,0.930257964868538,0.9238581846938176,0.0,0.9430757972620575,0.9706376335183342,0.9055696437083904,0.7144804427308279,0.77786685017977,0.7505261993604617,0.873955253447753,0.8743460411827512,0.8901108145352759,0.5366982675573678,0.5646226899514374,0.5575341615442316,0.3322799133283749,0.4417887962116372,0.6247747196940908,0.5736487339554008,0.6310999083545648,0.8029496776168434,0.7807427541513455,0.7666187279983265,0.7471278873641733,0.7815491654760346,0.7861571779264728,0.7476371525606753,0.8200428185794626,0.7980723789662462,0.6820653309593308,0.8820885720872759,0.8261143131098172,0.8737321882315346,0.9531832273555475,0.8067879910757737,0.8503574793749796,0.9398306715522965,0.8582724016983998,0.8454960991942936,0.975288297069924,0.9355116491390644,0.923856507145062,0.8776564456365914,0.9347943267300473,0.7072778539244534
0.668838541068501,0.14776025080700406,0.23815556803889246,0.30463889295622626,0.33140661119499226,0.9580493876119457,0.8673949706098659,0.8112997089891701,0.9125011198451433,0.6826387448377512,0.9981897455905081,0.9534454024853896,0.8586400039277472,0.8814790221183805,0.9430757972620575,0.0,0.9082048081559498,0.99688938561645,0.8473086702431716,0.906896639568586,0.9495637793786069,0.8927801589207028,0.922196632934547,0.8643653113051171,0.5468962908454563,0.5864978712324739,0.5616107910565715,0.35448267184039445,0.47498686576769306,0.6564775770003324,0.622770172013077,0.6636333525989275,0.779795348998382,0.8151300872903162,0.7643430760220268,0.7250347525638005,0.7124343084553892,0.877386215193337,0.8410023270629223,0.7480615940568504,0.8722375944048281,0.7153477207959744,0.8598779946498368,0.715101139485511,0.898145036180161,0.8295728682903922,0.7688661257818794,0.8187191954739707,0.833244506769473,0.8290096078603882,0.845820010929993,0.829757841874913,0.9127798972124248,0.9635590062957782,0.9720166913560835,0.8839978918794632,0.6014152751942586
0.7452452586720293,0.15163538466207643,0.2544214643789525,0.32843710523622927,0.3649195942431604,0.9669867620695866,0.9794603150631451,0.8747407765112297,0.8823621707091887,0.6502121569367509,0.9524735309639388,0.9156659162149495,0.923409518534984,0.8714142201315543,0.9706376335183342,0.9082048081559498,0.0,0.9840328641617985,0.7324572561043498,0.778843874449379,0.8093091818721642,0.9139339164473086,0.9584742114569663,0.96807228664216,0.6083124571977626,0.6612583049689601,0.6390258152346439,0.3724849677721753,0.5165784912900961,0.7014624027065718,0.6218014795140763,0.718579766818701,0.8143068432154377,0.9094400228584084,0.8148421429967796,0.8203079881273914,0.8278516687769863,0.8843831372524893,0.8980416959717213,0.8349057849126048,0.832917794578221,0.7520592936483652,0.8915360749372802,0.743402159533729,0.92310124030179,0.8920129856727411,0.7627055495435516,0.9630383087606295,0.8597674897843824,0.931039676106727,0.7965963235117134,0.8408821631431277,0.9092702494501045,0.8178566830010042,0.8935635933041725,0.9067679102635713,0.5387960072672052
0.7048091556015662,0.14748622997007,0.24469715912089657,0.322465564771293,0.342988589449076,0.9350088732890348,0.9922772872323871,0.8839507631098945,0.8742343781835635,0.6740151126677504,0.9346135843286727,0.9331522607495194,0.8967490700454626,0.9079239807617497,0.9055696437083904,0.99688938561645,0.9840328641617985,0.0,0.827609087774555,0.8713216011473812,0.876931305252576,0.8819323459893781,0.9583066361440347,0.9097545339798746,0.5577366153341189,0.6125274435203683,0.5878283260288135,0.3548848193467781,0.47851775902640514,0.6463031010223717,0.6330229537577721,0.6601945596684411,0.8001652206035864,0.864015558413492,0.7823528547600732,0.7614732413899514,0.7514258016763844,0.8312791471478937,0.8777669090634729,0.8147444078294716,0.7878274930750327,0.7757437159924098,0.8748019982828964,0.7113096652406693,0.8978755780172395,0.8536157704482089,0.7238339760449695,0.8685711503551293,0.8940066716521345,0.8758750951349048,0.8401849812292095,0.7846255055221513,0.9215356692595228,0.9600445409656007,0.9077304798387574,0.926740099874286,0.5675774230179105
0.7178187317521274,0.20302641088946569,0.3198956407421869,0.4220449596858557,0.47458120099505235,0.7087242415484198,0.7393229285430237,0.6499003294189918,0.7781458883909481,0.599535666499752,0.7611783154617359,0.7553325180864605,0.7003034007107529,0.6797477367546759,0.7144804427308279,0.8473086702431716,0.7324572561043498,0.827609087774555,0.0,0.9814199505897178,0.9048021662323147,0.9014842326250273,0.8693969962138124,0.7731515345359288,0.7189593399767403,0.7211872030693717,0.7148954597888928,0.511393182759387,0.6384434241426552,0.7565678117610516,0.7770610085646849,0.7552588826817009,0.8353459121868182,0.7897527305792719,0.8030275625770485,0.7677747308846461,0.7427764208747026,0.8671754854258457,0.952940426668344,0.8133528589398612,0.8545282508938026,0.9218463736289181,0.8838070698638308,0.5862644606580756,0.841223037523041,0.7656538523939902,0.602610906640435,0.7428749816590385,0.6726614794551262,0.6802480530045916,0.5742240408626257,0.6786175970610392,0.7687161284267865,0.7612379740958684,0.8454492799551045,0.7068546815495492,0.3975450066136292
0.8211287768863571,0.18231502042953912,0.2795569257473092,0.37417924982167644,0.4130525048380899,0.8632640752120334,0.8714364971429106,0.7705504225555512,0.9207271840888339,0.7758102893214298,0.8911549857082168,0.8943361979025952,0.8020947301560537,0.7832333478368388,0.77786685017977,0.906896639568586,0.778843874449379,0.8713216011473812,0.9814199505897178,0.0,0.9330862048118796,0.9672680050340964,0.8909570389608732,0.8648921121918273,0.6584626309234075,0.722254404726367,0.6292354257374,0.4732020356465261,0.5920912139166556,0.7941188947053539,0.8723719041980509,0.7803990167957061,0.9642352707043288,0.8423765945619758,0.8664626870008095,0.8695989925046241,0.7958590267885001,0.886940037815125,0.9469530472793631,0.914602741809373,0.997053684670646,0.8710010538416184,0.9416269118727476,0.7287182944590602,1.0,0.9349616120564458,0.8040642409305498,0.8406792620568718,0.7866039350032844,0.7402919701937932,0.6373465694708093,0.8484051562947053,0.8098006751717532,0.8591594101286922,0.9231671285668259,0.8131751435345199,0.5160982036625485
0.6288983235499593,0.17483690666116916,0.2861137920283275,0.3762355688559757,0.39004381593329934,0.7845011363085855,0.744124160569624,0.6833672624940568,0.7879145783547655,0.5662365727507481,0.8632509828627783,0.8567381807593967,0.7685809861371529,0.7237966414616824,0.7505261993604617,0.9495637793786069,0.8093091818721642,0.876931305252576,0.9048021662323147,0.9330862048118796,0.0,0.8688769926267886,0.8978394224294441,0.7788081486770034,0.6136558934339542,0.6366531247738844,0.6680098928877547,0.4221121271939586,0.566766392628166,0.6900056662726112,0.6918019870037168,0.697966184042925,0.76279918536746,0.8528712309783486,0.8120349720317634,0.6960726759207858,0.7184043824927467,0.9148725938225073,0.9145645442059174,0.7379341811824789,0.7691235985785803,0.8209404690977643,0.8156023842053456,0.5694203144127794,0.8213012259481557,0.7707708954028449,0.5832652285064069,0.7371562165735376,0.7103153055961582,0.7700032680585288,0.71250764040904,0.6611310416697688,0.7991449635070139,0.791646343387884,0.8613307124222163,0.7540239682880386,0.4274215452811597
0.8382249351162687,0.16852621129357812,0.27803007707853067,0.3818933847099439,0.4337890233252897,0.8984459214984115,0.8996215804812498,0.8575438686382616,0.9031844078700305,0.7539375906542021,0.91858643364514,0.9043708032703826,0.875029159405159,0.8444469489362092,0.873955253447753,0.8927801589207028,0.9139339164473086,0.8819323459893781,0.9014842326250273,0.9672680050340964,0.8688769926267886,0.0,0.9828406626173931,1.0,0.705581486616291,0.7654892370078787,0.7127748937034267,0.45566751494691604,0.5978538092364032,0.8085524068486896,0.7595817670508913,0.8417658473750298,0.9929080433191941,0.8849883643744687,0.8609518001199836,0.864843867485582,0.8457511806589455,0.9336483850246482,0.98180188475181,0.9013441848456563,0.8597333639855202,0.8485340764384822,1.0,0.7446144771649967,1.0,1.0,0.7537339278159114,0.8874048318638961,0.8756823079730384,0.8617941543090347,0.7617397063989324,0.8035458849346131,0.9414797032538953,0.8318970880410447,0.8610837510001491,0.9167820133167841,0.5198509722686723
0.7725727583892484,0.1681641447850512,0.28185773180427953,0.38057549088492815,0.4218451079772862,0.8953463475992337,0.9126438235194962,0.7539816101558885,0.9536996773463581,0.6385520300877623,0.9059794502253647,0.9365178828645148,0.8850443424013367,0.8634478119680706,0.8743460411827512,0.922196632934547,0.9584742114569663,0.9583066361440347,0.8693969962138124,0.8909570389608732,0.8978394224294441,0.9828406626173931,0.0,0.904450084265074,0.6570676392325656,0.711867534325646,0.7289142307266357,0.41725376527936797,0.5851294816823255,0.7442246277924699,0.7196511755178453,0.7485601617513875,0.8794316747683678,0.9367915440150723,0.8403687914130827,0.8296455537333518,0.862954186195016,0.9251383779511998,0.8951450454578779,0.8523834576606422,0.8686511846549492,0.8765736917329646,0.990631202457023,0.7008301682019475,0.952297541988621,0.949938465233996,0.6886401359256473,0.8309361651010556,0.8336821015271519,0.8659387679025857,0.7518636709932781,0.7729306587645532,0.8988952533830225,0.8464149561719474,0.9064225338472093,0.8659729980471627,0.5156624941312371
0.7918126403728305,0.14393995968299766,0.2420983185682619,0.3243281741177595,0.3598136988137284,0.9492585651504488,0.962136870591659,0.8769625309832155,0.9300520260823893,0.7518473262380517,0.9091119189668896,0.8796447970109141,0.923598835436967,0.9058956292488115,0.8901108145352759,0.8643653113051171,0.96807228664216,0.9097545339798746,0.7731515345359288,0.8648921121918273,0.7788081486770034,1.0,0.904450084265074,0.0,0.5839809876977604,0.6353140508400416,0.6214236059186313,0.37025091653166003,0.5085162091510462,0.681605253100637,0.6492213958446194,0.6919649398130483,0.8638373635568188,0.8060312887647955,0.7723486051393965,0.8473338651186434,0.7748726253035864,0.8607321308596156,0.8851688060552972,0.8819772010794893,0.8596960576373452,0.7795118122208057,0.8749243772409548,0.8149442356343026,0.9861024793326296,0.9629096150095785,0.8153426850101304,0.9179586191512507,0.9260034062935256,0.9113295479437425,0.8395256218608854,0.8372792057158521,0.9175602730504459,0.897147483244121,0.8001367609046577,0.9533427599517934,0.6441064704605246
0.6163459010294062,0.33487351567894397,0.5121529684959544,0.7028552523016551,0.7819003581838522,0.5082523847345629,0.5430233529385793,0.4300891322666665,0.5109594914516318,0.4969596716278026,0.49492797383971765,0.6145334161550515,0.5304337969253761,0.537505605148969,0.5366982675573678,0.5468962908454563,0.6083124571977626,0.5577366153341189,0.7189593399767403,0.6584626309234075,0.6136558934339542,0.705581486616291,0.6570676392325656,0.5839809876977604,0.0,0.9628703323606451,0.9823198165262678,0.7774818204015519,0.9737922073881353,1.0,0.8376263462877845,0.9739188654523125,0.7334445278724425,0.7855473937141217,0.8424814250338033,0.7529990891329719,0.8393930144651758,0.7845617926109235,0.7703635419690921,0.6585943350718451,0.7288247789661055,0.8400975809510364,0.7626047469770233,0.4155436701707364,0.6878291301875542,0.6564849700982618,0.45489380420586456,0.5726884152381924,0.5195226407704548,0.5219819371992789,0.4074410620860292,0.49890614955944085,0.5095595188179483,0.4962134509400201,0.63512558233281,0.5157395880590189,0.28625358957741476
0.6902134342207653,0.3007858835033863,0.4832452196129523,0.6403036886181354,0.7396839816913952,0.5550301719186757,0.5656182113499802,0.483198748875184,0.5796016486944645,0.5167703954485289,0.5609591763885693,0.6616884170940917,0.585922459505053,0.5933551068869805,0.5646226899514374,0.5864978712324739,0.6612583049689601,0.6125274435203683,0.7211872030693717,0.722254404726367,0.6366531247738844,0.7654892370078787,0.711867534325646,0.6353140508400416,0.9628703323606451,0.0,0.9075950447193012,0.7347074835198457,0.9072241986276536,1.0,0.9603960817317687,0.9637819841075933,0.7904695231251004,0.8673287239840902,0.9293276434679324,0.7896911572128783,0.9246063294571958,0.8512496831240245,0.8469396424248878,0.7538494922176273,0.8256240966543583,0.9341402043733255,0.8235799261210057,0.4565945468100514,0.7413455400728165,0.7379215000933647,0.4797371035829745,0.598146211051691,0.555376531321349,0.5768975199857176,0.4461506231241189,0.5386489163057938,0.5782867437935444,0.5427834387709352,0.6465341780047626,0.5787830793436631,0.2992307654060943
0.5907876193898773,0.31332480904838267,0.49295499390232367,0.6961647429320151,0.7508041368577038,0.5116853121317759,0.5228302231056147,0.44965799416740226,0.530275780224554,0.44917938263477425,0.5178171556869292,0.654592224194554,0.5715080397887444,0.5841963722889104,0.5575341615442316,0.5616107910565715,0.6390258152346439,0.5878283260288135,0.7148954597888928,0.6292354257374,0.6680098928877547,0.7127748937034267,0.7289142307266357,0.6214236059186313,0.9823198165262678,0.9075950447193012,0.0,0.7449753385753766,0.8830546128706381,0.9110525187520057,0.857837148336383,0.9387680551760451,0.7034548587123772,0.8793678721557604,0.8853434783219942,0.6940332675676237,0.8454354633573705,0.801710720280336,0.7845109319269942,0.6378745666819978,0.7490760890006756,0.8241125022798858,0.7317429884347143,0.40997987708769357,0.6967218512348357,0.6386338651919489,0.4326945058623515,0.5658969645629653,0.5137627143224486,0.5650934515474095,0.4344553177359843,0.5071326602053342,0.5381216118614427,0.5173787988642857,0.6693667454098955,0.5078692501717497,0.2704185213560152
0.439013190018353,0.49091516057822754,0.6791699413384243,0.7950810326471918,0.8865477479960665,0.32306555444595403,0.34210178551298615,0.28694840362756385,0.34551248010504965,0.31030562079441404,0.31787086589739394,0.3846001197765047,0.3594682271533106,0.3413016590807517,0.3322799133283749,0.35448267184039445,0.3724849677721753,0.3548848193467781,0.511393182759387,0.4732020356465261,0.4221121271939586,0.45566751494691604,0.41725376527936797,0.37025091653166003,0.7774818204015519,0.7347074835198457,0.7449753385753766,0.0,0.8310612978731001,0.7101536509691109,0.717089412818205,0.6624642376012273,0.49910033519065866,0.5211154990937025,0.5959622908301018,0.5095355156570076,0.5402566798821896,0.5302134259195388,0.5230971548654165,0.4400897770576283,0.5111020862949743,0.5871230129012618,0.47784778591825783,0.2662813183050257,0.4466562572481876,0.4226169234483442,0.2946755570530981,0.36156071226507147,0.3157560451469387,0.33763661600278133,0.2576576667952544,0.3305826237048061,0.3438899526595826,0.3361515429895725,0.40179012080848003,0.33074781900325,0.1828456514227765
0.5638847206479944,0.3972007312231254,0.5865563219904874,0.7889106951164089,0.8549683834831181,0.437568087267143,0.44822505826516784,0.38023973382439186,0.44835714108286095,0.3840281220058218,0.43624954435875285,0.5074624654549537,0.455283951260613,0.4674295356794874,0.4417887962116372,0.47498686576769306,0.5165784912900961,0.47851775902640514,0.6384434241426552,0.5920912139166556,0.566766392628166,0.5978538092364032,0.5851294816823255,0.5085162091510462,0.9737922073881353,0.9072241986276536,0.8830546128706381,0.8310612978731001,0.0,0.8433357707538934,0.8061052215938734,0.8381663636988299,0.6479457274297827,0.7268229327865364,0.7594904116196055,0.6361649444501135,0.7359398948248776,0.6889350395155177,0.6748989710186087,0.5792300593074556,0.6575229159223822,0.7865651437120986,0.6525297937515918,0.352864368034328,0.5979572701086509,0.547605572257383,0.36857578118393447,0.4829787058709306,0.4212329864369731,0.4550600836729339,0.3453407717031816,0.43054176171726044,0.4604209662013961,0.4225259103305988,0.5424004274695168,0.42976224725687656,0.2342643193110635
0.7285758069039835,0.2790296156625314,0.4470385791435556,0.5795611874872767,0.690760279508166,0.5917912210841253,0.6051371658814634,0.5014257572924841,0.6156393423477493,0.5595595540384135,0.5818070974446476,0.6954935471346904,0.6290625336288772,0.6315195875423231,0.6247747196940908,0.6564775770003324,0.7014624027065718,0.6463031010223717,0.7565678117610516,0.7941188947053539,0.6900056662726112,0.8085524068486896,0.7442246277924699,0.681605253100637,1.0,1.0,0.9110525187520057,0.7101536509691109,0.8433357707538934,0.0,0.9150564179352887,0.9699638317934483,0.8556148084962113,0.8775440027506779,0.9495986905699823,0.814770793377122,0.8798459186972123,0.8866504079903047,0.8937318887045921,0.7566070237618409,0.8618948882451343,0.8671789056492545,0.8083921957822637,0.4866899540876914,0.7698930057718895,0.7818703638022533,0.514284273415735,0.6414677953232062,0.6012828750947566,0.5729938002514829,0.46097132156860876,0.6085206058265459,0.6266054302708529,0.6054092666955572,0.7007459515037856,0.5940877304785682,0.328256032487342
0.7334469843971173,0.2675573759212397,0.4092014412932723,0.5814639163185118,0.6323201915471568,0.5969218099726895,0.6149673339368898,0.5154529799576831,0.6193340459475147,0.5793753480451367,0.5761147158862325,0.6784163752032611,0.6180204356184164,0.5936927235299986,0.5736487339554008,0.622770172013077,0.6218014795140763,0.6330229537577721,0.7770610085646849,0.8723719041980509,0.6918019870037168,0.7595817670508913,0.7196511755178453,0.6492213958446194,0.8376263462877845,0.9603960817317687,0.857837148336383,0.717089412818205,0.8061052215938734,0.9150564179352887,0.0,0.8916768657331375,0.8840503587397508,0.8402222229558752,0.8702270761665581,0.8835442810738934,0.8912552606697591,0.8733106846204977,0.8525226560384969,0.7706456093796292,0.9134064048703673,0.8900678504913366,0.8280713814801656,0.492137353352444,0.8249987887216289,0.7724767982542607,0.5542055859451918,0.6464747799417047,0.5779463699696276,0.5663899420065767,0.44617867295084096,0.5997890290458686,0.6104215060618421,0.5693721682399073,0.6821653846484904,0.585832912440751,0.32506345218267624
0.7314940726372903,0.260657795027872,0.40368788553362506,0.5353289254566758,0.6162750381008252,0.6378388323201685,0.6415092212999501,0.5384972750425486,0.6228774389486947,0.5959457784196277,0.5899787442366805,0.7185876624641012,0.6427539516126496,0.6405015050308727,0.6310999083545648,0.6636333525989275,0.718579766818701,0.6601945596684411,0.7552588826817009,0.7803990167957061,0.697966184042925,0.8417658473750298,0.7485601617513875,0.6919649398130483,0.9739188654523125,0.9637819841075933,0.9387680551760451,0.6624642376012273,0.8381663636988299,0.9699638317934483,0.8916768657331375,0.0,0.8788310408377807,0.8754022592828712,0.9220585231977434,0.8716333218684272,0.9234103750752319,0.8821166094030279,0.8581366049391413,0.8070850503948882,0.9067723060901814,0.9970041528290277,0.9167046313499083,0.5109907604656462,0.8196315471634815,0.7716470753518917,0.5478495693832669,0.6786033112255385,0.6329967034119296,0.6151443036314317,0.49616007067859635,0.6035276169289081,0.622267249377162,0.6110157092009154,0.7178986789049724,0.6088696807509028,0.3441034416479663
0.8938778235375854,0.18330799717979773,0.2917986855073977,0.40753428951187987,0.4636480536479237,0.8530245328765028,0.8812403606753447,0.7513010778889044,0.8443048327212368,0.8255163083574898,0.7349305563140411,0.85526404198669,0.815742569496113,0.8725691664347368,0.8029496776168434,0.779795348998382,0.8143068432154377,0.8001652206035864,0.8353459121868182,0.9642352707043288,0.76279918536746,0.9929080433191941,0.8794316747683678,0.8638373635568188,0.7334445278724425,0.7904695231251004,0.7034548587123772,0.49910033519065866,0.6479457274297827,0.8556148084962113,0.8840503587397508,0.8788310408377807,0.0,0.8354648751803867,0.9159954165149378,0.9280140832526025,0.8896311652984658,0.9448689777936402,0.9585411261379146,0.9838599499964111,1.0,0.895514423874399,1.0,0.7807397978088075,0.9572384184619837,1.0,0.8388344714569448,0.8609496953754461,0.8505943473890746,0.7567089869400242,0.6350562654193742,0.8514530358657031,0.8854415087645819,0.7417307950062869,0.775956304293571,0.8939282377722313,0.5296201074800111
0.7864917472804754,0.20231922036110406,0.3411793217172915,0.44443396564767745,0.5174511612344322,0.7788587160081086,0.7723063546201357,0.6710210390165198,0.7723630606830407,0.6056880397389319,0.7595729256706355,0.8721571356135912,0.7994424505453102,0.7891831127844818,0.7807427541513455,0.8151300872903162,0.9094400228584084,0.864015558413492,0.7897527305792719,0.8423765945619758,0.8528712309783486,0.8849883643744687,0.9367915440150723,0.8060312887647955,0.7855473937141217,0.8673287239840902,0.8793678721557604,0.5211154990937025,0.7268229327865364,0.8775440027506779,0.8402222229558752,0.8754022592828712,0.8354648751803867,0.0,0.9563453824641939,0.8803832223274427,0.86729727915891,0.9719603632737036,0.9273915535013779,0.8072207556653246,0.8626324707118058,0.897001476787477,0.9747745625027247,0.592993537735249,0.9455541188696387,0.9208785691725406,0.6114691585323432,0.7955353537242681,0.7539102421721692,0.8263227551050141,0.6112523799611691,0.7341331113144953,0.788563949019858,0.7047778803891859,0.8425486316129798,0.7641504130239478,0.39673365915500075
0.778791688168343,0.22410243947095143,0.3724677921789769,0.4941873073277362,0.5551597286262527,0.7104861679803474,0.71409644977454,0.6175966371442587,0.7045960471521387,0.592515868673638,0.6969197907866027,0.8273962504479927,0.7724516234539839,0.7503587469555217,0.7666187279983265,0.7643430760220268,0.8148421429967796,0.7823528547600732,0.8030275625770485,0.8664626870008095,0.8120349720317634,0.8609518001199836,0.8403687914130827,0.7723486051393965,0.8424814250338033,0.9293276434679324,0.8853434783219942,0.5959622908301018,0.7594904116196055,0.9495986905699823,0.8702270761665581,0.9220585231977434,0.9159954165149378,0.9563453824641939,0.0,0.8826494782202051,0.8586727779122705,0.923439401627184,0.9497382504920366,0.8241262334295152,0.9384719259881632,0.9661244591111711,0.9456880466650023,0.5635808684412938,0.8877644219113898,0.8911821549602089,0.6135290517897318,0.7674698392945096,0.6956293644931136,0.704032127244957,0.5607352211322492,0.7105830021792914,0.7514176113033553,0.7217077560145603,0.7918173475946981,0.7365418644537187,0.38189806255784486
0.9312485814890552,0.190755294199992,0.2985656461373211,0.4166367112066604,0.49440213747142797,0.7795105301942288,0.8237744830324173,0.7135031546004842,0.7848408894417547,0.7269377118833774,0.7171315883811862,0.8119285011665529,0.7333676998210843,0.7481672354640131,0.7471278873641733,0.7250347525638005,0.8203079881273914,0.7614732413899514,0.7677747308846461,0.8695989925046241,0.6960726759207858,0.864843867485582,0.8296455537333518,0.8473338651186434,0.7529990891329719,0.7896911572128783,0.6940332675676237,0.5095355156570076,0.6361649444501135,0.814770793377122,0.8835442810738934,0.8716333218684272,0.9280140832526025,0.8803832223274427,0.8826494782202051,0.0,0.8725016247205378,0.9244840869534998,0.8852634261445459,0.8721504478433004,0.9054733362112091,0.8786509331714609,0.9428144270234201,0.670588111523856,0.9089058629866182,0.9544787973645359,0.6895235577880305,0.8536934071807556,0.753144394980027,0.6942001469734488,0.5777262068696506,0.7854946671824061,0.7577575034367532,0.6983389990539736,0.7571598301374448,0.7917704139972814,0.4712801258028812
