Cingulate area 2,Glomerular layer of the accessory olfactory bulb,Glomerular layer of the olfactory bulb,"Olfactory bulb, unspecified",Frontal association cortex,Cornu ammonis 3,Dentate gyrus,Cornu ammonis 2,Cornu ammonis 1,Fasciola cinereum,Subiculum,Postrhinal cortex,Presubiculum,Parasubiculum,Perirhinal area 35,Perirhinal area 36,Medial entorhinal cortex,Lateral entorhinal cortex,Primary auditory area,"Secondary auditory area, dorsal part","Secondary auditory area, ventral part","Piriform cortex, layer 1","Piriform cortex, layer 2","Piriform cortex, layer 3",Ventrolateral orbital area,Lateral orbital area,Ventral orbital area,Medial orbital area,Dorsolateral orbital area,Prelimbic area,Secondary motor area,Frontal association area 3,Primary motor area,"Agranular insular cortex, ventral area",Agranular insular cortex dorsal area,Cingulate area 1,Infralimbic area,Dysgranular insular cortex,Granular insular cortex,"Primary somatosensory area, forelimb representation","Primary somatosensory area, dysgranular zone","Primary somatosensory area, face representation",Secondary somatosensory area,"Primary somatosensory area, hindlimb representation","Agranular insular cortex, posterior area","Primary somatosensory area, barrel field",Retrosplenial dysgranular area,"Primary somatosensory area, trunk representation",Retrosplenial granular area,"Parietal association cortex, lateral area","Parietal association cortex, medial area","Parietal association cortex, posterior area",Primary visual area,"Secondary visual area, lateral part",Temporal association cortex,"Secondary visual area, medial part",Nucleus of the lateral olfactory tract
0.0,0.7380907646178483,0.6676909906521743,0.8136009904404092,0.8095024088612524,0.89796412689789,0.8812113674188983,0.7595447392480869,0.876672775733103,0.9818818469370615,0.8442675319699333,0.7795746972533543,0.9343791689865676,0.7737139932656304,0.7700969017250503,0.7090015116470565,0.8847400822468124,0.868887526605189,0.7461610003072441,0.6576178336703622,0.7006658676863842,0.8146143219808579,0.7391243220871304,0.8701659161475632,0.909030135956888,0.9957677025647741,0.9450591848551371,0.8035456035771495,0.8978992374849906,0.8711935516925755,0.983642923840212,0.4820372915705669,0.8293323945291026,0.9320688510747147,0.9073626769150738,0.9117621815829561,0.9924202291006275,0.8501051181675496,0.8498883005182577,0.8361367564403553,0.9291016951072533,0.8685222732074794,0.8174738228957998,0.8899578857296343,0.8504057257487015,0.9298194907994367,0.9160207823516822,0.7693512115868958,0.8970185820362787,0.7263034520145296,0.7964778511840558,0.6546572557518096,0.8971673689702803,0.8588805977704573,0.7066752852740379,0.8026014935229189,0.8675155216253256
0.7380907646178483,0.0,0.9276525820511203,0.910347299391991,0.8990320612204336,0.9337566452837665,0.7813964827288293,0.8623539295956056,0.8316360333551612,0.7596990237167253,0.8024733782417972,0.8862416221387018,0.8299034185250372,0.7308989123147767,0.8793233915565764,0.9828719411869514,0.8498786301062183,0.9178228764758538,0.8613734604076096,0.8143262080236755,0.8882614505403266,0.8851165766865643,0.9345484047794635,0.8649233156671804,0.6228562972803452,0.6819517534833393,0.6499074816642364,0.8541938452986007,0.9394809400688299,0.6815105063180674,0.7000796255375078,0.3573659834500497,0.7694260512078436,0.8577653322214117,0.835285269856941,0.6428581955343954,0.738429119423528,0.9300497194595292,0.9887838869543307,0.8108892209909728,0.8538145174928053,0.7744880806740334,0.9310594899024054,0.6451621339329244,0.9068957034966514,0.83762877271074,0.7413773219610251,0.7664631139163932,0.6823867539379642,0.6190102237403645,0.6871423682686718,0.95896810339629,0.769464769576462,0.8484733215059806,0.8094584870856265,0.8105544178637023,0.8305981341051605
0.6676909906521743,0.9276525820511203,0.0,0.8347554869566066,0.8047373405841796,0.8784076577176714,0.7003372613061997,0.846474319048811,0.7787100783186355,0.6825227059975382,0.7856358544607785,0.8566549743338877,0.7777569813055215,0.6972260930229894,0.8711122714566608,0.9848243024462928,0.8482938510285151,0.83431513822933,0.8708829822513496,0.8333930387130587,0.9313945176212822,0.8670709373452742,0.8304850796018228,0.8743970774030193,0.5749172338833104,0.6735984980593163,0.5856412202950771,0.7703955349936504,0.8809850856284637,0.6264482977930466,0.6418270041047834,0.3201553609032098,0.7535579332704343,0.8257809029802987,0.7227198130903473,0.6077898621455461,0.6569250806774364,0.8578694522798506,0.9007173834452343,0.7212953080385931,0.7925522899585921,0.7513142725023814,0.8896447199388494,0.5781481404834643,0.8376727352985976,0.7381126728628848,0.6345781698625357,0.7555086224190972,0.5770609423515881,0.5551167629180126,0.5389754270932104,0.939515095702516,0.765936209260806,0.8102327405000882,0.9354465698748106,0.7113647546735044,0.7974925127235598
0.8136009904404092,0.910347299391991,0.8347554869566066,0.0,0.9487162093612547,0.9451874702816349,0.8210466866123088,0.8567424430775987,0.9095187733973332,0.8831132446461705,0.8206914978548021,0.8868999782156839,0.9134969083385281,0.7400302337479006,0.875389354109765,0.9160109629182602,0.9065380326248274,0.8827422368061401,0.7888087094140007,0.7903288422063693,0.8442236334409191,0.9099714797512475,0.8814866828235539,0.8863940674901385,0.7674328139753848,0.8742825860317186,0.7460828222583377,0.8348011323346451,0.9425336681873184,0.8021523969545048,0.8193096729737723,0.39483171368618636,0.8771404407918351,0.9354908440045818,0.8677092058479756,0.8173879505108922,0.8829593251375505,0.9386064403532542,0.9328444363533165,0.8818154341358512,0.8813227816655089,0.8673646376474429,0.9499816211478804,0.7642602417033988,0.9087976016283541,0.8524779425740333,0.8170287508433096,0.8147171371557248,0.792671309268111,0.654207493731519,0.6876427423605765,0.8455231779356107,0.8377441936451908,0.9476400146244006,0.8247499166468616,0.796222199023629,0.9041607310554922
0.8095024088612524,0.8990320612204336,0.8047373405841796,0.9487162093612547,0.0,0.8566366209411936,0.8012680032301406,0.7454503470947464,0.7846847753982197,0.8009870064614739,0.7479666539674651,0.8601438474938267,0.7937315245508447,0.6408599178778814,0.7565830352398625,0.9104383883648988,0.8664766345631292,0.7713466775351334,0.6683754065672425,0.639105532804057,0.7456576107381812,0.7276018598359236,0.8262944460229368,0.851592337274067,0.644871883476341,0.7386686737355384,0.6848630879906582,0.7819351270645805,0.9159982177251359,0.6708634360600927,0.830589694385018,0.3775861041030574,0.781932714863309,0.8880996990970004,0.827744562005451,0.7176334166307272,0.7907798017532578,0.8117820789414226,0.9063227126412506,0.8136797610527687,0.858283457337816,0.772511143395269,0.902825310240144,0.7052209657578303,0.7614418773992697,0.8194457688210355,0.7621038390739213,0.6955591134125336,0.7392084601312856,0.6620538214146799,0.7282370113045693,0.7430173418545784,0.7672214855934794,0.776348186103808,0.7631249066380903,0.7519166078235422,0.7678289093279747
0.89796412689789,0.9337566452837665,0.8784076577176714,0.9451874702816349,0.8566366209411936,0.0,0.8849729256198083,0.9198519938447884,0.9812071919366481,0.9486294544102433,0.9477967205868827,0.8995459681536726,0.9345653184435214,0.8487022197675432,0.9473456679443336,0.9855264787560384,0.8980702857539945,0.9721378483860437,0.921215412893497,0.8708713066972363,0.8763313870567218,0.9361269811103538,0.9669299712170121,0.9745883984685882,0.8543327231631702,0.8665131003798238,0.8251331694063048,0.9713546589679425,1.0,0.8896598818367499,0.8870741896309526,0.4135359968798911,0.8856077908790366,0.9475638207362751,0.9109672365612498,0.8560362168867993,0.8821295119938307,1.0,1.0,0.8793148688483694,1.0,0.936490706969301,1.0,0.8336746697731466,0.9918420838615224,0.9430693910260669,0.8765830440943985,0.8750079973212318,0.8650653385448948,0.6682397207006008,0.6919850910491882,0.8642347001045928,0.945580171512934,0.9543941721815228,0.7995247108794448,0.9250536738051707,0.872871798414374
0.8812113674188983,0.7813964827288293,0.7003372613061997,0.8210466866123088,0.8012680032301406,0.8849729256198083,0.0,0.8342453159424363,0.8762622922817921,0.8990999489457933,0.8929902345029133,0.7734126441192558,0.9309276982352352,0.796979539645424,0.7922442597547643,0.7722577515772681,0.9718758712721554,0.8251829704660896,0.8253455774996216,0.7902826418364256,0.7245883122156643,0.8331432047451264,0.7863293107030199,0.820182914240777,0.8338647340155537,0.8459541949027047,0.8111986536899409,0.7892955493895382,0.9044860018442629,0.8576151798253955,0.8387729231674578,0.5212927058790779,0.8408481324981625,0.8797094638053851,0.8862401899964691,0.8251580851977474,0.9571056881421455,0.8401748276635965,0.8988181774433456,0.7893792862822004,0.9419310451745339,0.7785173604377401,0.8139660365450794,0.8857866505480484,0.8522396916000873,0.8820014761661237,0.9546310078584977,0.6923545583933974,0.9493883890427427,0.7885823794501855,0.8147437052739566,0.7004888682094161,0.8647569447871449,0.8558841150530598,0.706367204508792,0.9797362552366002,0.9117851600011426
0.7595447392480869,0.8623539295956056,0.846474319048811,0.8567424430775987,0.7454503470947464,0.9198519938447884,0.8342453159424363,0.0,0.8454155201594163,0.8629622850912728,0.9566296959934949,0.8918197192573849,0.9026891744284029,0.7497948159563821,0.952306540547483,0.9154752518592898,0.8643603743132874,0.9241436953510075,0.8881258907400034,0.9459420170240262,0.8598746356535897,0.8702275513610273,0.8962345095679756,0.9334186772567798,0.7319989509070876,0.7907135958109018,0.712689878644802,0.9657293848118664,0.8801417135992622,0.7414548659864318,0.6955064146299268,0.35655674093984796,0.7982713199829673,0.8731588345640704,0.7979425264304321,0.68437821171109,0.7596858132105774,0.8837977303302065,0.9692658738187764,0.7623203984695378,0.8553607477858991,0.7898553372665855,0.8763601051278781,0.6862020073402565,0.9367833556443014,0.8264213685679344,0.7201229158425455,0.9161676218258875,0.7053914567341263,0.5655512237600551,0.5830600315811065,0.9118002852970982,0.8260817507897382,0.99530589683175,0.8770408020225825,0.7714036084499176,0.9268147693686103
0.876672775733103,0.8316360333551612,0.7787100783186355,0.9095187733973332,0.7846847753982197,0.9812071919366481,0.8762622922817921,0.8454155201594163,0.0,0.9645093499366137,0.8868442852706032,0.7675026896630468,0.9172611079984073,0.7464075953079722,0.8616840682099471,0.8756985558166545,0.8715037031564105,0.9581714277364638,0.8506875974955952,0.829382434367527,0.785578310265553,0.9433298549581759,0.8664920942440166,0.9183992757265932,0.7459524885778407,0.8877125681926241,0.8191440675282919,0.8563790275684309,0.9958390466115717,0.8213204200803428,0.8327698210356396,0.39744218977057694,0.8744802445896915,0.9702911146048735,0.8988400677674019,0.8168653491655352,0.8858533527883345,0.9695282043724136,0.9636607184956458,0.8590089074569587,0.9317492846336355,0.8926472100995194,0.8947670088083759,0.804010406843284,0.8725647891841364,0.8951367692286383,0.8616828530304914,0.8480997908048795,0.8879845172295835,0.609804094992918,0.6439731345577806,0.7714846169484236,0.7833527287996787,0.9411235480712501,0.7509374685465806,0.8045504331790223,0.8863196518370842
0.9818818469370615,0.7596990237167253,0.6825227059975382,0.8831132446461705,0.8009870064614739,0.9486294544102433,0.8990999489457933,0.8629622850912728,0.9645093499366137,0.0,0.883793766791522,0.7929781307803202,0.990566107789589,0.76380882665952,0.8138828477570519,0.745704763139664,0.9093371697920926,0.8324754770385578,0.8042508511507183,0.7095366440130411,0.7008592252846421,0.8440010713328607,0.8719377875710707,0.8738290593457858,0.8848164230944134,0.9276211949072561,0.9577430487106102,0.8507209109002107,0.9019916711321937,0.9045862242435099,0.9925208900403503,0.47279588647026205,0.8588069661199355,0.9281899691944592,0.9422128007001729,0.9329760860215914,1.0,0.8369004252068775,0.8857897312869465,0.837495550287534,0.9347567534285877,0.9057951753447144,0.8621568740874325,0.9797009349650689,0.8555417341124406,0.9589497512762171,0.9204959284386374,0.8030789896473497,0.9455115845723449,0.6794804915307057,0.7659218102726132,0.6943340651649847,0.8562091425450018,0.9132870567583565,0.7112312030064684,0.898917408543934,0.847997525824713
0.8442675319699333,0.8024733782417972,0.7856358544607785,0.8206914978548021,0.7479666539674651,0.9477967205868827,0.8929902345029133,0.9566296959934949,0.8868442852706032,0.883793766791522,0.0,0.8630581684777205,0.9800539162837949,0.8911345352408505,0.9544512589481731,0.8097162697130073,0.9470419577887385,0.9932263758265878,0.9577421730254773,0.8993005868465263,0.8492092492247644,0.9155945016168845,0.8445331543276164,0.8922611817441112,0.8045621564921323,0.929669890196076,0.7421333629069544,0.8757395788475091,0.8696977445999358,0.8102901762144052,0.7768189450425207,0.41460109109479026,0.7568761894599462,0.8762952880408896,0.7924547078451304,0.8157168173849306,0.8359734332422851,0.858424386508508,0.9343805189513988,0.7606900375414826,0.8934038841322103,0.8159076701995924,0.8637515400786596,0.721581930261089,0.8860071338811794,0.9093990161001724,0.8841990511995367,0.8160641535971465,0.8290119189296471,0.6131455080170782,0.6630178556063198,0.8258529202777013,0.9033466233719198,0.957245679654852,0.8403541054155114,0.8762716245758554,0.9533574743673779
0.7795746972533543,0.8862416221387018,0.8566549743338877,0.8868999782156839,0.8601438474938267,0.8995459681536726,0.7734126441192558,0.8918197192573849,0.7675026896630468,0.7929781307803202,0.8630581684777205,0.0,0.8705412203672446,0.8494782875141699,0.7918529360943651,0.8478738808504703,0.9733203502910325,0.9568997655837719,0.798220094383647,0.7224046167288212,0.8036283961012641,0.7867031730171187,0.7680264320796573,0.7564491680013248,0.6748875329200384,0.7751095623167654,0.6373821258376811,0.7219633447450793,0.8246703204370661,0.7162123611734657,0.7471142208695298,0.38937627025372007,0.7451018252345621,0.8181179585866761,0.6963105260708307,0.719448279751183,0.7264214999352941,0.8126952446194321,0.8409921360623395,0.7539227979442962,0.8245913922415058,0.734803835120237,0.858820566498041,0.6814599941010924,0.8059562724888508,0.7954976621388093,0.7631976574321115,0.7351489211050112,0.7389910687705016,0.658387426777298,0.6924112336080589,0.8057539116393337,0.8540145677039698,0.8275332430602974,0.8791515787469538,0.8093564542303936,0.85987237794938
0.9343791689865676,0.8299034185250372,0.7777569813055215,0.9134969083385281,0.7937315245508447,0.9345653184435214,0.9309276982352352,0.9026891744284029,0.9172611079984073,0.990566107789589,0.9800539162837949,0.8705412203672446,0.0,0.9318492154109569,0.8813587110404851,0.808404953648187,0.9899461536012266,1.0,0.9000234734701368,0.9025965843814634,0.8259677543201064,0.8766545844274757,0.8900843473605862,0.8816865727897546,0.9204518038759486,0.8969432299910695,0.8351947676288305,0.8577919452512396,0.9489459496986002,0.881876704722457,0.8470817306925454,0.5019778912682262,0.8157642311475387,0.8990199157354966,0.8847773634275763,0.8168026568199062,0.9356567790086356,0.8962697335032014,0.8433379566422823,0.7996079249099314,0.9576376238631619,0.8298720673376859,0.8911160342567581,0.8653000291304235,0.907631741360034,0.9414344507569953,0.9308573448929442,0.7930410151434272,0.9103509599097136,0.772157226652032,0.7779726979618052,0.7848047036042595,0.9379243135621981,0.9462273048906225,0.7624803481711929,0.9675196811980068,0.9696687296742025
0.7737139932656304,0.7308989123147767,0.6972260930229894,0.7400302337479006,0.6408599178778814,0.8487022197675432,0.796979539645424,0.7497948159563821,0.7464075953079722,0.76380882665952,0.8911345352408505,0.8494782875141699,0.9318492154109569,0.0,0.7811695937466024,0.7038276869057242,0.9011513846291621,0.8528710828495978,0.8911016403878944,0.7058030817631219,0.7223269483050617,0.7532538887860333,0.6726129804365106,0.7266581358256505,0.8355616734694332,0.7985512713424059,0.7336788864742307,0.6954822817578481,0.703458854962533,0.7807422442488223,0.7096231948609353,0.509275415639837,0.6287338004169774,0.6864806857367561,0.7598083874217315,0.7147490335788943,0.7729346725995158,0.6934862167117203,0.6986258186985129,0.6123481972937956,0.8019150118361458,0.6191696835284656,0.6549486944522896,0.7062294227263382,0.7340609671163011,0.7292359023382563,0.7906331673603719,0.652913545335099,0.7586048939939699,0.7697576883586377,0.7622082293691114,0.6445705196553412,0.9269847563391143,0.8251385615092414,0.662152056284281,0.8475891130429503,0.9035889898849198
0.7700969017250503,0.8793233915565764,0.8711122714566608,0.875389354109765,0.7565830352398625,0.9473456679443336,0.7922442597547643,0.952306540547483,0.8616840682099471,0.8138828477570519,0.9544512589481731,0.7918529360943651,0.8813587110404851,0.7811695937466024,0.0,0.9124637531136437,0.8695551387415594,0.9267186131217614,0.949726092734512,0.9342025588890414,0.9367681260814099,0.9240454560084825,0.9115700083382864,0.9712314885064945,0.7587238934947412,0.7751759868038387,0.7099692944208718,0.9285165426029172,0.894859877300532,0.7243263209170429,0.7322147155907401,0.36965204774646526,0.7899850164591685,0.8573112448395613,0.8003861925274459,0.7279069741952369,0.7688571882465678,0.8918174197391889,0.9155903782048119,0.7459571146184938,0.8721275221787815,0.8089950289850439,0.8508739411343601,0.6443647434106375,0.9534389574647115,0.8320387037561786,0.7304700346949385,0.8831467843809827,0.7096649363006944,0.579620035733317,0.5804536635849031,0.9348206877379259,0.8120101723190533,0.9586493042548921,0.8751119503461878,0.7788356716323837,0.9025924288049232
0.7090015116470565,0.9828719411869514,0.9848243024462928,0.9160109629182602,0.9104383883648988,0.9855264787560384,0.7722577515772681,0.9154752518592898,0.8756985558166545,0.745704763139664,0.8097162697130073,0.8478738808504703,0.808404953648187,0.7038276869057242,0.9124637531136437,0.0,0.838709252907861,0.8918288561703712,0.8785380666533387,0.8753118141586818,0.903193476590817,0.935196979624035,0.9225161100483233,0.9056951127066319,0.5922713417343285,0.6936008220940346,0.6058094249347192,0.8529095806843913,0.8996901799702824,0.6511710591239374,0.6571787183937243,0.31590594417685647,0.8114283885346405,0.8494429333669496,0.8126165999879579,0.6288313465701968,0.6931728533077276,0.9232445632732084,0.9675697088679631,0.8232474093317084,0.824639248528504,0.7670429167908105,0.8931474699242381,0.5952059379218361,0.9195470236563446,0.8282104018363292,0.6882949304763015,0.826718622471505,0.6475603181943999,0.5414743452246915,0.5754073354865563,0.928482230776813,0.8229171696063768,0.8929514701303829,0.970784101021277,0.7333790705450679,0.7962494082868066
0.8847400822468124,0.8498786301062183,0.8482938510285151,0.9065380326248274,0.8664766345631292,0.8980702857539945,0.9718758712721554,0.8643603743132874,0.8715037031564105,0.9093371697920926,0.9470419577887385,0.9733203502910325,0.9899461536012266,0.9011513846291621,0.8695551387415594,0.838709252907861,0.0,0.9452026630388334,0.8017696625638366,0.7490381651548295,0.8304803605039739,0.9118966433422895,0.7913050769635446,0.8901779633543325,0.7834312172496721,0.81864900483268,0.7663127703222201,0.8469827977595206,0.9421490683448545,0.8120455562877793,0.8415514968997936,0.47800032676305604,0.806056346765953,0.8787810203328343,0.8470585800209594,0.8020929601914424,0.9118852104230785,0.8962833700094334,0.937081482898826,0.8545102161259948,0.9596249039450048,0.7316440337454175,0.8499670691327242,0.7752034970089559,0.8463489289619104,0.9116830230711204,0.9685636114747893,0.719525503864787,0.8502999881960277,0.8015273328859157,0.815863123814174,0.78164589098249,0.9565129555050028,0.9089173435447964,0.8204438639793196,0.9256226039359515,0.9771249009665198
0.868887526605189,0.9178228764758538,0.83431513822933,0.8827422368061401,0.7713466775351334,0.9721378483860437,0.8251829704660896,0.9241436953510075,0.9581714277364638,0.8324754770385578,0.9932263758265878,0.9568997655837719,1.0,0.8528710828495978,0.9267186131217614,0.8918288561703712,0.9452026630388334,0.0,0.9819686383877486,0.9519588857780402,0.9462773916739036,0.9537426142845715,0.902106768499734,0.8955109532903109,0.7610172484139504,0.8571058378076429,0.707157898872427,0.868868624937928,0.8831656199768486,0.7696015784357025,0.7334490765177095,0.3682134397164877,0.7942664810475033,0.8477892853149318,0.7819519177566481,0.8052022409960782,0.7831773309264182,0.8875910496289476,0.9253321040774167,0.7895546929835264,0.8834314619985516,0.8188188127326947,0.8751890671699026,0.7130156858482453,0.9266989298580306,0.9213975080364409,0.8133142187745249,0.8900926512248031,0.7255461658873668,0.5937433962713364,0.6122701513781402,0.8470472824640071,0.8756844207131176,0.9764575916785685,0.8906972797033846,0.8277353687951707,0.907336388471084
0.7461610003072441,0.8613734604076096,0.8708829822513496,0.7888087094140007,0.6683754065672425,0.921215412893497,0.8253455774996216,0.8881258907400034,0.8506875974955952,0.8042508511507183,0.9577421730254773,0.798220094383647,0.9000234734701368,0.8911016403878944,0.949726092734512,0.8785380666533387,0.8017696625638366,0.9819686383877486,0.0,1.0,0.8182937885079559,0.9408361812207372,0.8895037331364917,0.9299988738951915,0.7771995700794107,0.8370443468238967,0.7244415856038672,0.9326109792693252,0.9033057564491163,0.7889880206493761,0.6888130769770535,0.4010049611745619,0.7153230726387854,0.8133181860023062,0.7405429296060999,0.6455879891997061,0.754655773167824,0.8513881040151244,0.845385764296765,0.6684650619087361,0.8276815243211602,0.7279222741670196,0.826275315230786,0.6574894337581068,0.9185871798760338,0.7904631997597497,0.8134440941402221,0.8720111131071061,0.7255265827759508,0.5837999024195075,0.5568643439059443,0.889826835204676,0.8229420624709066,0.9319285064008461,0.8361221442280498,0.8317924029710236,1.0
0.6576178336703622,0.8143262080236755,0.8333930387130587,0.7903288422063693,0.639105532804057,0.8708713066972363,0.7902826418364256,0.9459420170240262,0.829382434367527,0.7095366440130411,0.8993005868465263,0.7224046167288212,0.9025965843814634,0.7058030817631219,0.9342025588890414,0.8753118141586818,0.7490381651548295,0.9519588857780402,1.0,0.0,0.9227043493541898,0.9357593627282271,0.9123282050357102,0.9147042107863546,0.7537765272267338,0.758786154240077,0.6751045020419492,0.9554629473325293,0.8443961834893424,0.7004529513262948,0.6285436992506345,0.3210605515420646,0.7175959228315556,0.7568862918551945,0.7331973424208711,0.6057844856064404,0.6619381513916437,0.8094746377276179,0.8652122856145938,0.6486472791573259,0.7401645527339362,0.8040651312974594,0.8501610234903323,0.5886238082969039,0.9062320171379983,0.7748276553966464,0.6710494464512972,0.868177274595332,0.5879412415843419,0.4656423667569046,0.45763115943113913,0.9481877587954944,0.7640611633204024,0.8960612422449601,0.8837206829297679,0.7011490546090996,0.8843118617093888
0.7006658676863842,0.8882614505403266,0.9313945176212822,0.8442236334409191,0.7456576107381812,0.8763313870567218,0.7245883122156643,0.8598746356535897,0.785578310265553,0.7008592252846421,0.8492092492247644,0.8036283961012641,0.8259677543201064,0.7223269483050617,0.9367681260814099,0.903193476590817,0.8304803605039739,0.9462773916739036,0.8182937885079559,0.9227043493541898,0.0,0.9472794614665976,0.8245687297254168,0.867694504689032,0.640855993929744,0.7311165532187541,0.5943252378617753,0.8244348170041869,0.8349247190384865,0.6328436873600662,0.6228364051562245,0.2965457255545211,0.7231422299585683,0.8133211539581213,0.6955116465472384,0.6098155397508968,0.6562936857298142,0.8220327865591882,0.9047109361117764,0.7512670188630266,0.7788038473442577,0.7632072546355524,0.8562603226382748,0.5547121682255495,0.883571250314239,0.7427541961840101,0.6586813324912367,0.888512797529196,0.6006968092331725,0.47650058045037763,0.49344522085598846,0.8774826635872756,0.7527377092524716,0.9086681269742252,1.0,0.6808383586598153,0.8326068160404696
0.8146143219808579,0.8851165766865643,0.8670709373452742,0.9099714797512475,0.7276018598359236,0.9361269811103538,0.8331432047451264,0.8702275513610273,0.9433298549581759,0.8440010713328607,0.9155945016168845,0.7867031730171187,0.8766545844274757,0.7532538887860333,0.9240454560084825,0.935196979624035,0.9118966433422895,0.9537426142845715,0.9408361812207372,0.9357593627282271,0.9472794614665976,0.0,0.9198804125413024,0.9430453438802686,0.8062263082355486,0.8129857231364579,0.7092784911921252,0.918984191075548,0.962889739237733,0.8011463340645072,0.7883951283298533,0.38188552975284584,0.8421292978960964,0.931627885131632,0.8287904725164138,0.718712891262719,0.8421166461431239,0.897871032892496,0.9162139711184555,0.7924619229929042,0.9280526034912344,0.8458103523875408,0.8974221599916131,0.7511702335755667,0.9058251039737815,0.8539759667485369,0.7579370046740879,0.8897138715338975,0.7377061747669909,0.5911173731595905,0.5730982020463354,0.8469991229291667,0.8351013169620849,0.9073762615424009,0.8141268814465263,0.7961519011405745,0.9109575859690718
0.7391243220871304,0.9345484047794635,0.8304850796018228,0.8814866828235539,0.8262944460229368,0.9669299712170121,0.7863293107030199,0.8962345095679756,0.8664920942440166,0.8719377875710707,0.8445331543276164,0.7680264320796573,0.8900843473605862,0.6726129804365106,0.9115700083382864,0.9225161100483233,0.7913050769635446,0.902106768499734,0.8895037331364917,0.9123282050357102,0.8245687297254168,0.9198804125413024,0.0,0.8987534284507952,0.7420410225268672,0.793349637877699,0.7523831827858009,0.9473909554220632,0.8896737792475857,0.7768438383184382,0.7308407789516672,0.3478831679376727,0.8436586233490365,0.8953849594929882,0.8322676747969033,0.7446701086632833,0.7905740433029204,0.8873571691202902,0.964535648563776,0.7950160662597144,0.8461723947167153,0.860444370674141,0.9159903873083224,0.6747133054526864,0.9035210092644264,0.9002197856653694,0.7468156092526987,0.8623769599890916,0.6837651897141276,0.5547465045284993,0.5594802412033234,0.8226227119873433,0.7801784882949171,0.9343939737935675,0.8688550354434201,0.8313193553733044,0.8458624714898588
0.8701659161475632,0.8649233156671804,0.8743970774030193,0.8863940674901385,0.851592337274067,0.9745883984685882,0.820182914240777,0.9334186772567798,0.9183992757265932,0.8738290593457858,0.8922611817441112,0.7564491680013248,0.8816865727897546,0.7266581358256505,0.9712314885064945,0.9056951127066319,0.8901779633543325,0.8955109532903109,0.9299988738951915,0.9147042107863546,0.867694504689032,0.9430453438802686,0.8987534284507952,0.0,0.789342391763169,0.8781057473228798,0.8159442345296792,0.9270666104746079,0.9385489899941055,0.8187289572262632,0.8268298922324413,0.3712374749213216,0.9201173061753182,0.9889755967370261,0.8474794199662803,0.7683450887067367,0.8592293494513134,0.9655860484103739,0.9657320453463007,0.8889431041558327,0.8873690692993539,0.8783925264557245,0.9050262060109894,0.7789290417799608,0.9569159573114974,0.8887470513303571,0.8018739007279727,0.8878745396786992,0.7678686188659237,0.5782086847584956,0.6270300492419384,0.8439757013786325,0.8582558425856391,0.9790673988815669,0.8457060900569368,0.7766583452731067,0.8980295538715153
0.909030135956888,0.6228562972803452,0.5749172338833104,0.7674328139753848,0.644871883476341,0.8543327231631702,0.8338647340155537,0.7319989509070876,0.7459524885778407,0.8848164230944134,0.8045621564921323,0.6748875329200384,0.9204518038759486,0.8355616734694332,0.7587238934947412,0.5922713417343285,0.7834312172496721,0.7610172484139504,0.7771995700794107,0.7537765272267338,0.640855993929744,0.8062263082355486,0.7420410225268672,0.789342391763169,0.0,1.0,0.9989260432171144,0.8036564387029832,0.8586813494670439,0.9836628529619622,0.922698552932546,0.5682666545717878,0.780548812978292,0.8367968040642321,0.8146980836539142,0.8793249041321705,0.9887988999866738,0.7419064132578106,0.735016725836664,0.7048133098735779,0.8575999068684945,0.8268932536590492,0.7279389867895791,0.9553764282654,0.7385175133734411,0.8598030109328396,0.9103899871560511,0.6636450517266564,0.8792491680618959,0.6669265024966469,0.6971222205521064,0.5965775170768861,0.8223534045148533,0.7890325871657263,0.5978232325387532,0.8323936936714607,0.8349725686832098
0.9957677025647741,0.6819517534833393,0.6735984980593163,0.8742825860317186,0.7386686737355384,0.8665131003798238,0.8459541949027047,0.7907135958109018,0.8877125681926241,0.9276211949072561,0.929669890196076,0.7751095623167654,0.8969432299910695,0.7985512713424059,0.7751759868038387,0.6936008220940346,0.81864900483268,0.8571058378076429,0.8370443468238967,0.758786154240077,0.7311165532187541,0.8129857231364579,0.793349637877699,0.8781057473228798,1.0,0.0,0.927570880693282,0.8266282832540637,0.9115178271796864,0.9096547720713529,0.9365101193831841,0.4890082366962362,0.874916726341104,0.9442099625385028,0.8429731119862586,0.8765557507561389,1.0,0.7923807449398731,0.8007706215687653,0.7508468133657047,0.8957821958223482,0.9070734411974107,0.8403650042960127,0.9286260685817724,0.8139756281731604,0.928610340969567,0.9072905210288377,0.7611091562384985,0.8906792301192014,0.6361683095535827,0.6832237980794971,0.6787875913796769,0.8914499398977095,0.8769807091040411,0.7031709089548602,0.8508854491631103,0.8944590558154253
0.9450591848551371,0.6499074816642364,0.5856412202950771,0.7460828222583377,0.6848630879906582,0.8251331694063048,0.8111986536899409,0.712689878644802,0.8191440675282919,0.9577430487106102,0.7421333629069544,0.6373821258376811,0.8351947676288305,0.7336788864742307,0.7099692944208718,0.6058094249347192,0.7663127703222201,0.707157898872427,0.7244415856038672,0.6751045020419492,0.5943252378617753,0.7092784911921252,0.7523831827858009,0.8159442345296792,0.9989260432171144,0.927570880693282,0.0,0.8183466295127726,0.9651405882145834,0.9302848700769523,0.9594529545803883,0.5738888647080168,0.8354687859538457,0.8270071186585572,0.8900400701052521,0.918128329562992,0.9946043970257485,0.7524322796154486,0.7198374077613692,0.7728546003404551,0.8699162040157471,0.8510547777146295,0.737827776770527,0.9939920413177924,0.6998640673037262,0.8684361705945763,0.8205639957380373,0.6465193417149535,0.9234557275162891,0.6845168988867553,0.7183169027446327,0.5756911785782624,0.7985076579819974,0.7749945429878252,0.5966430455379899,0.805611895389705,0.7998065033304648
0.8035456035771495,0.8541938452986007,0.7703955349936504,0.8348011323346451,0.7819351270645805,0.9713546589679425,0.7892955493895382,0.9657293848118664,0.8563790275684309,0.8507209109002107,0.8757395788475091,0.7219633447450793,0.8577919452512396,0.6954822817578481,0.9285165426029172,0.8529095806843913,0.8469827977595206,0.868868624937928,0.9326109792693252,0.9554629473325293,0.8244348170041869,0.918984191075548,0.9473909554220632,0.9270666104746079,0.8036564387029832,0.8266282832540637,0.8183466295127726,0.0,0.9821876467663452,0.7935406384322177,0.772398484638811,0.36719929983452876,0.8005234426896932,0.9577428964164503,0.9022893157321032,0.7399896749193544,0.8092436089065018,0.9096002060432083,0.928687762253115,0.7841692061285968,0.8433699341556378,0.9408778880201853,0.870700760606477,0.6993541638791858,0.875153239796229,0.8594464043865169,0.7535953420285456,0.8653825137489655,0.7271580307043305,0.5378163305985427,0.5451920629008009,0.8931428862283118,0.7891419007384249,0.963486837739231,0.8217649661881568,0.8207477737543986,0.9402825517424882
0.8978992374849906,0.9394809400688299,0.8809850856284637,0.9425336681873184,0.9159982177251359,1.0,0.9044860018442629,0.8801417135992622,0.9958390466115717,0.9019916711321937,0.8696977445999358,0.8246703204370661,0.9489459496986002,0.703458854962533,0.894859877300532,0.8996901799702824,0.9421490683448545,0.8831656199768486,0.9033057564491163,0.8443961834893424,0.8349247190384865,0.962889739237733,0.8896737792475857,0.9385489899941055,0.8586813494670439,0.9115178271796864,0.9651405882145834,0.9821876467663452,0.0,0.8618672975237156,0.9338020927037631,0.42467288815274085,0.9930498291650101,1.0,1.0,0.8773193710309816,0.9398536233512967,0.9838109266315832,0.9750891079376806,0.933576589073749,0.9777958603023331,0.9990207585216369,0.9735057793463229,0.869940714917608,0.932608793587573,0.9741066963466588,0.85016879644833,0.8289969195579663,0.8341400910310652,0.6531395605343382,0.6963713880866433,0.811166044753815,0.8930340010339088,0.875219301824156,0.7965260141373507,0.8517129787055573,0.9786627361241768
0.8711935516925755,0.6815105063180674,0.6264482977930466,0.8021523969545048,0.6708634360600927,0.8896598818367499,0.8576151798253955,0.7414548659864318,0.8213204200803428,0.9045862242435099,0.8102901762144052,0.7162123611734657,0.881876704722457,0.7807422442488223,0.7243263209170429,0.6511710591239374,0.8120455562877793,0.7696015784357025,0.7889880206493761,0.7004529513262948,0.6328436873600662,0.8011463340645072,0.7768438383184382,0.8187289572262632,0.9836628529619622,0.9096547720713529,0.9302848700769523,0.7935406384322177,0.8618672975237156,0.0,0.9529653907967904,0.578130240898827,0.8080764330774695,0.8417304395599956,0.8920013010811949,0.897478673755841,0.9781518144524263,0.7875058281995144,0.8063475574169127,0.7342973587906524,0.8846785270632879,0.8170578506075014,0.7933685490526456,0.9329892349849572,0.7635010247764131,0.8880976774651425,0.8620765090491601,0.6488576814468158,0.9036333705932997,0.7487994845328976,0.7498912344738483,0.6081163399738698,0.7970858249439086,0.795029413582689,0.6273277405208488,0.8673983234888657,0.817736317596493
0.983642923840212,0.7000796255375078,0.6418270041047834,0.8193096729737723,0.830589694385018,0.8870741896309526,0.8387729231674578,0.6955064146299268,0.8327698210356396,0.9925208900403503,0.7768189450425207,0.7471142208695298,0.8470817306925454,0.7096231948609353,0.7322147155907401,0.6571787183937243,0.8415514968997936,0.7334490765177095,0.6888130769770535,0.6285436992506345,0.6228364051562245,0.7883951283298533,0.7308407789516672,0.8268298922324413,0.922698552932546,0.9365101193831841,0.9594529545803883,0.772398484638811,0.9338020927037631,0.9529653907967904,0.0,0.5593535488707889,0.9030418523705052,0.8906920224454055,0.8647529992453337,0.9325579262293607,0.9820885145243704,0.8325441825017977,0.7637789756261318,0.8051247405565277,0.9305582704071442,0.8920698796872997,0.8052568622708901,1.0,0.7452743606495822,0.9437430930847248,0.8785348292784716,0.6835321408911529,1.0,0.8102790041275321,0.7943337219889921,0.6112802368693518,0.8182812281971361,0.7797227547243477,0.6093583141258498,0.7936077488252355,0.7457442969522945
0.4820372915705669,0.3573659834500497,0.3201553609032098,0.39483171368618636,0.3775861041030574,0.4135359968798911,0.5212927058790779,0.35655674093984796,0.39744218977057694,0.47279588647026205,0.41460109109479026,0.38937627025372007,0.5019778912682262,0.509275415639837,0.36965204774646526,0.31590594417685647,0.47800032676305604,0.3682134397164877,0.4010049611745619,0.3210605515420646,0.2965457255545211,0.38188552975284584,0.3478831679376727,0.3712374749213216,0.5682666545717878,0.4890082366962362,0.5738888647080168,0.36719929983452876,0.42467288815274085,0.578130240898827,0.5593535488707889,0.0,0.37951537599740465,0.37376103020798324,0.4832229951483548,0.5105517569240078,0.5547696732304074,0.3787628335069468,0.34519389406957646,0.3637976037296427,0.4752310249844332,0.36583519687101884,0.3510328864492315,0.6084956938315067,0.3631386589696969,0.48124691730002594,0.5912714473727946,0.2940391711560436,0.6134592137792324,0.7310045012034502,0.647768008740353,0.30067069811925884,0.4948596396023458,0.3757019746842279,0.2832560082635918,0.577577361436443,0.45347009989115655
0.8293323945291026,0.7694260512078436,0.7535579332704343,0.8771404407918351,0.781932714863309,0.8856077908790366,0.8408481324981625,0.7982713199829673,0.8744802445896915,0.8588069661199355,0.7568761894599462,0.7451018252345621,0.8157642311475387,0.6287338004169774,0.7899850164591685,0.8114283885346405,0.806056346765953,0.7942664810475033,0.7153230726387854,0.7175959228315556,0.7231422299585683,0.8421292978960964,0.8436586233490365,0.9201173061753182,0.780548812978292,0.874916726341104,0.8354687859538457,0.8005234426896932,0.9930498291650101,0.8080764330774695,0.9030418523705052,0.37951537599740465,0.0,0.9795150906941827,0.8815837580520294,0.9151275193360222,0.9074322504234777,0.8478074928812445,0.9383275656249844,0.8344511172577748,0.8915923038241584,0.9261743397914773,0.9073953200098773,0.888947847627146,0.8785736063558633,0.8730474085747941,0.8204749317070289,0.8279137648128108,0.7617455407636886,0.6049580262626196,0.6508379441514724,0.7160040819734714,0.758098607661739,0.8394706858288755,0.7229015013503427,0.7413166208155255,0.7477345205681367
0.9320688510747147,0.8577653322214117,0.8257809029802987,0.9354908440045818,0.8880996990970004,0.9475638207362751,0.8797094638053851,0.8731588345640704,0.9702911146048735,0.9281899691944592,0.8762952880408896,0.8181179585866761,0.8990199157354966,0.6864806857367561,0.8573112448395613,0.8494429333669496,0.8787810203328343,0.8477892853149318,0.8133181860023062,0.7568862918551945,0.8133211539581213,0.931627885131632,0.8953849594929882,0.9889755967370261,0.8367968040642321,0.9442099625385028,0.8270071186585572,0.9577428964164503,1.0,0.8417304395599956,0.8906920224454055,0.37376103020798324,0.9795150906941827,0.0,0.9475191835217219,0.9068440953780241,0.915080307020916,0.9725997571382557,0.9841375148341839,0.9866259293520011,0.9744361325656935,0.9976695014592618,0.969147401656032,0.8861318947404881,0.925399723492945,0.976597651993552,0.794650320184869,0.8752772544927985,0.83169408632527,0.609679703808011,0.6668979616897716,0.8138891494143861,0.810887744640057,0.987584891575793,0.8039942657829743,0.7835858706925095,0.8085986505589638
0.9073626769150738,0.835285269856941,0.7227198130903473,0.8677092058479756,0.827744562005451,0.9109672365612498,0.8862401899964691,0.7979425264304321,0.8988400677674019,0.9422128007001729,0.7924547078451304,0.6963105260708307,0.8847773634275763,0.7598083874217315,0.8003861925274459,0.8126165999879579,0.8470585800209594,0.7819519177566481,0.7405429296060999,0.7331973424208711,0.6955116465472384,0.8287904725164138,0.8322676747969033,0.8474794199662803,0.8146980836539142,0.8429731119862586,0.8900400701052521,0.9022893157321032,1.0,0.8920013010811949,0.8647529992453337,0.4832229951483548,0.8815837580520294,0.9475191835217219,0.0,0.8951516193111981,0.9467508709330205,0.9006320313202041,0.8088645870081301,0.8869367680031389,0.9774772566810976,0.8527316145545178,0.845183165456838,0.8403275951555886,0.7518743213184345,0.9111561417703201,0.8536021016654393,0.7207563942223271,0.8811066917058442,0.7637088623966567,0.7743537868308745,0.738189437415797,0.8521542558052941,0.8515713940400763,0.6612795037105349,0.8822757136888827,0.8482283193899984
0.9117621815829561,0.6428581955343954,0.6077898621455461,0.8173879505108922,0.7176334166307272,0.8560362168867993,0.8251580851977474,0.68437821171109,0.8168653491655352,0.9329760860215914,0.8157168173849306,0.719448279751183,0.8168026568199062,0.7147490335788943,0.7279069741952369,0.6288313465701968,0.8020929601914424,0.8052022409960782,0.6455879891997061,0.6057844856064404,0.6098155397508968,0.718712891262719,0.7446701086632833,0.7683450887067367,0.8793249041321705,0.8765557507561389,0.918128329562992,0.7399896749193544,0.8773193710309816,0.897478673755841,0.9325579262293607,0.5105517569240078,0.9151275193360222,0.9068440953780241,0.8951516193111981,0.0,0.9415201177165805,0.7717547470817953,0.797424506632921,0.7875144146191132,0.9183930551063388,0.8391604728510395,0.7761948448814464,1.0,0.7660462772457977,0.9615178799054207,0.8912828762633925,0.6887763407159052,0.9245662130446328,0.7170768496140204,0.7654553573163564,0.5707876301005267,0.853825584135298,0.7561020398024004,0.6581382221881753,0.8194056281881018,0.7732215114938137
