Cingulate area 2,Glomerular layer of the accessory olfactory bulb,Glomerular layer of the olfactory bulb,"Olfactory bulb, unspecified",Frontal association cortex,Cornu ammonis 3,Dentate gyrus,Cornu ammonis 2,Cornu ammonis 1,Fasciola cinereum,Subiculum,Postrhinal cortex,Presubiculum,Parasubiculum,Perirhinal area 35,Perirhinal area 36,Medial entorhinal cortex,Lateral entorhinal cortex,Primary auditory area,"Secondary auditory area, dorsal part","Secondary auditory area, ventral part","Piriform cortex, layer 1","Piriform cortex, layer 2","Piriform cortex, layer 3",Ventrolateral orbital area,Lateral orbital area,Ventral orbital area,Medial orbital area,Dorsolateral orbital area,Prelimbic area,Secondary motor area,Frontal association area 3,Primary motor area,"Agranular insular cortex, ventral area",Agranular insular cortex dorsal area,Cingulate area 1,Infralimbic area,Dysgranular insular cortex,Granular insular cortex,"Primary somatosensory area, forelimb representation","Primary somatosensory area, dysgranular zone","Primary somatosensory area, face representation",Secondary somatosensory area,"Primary somatosensory area, hindlimb representation","Agranular insular cortex, posterior area","Primary somatosensory area, barrel field",Retrosplenial dysgranular area,"Primary somatosensory area, trunk representation",Retrosplenial granular area,"Parietal association cortex, lateral area","Parietal association cortex, medial area","Parietal association cortex, posterior area",Primary visual area,"Secondary visual area, lateral part",Temporal association cortex,"Secondary visual area, medial part",Nucleus of the lateral olfactory tract
0.0,0.1385270325428539,0.11288598399071904,0.23496374642697035,0.3294387790094427,0.7347367671300036,0.8481448823003541,0.7941975656529271,0.7934220539099345,0.7562157619357436,0.7915060119479809,0.6520941843368655,0.909381234906366,0.8586712963483174,0.8664681551275734,0.8878597760491276,0.7944336949526589,0.8663857521302335,0.8689662394261186,0.7928154353926574,0.812398662610448,0.8228781938617866,0.773642354748326,0.8707154613489425,0.3216519900368413,0.4421112626300877,0.37728607051705093,0.43368176380816365,0.5168886963771346,0.5085459752469519,0.6400224491658968,0.6158955807580521,0.7646660623990633,0.5107074361500427,0.5934263683845535,0.7947114891529462,0.44578465296934294,0.7293747394769606,0.7324296396943777,0.8883634215703676,0.9695965120065453,0.8120305592960518,0.7915644342824294,0.8226220036635884,0.8835805320006936,0.826343041235741,0.9331902513433218,0.7773562388500045,0.824112489634452,0.745375295185939,0.6436222512778037,0.8714912710495624,0.7871386956494146,0.8554644004268849,0.7850604949951657,0.829822229255228,0.6112596136276739
0.1385270325428539,0.0,0.7841086308486632,0.60617628614775,0.507336068274765,0.11545508447200706,0.12111460487810587,0.11109021775760948,0.1214585875274614,0.1147430495552544,0.14542606805539063,0.20923081551056733,0.14636942715145124,0.138420660433077,0.15042183006849522,0.14968724540100065,0.1890655858633788,0.15619986613919187,0.15883344334401275,0.14328458563848143,0.14138488835121193,0.15238636905011924,0.13568851413413074,0.13153237507243018,0.18356507641712505,0.20286088139813666,0.18002591633419637,0.26276677134993,0.1934305460957385,0.19432429685476468,0.17198782422874356,0.19998610590308483,0.17016210283538008,0.18776849130949255,0.17100999426412497,0.16418137815512138,0.22298358887395767,0.17271272471102558,0.16593027784990483,0.1569466472849178,0.14118636211354457,0.1631444426429064,0.16054067232046126,0.11248739054865574,0.13756109601029123,0.13201967229690542,0.12710858650155932,0.1158205597524258,0.12062371146966935,0.09997683903580544,0.10137290374034107,0.12747582956562828,0.15298549839021933,0.16679706185966406,0.17489781381431627,0.12464998611101387,0.08254294491422505
0.11288598399071904,0.7841086308486632,0.0,0.5919868147551839,0.407532672774583,0.09768808776740012,0.10313716846463093,0.09532468380587703,0.10281856824411091,0.09607090436970449,0.12121966377473495,0.17659666313597538,0.12207620875349903,0.11719542041927641,0.12660085866819468,0.12496277820083077,0.15376315292957646,0.13100314918486933,0.13142805464873503,0.12336315114526933,0.11776359882100725,0.12567476969844693,0.11350886623267036,0.10972388875689015,0.1584007788233772,0.17189620049644186,0.15518400103186653,0.21844961291101922,0.16341309574713658,0.1617883360519468,0.14143266197503285,0.1644756622259958,0.13893455510437358,0.15846530935588127,0.14573549603901412,0.136599858087322,0.18297967249974,0.14481302094566018,0.14059135387607177,0.1293247285930078,0.11803237101279962,0.1373893448744074,0.13595148552803746,0.0940764225382123,0.115871217979364,0.11315078474200355,0.10681581487301653,0.09846525039003294,0.10130914120748044,0.08474678950253758,0.08777147673798535,0.10575620063287348,0.12760126841608274,0.13591163195680897,0.14846401414383917,0.10618610210203239,0.07183203610073063
0.23496374642697035,0.60617628614775,0.5919868147551839,0.0,0.7514135435350907,0.21098338772940262,0.2298723130818759,0.19750711052050768,0.220741238968925,0.1989138546383207,0.27303112512336075,0.40550373314836374,0.2732169835380662,0.26196394012816365,0.29917017972904664,0.2883780547927484,0.3649419705643038,0.3058129570285402,0.2975663872979213,0.278492432834627,0.2675700629953195,0.29842541060288713,0.2570283044841903,0.24629209608873,0.387620874306973,0.42305627223015646,0.3529039257331489,0.5479618051522167,0.40848000681685515,0.37156396086161886,0.34418394661464563,0.39053484325794313,0.33305861459267977,0.3787308469859535,0.34788092647216434,0.3106218554533531,0.35981149526026135,0.36639143410813263,0.35064889483925704,0.2916695432375984,0.2570258982123604,0.32280582218698284,0.3286725449949678,0.18722042751862644,0.267441227400809,0.2527943249648193,0.23046595150856097,0.20893296337423375,0.2129333300716199,0.16651308215698357,0.18919881178486053,0.21396856782866666,0.29079918114249803,0.2987885537843212,0.3419081274846473,0.2382007656896522,0.1307715796573754
0.3294387790094427,0.507336068274765,0.407532672774583,0.7514135435350907,0.0,0.27883796626498625,0.3058172273967751,0.25831352037217004,0.289048436521206,0.26279231223155836,0.38477378938517875,0.5185823141427609,0.37836923007241025,0.3445564459755662,0.39466481426591005,0.3851472673049215,0.5171581543730424,0.43451551523342485,0.3990681953637771,0.36445392634264395,0.3585025934899831,0.4133672888183739,0.33437496752154333,0.33524484227208423,0.3591039756834399,0.46626335118702056,0.3739853804878202,0.6197124603394829,0.48504094038380574,0.4589264450526079,0.44450441102205374,0.5147106860321138,0.45216282490743465,0.4710605257567875,0.43752376820236155,0.4291279522606449,0.4939149550119314,0.4810631931147569,0.43716314010215773,0.43578017613016445,0.37122582189790837,0.4486146957623916,0.4336353472691098,0.2488153083191445,0.36254333906334907,0.3422805421559388,0.30724674301813654,0.28270153291093275,0.2874656451248926,0.2206617724113389,0.2447921747420868,0.28434202930053176,0.3764173375033523,0.4054561888913773,0.45764256413751697,0.3141245781210082,0.163288840141272
0.7347367671300036,0.11545508447200706,0.09768808776740012,0.21098338772940262,0.27883796626498625,0.0,0.9525425618673674,0.9247593980937281,0.8743398075868589,0.8247465075022758,0.7681995490146848,0.561296448274061,0.7935718557225758,0.8335953455565123,0.801346534409729,0.7796218900541719,0.6399859768483128,0.7886531073902342,0.7673356989341994,0.7906013323342003,0.7986644366525639,0.7336769101545461,0.7448307138639374,0.8029129878794968,0.31363306021489046,0.37455237054351787,0.325827403045971,0.3685000189698134,0.4638508545065735,0.3900100276326537,0.5549950202761549,0.4943106034766974,0.5955150624723612,0.4252498032934846,0.49089710094644456,0.5824505983502916,0.3060069703754814,0.6173631811986133,0.6266416504852056,0.720942238016874,0.8125986385473449,0.6653017721758119,0.7564624002564247,0.7893551318058839,0.8037251791899624,0.8175537865787145,0.9248637661774742,0.8657940854224252,0.8605056121939467,0.830303223751136,0.7896667684769413,0.7676021801687406,0.7207211282060906,0.6918987608349115,0.6712855008114162,0.9160606215958933,0.7226256188580931
0.8481448823003541,0.12111460487810587,0.10313716846463093,0.2298723130818759,0.3058172273967751,0.9525425618673674,0.0,0.9933042552342995,0.9576067596077636,0.9230196068670999,0.9222810479449102,0.6278689314390282,0.9444820586420086,0.9241332906042086,0.9072396294481012,0.8747964608320502,0.8022692941069498,0.8567166609222184,0.8494299901677533,0.911996358412952,0.8740282474538701,0.8126109928197427,0.8121106928774886,0.9741541578894118,0.3390673750558114,0.4423918409417647,0.36487878295120835,0.4071588186479885,0.5305151181616524,0.4365114498409531,0.6099056151649407,0.5399420000733054,0.6889343983293966,0.4792703292821475,0.5406324811460762,0.6483011132547783,0.33731116764806357,0.7292441405033454,0.7479505379869513,0.8076557807369219,0.8361590272469847,0.7530260791915452,0.8914320597263689,0.8109486076062339,0.8585355786096972,0.9509916701677438,0.9592803515556472,0.8934498349330585,0.921809418227819,0.8876189774176896,0.841942542715124,0.8038319492978411,0.8493953487969046,0.7656311024267185,0.7121193333630809,0.9700513072732294,0.7722568821839009
0.7941975656529271,0.11109021775760948,0.09532468380587703,0.19750711052050768,0.25831352037217004,0.9247593980937281,0.9933042552342995,0.0,0.9054081166361166,0.913603984133538,0.8134956643831514,0.5572255131372936,0.8168350742556048,0.8816538425002111,0.8540212010776329,0.7428095706198093,0.6618764821354142,0.7283281778704079,0.7720046127516337,0.8208274646714745,0.8077969431244819,0.637740045781942,0.672527157355145,0.804346290867519,0.25605177339145074,0.32381406424185477,0.2825989522300778,0.33353590065886235,0.4119860461011044,0.32643521909592077,0.4643686254843913,0.4308390940855795,0.5325315580965008,0.3656592354499228,0.4027192439196712,0.5393546380560189,0.26591562196369833,0.5428975443355195,0.5698686987639558,0.6884318824420312,0.8336634833257658,0.6175626449099417,0.7288959366334813,0.9379771065890488,0.7782391707758747,0.8627939579759689,1.0,0.952222867664807,0.9349920024277937,0.9231166151904443,0.8745638687087087,0.8722506621636223,0.7661235552747628,0.708231137705264,0.6560336670535107,0.8827917757771084,0.8554584831820388
0.7934220539099345,0.1214585875274614,0.10281856824411091,0.220741238968925,0.289048436521206,0.8743398075868589,0.9576067596077636,0.9054081166361166,0.0,0.9164678754850037,0.9000252294310379,0.5882843043355104,0.8841593004410994,0.9387010194629888,0.8737075508921919,0.7867044089043117,0.7422543760204181,0.8220290794199301,0.8148911443688354,0.8545882226013,0.8051644130293688,0.7474320111536207,0.7337428487967126,0.8696642551549331,0.31209386365789704,0.4029332623054592,0.33323361055405587,0.381327287005925,0.5091345122253665,0.3997313005952269,0.5510334639453606,0.48404827335846257,0.6025996471210759,0.43123269019779137,0.5034476818234492,0.5939632578813372,0.30739210327543076,0.6344892934510162,0.6622921729634411,0.7654968191140372,0.8389971994220922,0.6901420762043196,0.817107140728671,0.8701189171165227,0.7917091542821564,0.9411553595721478,0.9733894801522087,0.93917698731616,0.9195310899460938,0.8527464247561043,0.8135130767777944,0.8500869395501203,0.7560426042753449,0.7754072830225194,0.672340696164639,0.9254471942168933,0.7389853677327234
0.7562157619357436,0.1147430495552544,0.09607090436970449,0.1989138546383207,0.26279231223155836,0.8247465075022758,0.9230196068670999,0.913603984133538,0.9164678754850037,0.0,0.7790612283449371,0.5569875502209573,0.7979092511925325,0.8214162613573824,0.7816935812546256,0.7646957949836545,0.6949230306970419,0.7183251883891283,0.7372716935528527,0.778839015566174,0.7709492897311626,0.6797750794163531,0.6937413237967854,0.8132189854241981,0.27634115532933023,0.35904094780343804,0.3070607154941889,0.3506865763081182,0.4490918811076388,0.3794846567443001,0.5042263004467336,0.4780586508776427,0.5927648894944018,0.4074415439472589,0.4677556129241223,0.5813026827678961,0.2990220924730929,0.5886309670398299,0.6234164652289816,0.71252672956679,0.8248099341008506,0.6490498534189132,0.7540045973397592,0.8606954015923554,0.7701843708917444,0.8216192461328526,0.9307599414414953,0.8742277992900139,0.8249062996758451,0.8407176138287942,0.8091874916818489,0.7783827524265655,0.7506713741296752,0.7416026692667136,0.6280357046546053,0.8310106541131709,0.7972486639733851
0.7915060119479809,0.14542606805539063,0.12121966377473495,0.27303112512336075,0.38477378938517875,0.7681995490146848,0.9222810479449102,0.8134956643831514,0.9000252294310379,0.7790612283449371,0.0,0.7145629044544377,0.9506413636984987,0.8924507687390307,0.8908579842760672,0.8566663087743425,0.8421085151421304,0.9354182192635998,0.899401277159023,0.8649969972802977,0.8707659230773148,0.8034287748058117,0.7840726974819253,0.8827852518886866,0.3602750752166142,0.46881331306487506,0.37128464363395025,0.4925876138040525,0.5901310592428742,0.4764660727475043,0.6779165311410538,0.6054546135055408,0.7193481774459705,0.5241484470513437,0.5719846499994247,0.7237104996681869,0.3920614969322549,0.7417048651339935,0.7810195519876043,0.8567219416414743,0.8625746310298474,0.7961650466913499,0.8748628197962032,0.7667210195386507,0.8193025725527969,0.8743170178805026,0.8756898676197797,0.8438974477037989,0.8342365378459546,0.7045312407218123,0.7123549209249871,0.8129795261546718,0.8980052930691784,0.8335381844637983,0.8905196838495316,0.9305454218808455,0.5933751072171095
0.6520941843368655,0.20923081551056733,0.17659666313597538,0.40550373314836374,0.5185823141427609,0.561296448274061,0.6278689314390282,0.5572255131372936,0.5882843043355104,0.5569875502209573,0.7145629044544377,0.0,0.8013964324447966,0.7163951592885772,0.7697751500519693,0.7802629564414714,0.977801353178503,0.8068290726077957,0.8301570062940437,0.798990341389315,0.772915434329574,0.7269690072145827,0.6534697788662722,0.6615522867095139,0.45620894291715264,0.6444252235120552,0.5022175626448903,0.6875745575385078,0.753785830642478,0.5982109235712858,0.7010308461513307,0.7575094463814829,0.7524493067555115,0.6259146421596612,0.6291392546187926,0.715361858151442,0.45668168894663974,0.8086820749851389,0.7953672557124986,0.7176192507260041,0.7091194873254308,0.7487669973621381,0.7978956810494949,0.5340814900906745,0.6919570752277845,0.6331458942672196,0.6850071147048686,0.5853229642567218,0.5810621387289743,0.4608043599456781,0.46167779884262217,0.6376719596739074,0.9002028013384705,0.8707355722648771,0.911587450286781,0.6663001012981591,0.3610025217205966
0.909381234906366,0.14636942715145124,0.12207620875349903,0.2732169835380662,0.37836923007241025,0.7935718557225758,0.9444820586420086,0.8168350742556048,0.8841593004410994,0.7979092511925325,0.9506413636984987,0.8013964324447966,0.0,0.9653994400617344,0.8853936461394872,0.929968789197514,0.9646283192369832,0.8867101823896771,0.9657307180769787,0.929355104619909,0.9371393942414572,0.7870571002798157,0.813395735257663,0.9227130672152171,0.3401804663022548,0.44563350491079645,0.37022786657122486,0.47934701046554556,0.5740306615732502,0.4617175608229807,0.6198161964298733,0.5768903547820492,0.721075917051351,0.49864632353531074,0.5569580911243518,0.6747695966601002,0.3697033849550044,0.7348516278286519,0.7757415163098517,0.8434033905589071,0.9479239084144956,0.7527971936110676,0.8481693578046753,0.8310129464195557,0.8867877161383276,0.9174300380580471,0.9791739831318091,0.8864993480240267,0.8910389869404376,0.7723344365385754,0.7066353236925262,0.8305814360791421,0.9020210211213223,0.9257050000500056,0.823040314077375,0.8861110062407604,0.5845108082436096
0.8586712963483174,0.138420660433077,0.11719542041927641,0.26196394012816365,0.3445564459755662,0.8335953455565123,0.9241332906042086,0.8816538425002111,0.9387010194629888,0.8214162613573824,0.8924507687390307,0.7163951592885772,0.9653994400617344,0.0,0.9705853818844628,0.8736195268904032,0.8399625631990522,0.8807207836004762,0.9601244839029486,0.9822769959736394,0.9504557814431162,0.811365274291507,0.809696207173701,0.8620317696743611,0.3728744045370134,0.4624895263405612,0.38434159664081546,0.47215299789968523,0.6270718656843361,0.44832359535944755,0.6142785183403405,0.5869790052851163,0.69418851941256,0.4936536372494224,0.580247678144425,0.6643603721146784,0.34405849529581245,0.8070070275701993,0.7659696978627372,0.8384865251360888,0.9021489254442318,0.7910958630510861,0.9196811963194621,0.8302735481015115,0.8678901780255434,0.9549392694814849,0.9999419355751131,0.8793627437961103,0.881111734283268,0.7875333231627983,0.7610951125876472,0.8186735296037515,0.9951825983423292,0.8571071843224767,0.8241500913785695,0.9784745411142471,0.5850944464078931
0.8664681551275734,0.15042183006849522,0.12660085866819468,0.29917017972904664,0.39466481426591005,0.801346534409729,0.9072396294481012,0.8540212010776329,0.8737075508921919,0.7816935812546256,0.8908579842760672,0.7697751500519693,0.8853936461394872,0.9705853818844628,0.0,0.9006935962886226,0.9846944761311643,1.0,0.933071416111184,0.9746723314785602,1.0,0.9461266691048658,0.8690337033621348,0.9256324763349134,0.43405661642016996,0.5434857666232241,0.4558046372022312,0.5480375599095894,0.667583544879308,0.5463780787067037,0.7342281639061465,0.6983592057289343,0.8803060465027657,0.6060952274140774,0.7203694451185343,0.805654196470679,0.43643625123539465,0.8665737644612411,0.9444454091160933,0.9421130186308858,0.9742370289981686,0.9255197429394246,1.0,0.7432944252558212,0.943744631619316,0.9406613940616013,0.9719719519388711,0.8448429902156878,0.846055957888892,0.6956797876245824,0.7506781083521157,0.8000077265361215,0.9304508046063333,0.9501954420096109,0.9027833568076769,0.9914908347109016,0.5375684334227048
0.8878597760491276,0.14968724540100065,0.12496277820083077,0.2883780547927484,0.3851472673049215,0.7796218900541719,0.8747964608320502,0.7428095706198093,0.7867044089043117,0.7646957949836545,0.8566663087743425,0.7802629564414714,0.929968789197514,0.8736195268904032,0.9006935962886226,0.0,0.9041786774127932,0.979338186444939,0.9003927378779673,0.9495445626596899,0.9237971107154106,0.9053708962762959,0.87050238140959,0.8969900595572102,0.43241383056351707,0.5761557104772572,0.46815776081767807,0.545268328151057,0.7137770332611657,0.5906877301972066,0.7596905034464422,0.7093695413668084,0.8942618513878021,0.6320304055450398,0.7278399366156807,0.857171416794348,0.46879203535233704,0.8760400695102193,0.8813548521606435,0.9049421534534695,0.8965684391413263,0.8502619294018218,0.9145801246965685,0.6605761228283804,0.8888992376905063,0.8288272372781399,0.9083338388730063,0.7857096283456201,0.7593806400851204,0.6955979316978914,0.7039794938880644,0.8080232428324369,0.9658146816596646,0.9269702806144272,0.9449561649510456,0.8953219029147899,0.5189800023930111
0.7944336949526589,0.1890655858633788,0.15376315292957646,0.3649419705643038,0.5171581543730424,0.6399859768483128,0.8022692941069498,0.6618764821354142,0.7422543760204181,0.6949230306970419,0.8421085151421304,0.977801353178503,0.9646283192369832,0.8399625631990522,0.9846944761311643,0.9041786774127932,0.0,0.9281785363296834,0.8956508735154936,0.8855730534960666,0.9080059792444031,0.9403512345356912,0.8446858342057466,0.8618049774474256,0.5004592903903938,0.6866313125611574,0.5464343155365046,0.684186953767584,0.7864282760129142,0.673633273536568,0.875670435705061,0.8401348827135792,0.9238254300183213,0.7521431635353567,0.8275617381006393,0.8993448278141132,0.5539224558231662,0.9581264231443407,0.9598185504516483,0.9422495591675056,0.964653070871016,0.9422185693734118,0.9801325896084973,0.6209745074802097,0.8567357446575596,0.8294517263114308,0.7669576917667263,0.6915119820838037,0.7084173536407563,0.5591903365052036,0.5459536299089112,0.7206146585109825,0.9489474713441308,0.9409500456813309,0.9672070818244185,0.7534631907203071,0.42648132006308925
0.8663857521302335,0.15619986613919187,0.13100314918486933,0.3058129570285402,0.43451551523342485,0.7886531073902342,0.8567166609222184,0.7283281778704079,0.8220290794199301,0.7183251883891283,0.9354182192635998,0.8068290726077957,0.8867101823896771,0.8807207836004762,1.0,0.979338186444939,0.9281785363296834,0.0,0.9285902331194804,0.9172118115579488,0.9828109777937898,0.9466276612486568,0.8796689867586678,0.9652303609365714,0.42371619584863573,0.5708661825752277,0.46921453358667176,0.569103342458479,0.7069602786888671,0.622985199790863,0.8006675321763556,0.7506642980616366,0.8931417316347834,0.6786457381452581,0.7227224848694628,0.9112637406605996,0.5155854883015292,0.8946463193560515,0.9174020660275978,1.0,1.0,0.9595133247120812,0.9723075441743786,0.6768410631644973,0.9341956518203213,0.9191242778869353,0.8584297180760639,0.8026467656930223,0.7859830496722251,0.6546731818828185,0.6523857263120042,0.7711338465507113,0.9243752653919447,0.9050022809852264,0.9381325474852846,0.9331754187487465,0.4916039890043929
0.8689662394261186,0.15883344334401275,0.13142805464873503,0.2975663872979213,0.3990681953637771,0.7673356989341994,0.8494299901677533,0.7720046127516337,0.8148911443688354,0.7372716935528527,0.899401277159023,0.8301570062940437,0.9657307180769787,0.9601244839029486,0.933071416111184,0.9003927378779673,0.8956508735154936,0.9285902331194804,0.0,0.9649110692675226,0.9122530789297406,0.821557821837432,0.7750973183592652,0.8607291745096054,0.3704836002703246,0.5000431760308512,0.41153268773516993,0.522282102475483,0.6277019845851278,0.5122572468816178,0.6846136933641224,0.673717945270551,0.7570298162403722,0.5604918654722391,0.6204560275454514,0.7360401733161641,0.40598256121594795,0.8138995656214837,0.8254872786673351,0.8207267484985233,0.8858169981788949,0.7742937153537197,0.8693615515435482,0.7232221947137736,0.8729258227014672,0.8609327028026209,0.9169322758380012,0.8342725266297883,0.7934342491592287,0.6762945554945186,0.6133613210450376,0.8384453034757746,0.9345778356858494,0.9555853685406497,0.980180578565766,0.8383530212691774,0.5318091049729988
0.7928154353926574,0.14328458563848143,0.12336315114526933,0.278492432834627,0.36445392634264395,0.7906013323342003,0.911996358412952,0.8208274646714745,0.8545882226013,0.778839015566174,0.8649969972802977,0.798990341389315,0.929355104619909,0.9822769959736394,0.9746723314785602,0.9495445626596899,0.8855730534960666,0.9172118115579488,0.9649110692675226,0.0,0.9973811115310353,0.8012128464191801,0.7797186604987012,0.8747876821873499,0.385378109886884,0.5009068421707272,0.4179036387492793,0.4920439192111239,0.6491931676269306,0.47865835189257266,0.6423915697331464,0.6203856129593291,0.694357279429811,0.5158852106847462,0.5963505817330348,0.6832694700487042,0.365481225671546,0.7540195350674251,0.8031578143931315,0.8328138061487596,0.8549295768901491,0.7941329254644168,0.9151450578944501,0.7922491040217968,0.9337156347472689,0.8643277157420115,0.9285857706584322,0.8157334303183552,0.8897079782353702,0.7338329227031176,0.6938532970820847,0.8183394458599498,0.9421785232392694,0.8916350075429624,0.8461087176456148,0.9404656424006317,0.5707419322950409
0.812398662610448,0.14138488835121193,0.11776359882100725,0.2675700629953195,0.3585025934899831,0.7986644366525639,0.8740282474538701,0.8077969431244819,0.8051644130293688,0.7709492897311626,0.8707659230773148,0.772915434329574,0.9371393942414572,0.9504557814431162,1.0,0.9237971107154106,0.9080059792444031,0.9828109777937898,0.9122530789297406,0.9973811115310353,0.0,0.8923088902085506,0.8928910222056696,0.9245229100289596,0.40073577035973373,0.5215665588043701,0.43376002940430675,0.5152627353339636,0.6579599748346722,0.5545233257678063,0.7356124719570837,0.6769991439461157,0.871761178775107,0.5949830683379934,0.6918654719417059,0.8052935985216688,0.4305782516791506,0.8093704478049695,0.8683876722783311,0.8607998861732804,0.9049368455850035,0.9025531558827256,0.8770730964061068,0.7391835239913178,0.8875535406043039,0.8442826936075729,0.9448381778213589,0.8677911338172802,0.8482934801112371,0.725760388897646,0.7397751084192713,0.8286011073022957,0.9494395657987668,0.9167046143899327,0.9197063859531597,0.9576638096918951,0.5747355050429845
0.8228781938617866,0.15238636905011924,0.12567476969844693,0.29842541060288713,0.4133672888183739,0.7336769101545461,0.8126109928197427,0.637740045781942,0.7474320111536207,0.6797750794163531,0.8034287748058117,0.7269690072145827,0.7870571002798157,0.811365274291507,0.9461266691048658,0.9053708962762959,0.9403512345356912,0.9466276612486568,0.821557821837432,0.8012128464191801,0.8923088902085506,0.0,0.9530442437524008,0.9180707683390561,0.573088585772101,0.6917968930865486,0.6318172542324769,0.617861488874311,0.7395126873706481,0.7295137197996208,0.9207945415031757,0.8031842682181297,0.943588372171453,0.7835495671479847,0.7892319849429442,0.9410245143276993,0.5323776829872179,0.9794470774659086,0.944207548302024,0.8378217014035854,0.8306284616631016,0.9859090436939382,0.8953204707239694,0.5951964584976354,0.8981264683179101,0.7409451636772767,0.7801572905099702,0.6992989060933539,0.6878636068522744,0.6013070783100415,0.6429831289799102,0.6878353114070764,0.8883753285956466,0.8289673700733281,0.8272863258939702,0.8218668889176542,0.451333800719143
0.773642354748326,0.13568851413413074,0.11350886623267036,0.2570283044841903,0.33437496752154333,0.7448307138639374,0.8121106928774886,0.672527157355145,0.7337428487967126,0.6937413237967854,0.7840726974819253,0.6534697788662722,0.813395735257663,0.809696207173701,0.8690337033621348,0.87050238140959,0.8446858342057466,0.8796689867586678,0.7750973183592652,0.7797186604987012,0.8928910222056696,0.9530442437524008,0.0,0.8739762305086672,0.508378465442386,0.6131223719739295,0.5477698965361157,0.5290498524104246,0.6445417358246114,0.6595572534994146,0.8289427208743748,0.7223219377972917,0.8851315814850651,0.7357905746864818,0.795824396566407,0.8859854685491383,0.4880823057128541,0.8750216368464535,0.8461525235181433,0.8920559364293228,0.8252198674366911,0.8907285234135398,0.8566920071446538,0.6609541827254074,0.8832010553479186,0.7448111067316346,0.7781157521834035,0.7450494615437346,0.7180011487746973,0.6372399320720217,0.6925030028889265,0.7100007764527904,0.8480097504608175,0.8062341983882854,0.7237861348785037,0.8215692606938686,0.4901776386269842
0.8707154613489425,0.13153237507243018,0.10972388875689015,0.24629209608873,0.33524484227208423,0.8029129878794968,0.9741541578894118,0.804346290867519,0.8696642551549331,0.8132189854241981,0.8827852518886866,0.6615522867095139,0.9227130672152171,0.8620317696743611,0.9256324763349134,0.8969900595572102,0.8618049774474256,0.9652303609365714,0.8607291745096054,0.8747876821873499,0.9245229100289596,0.9180707683390561,0.8739762305086672,0.0,0.41914626388187437,0.5300267425713849,0.45617252897458055,0.47538635221205017,0.6005513492867905,0.5778876279956586,0.7327919821298671,0.66181144861997,0.8214447361715642,0.6455613511186322,0.7043724150476746,0.873844485636496,0.45587253054242993,0.8365723363172427,0.851251064393174,0.9994769487276142,0.9225829265013004,0.8800117553186396,0.8741225666009416,0.7420124209305923,0.9703607345131455,0.8753121932222067,0.9188781570129169,0.8708049037398204,0.8525548958152143,0.7980348123067589,0.7779892634455141,0.7995274281205046,0.8763221621315282,0.8434497724443552,0.7442574343060905,0.8878966270067961,0.5996893566664876
0.3216519900368413,0.18356507641712505,0.1584007788233772,0.387620874306973,0.3591039756834399,0.31363306021489046,0.3390673750558114,0.25605177339145074,0.31209386365789704,0.27634115532933023,0.3602750752166142,0.45620894291715264,0.3401804663022548,0.3728744045370134,0.43405661642016996,0.43241383056351707,0.5004592903903938,0.42371619584863573,0.3704836002703246,0.385378109886884,0.40073577035973373,0.573088585772101,0.508378465442386,0.41914626388187437,0.0,0.8631610064381957,0.891130965685326,0.7438531798193171,0.7413741434068254,0.6462910363483014,0.643785368559414,0.6368081333274358,0.5186958311363892,0.717813306504136,0.7044561454090297,0.5246699316683322,0.48574672076891234,0.5872183123222837,0.5482013847893112,0.3829529314358442,0.3343076737461854,0.4948014734751498,0.4847733375362851,0.24332436761694298,0.39687108686951944,0.31679381010017854,0.32283527380081495,0.29266733328405375,0.29429516022937613,0.2460639820177055,0.273345738022629,0.3044058701875025,0.4328726476531742,0.4197001961682294,0.4026185445163706,0.33655311083049744,0.18845278043138755
0.4421112626300877,0.20286088139813666,0.17189620049644186,0.42305627223015646,0.46626335118702056,0.37455237054351787,0.4423918409417647,0.32381406424185477,0.4029332623054592,0.35904094780343804,0.46881331306487506,0.6444252235120552,0.44563350491079645,0.4624895263405612,0.5434857666232241,0.5761557104772572,0.6866313125611574,0.5708661825752277,0.5000431760308512,0.5009068421707272,0.5215665588043701,0.6917968930865486,0.6131223719739295,0.5300267425713849,0.8631610064381957,0.0,0.9600121589166212,0.889064618061297,0.8734585540566701,0.8428526106620491,0.8079994618228339,0.8028158856896362,0.7140639673264289,0.8827078562741815,0.9003568887687456,0.767267498431275,0.6455355537478964,0.8034760076123523,0.7335678028329662,0.5293950511806453,0.4577398360964218,0.6544595436484392,0.6216853960768101,0.3095891141275365,0.5396177381230551,0.41078052894008493,0.41123046653341905,0.37999105956237017,0.37650728281235396,0.3032576132148198,0.3365376340973977,0.4033891235468787,0.5589066688197664,0.5693903654135992,0.5582194173974812,0.43869687325039775,0.2276280005104395
0.37728607051705093,0.18002591633419637,0.15518400103186653,0.3529039257331489,0.3739853804878202,0.325827403045971,0.36487878295120835,0.2825989522300778,0.33323361055405587,0.3070607154941889,0.37128464363395025,0.5022175626448903,0.37022786657122486,0.38434159664081546,0.4558046372022312,0.46815776081767807,0.5464343155365046,0.46921453358667176,0.41153268773516993,0.4179036387492793,0.43376002940430675,0.6318172542324769,0.5477698965361157,0.45617252897458055,0.891130965685326,0.9600121589166212,0.0,0.7333861742559316,0.7143148540670027,0.8851569565040269,0.7361697860772406,0.7490788046377519,0.6168798007243382,0.8748268402572089,0.8529707023295889,0.6714705875233212,0.6471495790602508,0.700698094543837,0.621241090044357,0.43970773580701045,0.3885247877524847,0.5791511674529721,0.4901008090225817,0.26693031318537197,0.4418276952938587,0.3366923262186424,0.3375042095820049,0.3221420334763504,0.3213979043812454,0.2705118949396813,0.28880869381357716,0.33827887014929303,0.4546437914763598,0.458291764782453,0.44031048288010916,0.3647623459965495,0.20702671980369744
0.43368176380816365,0.26276677134993,0.21844961291101922,0.5479618051522167,0.6197124603394829,0.3685000189698134,0.4071588186479885,0.33353590065886235,0.381327287005925,0.3506865763081182,0.4925876138040525,0.6875745575385078,0.47934701046554556,0.47215299789968523,0.5480375599095894,0.545268328151057,0.684186953767584,0.569103342458479,0.522282102475483,0.4920439192111239,0.5152627353339636,0.617861488874311,0.5290498524104246,0.47538635221205017,0.7438531798193171,0.889064618061297,0.7333861742559316,0.0,0.8520673052895426,0.7008813197921566,0.7073164647153598,0.8042470479544209,0.6514039431405797,0.7894343114766971,0.7562818600219812,0.6501616151306393,0.5639628608904693,0.770316919015523,0.6777623570849836,0.5557222698171043,0.46857050263507793,0.6235298508167174,0.6431184363581752,0.3054797241292913,0.516001985616383,0.42586802076702834,0.4050622999056208,0.37953068361625053,0.3751788736696157,0.2922078911901777,0.33073637138477324,0.3812754144110418,0.567082070983961,0.5639934966924648,0.601273480496142,0.4413761377809206,0.2152477090221729
0.5168886963771346,0.1934305460957385,0.16341309574713658,0.40848000681685515,0.48504094038380574,0.4638508545065735,0.5305151181616524,0.4119860461011044,0.5091345122253665,0.4490918811076388,0.5901310592428742,0.753785830642478,0.5740306615732502,0.6270718656843361,0.667583544879308,0.7137770332611657,0.7864282760129142,0.7069602786888671,0.6277019845851278,0.6491931676269306,0.6579599748346722,0.7395126873706481,0.6445417358246114,0.6005513492867905,0.7413741434068254,0.8734585540566701,0.7143148540670027,0.8520673052895426,0.0,0.6674260623544037,0.7804096086146803,0.7810508371775432,0.7525753393326808,0.8036726978163838,0.7893280477579796,0.687863745925047,0.48189537604323557,0.8730477831844232,0.8165184740369439,0.6071560360188775,0.5642994145566812,0.6837182696628011,0.7564423968356699,0.37177967269369355,0.6164360564586845,0.5164590488974694,0.5342191310289529,0.475784173539238,0.4772815078329674,0.3851361007573228,0.44278597995727315,0.5096612879365467,0.7178783414877952,0.6661744184653748,0.7290682929912603,0.5829944616445403,0.27326038921038115
0.5085459752469519,0.19432429685476468,0.1617883360519468,0.37156396086161886,0.4589264450526079,0.3900100276326537,0.4365114498409531,0.32643521909592077,0.3997313005952269,0.3794846567443001,0.4764660727475043,0.5982109235712858,0.4617175608229807,0.44832359535944755,0.5463780787067037,0.5906877301972066,0.673633273536568,0.622985199790863,0.5122572468816178,0.47865835189257266,0.5545233257678063,0.7295137197996208,0.6595572534994146,0.5778876279956586,0.6462910363483014,0.8428526106620491,0.8851569565040269,0.7008813197921566,0.6674260623544037,0.0,0.8497257325243223,0.85890412067149,0.8140667520382683,0.9470540463298603,0.9362881395264031,0.8730949708488719,0.776809211569963,0.8033353879841347,0.7129634648779347,0.6199260846128669,0.5349367347060491,0.7406559250144019,0.5796661860299503,0.3276430874442576,0.5579214890884521,0.406405855486563,0.4054033956593782,0.38032308569889395,0.38519713959075924,0.3180478285761561,0.34782941831613307,0.3956351151765347,0.5206718011448597,0.5451271084592266,0.5803959661646354,0.4398200846719527,0.23400695744927602
0.6400224491658968,0.17198782422874356,0.14143266197503285,0.34418394661464563,0.44450441102205374,0.5549950202761549,0.6099056151649407,0.4643686254843913,0.5510334639453606,0.5042263004467336,0.6779165311410538,0.7010308461513307,0.6198161964298733,0.6142785183403405,0.7342281639061465,0.7596905034464422,0.875670435705061,0.8006675321763556,0.6846136933641224,0.6423915697331464,0.7356124719570837,0.9207945415031757,0.8289427208743748,0.7327919821298671,0.643785368559414,0.8079994618228339,0.7361697860772406,0.7073164647153598,0.7804096086146803,0.8497257325243223,0.0,0.9127126184756862,0.9264144124440338,0.9210127609704234,0.9759373451895996,0.972275337498785,0.6815576424660005,0.9692682987266409,0.9424762229754209,0.7607929555095206,0.7005744101705413,0.8705957440286028,0.7975584317101742,0.4450489656613091,0.7672643104926703,0.5755222991725928,0.5716901453331211,0.5428804807745774,0.5445512207116727,0.4392967430015061,0.48832497531868085,0.5532662169449056,0.7082860029781506,0.734663087018956,0.7105218804480666,0.6401038283382245,0.318903635311753
0.6158955807580521,0.19998610590308483,0.1644756622259958,0.39053484325794313,0.5147106860321138,0.4943106034766974,0.5399420000733054,0.4308390940855795,0.48404827335846257,0.4780586508776427,0.6054546135055408,0.7575094463814829,0.5768903547820492,0.5869790052851163,0.6983592057289343,0.7093695413668084,0.8401348827135792,0.7506642980616366,0.673717945270551,0.6203856129593291,0.6769991439461157,0.8031842682181297,0.7223219377972917,0.66181144861997,0.6368081333274358,0.8028158856896362,0.7490788046377519,0.8042470479544209,0.7810508371775432,0.85890412067149,0.9127126184756862,0.0,0.888150817499606,0.9010587521266535,0.9632017345999127,0.9062403258574129,0.7059503954713907,0.9215194670557072,0.8229477178457661,0.7061508578430492,0.6496170459890581,0.8050024015529713,0.7395850530035923,0.40927277410196844,0.658956168062175,0.5294303876246135,0.5054941219121788,0.47907853069955614,0.48252957546696607,0.38323119444777776,0.4093790361914823,0.5133041093675565,0.7015222115037023,0.699877476391012,0.7650108715143124,0.5702122373915643,0.28838045335015533
0.7646660623990633,0.17016210283538008,0.13893455510437358,0.33305861459267977,0.45216282490743465,0.5955150624723612,0.6889343983293966,0.5325315580965008,0.6025996471210759,0.5927648894944018,0.7193481774459705,0.7524493067555115,0.721075917051351,0.69418851941256,0.8803060465027657,0.8942618513878021,0.9238254300183213,0.8931417316347834,0.7570298162403722,0.694357279429811,0.871761178775107,0.943588372171453,0.8851315814850651,0.8214447361715642,0.5186958311363892,0.7140639673264289,0.6168798007243382,0.6514039431405797,0.7525753393326808,0.8140667520382683,0.9264144124440338,0.888150817499606,0.0,0.8635607863507379,0.9594537250684534,0.9828456616867185,0.6648320351898066,0.9614631773554583,0.935787046825497,0.9010683316243312,0.8159599699340683,0.9786828530916661,0.8482088657791583,0.5079014165278191,0.8179754687287071,0.6654786344895148,0.6574976169721283,0.6267272422275599,0.6004587390453778,0.5021155768123347,0.5385879723873809,0.6245880512948023,0.7609707366040143,0.7989346235001381,0.8200282452323879,0.704665897721909,0.36145529905818313
0.5107074361500427,0.18776849130949255,0.15846530935588127,0.3787308469859535,0.4710605257567875,0.4252498032934846,0.4792703292821475,0.3656592354499228,0.43123269019779137,0.4074415439472589,0.5241484470513437,0.6259146421596612,0.49864632353531074,0.4936536372494224,0.6060952274140774,0.6320304055450398,0.7521431635353567,0.6786457381452581,0.5604918654722391,0.5158852106847462,0.5949830683379934,0.7835495671479847,0.7357905746864818,0.6455613511186322,0.717813306504136,0.8827078562741815,0.8748268402572089,0.7894343114766971,0.8036726978163838,0.9470540463298603,0.9210127609704234,0.9010587521266535,0.8635607863507379,0.0,1.0,0.8826458826838264,0.7469719724361898,0.9533032892707745,0.8094097800979009,0.6624601706796093,0.5890604316996277,0.7833542404859284,0.6721674797961364,0.3583279989911648,0.6208893643056471,0.46159371255833115,0.43836666859022894,0.4223803420879858,0.4144493131958658,0.34309799124532975,0.38478859232986334,0.43153036020156876,0.5812409048098993,0.5976284010289612,0.6348535999822335,0.489664510490367,0.25167610739109525
0.5934263683845535,0.17100999426412497,0.14573549603901412,0.34788092647216434,0.43752376820236155,0.49089710094644456,0.5406324811460762,0.4027192439196712,0.5034476818234492,0.4677556129241223,0.5719846499994247,0.6291392546187926,0.5569580911243518,0.580247678144425,0.7203694451185343,0.7278399366156807,0.8275617381006393,0.7227224848694628,0.6204560275454514,0.5963505817330348,0.6918654719417059,0.7892319849429442,0.795824396566407,0.7043724150476746,0.7044561454090297,0.9003568887687456,0.8529707023295889,0.7562818600219812,0.7893280477579796,0.9362881395264031,0.9759373451895996,0.9632017345999127,0.9594537250684534,1.0,0.0,0.9892253226703935,0.6932506621496645,0.9441725164755309,0.928463448219483,0.7134249517920149,0.631428200213179,0.8359091770350915,0.7256048619098217,0.40012622385023117,0.7019231854002795,0.5160088244695434,0.5132522253782106,0.4831261013136769,0.4724644517133836,0.39185003085408143,0.43875912630701036,0.49200340087060157,0.6802534661745275,0.6452576493935539,0.6627660647858545,0.5575957978995726,0.28925916128600376
