Cingulate area 2,Glomerular layer of the accessory olfactory bulb,Glomerular layer of the olfactory bulb,"Olfactory bulb, unspecified",Frontal association cortex,Cornu ammonis 3,Dentate gyrus,Cornu ammonis 2,Cornu ammonis 1,Fasciola cinereum,Subiculum,Postrhinal cortex,Presubiculum,Parasubiculum,Perirhinal area 35,Perirhinal area 36,Medial entorhinal cortex,Lateral entorhinal cortex,Primary auditory area,"Secondary auditory area, dorsal part","Secondary auditory area, ventral part","Piriform cortex, layer 1","Piriform cortex, layer 2","Piriform cortex, layer 3",Ventrolateral orbital area,Lateral orbital area,Ventral orbital area,Medial orbital area,Dorsolateral orbital area,Prelimbic area,Secondary motor area,Frontal association area 3,Primary motor area,"Agranular insular cortex, ventral area",Agranular insular cortex dorsal area,Cingulate area 1,Infralimbic area,Dysgranular insular cortex,Granular insular cortex,"Primary somatosensory area, forelimb representation","Primary somatosensory area, dysgranular zone","Primary somatosensory area, face representation",Secondary somatosensory area,"Primary somatosensory area, hindlimb representation","Agranular insular cortex, posterior area","Primary somatosensory area, barrel field",Retrosplenial dysgranular area,"Primary somatosensory area, trunk representation",Retrosplenial granular area,"Parietal association cortex, lateral area","Parietal association cortex, medial area","Parietal association cortex, posterior area",Primary visual area,"Secondary visual area, lateral part",Temporal association cortex,"Secondary visual area, medial part",Nucleus of the lateral olfactory tract
0.0,0.3139241506763435,0.2025839187446707,0.29700377484426055,0.4044027683281264,0.6770168000772079,0.8668035949029972,0.5360088927671104,0.7497750643090241,0.8203588029066087,0.8116977581640884,0.6358815307389221,0.8511248600131148,0.6354600019556066,0.6310863547148725,0.5615283293717044,0.5627410708928232,0.6575788175908213,0.5718811888430447,0.5303085719296476,0.6211954421924679,0.6479133305461621,0.6552839035960887,0.7405880098941906,0.7382566857061805,0.6343294418595596,0.5574864407191262,0.486700907577033,0.5317220807185163,0.768345373336277,0.7294266501844732,0.452610487574997,0.8021706697633929,0.5310303127236728,0.5168071051467753,0.8152086485690682,0.6030030159264991,0.5631281986692251,0.6675413702355681,0.8358392031997371,0.7952626982479842,0.7974168245467357,0.6335217844213354,0.9206446825323211,0.7028442592395425,0.6527703594679509,0.8247869172362341,0.7253726642444908,0.8886603324296236,0.905086888498553,0.7872449558430751,0.5871452777647462,0.7520496876994859,0.6760579718040961,0.651545866529598,0.7782673805594402,0.7377986657675457
0.3139241506763435,0.0,0.5951007741608554,0.7833442020730558,0.7752013443154566,0.467259450059403,0.40168075167315814,0.5868958138136277,0.467558687578511,0.4515304825285886,0.43110804918354595,0.5921780939120318,0.43825137852249985,0.5058423232281551,0.49407459853950875,0.574643592697929,0.6221123909688656,0.5062841546394908,0.6887870454600538,0.6788329707262118,0.5966875178766767,0.6040706748489648,0.5787757622869515,0.5611641470468228,0.5415253752789309,0.6938748686304057,0.5775217611362096,0.7147982491679131,0.6856442986122047,0.49161064966457796,0.5183636425990484,0.7472939375295417,0.47298235409942646,0.7406125140280595,0.7211130723716108,0.42481541124539524,0.5482605984865258,0.7297377354184628,0.5970954690904954,0.4135685425175189,0.4673911261608249,0.5727263609756035,0.6844760820537468,0.3972347603330117,0.6040010936736333,0.5787389614196816,0.445346409857111,0.47191065333283866,0.41955147508161306,0.36141085602404893,0.2572319477732442,0.5398631642668178,0.4498570684790093,0.5981544708486142,0.5823978417949028,0.43206047720351326,0.18902812235048963
0.2025839187446707,0.5951007741608554,0.0,0.853410406940596,0.3951233145363542,0.2598347755642792,0.2525854866512434,0.3050244278351807,0.28533946034683694,0.27360779722047895,0.2520939229324474,0.35198220420702425,0.28523587848933574,0.3009294221801679,0.2620069311303597,0.29718374053583335,0.34603615479003447,0.29629929637382063,0.33146132314959614,0.3622165111628716,0.31243248149436176,0.33959266006075317,0.3269410858599404,0.3069633424766087,0.37128471310777805,0.4244469777047556,0.4569595687651452,0.5392322351455546,0.4754366720226393,0.3344156693163571,0.3676762838169095,0.4382856636095516,0.29482698076062563,0.40687914766637345,0.38323239072434145,0.27497451793233135,0.3771062981196451,0.41891408782348544,0.3447727583180195,0.257515917717015,0.28410817694126494,0.3563502203035357,0.36790378810823177,0.25278158774058146,0.33659024079710503,0.30629004236120716,0.27211692845678276,0.28198434548549856,0.25082987442946475,0.24042239462644677,0.16635575085480236,0.30361950673169535,0.2789674187248729,0.3003983264484749,0.33566168782313366,0.2619083895834941,0.11842974892760369
0.29700377484426055,0.7833442020730558,0.853410406940596,0.0,0.5641620178542226,0.38392728241050394,0.3891737160257828,0.4519032578754817,0.43535161243045833,0.4195730432554719,0.38125308599653457,0.5438855418307801,0.43597957912350854,0.4390249909484954,0.3978200226943499,0.4511438688548954,0.5172448616495888,0.45547260715204024,0.5239753714577785,0.5437597510387085,0.48329240077948393,0.5327844561646342,0.5093884911731438,0.5057460025106523,0.5816381956348172,0.6739106411819189,0.7161147385457144,0.8171739568285038,0.7555532801672677,0.5216013438986081,0.573215593740951,0.6510171079894833,0.471623833987943,0.6288335997199068,0.6040487057689069,0.4144497922410099,0.5977413483278157,0.681892843434059,0.5463800326297962,0.39769682149432295,0.4410962067803277,0.5643968293664564,0.6017747596982906,0.3931057273567914,0.5271529546957202,0.4712291205055413,0.419583768126942,0.44077481639912147,0.37413625848184034,0.3601554779570698,0.24090073476234375,0.4541547035923128,0.4209644347537371,0.45905218481855803,0.5129932674719656,0.40058715815664675,0.16258952323829232
0.4044027683281264,0.7752013443154566,0.3951233145363542,0.5641620178542226,0.0,0.6427775486392927,0.4994818057891383,0.7482870554786827,0.5573648810832555,0.5239325156368199,0.531663072519359,0.6602561199006678,0.524852792279888,0.6205165047660756,0.7355170483123754,0.8279654040998643,0.7650538254144558,0.6693253931674005,0.8754726692856676,0.8481566820599244,0.8152886689285676,0.74742282022891,0.7215750804411701,0.7146121822892783,0.5941577418470884,0.7714560826640205,0.48896633485181873,0.6621714710484607,0.6420949895732493,0.5623600583437592,0.5701748373799166,0.8218551988344908,0.5850688921543873,0.8055140310211302,0.938837362770871,0.5079404728843728,0.6104855928204678,0.83257216884464,0.7254550254236268,0.5011432355735443,0.6031125159032285,0.6504465408940366,0.7817106281246199,0.4475582894442009,0.761940176587861,0.7589766088534398,0.5436239352676374,0.6477612549436385,0.5165810793892235,0.4331189914851037,0.34073396637196135,0.6981246414633421,0.5555617867856142,0.7556049384074811,0.715815945479816,0.5263686434682728,0.2627959362281278
0.6770168000772079,0.467259450059403,0.2598347755642792,0.38392728241050394,0.6427775486392927,0.0,0.847451467367914,0.938545685543007,0.9276122507105506,0.8243557757579428,0.8838975650029848,0.7682138940752762,0.7839320397178611,0.8644508002940273,0.8718022729160457,0.8516049842784228,0.8961070410881485,0.9283243881621005,0.8923999900899954,0.7984977301710496,0.8874151807995347,0.8035073103845014,0.8472970871786624,0.8465265907346952,0.7136658869584289,0.7169810634364924,0.582915941171147,0.6299829077072784,0.6327255869416128,0.6674222327020012,0.6762082165246002,0.693669188461598,0.8137988044725197,0.7656769286438958,0.7626634881752855,0.7575227087202838,0.752068133032808,0.7279332454678272,0.8303290144654614,0.8021456334290343,0.926129132586895,0.7713733489907593,0.8295297163595733,0.8493062450948784,0.7971250795236784,0.8954150350168015,0.9269425857619379,0.8750647758211465,0.9062641391384023,0.7770835467706917,0.7124114144406636,0.9725173207206307,0.90783770326544,0.9398242090225286,0.8629001779478853,0.8695122913682386,0.5361310982030535
0.8668035949029972,0.40168075167315814,0.2525854866512434,0.3891737160257828,0.4994818057891383,0.847451467367914,0.0,0.7223980650203496,0.9191178821355489,0.9129642570522953,1.0,0.7723022342932983,0.9270707315451876,0.8182753776920544,0.7331936531154732,0.6490667889813356,0.7614037736034832,0.8429051121025875,0.7001247129705676,0.6785171332427481,0.7417164659079399,0.7633059085413182,0.785113802137839,0.889148097630116,0.7933885713464731,0.7418258556263503,0.6509482748928251,0.6463397656082801,0.6951062454883956,0.7880116734974576,0.8327192414376142,0.6156643281339156,0.8958578325481973,0.6910416068922186,0.6613141227018234,0.895173700741953,0.7797878323758268,0.698533767381261,0.798984510909522,0.874600535107242,0.9823848068310592,0.9041123232904053,0.7860650463585928,0.921236410829194,0.8215672163723589,0.8528822053904787,1.0,0.8965353803441056,0.9612996096992935,0.9329846547796098,0.8141802511792164,0.7728545853570079,0.9394039538384786,0.8731133276282543,0.8415293417455242,0.8725011736732834,0.6082374065145899
0.5360088927671104,0.5868958138136277,0.3050244278351807,0.4519032578754817,0.7482870554786827,0.938545685543007,0.7223980650203496,0.0,0.8648433934823442,0.7477866391329863,0.7811256772555473,0.784713384395126,0.7089518445445164,0.8032500221811207,0.7981464236215429,0.8204459930624108,0.9091987235426995,0.8928888125906934,0.9330176276283423,0.8600763994045154,0.8848713289918698,0.7952113038993681,0.85617753217932,0.8346218229275842,0.6998493628517872,0.7482206694389522,0.5938384926784739,0.662349795428705,0.6935055612920008,0.6045078260952175,0.6621666918556207,0.8419502346414721,0.7536696315988828,0.7977575701473105,0.8648364762652878,0.663174916176702,0.7869233559894789,0.8013541323376674,0.8037662385274748,0.704667309719633,0.8445677487308673,0.8046587390690367,0.8573082046834434,0.7283821003595058,0.780435709283062,0.980672734159378,0.7904617302151226,0.8846783604541193,0.7695947778769814,0.652735246050533,0.546237990803105,0.9443071697410607,0.8387610602555295,0.9711947807206193,0.7955762469556292,0.7753755406069543,0.3962866051916654
0.7497750643090241,0.467558687578511,0.28533946034683694,0.43535161243045833,0.5573648810832555,0.9276122507105506,0.9191178821355489,0.8648433934823442,0.0,0.8643925087974632,1.0,0.840400111359904,0.9419244141791527,0.8192575732403486,0.7217202381689504,0.7649875682875337,0.8603803049238161,0.8585377621889095,0.7857023311044459,0.7681358475330087,0.8022410847337956,0.8132957762240968,0.8456377980791452,0.8756071245932878,0.791112792225149,0.7956020841608336,0.662187442717738,0.6984097471378564,0.7004291187953624,0.7709949442081606,0.8165795321348066,0.692155630464833,0.9059047954062482,0.7833675477926119,0.7435348240469415,0.862919798228755,0.888290256624884,0.7618509268138296,0.8563682666133602,0.8269909767881721,0.9715800250284605,0.887121072107513,0.8732017005805459,0.9207614279259679,0.847233010211208,0.9583805639553237,0.96306190215141,0.9778010045350249,0.9958155408106624,0.9577350789254448,0.7300509402098005,0.881095163127004,0.9560582191037639,0.9317971016496173,0.875619333040538,0.8795661946217195,0.5397485407374049
0.8203588029066087,0.4515304825285886,0.27360779722047895,0.4195730432554719,0.5239325156368199,0.8243557757579428,0.9129642570522953,0.7477866391329863,0.8643925087974632,0.0,0.8600388220827173,0.7848208183566434,0.9013076981509874,0.7326779598172213,0.6618192627287809,0.6449663835416952,0.7320752226206468,0.8010028802600806,0.7030419938795832,0.6849959960570435,0.7459298593240811,0.7535193543765535,0.8414460447130127,0.8047280547692602,0.8402794263182249,0.7498150219954891,0.7174502387713365,0.6487419672839813,0.6946744599146187,0.8020519665146371,0.8020754952620986,0.7003483764784089,0.8743002083298036,0.7929484752320151,0.679373150241481,0.8600123544899976,0.852475467560071,0.7133378688444381,0.8264114178854083,0.8619506689661912,0.964846630121076,0.8683955147915982,0.8083537780350657,0.9489874588535283,0.8007958772916389,0.8091871568101017,0.9406777013524921,0.8058280340938333,0.8581537658686313,0.8722198175194684,0.7124009739066384,0.7912598389176039,0.8779625711566945,0.7981943882414806,0.7378327276108576,0.8330906136287569,0.5432080833124364
0.8116977581640884,0.43110804918354595,0.2520939229324474,0.38125308599653457,0.531663072519359,0.8838975650029848,1.0,0.7811256772555473,1.0,0.8600388220827173,0.0,0.8158366631532428,0.8800908816132657,0.8400763900289285,0.721105642824028,0.7055044813579753,0.8557057849845292,0.8862466282998244,0.7339475222612812,0.7341195900914949,0.7701306380271289,0.7853814985267266,0.8681676050454119,0.8298839784712765,0.7526604017204352,0.7280416176568582,0.6450457268993268,0.6398119654305428,0.6913917365879588,0.7593442525349388,0.7450638186115274,0.6623701800762881,0.8698219756779731,0.7128831123847617,0.6794971260595216,0.8148916674512806,0.7618349963708247,0.6906724415796073,0.8028801523649371,0.8543153866118691,0.9601974146014399,0.8497878471160963,0.8082784859734329,0.9298416044144819,0.804597799056678,0.827360361803719,0.9880559117576424,0.981303010021617,1.0,0.9299434221071674,0.8420893555316741,0.8828095128524099,0.975229093048471,0.8714145391185699,0.8342297595577153,0.9483481904778,0.6321063380343156
0.6358815307389221,0.5921780939120318,0.35198220420702425,0.5438855418307801,0.6602561199006678,0.7682138940752762,0.7723022342932983,0.784713384395126,0.840400111359904,0.7848208183566434,0.8158366631532428,0.0,0.8167911400073925,0.9455788913303893,0.7730238298754946,0.7486426879667701,1.0,0.8628679103567957,0.8058161957229573,0.8265791395219454,0.8155104330003546,0.787489346553552,0.8617058006810547,0.787509351409208,0.8528921561499466,0.8401731422581128,0.7436189920078404,0.7891570530861272,0.8206660120597493,0.7282711318727629,0.7863399416688264,0.7121032476705443,0.7453653344131731,0.8158372413364268,0.8096328552930726,0.6833616682056102,0.7783684653201405,0.8578920545886684,0.8701989149040549,0.6796348305223014,0.8095338359966054,0.9016464062260622,0.8670239307297546,0.7536951490786491,0.9508550117193544,0.8417436925875396,0.8743697704387277,0.7924149668381267,0.8051958014969032,0.7464802346693284,0.525542568044102,0.8016301796974843,0.8598070753300072,0.9312213943027312,0.9718290762032505,0.7860181039341491,0.38636022856552277
0.8511248600131148,0.43825137852249985,0.28523587848933574,0.43597957912350854,0.524852792279888,0.7839320397178611,0.9270707315451876,0.7089518445445164,0.9419244141791527,0.9013076981509874,0.8800908816132657,0.8167911400073925,0.0,0.8465743740172084,0.7262326544604567,0.69338875648982,0.8061637253419551,0.8860961945692145,0.7160133125608393,0.692297260769801,0.74929910950434,0.8314498923936865,0.8358077021309842,0.8533709218789883,0.9540605069812874,0.8316825182560229,0.7744589099041888,0.6978972572988855,0.6978455409011329,0.8447054033982334,0.8615491448779341,0.6382193921315922,0.8579420635371586,0.7519909222997221,0.702199630478885,0.8692563068489544,0.7823431660552581,0.7287686987692639,0.8418678844715906,0.8698689198583722,0.9056331139534654,0.8626202243313722,0.8315083053967676,0.9710204678173004,0.8393461876014521,0.8005297836232836,0.9143826878481294,0.8704814632637763,0.909488858572621,0.9773765773237394,0.7234189300938967,0.8347622823123648,0.957146392473413,0.8956292686142474,0.8584099505817263,0.8674854553758622,0.4989550945246563
0.6354600019556066,0.5058423232281551,0.3009294221801679,0.4390249909484954,0.6205165047660756,0.8644508002940273,0.8182753776920544,0.8032500221811207,0.8192575732403486,0.7326779598172213,0.8400763900289285,0.9455788913303893,0.8465743740172084,0.0,0.823261395994749,0.7734168357180861,0.987314369110418,0.8737119610049412,0.8033246773623819,0.7265514464656526,0.7730470612778455,0.7281526956505726,0.7847426423118359,0.7342773269027356,0.7554905127653809,0.7599570131238008,0.6305217763704943,0.6987334486192404,0.6911288594294624,0.5957958912572745,0.6985395429297119,0.6445623494806965,0.7210839737096632,0.7506897449652978,0.7027900711414105,0.6886976762584524,0.7081405923424099,0.7530679881745335,0.8125841178161397,0.6818502817838916,0.8069112646190872,0.7703708819108118,0.7490790833565683,0.7251056365134949,0.8214512637264787,0.7686342983833071,0.8606821141711227,0.7799018541726941,0.8246904647842053,0.7030646165905133,0.5636875103749256,0.8821916481047664,0.9251988862960552,0.8563128858506002,0.88503958091063,0.815363736243235,0.44760861040206273
0.6310863547148725,0.49407459853950875,0.2620069311303597,0.3978200226943499,0.7355170483123754,0.8718022729160457,0.7331936531154732,0.7981464236215429,0.7217202381689504,0.6618192627287809,0.721105642824028,0.7730238298754946,0.7262326544604567,0.823261395994749,0.0,0.9529597724785649,0.8792258600321076,0.8528772660955157,0.9606264987013479,0.8286344301205906,0.9132571028116626,0.8254548955978069,0.8977332632259362,0.8703194712881349,0.6801215976788326,0.6928227118644912,0.5062729577383192,0.6000972188885755,0.639600461633247,0.6480927031379803,0.6478161401424761,0.620081925381143,0.7601915393989798,0.7560644726278254,0.7938818026317531,0.6582959585473863,0.6140786880729582,0.8033500542812579,0.8185348403387526,0.6843990517397481,0.7834492278020928,0.7314963239894846,0.8613527509058003,0.6454735135775024,0.8221225348141545,0.8323898553602268,0.7718679584744553,0.8093855949093083,0.7492823633693615,0.6523981424183174,0.5984079012331236,0.8228476717263693,0.7576778807883086,0.9833388296496438,0.872716746364134,0.7111461238993183,0.46204463699106446
0.5615283293717044,0.574643592697929,0.29718374053583335,0.4511438688548954,0.8279654040998643,0.8516049842784228,0.6490667889813356,0.8204459930624108,0.7649875682875337,0.6449663835416952,0.7055044813579753,0.7486426879667701,0.69338875648982,0.7734168357180861,0.9529597724785649,0.0,0.8672217324863053,0.8375325174023588,0.9251586204017164,0.9137520990598296,0.8994780246504748,0.8174825881656664,0.8779861452156568,0.8692521098298633,0.6897860325485217,0.7838406048105917,0.5411556513951622,0.6327864547238402,0.6475028143526035,0.6375396366880238,0.664402411140677,0.7241082988005205,0.7213260386619231,0.7759634478394437,0.8180397796851973,0.6332778414450307,0.6757444554210683,0.8704969118428763,0.8713640676245744,0.650618979413795,0.7558402514846181,0.7564849116916907,0.8669493104268744,0.6360355714690575,0.871076936191914,0.8996283958500728,0.7298124457154259,0.831866109963332,0.6967845220762532,0.5954839290689479,0.5264146920696168,0.8405226299910084,0.7171464919509372,0.8531193119649741,0.8472597035188271,0.667467536968531,0.3931261488082244
0.5627410708928232,0.6221123909688656,0.34603615479003447,0.5172448616495888,0.7650538254144558,0.8961070410881485,0.7614037736034832,0.9091987235426995,0.8603803049238161,0.7320752226206468,0.8557057849845292,1.0,0.8061637253419551,0.987314369110418,0.8792258600321076,0.8672217324863053,0.0,0.9489317545399786,0.9613865028594051,0.8551219904206357,0.9053259329996874,0.847774971945066,0.9015086696175739,0.8159867095060738,0.7781937910374283,0.8259636190168245,0.7131388434974578,0.7900103902903605,0.7776481227370098,0.6750454840720436,0.7350755513119028,0.7965533907466199,0.7187621530750397,0.861702403066584,0.856853739076445,0.6991264703453932,0.7672816253128322,0.9283294089207168,0.8724981514249117,0.6947621982493193,0.8125801186313685,0.8663866778966398,0.9210821778709747,0.6948307817410148,0.9436879616122963,0.8933675360652972,0.823443810673084,0.8046958721158534,0.8098202712669295,0.6710445357590856,0.5333119536651277,0.8999390206787549,0.9199876873491886,0.9971436479078992,0.9607706583479257,0.7750431769410941,0.39667051371517953
0.6575788175908213,0.5062841546394908,0.29629929637382063,0.45547260715204024,0.6693253931674005,0.9283243881621005,0.8429051121025875,0.8928888125906934,0.8585377621889095,0.8010028802600806,0.8862466282998244,0.8628679103567957,0.8860961945692145,0.8737119610049412,0.8528772660955157,0.8375325174023588,0.9489317545399786,0.0,0.9107808146569835,0.8308893771087149,0.9116753631083316,0.8532363120256536,0.9707894007553686,0.9121472893671796,0.7832613269029457,0.8184945072470664,0.6378020680536222,0.7280331156501082,0.7430901311767933,0.7451906640348589,0.7179166548210121,0.6982249027804117,0.8010617862132005,0.7992317090062901,0.8548233963852973,0.7746220412391246,0.8069539376712619,0.840881481620643,0.877389085382175,0.8005565569596755,0.9203692782611393,0.8664980920095375,0.8958347927960275,0.8055438700125022,0.9400098321049183,0.9468512457413888,0.8886710272669286,0.9123650480509966,0.8357459757667284,0.7718682328875198,0.6254418252760146,0.9593579730252423,0.9137633406546686,0.9235431782321664,0.9294226317277974,0.8347835003251605,0.45210906343665286
0.5718811888430447,0.6887870454600538,0.33146132314959614,0.5239753714577785,0.8754726692856676,0.8923999900899954,0.7001247129705676,0.9330176276283423,0.7857023311044459,0.7030419938795832,0.7339475222612812,0.8058161957229573,0.7160133125608393,0.8033246773623819,0.9606264987013479,0.9251586204017164,0.9613865028594051,0.9107808146569835,0.0,0.9444625191252336,0.9610107172766587,0.9064369961233077,0.920132970311326,0.9288776520925397,0.792563132489382,0.8191406003729522,0.6098476252518774,0.7588860132690755,0.7412534036101103,0.6911122925709264,0.7351883909994424,0.8656017187192724,0.7707166180615166,0.8955103484021311,0.9669376124712136,0.7138426481088643,0.7690208999069356,0.9266424047977619,0.8867114405942216,0.6636629904421092,0.7982502965812239,0.7882406410606596,0.9848125214650294,0.6636689610398837,0.9960627240458159,1.0,0.8039395375283892,0.8146115895989854,0.7536500490497426,0.6311099293714358,0.512200973678042,0.8546524497177322,0.7632799256736497,0.9717492431727663,0.8905013821909867,0.7592682920536826,0.37858081608095784
0.5303085719296476,0.6788329707262118,0.3622165111628716,0.5437597510387085,0.8481566820599244,0.7984977301710496,0.6785171332427481,0.8600763994045154,0.7681358475330087,0.6849959960570435,0.7341195900914949,0.8265791395219454,0.692297260769801,0.7265514464656526,0.8286344301205906,0.9137520990598296,0.8551219904206357,0.8308893771087149,0.9444625191252336,0.0,0.9280486000133377,0.9195150256150885,0.889770932875577,0.918151054314967,0.7740154342648145,0.8872295548911946,0.6479622230614203,0.776801022975002,0.7689310295911275,0.7157523588707124,0.8058462116884787,0.8517697863733056,0.7720417996970784,0.8632640661446431,0.887254087073212,0.6634750508348061,0.8158166493685087,0.9278483278436217,0.8579419856465792,0.6449649194096447,0.7719224036243667,0.8214976184920935,0.9480110441808164,0.670096455345345,0.9312026896572266,0.9308373541122894,0.7358671103186414,0.7873399366403246,0.7231420914584139,0.5874287095795419,0.46258196810114505,0.8432306756972376,0.7431978722658197,0.9647812337082913,0.9093405598485698,0.7117748564891402,0.3384061884691078
0.6211954421924679,0.5966875178766767,0.31243248149436176,0.48329240077948393,0.8152886689285676,0.8874151807995347,0.7417164659079399,0.8848713289918698,0.8022410847337956,0.7459298593240811,0.7701306380271289,0.8155104330003546,0.74929910950434,0.7730470612778455,0.9132571028116626,0.8994780246504748,0.9053259329996874,0.9116753631083316,0.9610107172766587,0.9280486000133377,0.0,0.9071471618850827,0.911817560443478,0.9778325050403509,0.7581602627119882,0.8684915824502124,0.5986192122664775,0.7035775715392185,0.7182075693670739,0.6910138696824477,0.7035485100505073,0.7986071364539957,0.796143493385563,0.82888027579938,0.8406290358813626,0.7271036991987511,0.7321435717041643,0.9250009235650218,0.9239346633688762,0.677736045152112,0.8736251452499473,0.8136888985898302,0.9267151306232362,0.733044097940606,0.8937137073095616,0.9472665026914018,0.8449314814646773,0.8700210251551472,0.7626457234068075,0.6651294814120614,0.546117209574193,0.8627908178603736,0.7776784931167288,0.9756427810573646,0.9089593799601173,0.7745405456047407,0.41061795382621596
0.6479133305461621,0.6040706748489648,0.33959266006075317,0.5327844561646342,0.74742282022891,0.8035073103845014,0.7633059085413182,0.7952113038993681,0.8132957762240968,0.7535193543765535,0.7853814985267266,0.787489346553552,0.8314498923936865,0.7281526956505726,0.8254548955978069,0.8174825881656664,0.847774971945066,0.8532363120256536,0.9064369961233077,0.9195150256150885,0.9071471618850827,0.0,0.8841402733434662,0.9844043092201166,0.8917406426065895,0.90032488260451,0.7360240007577353,0.7770372481755862,0.7582611092608115,0.8302062549791136,0.827527637072699,0.8138003889342972,0.8740650350716331,0.8085375460999085,0.8363054522449453,0.7507152657461815,0.8084703221001454,0.9191139197075227,0.8922490344057555,0.7697257600025452,0.8517806498196314,0.9054318958337072,0.9685533753412732,0.711688840924765,0.9265006671757,0.8738002234056887,0.8262308972890724,0.823582540636506,0.8024790096172745,0.7457155827148031,0.5403226770588097,0.7978942940161596,0.7776299206390581,0.8581344972772057,0.8849735356710483,0.7804719228560938,0.39806979612437376
0.6552839035960887,0.5787757622869515,0.3269410858599404,0.5093884911731438,0.7215750804411701,0.8472970871786624,0.785113802137839,0.85617753217932,0.8456377980791452,0.8414460447130127,0.8681676050454119,0.8617058006810547,0.8358077021309842,0.7847426423118359,0.8977332632259362,0.8779861452156568,0.9015086696175739,0.9707894007553686,0.920132970311326,0.889770932875577,0.911817560443478,0.8841402733434662,0.0,0.998308156268115,0.8913321018749405,0.9036999920801694,0.7248926951895205,0.7394051937098105,0.790708273194797,0.796421648118695,0.872383211555387,0.86748638001517,0.9271588101476399,0.9125668317172145,0.8966666349793339,0.7694815154065516,0.8235932132187619,0.9635970518274699,0.9348240950836653,0.8032937961142347,0.8897064455810588,0.9041778328976352,0.9558673613591893,0.7943088343111532,1.0,0.9393621387881042,0.8891216030686732,0.8575054936764036,0.8838796567709835,0.7341576146707074,0.6249469067581108,0.8803862873296124,0.8622927792411444,0.9428344448276691,0.953387174735165,0.8157660603666517,0.4230404308082176
0.7405880098941906,0.5611641470468228,0.3069633424766087,0.5057460025106523,0.7146121822892783,0.8465265907346952,0.889148097630116,0.8346218229275842,0.8756071245932878,0.8047280547692602,0.8298839784712765,0.787509351409208,0.8533709218789883,0.7342773269027356,0.8703194712881349,0.8692521098298633,0.8159867095060738,0.9121472893671796,0.9288776520925397,0.918151054314967,0.9778325050403509,0.9844043092201166,0.998308156268115,0.0,0.9217464393464815,0.8888720670046703,0.7291380716928146,0.7397543505632096,0.804841680701506,0.8472737824268248,0.8543672392090194,0.7518367525046591,0.8560914345535878,0.8530508581347949,0.8222901158769815,0.8069831078402315,0.8174377229577442,0.9568092412191304,0.9793433088715665,0.8636239623307828,0.9334558577044325,0.9643267818389516,1.0,0.7900521579768383,0.9297859600037638,0.9453266803917986,0.8719732471089106,0.8861086808981209,0.844920627362224,0.7900679088455521,0.624095965324362,0.8701554547843463,0.8279389950918475,0.9908740621109211,0.8651103863124248,0.8308124585954354,0.4576869384511163
0.7382566857061805,0.5415253752789309,0.37128471310777805,0.5816381956348172,0.5941577418470884,0.7136658869584289,0.7933885713464731,0.6998493628517872,0.791112792225149,0.8402794263182249,0.7526604017204352,0.8528921561499466,0.9540605069812874,0.7554905127653809,0.6801215976788326,0.6897860325485217,0.7781937910374283,0.7832613269029457,0.792563132489382,0.7740154342648145,0.7581602627119882,0.8917406426065895,0.8913321018749405,0.9217464393464815,0.0,0.9780016631950681,0.9830885647952058,0.828069131050908,0.9237260271886406,0.9749401366295893,1.0,0.7594794671370491,0.912878668188636,0.7813124565297057,0.7678218050354865,0.8929824410211734,0.927566096414765,0.8967865984864362,0.9144475035168556,0.852982705225637,0.8756565184977209,1.0,0.9701467277814741,0.8566524870692384,0.9325513366155409,0.806289832256086,0.8590047755605146,0.7925016722945003,0.7993025641371632,0.8358909983645044,0.5666509854768519,0.7649385147753185,0.8788315657157149,0.7733242679583925,0.8214281984090398,0.7728820174412453,0.3923379004718537
0.6343294418595596,0.6938748686304057,0.4244469777047556,0.6739106411819189,0.7714560826640205,0.7169810634364924,0.7418258556263503,0.7482206694389522,0.7956020841608336,0.7498150219954891,0.7280416176568582,0.8401731422581128,0.8316825182560229,0.7599570131238008,0.6928227118644912,0.7838406048105917,0.8259636190168245,0.8184945072470664,0.8191406003729522,0.8872295548911946,0.8684915824502124,0.90032488260451,0.9036999920801694,0.8888720670046703,0.9780016631950681,0.0,0.9259499260334672,0.9713563724418665,0.9896328861076408,0.8649523017159569,0.9429692809117601,0.8752309555866573,0.8533121420924901,0.870800365940533,0.8854176338987071,0.7900469928738407,0.9566210433678978,0.9435835083210315,0.8892074739586254,0.6999769245935209,0.8581306849370013,0.9242777385400583,1.0,0.7602167959940763,0.9028407898177901,0.8680375253199282,0.8264913038890798,0.7833199077915695,0.7280896976844629,0.7155334557501529,0.5029180548547282,0.7606312612590884,0.8207331165128559,0.8592417491174072,0.86380667554367,0.7521981674902047,0.3335200045465836
0.5574864407191262,0.5775217611362096,0.4569595687651452,0.7161147385457144,0.48896633485181873,0.582915941171147,0.6509482748928251,0.5938384926784739,0.662187442717738,0.7174502387713365,0.6450457268993268,0.7436189920078404,0.7744589099041888,0.6305217763704943,0.5062729577383192,0.5411556513951622,0.7131388434974578,0.6378020680536222,0.6098476252518774,0.6479622230614203,0.5986192122664775,0.7360240007577353,0.7248926951895205,0.7291380716928146,0.9830885647952058,0.9259499260334672,0.0,0.9324157177036592,0.9398111588405615,0.8664972635689449,0.9100540557238562,0.6830341175154546,0.7699644044490985,0.7430441538136289,0.6834353491044575,0.7464145857386572,0.8616369498367464,0.746769401219528,0.7833272910797828,0.670445064466423,0.7151158924235679,0.8561967640318644,0.810282813355554,0.725304000272273,0.7147497013753025,0.6675944005986244,0.680275086782794,0.6593031209017529,0.62592821664418,0.6797704733427516,0.4212232493049592,0.6557355290375014,0.6994256900125815,0.662151095602312,0.6966775769987236,0.6287229641193782,0.2877487430647127
0.486700907577033,0.7147982491679131,0.5392322351455546,0.8171739568285038,0.6621714710484607,0.6299829077072784,0.6463397656082801,0.662349795428705,0.6984097471378564,0.6487419672839813,0.6398119654305428,0.7891570530861272,0.6978972572988855,0.6987334486192404,0.6000972188885755,0.6327864547238402,0.7900103902903605,0.7280331156501082,0.7588860132690755,0.776801022975002,0.7035775715392185,0.7770372481755862,0.7394051937098105,0.7397543505632096,0.828069131050908,0.9713563724418665,0.9324157177036592,0.0,0.9163688392413674,0.7656322954115703,0.8794618466807452,0.8455383110030584,0.732364527174524,0.8714464467703832,0.7847906056407262,0.6443259536725615,0.8804121685391134,0.8383830520376198,0.8185778727139899,0.597560928546652,0.7499141194624886,0.8934172121703573,0.8525132645945372,0.6344210704038068,0.760866439461794,0.7211539997771034,0.6914788213678458,0.6949995193251257,0.6199881130411413,0.5949645541825742,0.40014710782952606,0.6928596420293135,0.6966611076073483,0.6983559994326877,0.80222616306973,0.6594489231205205,0.25728445532561905
0.5317220807185163,0.6856442986122047,0.4754366720226393,0.7555532801672677,0.6420949895732493,0.6327255869416128,0.6951062454883956,0.6935055612920008,0.7004291187953624,0.6946744599146187,0.6913917365879588,0.8206660120597493,0.6978455409011329,0.6911288594294624,0.639600461633247,0.6475028143526035,0.7776481227370098,0.7430901311767933,0.7412534036101103,0.7689310295911275,0.7182075693670739,0.7582611092608115,0.790708273194797,0.804841680701506,0.9237260271886406,0.9896328861076408,0.9398111588405615,0.9163688392413674,0.0,0.8131499423463208,0.8607804227301983,0.8277735721881145,0.7817818126407281,0.8181248243053045,0.8159281194437672,0.7075091285387226,0.8666083826150728,0.9300778998916601,0.8211593571277266,0.6412752259073511,0.7257573406788326,0.8925780405796324,0.8926307625410409,0.6840732398512362,0.847907697894474,0.740161386400027,0.7187279002187714,0.7101275603525158,0.6411263886296451,0.6560233684919303,0.4368153478504147,0.7286596419127576,0.7390128099327001,0.6937995413938421,0.8037271582345913,0.6743917168353843,0.28140897833194967
0.768345373336277,0.49161064966457796,0.3344156693163571,0.5216013438986081,0.5623600583437592,0.6674222327020012,0.7880116734974576,0.6045078260952175,0.7709949442081606,0.8020519665146371,0.7593442525349388,0.7282711318727629,0.8447054033982334,0.5957958912572745,0.6480927031379803,0.6375396366880238,0.6750454840720436,0.7451906640348589,0.6911122925709264,0.7157523588707124,0.6910138696824477,0.8302062549791136,0.796421648118695,0.8472737824268248,0.9749401366295893,0.8649523017159569,0.8664972635689449,0.7656322954115703,0.8131499423463208,0.0,1.0,0.6632034713077718,0.957573796343467,0.728857927787201,0.7064588439582483,0.911153642840218,0.8389176379973091,0.818390205947936,0.8526143220610187,0.8618891540449055,0.8238055567323851,0.9609859560073133,0.8630083137260509,0.8290680261096729,0.832319812469659,0.7560353714482928,0.8095603368352905,0.8043725956346065,0.747504410237447,0.873129233943238,0.5697394680587073,0.6946686972532142,0.7629749396909264,0.7569410034091796,0.7206587262198116,0.7241567788306904,0.4125657289567575
0.7294266501844732,0.5183636425990484,0.3676762838169095,0.573215593740951,0.5701748373799166,0.6762082165246002,0.8327192414376142,0.6621666918556207,0.8165795321348066,0.8020754952620986,0.7450638186115274,0.7863399416688264,0.8615491448779341,0.6985395429297119,0.6478161401424761,0.664402411140677,0.7350755513119028,0.7179166548210121,0.7351883909994424,0.8058462116884787,0.7035485100505073,0.827527637072699,0.872383211555387,0.8543672392090194,1.0,0.9429692809117601,0.9100540557238562,0.8794618466807452,0.8607804227301983,1.0,0.0,0.7182909564105516,0.9259181264963721,0.7786985724045257,0.712091715664554,0.8813194877568596,0.8824978419389409,0.8620921595322133,0.901649673808631,0.8238677590359226,0.8841706432705294,0.9810110993760578,0.862320736327263,0.8960659125552316,0.8173236209344067,0.7901416973939379,0.8494290281957497,0.8113298619834561,0.7941334512356585,0.8423100237914917,0.5469883446187138,0.7437416766404186,0.8130008687908311,0.7697998031826906,0.7998589346859871,0.7744138268939538,0.40350247494809066
0.452610487574997,0.7472939375295417,0.4382856636095516,0.6510171079894833,0.8218551988344908,0.693669188461598,0.6156643281339156,0.8419502346414721,0.692155630464833,0.7003483764784089,0.6623701800762881,0.7121032476705443,0.6382193921315922,0.6445623494806965,0.620081925381143,0.7241082988005205,0.7965533907466199,0.6982249027804117,0.8656017187192724,0.8517697863733056,0.7986071364539957,0.8138003889342972,0.86748638001517,0.7518367525046591,0.7594794671370491,0.8752309555866573,0.6830341175154546,0.8455383110030584,0.8277735721881145,0.6632034713077718,0.7182909564105516,0.0,0.7272488423093166,0.959114272497551,0.8850941314982281,0.6521419869506128,0.8823762383760826,0.9182775056369907,0.8540791258873541,0.6248602254563245,0.7171733066291378,0.7774999120751286,0.8368772855498402,0.5807546532540894,0.7409023082836879,0.8058311345865862,0.7141351600319634,0.7286514060231255,0.6386972870356777,0.5417730312284925,0.41116816536318396,0.7751354779478435,0.6824736109718681,0.8028359189525021,0.8318138102014137,0.6215728425953368,0.27135260409202366
0.8021706697633929,0.47298235409942646,0.29482698076062563,0.471623833987943,0.5850688921543873,0.8137988044725197,0.8958578325481973,0.7536696315988828,0.9059047954062482,0.8743002083298036,0.8698219756779731,0.7453653344131731,0.8579420635371586,0.7210839737096632,0.7601915393989798,0.7213260386619231,0.7187621530750397,0.8010617862132005,0.7707166180615166,0.7720417996970784,0.796143493385563,0.8740650350716331,0.9271588101476399,0.8560914345535878,0.912878668188636,0.8533121420924901,0.7699644044490985,0.732364527174524,0.7817818126407281,0.957573796343467,0.9259181264963721,0.7272488423093166,0.0,0.7564911229177194,0.7677440020854936,1.0,0.927811761219415,0.8116914831849301,0.8618743136931056,0.9524811915067114,0.991291826281432,0.9731242938640751,0.9182114745387209,0.9285800461547681,0.8898675956802046,0.8534859041302457,0.9501950161521,0.905567862413608,0.8634926511868894,0.914481358107119,0.7085980987851775,0.8077033897430923,0.8485972600841155,0.8705124909419724,0.768275179786724,0.9032287655729603,0.5339657024188007
0.5310303127236728,0.7406125140280595,0.40687914766637345,0.6288335997199068,0.8055140310211302,0.7656769286438958,0.6910416068922186,0.7977575701473105,0.7833675477926119,0.7929484752320151,0.7128831123847617,0.8158372413364268,0.7519909222997221,0.7506897449652978,0.7560644726278254,0.7759634478394437,0.861702403066584,0.7992317090062901,0.8955103484021311,0.8632640661446431,0.82888027579938,0.8085375460999085,0.9125668317172145,0.8530508581347949,0.7813124565297057,0.870800365940533,0.7430441538136289,0.8714464467703832,0.8181248243053045,0.728857927787201,0.7786985724045257,0.959114272497551,0.7564911229177194,0.0,0.8760336870825597,0.6891346243040678,0.8460607137287248,0.8831283702771339,0.8367033123110706,0.6495685140104293,0.7384638417526264,0.8640017654670229,0.8709689856289147,0.6555061826223031,0.7886265272491398,0.8601465716232567,0.742563657651178,0.8149725583819459,0.6956806910549597,0.5808252767027555,0.46998808990321894,0.8146551062330382,0.7651615650361546,0.8359730164505412,0.8344038469779217,0.7279198940569378,0.3068046674910038
0.5168071051467753,0.7211130723716108,0.38323239072434145,0.6040487057689069,0.938837362770871,0.7626634881752855,0.6613141227018234,0.8648364762652878,0.7435348240469415,0.679373150241481,0.6794971260595216,0.8096328552930726,0.702199630478885,0.7027900711414105,0.7938818026317531,0.8180397796851973,0.856853739076445,0.8548233963852973,0.9669376124712136,0.887254087073212,0.8406290358813626,0.8363054522449453,0.8966666349793339,0.8222901158769815,0.7678218050354865,0.8854176338987071,0.6834353491044575,0.7847906056407262,0.8159281194437672,0.7064588439582483,0.712091715664554,0.8850941314982281,0.7677440020854936,0.8760336870825597,0.0,0.6586625193058255,0.8312689028851956,0.9176387650047083,0.8335633601593527,0.6697711670364663,0.7452085900302174,0.7943510260633536,0.9100554737648957,0.6377828151307569,0.8160061095454147,0.8891482612026023,0.7360086038554785,0.771926071340153,0.6890983560311411,0.5843462254451228,0.46756528002251646,0.8361037191633157,0.7165071406931734,0.8701984878278787,0.8409806347378413,0.6856229050294819,0.31917229546326364
0.8152086485690682,0.42481541124539524,0.27497451793233135,0.4144497922410099,0.5079404728843728,0.7575227087202838,0.895173700741953,0.663174916176702,0.862919798228755,0.8600123544899976,0.8148916674512806,0.6833616682056102,0.8692563068489544,0.6886976762584524,0.6582959585473863,0.6332778414450307,0.6991264703453932,0.7746220412391246,0.7138426481088643,0.6634750508348061,0.7271036991987511,0.7507152657461815,0.7694815154065516,0.8069831078402315,0.8929824410211734,0.7900469928738407,0.7464145857386572,0.6443259536725615,0.7075091285387226,0.911153642840218,0.8813194877568596,0.6521419869506128,1.0,0.6891346243040678,0.6586625193058255,0.0,0.846662817511277,0.7343536152416531,0.8450443729072975,0.9370700983744057,0.9115448494581447,0.922816348360964,0.8170508799792052,0.8960392511860766,0.7524625416355107,0.8083301573365707,0.9432903118132148,0.8299959746567035,0.8616250496760478,0.9273425916549615,0.7621188917278786,0.7333540189035009,0.8386896458050873,0.7904254875293376,0.7818892008594872,0.8136503724639296,0.5560335888596193
