Cingulate area 2,Glomerular layer of the accessory olfactory bulb,Glomerular layer of the olfactory bulb,"Olfactory bulb, unspecified",Frontal association cortex,Cornu ammonis 3,Dentate gyrus,Cornu ammonis 2,Cornu ammonis 1,Fasciola cinereum,Subiculum,Postrhinal cortex,Presubiculum,Parasubiculum,Perirhinal area 35,Perirhinal area 36,Medial entorhinal cortex,Lateral entorhinal cortex,Primary auditory area,"Secondary auditory area, dorsal part","Secondary auditory area, ventral part","Piriform cortex, layer 1","Piriform cortex, layer 2","Piriform cortex, layer 3",Ventrolateral orbital area,Lateral orbital area,Ventral orbital area,Medial orbital area,Dorsolateral orbital area,Prelimbic area,Secondary motor area,Frontal association area 3,Primary motor area,"Agranular insular cortex, ventral area",Agranular insular cortex dorsal area,Cingulate area 1,Infralimbic area,Dysgranular insular cortex,Granular insular cortex,"Primary somatosensory area, forelimb representation","Primary somatosensory area, dysgranular zone","Primary somatosensory area, face representation",Secondary somatosensory area,"Primary somatosensory area, hindlimb representation","Agranular insular cortex, posterior area","Primary somatosensory area, barrel field",Retrosplenial dysgranular area,"Primary somatosensory area, trunk representation",Retrosplenial granular area,"Parietal association cortex, lateral area","Parietal association cortex, medial area","Parietal association cortex, posterior area",Primary visual area,"Secondary visual area, lateral part",Temporal association cortex,"Secondary visual area, medial part",Nucleus of the lateral olfactory tract
0.0,0.16270367662290028,0.11678678552068233,0.17887380166225417,0.2523051166759255,0.8856019690874586,0.7735759246420384,0.8197065158830796,0.777207592778549,0.9167022780577575,0.8010509390564393,0.6836533586277033,0.7395711335384428,0.6807497744973658,0.7872913190667317,0.7750049276095788,0.7314781693630533,0.756847011780288,0.7849444441562696,0.7687779775540895,0.7648544751442965,0.6822057800080297,0.6362649584898418,0.7728286121490002,0.39385050314686226,0.3847363000283048,0.38119626651297484,0.33096112716607407,0.42968816350305705,0.4021250977945828,0.560737009656201,0.5328759678846692,0.7083110684863282,0.44167786195277536,0.4694457033308775,0.8359577664314942,0.3452491378520964,0.6059428000633729,0.7022520171213061,0.8405358995295427,0.890133101156804,0.6557533337371388,0.7612675187715063,0.9179020982668787,0.7756924231059937,0.9237296968782295,0.799021661516169,0.8789827404951117,0.8537427180126262,0.7944083136851924,0.8410406383493308,0.7261661763032743,0.7680234688871915,0.8434509049326496,0.6476353083536235,0.7133665285320133,0.8188728418843824
0.16270367662290028,0.0,0.8527763716535511,0.7285167982142446,0.6659678109370972,0.17370871520897527,0.18275929374772884,0.182698846725975,0.17254234167398366,0.17846781924189062,0.20198723815165073,0.23996367906639213,0.21527468105319483,0.21401041616858732,0.2142581549782123,0.22466677183608508,0.25168645425639574,0.2128056863584473,0.21787765111563714,0.21945330116755357,0.21310501034400842,0.2196201632959174,0.2118318190266687,0.19923872361633674,0.23398722058652094,0.2519426259235864,0.27574356922550314,0.33795092399305043,0.2436934614416329,0.23482542157905395,0.21612654808067797,0.22980810708023572,0.21142224067433987,0.22755114185810119,0.24507158170294344,0.1938723743208034,0.2037475050941015,0.24724624874876386,0.23637289169158746,0.1973588770983341,0.1799751055143993,0.22547162483015312,0.23271702525247867,0.17695840775130492,0.24593098773873104,0.18456849210346218,0.17743100226343245,0.18368323873901304,0.18166190306266672,0.15656157735214274,0.18126269942115314,0.1959275989808201,0.19635862394462741,0.21496029941722253,0.25633176639117733,0.17865365179514117,0.15237702004362227
0.11678678552068233,0.8527763716535511,0.0,0.7037852271043288,0.5117461928640386,0.12347341446034113,0.1278917502514622,0.12832099699306684,0.1215995698567317,0.12298488631860693,0.1421332627175952,0.16379867613271062,0.14746936954920148,0.1529765424834966,0.1422583123533889,0.15410230131946545,0.1718279381716476,0.14778798229114173,0.15037289576183657,0.14865935666331226,0.14905465726888786,0.15591569072733885,0.15659844426582645,0.14183276779101037,0.1848121067017525,0.19618260804780924,0.2155739358732777,0.24813298590252814,0.17884712699604105,0.18049453996995593,0.16315123127128578,0.17065310171314846,0.15221171044178847,0.18350792707728295,0.18866479028083,0.1387833270528537,0.17888795761850007,0.17471211641584813,0.1657879241049485,0.14055358771090698,0.12854238893440717,0.16578376253146185,0.15823294969297375,0.12384707165111487,0.16884315062476418,0.12809568497804424,0.12212218594133951,0.12895634091782499,0.12673531432265991,0.11268981795646127,0.12731766035152872,0.13620492071951298,0.13690349239661637,0.1474064419848565,0.17543815798138698,0.1239768107159507,0.10767116171588127
0.17887380166225417,0.7285167982142446,0.7037852271043288,0.0,0.7492869710744589,0.18968640406300707,0.1996038044030023,0.20305594168658342,0.19091159706161284,0.18742556582182268,0.2286831434496445,0.27386709640203855,0.23698417751638812,0.25260221876947153,0.23039037876799048,0.2571062275712339,0.2742316759845235,0.2452088424035938,0.24749619980969015,0.24614053921190113,0.24482819332680406,0.27396733247098926,0.2743284588681136,0.24071197771185046,0.36598771567118243,0.3978825530813688,0.4249551319264199,0.490153459450709,0.34109654713531956,0.3614308308399839,0.2992480106426926,0.3118859611288211,0.26612835273662727,0.3454989683073895,0.34594978796918585,0.2305177557624168,0.3281374127266037,0.316939318065912,0.28925402365538555,0.22759731695451155,0.20867503341044177,0.2922493937677256,0.2668768934544084,0.19401140245622764,0.2769015485760263,0.19939224413199166,0.19422123890588375,0.19985472097159296,0.20353627614226805,0.1674185023835284,0.20314611722048764,0.2178460433405584,0.22054961962118275,0.24147819125544318,0.2940265186001503,0.19872343224657096,0.16287939010090957
0.2523051166759255,0.6659678109370972,0.5117461928640386,0.7492869710744589,0.0,0.2783306264087807,0.2917921481797871,0.2976684644229148,0.27285673515005965,0.2671750938505758,0.3358822504433236,0.41811260567100544,0.3555285523691022,0.3633272521773794,0.3468815833881278,0.3812193831652262,0.4342609931614565,0.36546643060021755,0.3701626536396733,0.3608271854028555,0.3664111678202253,0.401064366740426,0.3955453693314335,0.34237899662110316,0.44027510536203784,0.4854398349503893,0.5448369917713952,0.6064645507190027,0.4442134096639381,0.4385513849111561,0.3977822139549027,0.4448056973056259,0.37599401374019853,0.44183397791006007,0.4746028730628459,0.335333665849481,0.3859735307249288,0.465445213831205,0.43586649620934825,0.33357906863806713,0.2977062295359107,0.4183064707648378,0.3947253084202427,0.2763046919984263,0.42506832295507707,0.284113831683003,0.28012641004234856,0.2927282672228904,0.2916281912739291,0.23877646658145987,0.28987527484194714,0.31208406635419766,0.32208808567420877,0.3673898256993929,0.4518013389285966,0.2805215834519387,0.23323175823288728
0.8856019690874586,0.17370871520897527,0.12347341446034113,0.18968640406300707,0.2783306264087807,0.0,0.8775436959056998,0.9781628986599447,0.9445107462927832,0.8295678285580974,0.8924184628503928,0.8281394239151608,0.8799157670960042,0.8216164039858109,0.84773261294408,0.8168697779807687,0.8037230250005163,0.9056475802701893,0.8999723047212074,0.849687872294372,0.850370402524445,0.7404852957848714,0.6637732579001658,0.7736664974819997,0.4323926497904269,0.43687559384080266,0.3996410540028358,0.38145976684075933,0.5031183062943189,0.4407320762580565,0.5981880791089573,0.6038780832755211,0.7903882362809052,0.4576279474605255,0.5231978908312069,0.8150251181423085,0.3461145771923675,0.6880522063980137,0.7267231685588295,0.8051836610250865,0.8710456753551524,0.7003204252106271,0.7736797042786108,0.9275292004355591,0.7331822551272542,0.9784668967224812,0.8235890779310788,0.9311675336679479,0.8564551020368921,0.8723036404368117,0.8963762551323036,0.8455393021094396,0.8587804748014553,0.9264840685199325,0.7914232275875728,0.8087491118206426,0.8913517945414511
0.7735759246420384,0.18275929374772884,0.1278917502514622,0.1996038044030023,0.2917921481797871,0.8775436959056998,0.0,0.9025995688611573,0.9537952495086182,0.8017415936347287,0.9033526445152255,0.8078140401511261,0.828434117192435,0.7906590721198665,0.8805988573696939,0.8282431362087501,0.8233222827379058,0.8670836243823189,0.8869451983696199,0.881943708052869,0.9014906791592614,0.7368969359350126,0.678254299083604,0.8492394190259613,0.44002709462422707,0.45898992666875815,0.42500415325790014,0.41146421740210926,0.5363784357670864,0.47558963152778655,0.646504147533676,0.6190388440677025,0.7786808585987279,0.4829415150003523,0.5218837160200855,0.8166064901497374,0.35569221463657424,0.6856805252499867,0.7792715834921401,0.8220267781748617,0.8874064756223983,0.6768478312225119,0.8096668456244074,0.8725557805484617,0.7520697756191077,0.9054020727246966,0.871908250786757,0.9280496761190207,0.9071592469346428,0.8941950526731146,0.9070709844702575,0.8409372371516856,0.9528740115062841,0.9024611630392373,0.8553688965437106,0.8300795019731643,0.8384682858593749
0.8197065158830796,0.182698846725975,0.12832099699306684,0.20305594168658342,0.2976684644229148,0.9781628986599447,0.9025995688611573,0.0,0.965934634893501,0.8144400185881397,0.953612661646424,0.8545613444157135,0.9180435958958646,0.8750850825207704,0.9235947401821374,0.8569606235698016,0.843160677638111,0.9501179800052443,0.9214475265945029,0.8880200716887641,0.9191066739305007,0.7404991805242317,0.7029694769346001,0.8308988180357654,0.4253007609499297,0.44794268389909975,0.42109494639818634,0.41482716732747466,0.5546001108141482,0.4609461591610043,0.6188599590674051,0.6171221592775674,0.7719566749459146,0.4524357794634861,0.5146795386638069,0.8460478957731404,0.3157685916079637,0.7272852322550679,0.8033056781079216,0.8455148379804427,0.886656726213371,0.6906029780569442,0.8827584997371626,0.9848298829208579,0.8225998971058434,0.9302945805249909,0.9313176829414166,0.9946788739185743,0.9004400118074477,0.9444876563260449,0.9738254609255489,0.9857314883332577,0.9789448748409674,0.9499460149433947,0.8334851150783943,0.8346674577886188,0.9575578572599903
0.777207592778549,0.17254234167398366,0.1215995698567317,0.19091159706161284,0.27285673515005965,0.9445107462927832,0.9537952495086182,0.965934634893501,0.0,0.789307251094371,0.8607170286047612,0.77042265102182,0.8281667525979304,0.7807753098922968,0.9064634881189295,0.8172419893688838,0.7537523221697865,0.9202751021275122,0.8810230063054459,0.894276358577342,0.8458964189928287,0.7346222649243486,0.6832020025745588,0.8526635352164731,0.4443090725259903,0.4302089825761007,0.4102658550985378,0.392882048462015,0.5313924130105987,0.45290825682423336,0.6184289232809511,0.5958278331670941,0.7744682367248205,0.4646519267146857,0.5141891337930619,0.7972097663339688,0.34379774196511875,0.6593990013308972,0.7523802314984663,0.8112182253364087,0.8753453795015658,0.6515228028289374,0.8123873561311367,0.9800608902311216,0.7333855771006916,0.9676913080386349,0.8610099406074462,0.9952028070840653,0.8841758088025639,0.9080913078601401,0.8944674152091455,0.8221327535404861,0.8856847554750836,0.849946262222533,0.758535551154563,0.9159382090609159,0.9025814251211808
0.9167022780577575,0.17846781924189062,0.12298488631860693,0.18742556582182268,0.2671750938505758,0.8295678285580974,0.8017415936347287,0.8144400185881397,0.789307251094371,0.0,0.7781930828188733,0.6743541725291963,0.7579249261995559,0.6583088014514356,0.7642850213482546,0.7068834852445306,0.6776314099836822,0.7565974443298696,0.7868358306556851,0.7537909293007524,0.7499429556921414,0.6069700956347934,0.5619311782761679,0.7207827452297875,0.34840434712532053,0.36326754189061977,0.33900946211693156,0.3479510883111324,0.4116426117158855,0.3647643697849708,0.5006456613614463,0.4570307300237773,0.6448182203110415,0.3690914461710339,0.41246771918502967,0.7085051401091473,0.2744096069962834,0.5647603357827181,0.6249070470865491,0.7705209736759776,0.8450996953791695,0.5691863430359906,0.7129457359459889,0.86210934725822,0.7017455529378955,0.8446542943656592,0.7995083600325438,0.8557301818096996,0.8557322264241013,0.8130937783374445,0.824310222784701,0.7512289920858504,0.7462097535393222,0.8127628397417418,0.6946246606200941,0.7067845217831039,0.8145273530481617
0.8010509390564393,0.20198723815165073,0.1421332627175952,0.2286831434496445,0.3358822504433236,0.8924184628503928,0.9033526445152255,0.953612661646424,0.8607170286047612,0.7781930828188733,0.0,0.8904712682779582,0.9613360036863849,0.9259272059334945,0.8555779312585321,0.9052713108295403,0.9590517194407674,0.9824035635474041,0.9132287789251212,0.9136510009519833,0.9028149701246416,0.8192295153183892,0.7642386387976764,0.8444316408687434,0.5010314302427182,0.5237266643260347,0.5125548128704945,0.46844454707955946,0.6144290877520993,0.5514288225040996,0.7135505851770862,0.7232149584230166,0.8625117463892729,0.554798592799301,0.610709263007145,0.8574809483601282,0.4066752505308056,0.7664355120728549,0.8781611517029919,0.8889631041079806,0.9020264290710548,0.8607586464378728,0.9230386010852293,0.9285679989451938,0.8941441974715321,0.8688654783292505,0.836314486851483,0.9091380576510067,0.9290255871631491,0.784684501198161,0.8731384605896028,0.873705429078195,0.9381203048970885,0.9222262796415934,0.8963127166265361,0.8282580785041965,0.7674239767895101
0.6836533586277033,0.23996367906639213,0.16379867613271062,0.27386709640203855,0.41811260567100544,0.8281394239151608,0.8078140401511261,0.8545613444157135,0.77042265102182,0.6743541725291963,0.8904712682779582,0.0,0.8851675102199962,0.9543287711609176,0.9105306372494194,0.9536244290833212,0.9708474025518694,0.9671253440990805,0.9053330194291723,0.9486624040097471,0.9215958019630863,0.8280949580780811,0.8784908385566279,0.9129963016047061,0.5777519189895791,0.6024158545677702,0.6128638618800232,0.5437918004311559,0.6513097294312709,0.6246022395414926,0.7710258233413333,0.8500765050016231,0.9129345818011037,0.6348089763045038,0.7181357861488705,0.8470019273734296,0.4953453557045295,0.8500616434736094,0.882424719373122,0.8087779564094936,0.8749877588458947,0.899907520656028,0.8888009033507133,0.8025987593772077,0.8810585197167272,0.7790842146719245,0.7211142670661115,0.794248154743954,0.8084548134584176,0.6840959053280318,0.7369025717679191,0.8034233000248986,0.9090554411412538,0.988590547116397,0.9352129210705924,0.7089817776895638,0.672909537589127
0.7395711335384428,0.21527468105319483,0.14746936954920148,0.23698417751638812,0.3555285523691022,0.8799157670960042,0.828434117192435,0.9180435958958646,0.8281667525979304,0.7579249261995559,0.9613360036863849,0.8851675102199962,0.0,0.9025772644790073,0.8462030548483022,0.8876691945654438,0.9335191030953394,0.9273764988210768,0.9193806289774642,0.8764289465307182,0.9046645527848913,0.8114489778310002,0.7527644916163823,0.8448596542916064,0.5060952119445031,0.512505680537432,0.49865583033034505,0.5006867494507546,0.628154315194378,0.525506071041568,0.6601967487774641,0.703310372588246,0.7702913929679481,0.5203809148256766,0.6006695870321758,0.8157372157625763,0.3752378108933498,0.7477263363256268,0.8249371670508893,0.8242928784916019,0.8784566400442324,0.7929295897157652,0.8501308466683029,0.8286237098255094,0.8642723121867156,0.8121135840633651,0.794306912182037,0.8736104939946476,0.82513275955394,0.7186375535701861,0.8021446566200899,0.8625648359793961,0.8932522798227783,0.9357706329234925,0.8630887279706457,0.7926386307798703,0.7779441613246676
0.6807497744973658,0.21401041616858732,0.1529765424834966,0.25260221876947153,0.3633272521773794,0.8216164039858109,0.7906590721198665,0.8750850825207704,0.7807753098922968,0.6583088014514356,0.9259272059334945,0.9543287711609176,0.9025772644790073,0.0,0.8240891908319263,0.856709620311871,0.8773487376640958,0.993528650343702,0.84823588866885,0.8865932164493707,0.8443790163429205,0.819576522257844,0.7895340617779669,0.8628501127340265,0.5796423980381872,0.593210843735094,0.5622044644995188,0.5700443608967708,0.7565006523350777,0.6381982862792535,0.753312470641941,0.8554326886211203,0.8745725759425483,0.5749982942228087,0.6937984893064089,0.8062932590922269,0.4376373745032599,0.7967903263396571,0.879307640853495,0.7955469809532122,0.8049578123467926,0.828655912856897,0.8480309896799816,0.791973659058806,0.7952859057781525,0.7971244250675354,0.7200279794834019,0.8131544952648296,0.7583870077701027,0.7005768608391131,0.7341828713676776,0.8221234350973686,0.8505669099585658,0.8817725759448474,0.890003972648276,0.6829001159138351,0.6796768429636897
0.7872913190667317,0.2142581549782123,0.1422583123533889,0.23039037876799048,0.3468815833881278,0.84773261294408,0.8805988573696939,0.9235947401821374,0.9064634881189295,0.7642850213482546,0.8555779312585321,0.9105306372494194,0.8462030548483022,0.8240891908319263,0.0,0.9655799131010634,0.8769894875189982,0.9392098491453864,0.987373382483859,0.9165558204363695,0.9304206862143172,0.7959145692569207,0.7500819428934714,0.9310419446397895,0.4714613670737827,0.4949953695372792,0.4805470528291778,0.4679355346643776,0.5586320833550857,0.5244763026962116,0.6454773230533765,0.689993856129369,0.8112161412514625,0.522014968587497,0.5882919621720345,0.8039471895007985,0.3963510482273698,0.7863022876005841,0.8364979899698581,0.8938511909255243,0.9102963279680868,0.7551969201486877,0.9197132546662576,0.898986217644661,0.921496647143545,0.8994090624209032,0.8870008905408165,0.951831385548169,0.840403726618483,0.8492732073806717,0.9108644501489668,0.923092600326321,0.9274266224844722,0.9137689203146504,0.9183003222524498,0.9155508126004883,0.8508227179537904
0.7750049276095788,0.22466677183608508,0.15410230131946545,0.2571062275712339,0.3812193831652262,0.8168697779807687,0.8282431362087501,0.8569606235698016,0.8172419893688838,0.7068834852445306,0.9052713108295403,0.9536244290833212,0.8876691945654438,0.856709620311871,0.9655799131010634,0.0,0.9720406445582982,1.0,1.0,1.0,0.968585003616275,0.9029059789273645,0.9077558657134144,0.9161416954090162,0.591615374126908,0.6016276895766479,0.5738617535078624,0.5440546862839826,0.6597907557340648,0.6146444927652857,0.763526433366478,0.7435539947609602,0.9119880642259947,0.637139350592216,0.7161043860886043,0.8894534599022543,0.47783286021332233,0.8837346870222038,0.9740972342167077,0.8930206538449911,0.9154231305954963,0.8960495564960845,0.9293197444654836,0.827350607849848,0.948328617674663,0.8136133866025957,0.9025644520224835,0.8704430075088866,0.90833456367649,0.709607046936845,0.8551213695538282,0.8503196317338683,0.8743218249410512,0.9649813817781846,0.9561773450603899,0.8404453800333122,0.7351565662943849
0.7314781693630533,0.25168645425639574,0.1718279381716476,0.2742316759845235,0.4342609931614565,0.8037230250005163,0.8233222827379058,0.843160677638111,0.7537523221697865,0.6776314099836822,0.9590517194407674,0.9708474025518694,0.9335191030953394,0.8773487376640958,0.8769894875189982,0.9720406445582982,0.0,0.9529100592114891,0.9971505570314044,0.9415906207583566,0.9579867120879532,0.8979951899974646,0.8804448987124417,0.9620027073242631,0.5892700478958237,0.6003539426058768,0.5877821436026455,0.5521512246490499,0.657011644716312,0.6358439365592716,0.7737421436912342,0.8025495310684833,0.8607128941917034,0.6598590630451965,0.7187231179360555,0.8855040220449593,0.5198322204962178,0.8573007027500464,0.9931937432069616,0.860366743515814,0.9025754350133388,0.8974607745536416,0.8879999170997702,0.8509335612656971,0.9794749243354113,0.8007982633205744,0.7441961197196364,0.8146627567351223,0.8711442210889381,0.6932943550316578,0.7857152761208517,0.7993606054129615,0.8728360739953813,0.9783898244585101,1.0,0.7635042605751658,0.6806294649116967
0.756847011780288,0.2128056863584473,0.14778798229114173,0.2452088424035938,0.36546643060021755,0.9056475802701893,0.8670836243823189,0.9501179800052443,0.9202751021275122,0.7565974443298696,0.9824035635474041,0.9671253440990805,0.9273764988210768,0.993528650343702,0.9392098491453864,1.0,0.9529100592114891,0.0,0.9681031821242843,0.9689745576304651,0.9703462232612158,0.8770092219137291,0.9216950874685005,0.9568301381909292,0.5535178759127777,0.5700745165259903,0.5395553852580205,0.5171502386888999,0.6732892818118746,0.6231517859827455,0.7542488512559123,0.8244773594406334,0.9221122109547673,0.5850209313441393,0.6750246320510026,0.9291730263775608,0.4453946230930644,0.8824007127269735,0.9221629109446265,0.9463164548384538,0.9262399825852207,0.8763376436216954,0.944863486292872,0.8920347067148742,0.9389904249973062,0.8491630035768903,0.8280605045360245,0.9378638445929238,0.9233680186819984,0.7542706373366083,0.8552680063440826,0.8814739575003501,0.9889830443002742,0.9890211904984388,0.9640522488833344,0.8290909809557916,0.7603639149653155
0.7849444441562696,0.21787765111563714,0.15037289576183657,0.24749619980969015,0.3701626536396733,0.8999723047212074,0.8869451983696199,0.9214475265945029,0.8810230063054459,0.7868358306556851,0.9132287789251212,0.9053330194291723,0.9193806289774642,0.84823588866885,0.987373382483859,1.0,0.9971505570314044,0.9681031821242843,0.0,0.9742616672873327,1.0,0.8853359159298623,0.913281490220125,0.9972290437008905,0.5559788884772234,0.5950684932701679,0.5533850012775535,0.5164739990815607,0.6479125890813311,0.6161503557313535,0.7591816643301663,0.7685483156949453,0.972860749499719,0.6485574406231224,0.7019494317026707,0.9042783575571378,0.47244449280624207,0.9071509866571116,0.9814004481158376,0.9593776993182006,0.9374221771231356,0.8668310463213684,1.0,0.9437373637742466,0.9867405820867025,0.9508858413990476,0.883550191577112,0.9175798167839803,0.9258510468880504,0.7460168675759766,0.869644554837921,0.8567290045749212,0.9167228511575845,0.9889201803202388,0.9727804724111786,0.8425700062291415,0.7456709242067409
0.7687779775540895,0.21945330116755357,0.14865935666331226,0.24614053921190113,0.3608271854028555,0.849687872294372,0.881943708052869,0.8880200716887641,0.894276358577342,0.7537909293007524,0.9136510009519833,0.9486624040097471,0.8764289465307182,0.8865932164493707,0.9165558204363695,1.0,0.9415906207583566,0.9689745576304651,0.9742616672873327,0.0,0.9815110394459943,0.8164730839736791,0.8083035735445858,0.9349907494755733,0.5522997141374547,0.5523135184680608,0.5377589706900455,0.5092405422091472,0.605990064776194,0.559347089149846,0.7543620400854285,0.7129333801493873,0.8990088910418216,0.5965902069509859,0.6326786326843091,0.8568515031397232,0.43914650855904575,0.8093817938177578,0.9054116139857364,0.8996664837831511,0.8749978828431234,0.8222529010441558,0.9530087060542312,0.8689315393507745,0.957831508436572,0.9247172066760567,0.8214464608543,0.9176744674279427,0.8592186660502793,0.7556365598086627,0.901127684393041,0.9170548277832384,0.8562517642980737,0.9493208720448217,0.9769923118313971,0.8454152950538852,0.7664590723501261
0.7648544751442965,0.21310501034400842,0.14905465726888786,0.24482819332680406,0.3664111678202253,0.850370402524445,0.9014906791592614,0.9191066739305007,0.8458964189928287,0.7499429556921414,0.9028149701246416,0.9215958019630863,0.9046645527848913,0.8443790163429205,0.9304206862143172,0.968585003616275,0.9579867120879532,0.9703462232612158,1.0,0.9815110394459943,0.0,0.8340706351736987,0.7871522457669624,0.9829694383433402,0.5444805450988282,0.562255395527884,0.5232811731629526,0.529648504357789,0.6230385695281748,0.5720582131876949,0.7256646374787736,0.6964535036559611,0.864183140167172,0.5785672947415231,0.6199918630345258,0.8267135888012491,0.4201188389247557,0.8312878310147362,0.8844138527577026,0.8760137706692473,0.8866659833919444,0.8264549925763475,0.9368796138170421,0.8706010447622076,0.9330025731611191,0.8915670865188926,0.8610216726667047,0.895415606413874,0.9432834695285373,0.7907347264459407,0.9582660734122672,0.916035048282177,0.9415769126034472,0.9821727722183445,0.9825719597675403,0.8576800538047433,0.771918509686296
0.6822057800080297,0.2196201632959174,0.15591569072733885,0.27396733247098926,0.401064366740426,0.7404852957848714,0.7368969359350126,0.7404991805242317,0.7346222649243486,0.6069700956347934,0.8192295153183892,0.8280949580780811,0.8114489778310002,0.819576522257844,0.7959145692569207,0.9029059789273645,0.8979951899974646,0.8770092219137291,0.8853359159298623,0.8164730839736791,0.8340706351736987,0.0,0.9948107953562009,0.9689937130487868,0.718861120892798,0.7325343018881879,0.7002727602065187,0.6105673892198186,0.7636837831954892,0.7899680393873536,0.8854623588481927,0.8865783691691463,0.9780656624038723,0.7693208990570081,0.8204783714125464,0.8790524385038131,0.581185167685822,0.9245892247132336,1.0,0.8387289268027623,0.8934670952415985,0.9773127312743934,0.9335132694961342,0.7475593630966515,0.8689863708715397,0.7338548521151647,0.7176734144358211,0.7621672702871711,0.8278957581996893,0.603631281716574,0.761859872152894,0.7110017106328281,0.7784044838213877,0.9309966912639561,0.8413303192991434,0.7396352552678547,0.596179749300858
0.6362649584898418,0.2118318190266687,0.15659844426582645,0.2743284588681136,0.3955453693314335,0.6637732579001658,0.678254299083604,0.7029694769346001,0.6832020025745588,0.5619311782761679,0.7642386387976764,0.8784908385566279,0.7527644916163823,0.7895340617779669,0.7500819428934714,0.9077558657134144,0.8804448987124417,0.9216950874685005,0.913281490220125,0.8083035735445858,0.7871522457669624,0.9948107953562009,0.0,0.9781056341727479,0.7510750614081879,0.8113445838512621,0.7246514728667638,0.5754646076409239,0.7462361636619191,0.8271265018924285,0.9041726775246198,0.8920437995004826,1.0,0.8688734582503577,0.8631717213404776,0.857566743229301,0.6621032460724798,0.9268059840383582,0.9889508652039075,0.846207489546086,0.8793578184046794,0.980887958419584,0.9123926379293074,0.7382909253718555,0.8633695758951243,0.6618029531068597,0.6472778932518395,0.6996578346622887,0.7216615394879958,0.5644241103671608,0.7273446472721301,0.6873007299361679,0.7794256486060723,0.9068053480356421,0.8088330796163263,0.6715277844372896,0.5537671485513989
0.7728286121490002,0.19923872361633674,0.14183276779101037,0.24071197771185046,0.34237899662110316,0.7736664974819997,0.8492394190259613,0.8308988180357654,0.8526635352164731,0.7207827452297875,0.8444316408687434,0.9129963016047061,0.8448596542916064,0.8628501127340265,0.9310419446397895,0.9161416954090162,0.9620027073242631,0.9568301381909292,0.9972290437008905,0.9349907494755733,0.9829694383433402,0.9689937130487868,0.9781056341727479,0.0,0.6051036992336345,0.6207048251505086,0.5849672605451041,0.4921103198165906,0.6483957940233388,0.64429755847011,0.8693479377238841,0.7751923007931459,0.9991591055615316,0.6806863682495146,0.7514460314623256,0.9615541119655521,0.5306304919914875,0.8929185319204942,0.9832137610821341,0.9667985886637648,0.9338776018783842,0.9830357548174603,0.9573913920620021,0.8593063704344747,0.9467113650324597,0.8219964069256971,0.858577222621097,0.9004262955374164,0.9444115531943081,0.7160796075829882,0.8881734453482044,0.7908135421266123,0.9036526999162173,0.961767704648437,0.9207071721586002,0.785930973347224,0.7092416101409418
0.39385050314686226,0.23398722058652094,0.1848121067017525,0.36598771567118243,0.44027510536203784,0.4323926497904269,0.44002709462422707,0.4253007609499297,0.4443090725259903,0.34840434712532053,0.5010314302427182,0.5777519189895791,0.5060952119445031,0.5796423980381872,0.4714613670737827,0.591615374126908,0.5892700478958237,0.5535178759127777,0.5559788884772234,0.5522997141374547,0.5444805450988282,0.718861120892798,0.7510750614081879,0.6051036992336345,0.0,0.9274173941347658,0.966477723355729,0.7358390979856358,0.7801470165979729,0.938571292932251,0.8109937799581491,0.8889716677612869,0.7304582461686102,0.8995196995912883,0.9285263043458519,0.5589266995757147,0.8095211763848713,0.727693812375496,0.7399299390589925,0.5567155478697192,0.5179067906726484,0.7166864095486677,0.6069723738984388,0.43333890527215735,0.5822998840672511,0.4215881743988759,0.42494567947207496,0.42761852319573956,0.4681908128138502,0.32993078321517805,0.44850855781656684,0.4536208527549661,0.5068564906331569,0.5813318203385937,0.5843842218605608,0.44958524162277935,0.35699422127018016
0.3847363000283048,0.2519426259235864,0.19618260804780924,0.3978825530813688,0.4854398349503893,0.43687559384080266,0.45898992666875815,0.44794268389909975,0.4302089825761007,0.36326754189061977,0.5237266643260347,0.6024158545677702,0.512505680537432,0.593210843735094,0.4949953695372792,0.6016276895766479,0.6003539426058768,0.5700745165259903,0.5950684932701679,0.5523135184680608,0.562255395527884,0.7325343018881879,0.8113445838512621,0.6207048251505086,0.9274173941347658,0.0,0.8777351322365753,0.7630969004141481,0.8101513278310574,0.9141116958108261,0.793025159631697,0.8766803984396799,0.7710435383908846,0.9469679787023305,0.9282518734696537,0.5772587107375999,0.761660477910907,0.8168940617968996,0.7336723897478233,0.5434654251766361,0.5401045418659841,0.7583341328341302,0.6099927374812715,0.42568096910368347,0.6201742308598397,0.4418316600146316,0.4529029236697479,0.4471966306152793,0.4760717203142445,0.35734553801270047,0.4685439558239502,0.47992003249734144,0.5097381772046737,0.569885609571714,0.6245910527673619,0.4763131593071268,0.3507267632458491
0.38119626651297484,0.27574356922550314,0.2155739358732777,0.4249551319264199,0.5448369917713952,0.3996410540028358,0.42500415325790014,0.42109494639818634,0.4102658550985378,0.33900946211693156,0.5125548128704945,0.6128638618800232,0.49865583033034505,0.5622044644995188,0.4805470528291778,0.5738617535078624,0.5877821436026455,0.5395553852580205,0.5533850012775535,0.5377589706900455,0.5232811731629526,0.7002727602065187,0.7246514728667638,0.5849672605451041,0.966477723355729,0.8777351322365753,0.0,0.7899190988858966,0.7636057198099446,0.9278656807420551,0.7216388856548557,0.835857036832908,0.7068746176986386,0.8657859933607198,0.864468144477522,0.5549355251319101,0.8263413266885848,0.7324765705388048,0.7251604186764391,0.5363676078532943,0.4908245739201164,0.7533385395725418,0.5963284764838438,0.41493921606596335,0.5826615318420529,0.3998621591669697,0.41596778501567494,0.41606274833821544,0.4393675224884618,0.3307109939043357,0.4396422523198165,0.44593301653843537,0.48601103438296966,0.5752792773146792,0.6366390984041889,0.4332084178800453,0.33456372013885977
0.33096112716607407,0.33795092399305043,0.24813298590252814,0.490153459450709,0.6064645507190027,0.38145976684075933,0.41146421740210926,0.41482716732747466,0.392882048462015,0.3479510883111324,0.46844454707955946,0.5437918004311559,0.5006867494507546,0.5700443608967708,0.4679355346643776,0.5440546862839826,0.5521512246490499,0.5171502386888999,0.5164739990815607,0.5092405422091472,0.529648504357789,0.6105673892198186,0.5754646076409239,0.4921103198165906,0.7358390979856358,0.7630969004141481,0.7899190988858966,0.0,0.7686760389493086,0.7360926485168253,0.618625341257605,0.6968208067275381,0.5748767678647216,0.609223999421073,0.6976904422003912,0.47681237728671044,0.46133722875592575,0.6603762769201106,0.6122433699272734,0.4591894322590738,0.4431510611653341,0.5947484329887028,0.5400446005690641,0.38921834068528555,0.5502871889563842,0.3965341814934361,0.4097874389492042,0.39286143202084567,0.41441724361827914,0.32800079675252264,0.4264841367891687,0.4588741054972438,0.4587406463451397,0.5273371551283293,0.5922069691827213,0.4259120614290192,0.33643928042705407
0.42968816350305705,0.2436934614416329,0.17884712699604105,0.34109654713531956,0.4442134096639381,0.5031183062943189,0.5363784357670864,0.5546001108141482,0.5313924130105987,0.4116426117158855,0.6144290877520993,0.6513097294312709,0.628154315194378,0.7565006523350777,0.5586320833550857,0.6597907557340648,0.657011644716312,0.6732892818118746,0.6479125890813311,0.605990064776194,0.6230385695281748,0.7636837831954892,0.7462361636619191,0.6483957940233388,0.7801470165979729,0.8101513278310574,0.7636057198099446,0.7686760389493086,0.0,0.8280117041567191,0.7761349409131422,0.9170747238277098,0.776835249463695,0.707153595908794,0.835375910653005,0.6271056018805304,0.5063389985452655,0.8282103005500808,0.7804675801062521,0.5771899530543227,0.580358551032528,0.7847517329323921,0.6939988444584287,0.4967494446374274,0.634224794272147,0.4896737714986825,0.5498547158667876,0.5033367557544859,0.5207397986061134,0.4109628582224292,0.5416809744641438,0.5967805342108707,0.612343943674814,0.6625768140837656,0.7033942368417905,0.5448534700726089,0.4195587015376611
0.4021250977945828,0.23482542157905395,0.18049453996995593,0.3614308308399839,0.4385513849111561,0.4407320762580565,0.47558963152778655,0.4609461591610043,0.45290825682423336,0.3647643697849708,0.5514288225040996,0.6246022395414926,0.525506071041568,0.6381982862792535,0.5244763026962116,0.6146444927652857,0.6358439365592716,0.6231517859827455,0.6161503557313535,0.559347089149846,0.5720582131876949,0.7899680393873536,0.8271265018924285,0.64429755847011,0.938571292932251,0.9141116958108261,0.9278656807420551,0.7360926485168253,0.8280117041567191,0.0,0.8795999893750119,0.9709389307391949,0.7856294617876683,0.9363591981999315,0.9399203235680228,0.6265066081018803,0.7941746043807011,0.8106858353553962,0.7958349295052569,0.5637905123479717,0.5375783001054445,0.7886413822471334,0.6534377979095856,0.44715910994534014,0.6191058099430532,0.4296440316499632,0.4559397235063685,0.45291856186636564,0.47481983045759724,0.35913022194715105,0.4807413101697098,0.4811670164893967,0.5289984644237335,0.6137254259419952,0.6429620935765353,0.49737908376973256,0.3706546096674825
0.560737009656201,0.21612654808067797,0.16315123127128578,0.2992480106426926,0.3977822139549027,0.5981880791089573,0.646504147533676,0.6188599590674051,0.6184289232809511,0.5006456613614463,0.7135505851770862,0.7710258233413333,0.6601967487774641,0.753312470641941,0.6454773230533765,0.763526433366478,0.7737421436912342,0.7542488512559123,0.7591816643301663,0.7543620400854285,0.7256646374787736,0.8854623588481927,0.9041726775246198,0.8693479377238841,0.8109937799581491,0.793025159631697,0.7216388856548557,0.618625341257605,0.7761349409131422,0.8795999893750119,0.0,0.9328836655338328,0.9744363219271508,0.8634565572303158,0.9028257876464365,0.8089181152007684,0.6942571981080967,0.8955116855973004,0.9221568309133176,0.745610990559013,0.7301780600079356,0.9634142366594333,0.7938907065517198,0.6467070824720109,0.8042018228634321,0.5930873509024979,0.5945456754322161,0.6080920646036461,0.6371506342267921,0.5041994662857141,0.6310853193388674,0.6081840976569127,0.7061209777280514,0.7940829446290886,0.7911772180308261,0.6013325039155956,0.4759634548560909
0.5328759678846692,0.22980810708023572,0.17065310171314846,0.3118859611288211,0.4448056973056259,0.6038780832755211,0.6190388440677025,0.6171221592775674,0.5958278331670941,0.4570307300237773,0.7232149584230166,0.8500765050016231,0.703310372588246,0.8554326886211203,0.689993856129369,0.7435539947609602,0.8025495310684833,0.8244773594406334,0.7685483156949453,0.7129333801493873,0.6964535036559611,0.8865783691691463,0.8920437995004826,0.7751923007931459,0.8889716677612869,0.8766803984396799,0.835857036832908,0.6968208067275381,0.9170747238277098,0.9709389307391949,0.9328836655338328,0.0,0.8445460763909335,0.8803595171132633,0.9663905558982201,0.7713882443350447,0.6861029336134444,0.9200421628884929,0.9842937109193208,0.6830046589942333,0.7126332021819439,0.9951627977604974,0.8140087566989026,0.5859488138625688,0.7519580351536573,0.5747346639709981,0.5758665362871606,0.5941204603873631,0.6270178284017289,0.47529192826999206,0.6225372356454522,0.6358464499380039,0.7064949640962722,0.8182616494488573,0.8230999093941892,0.6290144714783485,0.49883334122855116
0.7083110684863282,0.21142224067433987,0.15221171044178847,0.26612835273662727,0.37599401374019853,0.7903882362809052,0.7786808585987279,0.7719566749459146,0.7744682367248205,0.6448182203110415,0.8625117463892729,0.9129345818011037,0.7702913929679481,0.8745725759425483,0.8112161412514625,0.9119880642259947,0.8607128941917034,0.9221122109547673,0.972860749499719,0.8990088910418216,0.864183140167172,0.9780656624038723,1.0,0.9991591055615316,0.7304582461686102,0.7710435383908846,0.7068746176986386,0.5748767678647216,0.776835249463695,0.7856294617876683,0.9744363219271508,0.8445460763909335,0.0,0.7857020983305743,0.8175209627851452,0.9476818220713655,0.6328821097624012,0.8953727009564697,1.0,0.8986038481224552,0.9035912174636554,0.949082165512703,0.917066671451543,0.7981868716391851,0.8710357932196404,0.7491117691475031,0.7484465358770769,0.7847397043941697,0.8391039507938279,0.6197208069014855,0.8111667653807096,0.7821783449972696,0.8562901003825897,0.9323229711694491,0.8946323905756575,0.7521795276820712,0.6035702844616748
0.44167786195277536,0.22755114185810119,0.18350792707728295,0.3454989683073895,0.44183397791006007,0.4576279474605255,0.4829415150003523,0.4524357794634861,0.4646519267146857,0.3690914461710339,0.554798592799301,0.6348089763045038,0.5203809148256766,0.5749982942228087,0.522014968587497,0.637139350592216,0.6598590630451965,0.5850209313441393,0.6485574406231224,0.5965902069509859,0.5785672947415231,0.7693208990570081,0.8688734582503577,0.6806863682495146,0.8995196995912883,0.9469679787023305,0.8657859933607198,0.609223999421073,0.707153595908794,0.9363591981999315,0.8634565572303158,0.8803595171132633,0.7857020983305743,0.0,0.886127490200899,0.6433932918790076,0.9196105498358573,0.8549321019101018,0.788167604043211,0.6352028218165836,0.6058918715180347,0.9145046117661202,0.655501343250946,0.4893419205002352,0.6316791017080722,0.4506872672695421,0.44964063713532904,0.48252675665134576,0.5062249554615872,0.36045107915335284,0.5125659126483568,0.45151344779483604,0.5126226417340135,0.6415009946316749,0.6366873103202444,0.47549552322052,0.3495894213465392
0.4694457033308775,0.24507158170294344,0.18866479028083,0.34594978796918585,0.4746028730628459,0.5231978908312069,0.5218837160200855,0.5146795386638069,0.5141891337930619,0.41246771918502967,0.610709263007145,0.7181357861488705,0.6006695870321758,0.6937984893064089,0.5882919621720345,0.7161043860886043,0.7187231179360555,0.6750246320510026,0.7019494317026707,0.6326786326843091,0.6199918630345258,0.8204783714125464,0.8631717213404776,0.7514460314623256,0.9285263043458519,0.9282518734696537,0.864468144477522,0.6976904422003912,0.835375910653005,0.9399203235680228,0.9028257876464365,0.9663905558982201,0.8175209627851452,0.886127490200899,0.0,0.6717003889647049,0.7391343492814898,0.8488496692049593,0.8067037916100299,0.6455759211769723,0.6106672538059034,0.8992679612914195,0.6977221837766574,0.5086096046954088,0.7244624835737785,0.5109725409696534,0.5087995082986961,0.5215338116983441,0.5817686459310105,0.407210266013935,0.5465383239647418,0.5182208015359463,0.5922322093838812,0.7120057575524752,0.7201347462137432,0.5346142790132478,0.41535476490241946
0.8359577664314942,0.1938723743208034,0.1387833270528537,0.2305177557624168,0.335333665849481,0.8150251181423085,0.8166064901497374,0.8460478957731404,0.7972097663339688,0.7085051401091473,0.8574809483601282,0.8470019273734296,0.8157372157625763,0.8062932590922269,0.8039471895007985,0.8894534599022543,0.8855040220449593,0.9291730263775608,0.9042783575571378,0.8568515031397232,0.8267135888012491,0.8790524385038131,0.857566743229301,0.9615541119655521,0.5589266995757147,0.5772587107375999,0.5549355251319101,0.47681237728671044,0.6271056018805304,0.6265066081018803,0.8089181152007684,0.7713882443350447,0.9476818220713655,0.6433932918790076,0.6717003889647049,0.0,0.49354224631938665,0.8244775679409698,0.9741321988750421,0.9249683803025465,0.8595231291956791,0.8651753765478818,0.8723555260439977,0.8014794357548425,0.8752553835869928,0.827753763773548,0.7815852059096843,0.8161487735678896,0.868153899553394,0.7571940382283925,0.8060907142217822,0.7675639538706407,0.8364134877381636,0.9263191455076557,0.8362187841030586,0.725387040136199,0.6807721657456669
