Cingulate area 2,Glomerular layer of the accessory olfactory bulb,Glomerular layer of the olfactory bulb,"Olfactory bulb, unspecified",Frontal association cortex,Cornu ammonis 3,Dentate gyrus,Cornu ammonis 2,Cornu ammonis 1,Fasciola cinereum,Subiculum,Postrhinal cortex,Presubiculum,Parasubiculum,Perirhinal area 35,Perirhinal area 36,Medial entorhinal cortex,Lateral entorhinal cortex,Primary auditory area,"Secondary auditory area, dorsal part","Secondary auditory area, ventral part","Piriform cortex, layer 1","Piriform cortex, layer 2","Piriform cortex, layer 3",Ventrolateral orbital area,Lateral orbital area,Ventral orbital area,Medial orbital area,Dorsolateral orbital area,Prelimbic area,Secondary motor area,Frontal association area 3,Primary motor area,"Agranular insular cortex, ventral area",Agranular insular cortex dorsal area,Cingulate area 1,Infralimbic area,Dysgranular insular cortex,Granular insular cortex,"Primary somatosensory area, forelimb representation","Primary somatosensory area, dysgranular zone","Primary somatosensory area, face representation",Secondary somatosensory area,"Primary somatosensory area, hindlimb representation","Agranular insular cortex, posterior area","Primary somatosensory area, barrel field",Retrosplenial dysgranular area,"Primary somatosensory area, trunk representation",Retrosplenial granular area,"Parietal association cortex, lateral area","Parietal association cortex, medial area","Parietal association cortex, posterior area",Primary visual area,"Secondary visual area, lateral part",Temporal association cortex,"Secondary visual area, medial part",Nucleus of the lateral olfactory tract
0.0,0.343432645616414,0.18113858895383436,0.29372599674113997,0.5513451567743236,0.863150189279088,0.8837650919176543,0.8118642632140195,0.844384262496499,0.7823343100711772,0.8476494452878505,0.7509746902443845,0.7851476820184433,0.8733853036428432,0.776676379997453,0.7928968987330461,0.8694581776244724,0.8615848917664358,0.7265752310344055,0.914790599908665,0.668741516238918,0.769689420417431,0.7563293207135257,0.8445797156033557,0.6970575055389827,0.6705552338785719,0.6810371798182822,0.7226514475082402,0.4842046723036992,0.6916052597266211,0.7488319466444925,0.6247356797969309,0.8591991558827445,0.6486645580318593,0.7536246512844943,0.965610212637264,0.9819690327306153,0.7975194625015048,0.7235638806382282,0.9687383102540983,0.8125015382658197,0.7146058782166711,0.7848854050649794,0.781854396183532,0.811912067209581,0.7900081992300966,0.8159640758254147,0.8697969198378344,0.8293973777944887,0.9440207370435522,0.6646951141439609,0.8062417628975405,0.8163007469161382,0.8896936226816932,0.7118809991142,0.8284247348332501,0.7537813051804881
0.343432645616414,0.0,0.5632095414466964,0.7843485543701747,0.6977713314866275,0.30484859389025115,0.341454721356495,0.2678948763538154,0.3087035458468713,0.2575850605865896,0.37778912537911974,0.46875750377430636,0.4062758976973712,0.4105656440959806,0.35923457777525664,0.39056212263833523,0.3943450640250582,0.39330330118491386,0.35664397869489,0.35594212501488526,0.3640579247714821,0.4809174658095829,0.44375730094654303,0.4167231777185639,0.6161557354617259,0.6564469525518205,0.5519117802344244,0.5289058663049806,0.771117817892814,0.555535179513993,0.5702056304456294,0.6812176832446281,0.4446162678995004,0.5634998155409223,0.5619280519419543,0.37636786152793816,0.3427985402116238,0.521985775485913,0.4914424112007294,0.43524120232051255,0.4237948418429223,0.5509378988395762,0.497392843734178,0.22478013151406723,0.4393350957593859,0.4145745783903265,0.33677284188814943,0.3246828008755781,0.37104088507994326,0.32361023355280116,0.19200343522800153,0.24584756495989396,0.3538120336842492,0.3817213462760475,0.39736989997422123,0.36095075284723444,0.206073816344155
0.18113858895383436,0.5632095414466964,0.0,0.850160655191416,0.3817595621684216,0.16785394001667547,0.1770624211090851,0.1505333326134872,0.16258337342042686,0.140006938817218,0.19645006958504024,0.23340527099975802,0.2079912772007015,0.19994870750144206,0.18746619389849264,0.2044874795077825,0.2006993780482915,0.193087846807443,0.1952549963716296,0.18539177110835997,0.19807926996687586,0.25150620973125565,0.23835293441612454,0.2185947714529964,0.30536389878332343,0.31105826670220027,0.28564082221727,0.26551701323904797,0.38662213114172767,0.2779064898740643,0.29252812986008286,0.3384117559485703,0.23392487198447517,0.3059868253685348,0.2762360362901847,0.19785522475532327,0.17611762816340604,0.2584598869508231,0.25511722848586355,0.22335366235288562,0.23030064461485358,0.27454738363558606,0.2565122805644184,0.12627423618321362,0.22618317357300266,0.22102600956448432,0.17446170922085286,0.17638785597552833,0.18958264960730514,0.1613295852019608,0.10987176265487203,0.1347292013690693,0.18347420250310434,0.19454938624498624,0.21963858086939,0.18809609724451581,0.11867808056080711
0.29372599674113997,0.7843485543701747,0.850160655191416,0.0,0.7095818055065833,0.27647426017270293,0.29127871457443516,0.23336782267538303,0.2644734137281462,0.225038389496949,0.3357673845351871,0.3951496366376043,0.3421852587294001,0.3256271431665618,0.30313155900406585,0.3299558641496765,0.33349858295345636,0.32115322789830497,0.3111071354077395,0.2950269675772303,0.3112356342587507,0.42057084896611596,0.4016309176588327,0.36203336258617486,0.5295761290821873,0.5542108589924801,0.5057693944096624,0.4637257820627923,0.647751074134954,0.4769325106413335,0.534705983882207,0.5860306673089108,0.3880324790585518,0.48913495573876586,0.47843995212539975,0.3374267244047679,0.2865004726035337,0.4385345498762023,0.433106813561957,0.36940971268416656,0.3758511356069752,0.49006845806616395,0.4462787626321801,0.19215966082952735,0.3874726426762977,0.37614448662343475,0.27470856170575964,0.2863973176564135,0.3043928433949852,0.25160693847722154,0.15710738418726816,0.21348549378095383,0.3004270511039699,0.32590104779782414,0.36026941992728306,0.30041963821044304,0.18036436064562558
0.5513451567743236,0.6977713314866275,0.3817595621684216,0.7095818055065833,0.0,0.5111690007607563,0.5709500013689683,0.4393435074925152,0.5159207220960582,0.4349034781584128,0.6480990733255344,0.730376463351755,0.6813652775926285,0.6398397340345158,0.5831168937123012,0.6265489882166404,0.7051988302408703,0.6709762142596964,0.5599844661238571,0.5509618336410887,0.548011668956642,0.7461718598288171,0.7022382703694999,0.6853804210535733,0.9625029308563485,0.9770211958149074,0.9191123702083279,0.866950366138331,0.8664207263659215,0.8706060641599189,0.9283849254268535,0.915015319244177,0.7440568286197485,0.8396490740307345,0.8881042263226604,0.621010457738859,0.5575117895185986,0.7888620544564944,0.8178261973462267,0.6911079761409671,0.6798034552491053,0.8034654555959905,0.8168939943168054,0.36113478094463425,0.7102198684644407,0.7136539489114654,0.5219111336576554,0.5431085934248597,0.5799835383451306,0.4700481855226069,0.2587957684336959,0.4051290452444516,0.5952942760371203,0.6433519177137248,0.6435397219355535,0.5713947031253775,0.3271365724346222
0.863150189279088,0.30484859389025115,0.16785394001667547,0.27647426017270293,0.5111690007607563,0.0,0.9574067537858887,0.9305921158811723,0.9170126431360969,0.8420215736435717,0.8894083372345977,0.7106230834427323,0.8126852168518727,0.8214546087870994,0.8734522148539057,0.9009690842453045,0.8195729217909858,0.8797495009944822,0.9538128665541189,0.9459492971795695,0.791003270431123,0.7954530211250861,0.8176708208564397,0.8678912312892254,0.6475688390186569,0.6048300294069987,0.6911205827778888,0.710415989404522,0.46403812256680493,0.6291808747979245,0.7374462298425197,0.53196455439227,0.8635923578609841,0.6186289363356787,0.7225992560341965,0.8949005665426069,0.97633930618476,0.7579390742634201,0.7437844198747109,0.8276162282982039,0.83842897174955,0.7014503757110736,0.742067411302803,0.8831400544619874,0.8234651268505708,0.8594980447322664,0.8768932761662042,0.9777495626193251,0.8518312315496507,0.834550758555555,0.7542649712222649,0.8369948806038157,0.9722345172588301,0.9439472864855121,0.8293016426902641,0.8638560091770222,0.8926846037719236
0.8837650919176543,0.341454721356495,0.1770624211090851,0.29127871457443516,0.5709500013689683,0.9574067537858887,0.0,0.9338651432719735,0.9864824155812418,0.936100905667901,1.0,0.7789389199358839,0.9159665413189373,0.9062341119246972,0.9810538977180724,0.9495364449103336,0.9716142936272741,0.9068280913971056,0.8321641597690336,0.9437394510373234,0.8183506333037947,0.7707737825319808,0.831671882537362,0.9413616993636151,0.7434229657245166,0.6866510917652362,0.7365061293179817,0.7518968426221249,0.5074289546846039,0.7060098188283136,0.8215320128117624,0.5973862180985209,0.9117088409888902,0.7100880916647452,0.7364624198140776,0.9577059842884517,0.9888697333569242,0.7754466271259112,0.7783350807918076,0.9395612716909343,0.8644598034021047,0.7517567141423179,0.8247597917373193,0.8215947889803129,0.9514141183557786,0.8703162246585622,0.9340041555365592,0.9709839835785964,0.9309574802646602,0.8676837431639005,0.7021047347304443,0.8699761299452365,0.9813438866255201,1.0,0.818206421583891,0.9326496191983269,0.7783594163970461
0.8118642632140195,0.2678948763538154,0.1505333326134872,0.23336782267538303,0.4393435074925152,0.9305921158811723,0.9338651432719735,0.0,0.9318843422736676,0.8714169911603713,0.8701507755091847,0.6867312850120684,0.8283418248594605,0.775600057649561,0.9582891410828978,0.895666140534771,0.8599631478051537,0.8398128151743627,0.9299355775433076,1.0,0.8102517847125231,0.7045683093760199,0.7848500850984813,0.8217275219057993,0.6135913483754166,0.5466956132382118,0.616345379729291,0.6204628824593726,0.4164511004669726,0.531192202683786,0.6207022207749033,0.4851115956423409,0.728999545113742,0.5665554195128152,0.6480564032697274,0.8059997911372796,0.9607886717230764,0.6848323132178757,0.685323446950035,0.7976271138390785,0.7784711089205154,0.614527510558462,0.7111052542753437,0.8763489878619964,0.7742310514620433,0.8543819341221078,0.9850602345504738,0.9339142902273071,0.9093154507648382,0.8363855277060515,0.8863935347778547,0.8916959853419529,0.963995849672909,0.9757437055965715,0.8078148715972703,0.8735336447349342,0.8628754657249788
0.844384262496499,0.3087035458468713,0.16258337342042686,0.2644734137281462,0.5159207220960582,0.9170126431360969,0.9864824155812418,0.9318843422736676,0.0,0.9448403115730565,0.9113375688827585,0.7454634063621092,0.8321430422576798,0.8640297844014638,0.8899687437751526,0.865307399369011,0.8931926890940572,0.9215361574183804,0.8150684159281544,0.9345729562830281,0.7751932577163075,0.7702536591520394,0.7850678881862208,0.8652442993205207,0.6782007317274956,0.6226259949470194,0.6704791239396117,0.6879947601652856,0.464529613599581,0.6422993440397466,0.7104511668351505,0.559539638789816,0.8409727005032919,0.62171370773735,0.7377856717808102,0.8999669615514192,0.9266249040243899,0.7820929608501839,0.7298674784399839,0.8786428030455032,0.8080116370531291,0.6908589094903931,0.7930741384575608,0.843081937980936,0.8199676014532292,0.8706674944692134,0.9637613086613069,0.9691939867927938,0.8913639636951881,0.9028538614635265,0.7348458011533883,0.9165921578339291,0.9902144231055119,0.9764456086582162,0.7655399956059841,0.9110597445077975,0.8228476914594423
0.7823343100711772,0.2575850605865896,0.140006938817218,0.225038389496949,0.4349034781584128,0.8420215736435717,0.936100905667901,0.8714169911603713,0.9448403115730565,0.0,0.890231361423584,0.6802726371379363,0.8079109650504639,0.740624599327735,0.8035111759643658,0.7403809886650474,0.8242840706543768,0.7969477092879149,0.7108220830399563,0.8530310826635858,0.6421895037404686,0.6124603102720304,0.6508551293892237,0.7012137890858069,0.5781958883233885,0.5105242379238453,0.534540409343461,0.5734762272395878,0.3826978417799348,0.5451138218289548,0.5825663892808521,0.4561772113589746,0.6818914249126452,0.5168944931492238,0.5537791299691048,0.8307701952320019,0.8662806045735753,0.592603455865586,0.606154388884525,0.7172449908064514,0.6761891552978085,0.5830724376021004,0.6501823179236979,0.8594044889983224,0.679799480815733,0.7467346123062002,0.8345285046241828,0.9119412458955898,0.782326090128325,0.7948230811257039,0.6361520637986522,0.9522879431777713,0.8344635324183676,0.8417521493826324,0.6665448037735775,0.7469969638816676,0.8654876182592074
0.8476494452878505,0.37778912537911974,0.19645006958504024,0.3357673845351871,0.6480990733255344,0.8894083372345977,1.0,0.8701507755091847,0.9113375688827585,0.890231361423584,0.0,0.8279873762755475,0.9849328898574812,0.9101125762459229,1.0,0.9712970710468992,0.9673409000563193,0.9943534104304141,0.8345707825002725,0.9564386659854903,0.8105988088082711,0.9120926561276864,0.8910223255617798,0.9821551816902429,0.8404899958901142,0.7805450133650231,0.7975478787534644,0.8505919611239608,0.5623382159550637,0.7708050976887976,0.8316817579046479,0.6412481960511881,0.8987666504310925,0.7315152232883982,0.8461037866953659,0.9205694532427265,0.9599921365738198,0.884793157241189,0.8702739418727596,0.9336630056116473,0.8726443800313689,0.8227292541937737,0.9237659354621033,0.7352648858597912,0.8871363152676834,0.9381978267017632,0.935387954978813,0.9736414864697273,0.9153654641039989,0.8678540108857334,0.5791320819335344,0.8250710520544737,0.9276428174509088,0.9968267768457759,0.8590664135573749,0.9292779233793407,0.7259716141334241
0.7509746902443845,0.46875750377430636,0.23340527099975802,0.3951496366376043,0.730376463351755,0.7106230834427323,0.7789389199358839,0.6867312850120684,0.7454634063621092,0.6802726371379363,0.8279873762755475,0.0,0.8223399376917945,0.8725402771068185,0.8180274997006717,0.8344490445855468,0.8910250878815802,0.8908533763783684,0.745282631491678,0.8197639638875024,0.7836255156079242,0.8576335428525238,0.8714664874443814,0.8461819000581632,0.914510155596367,0.8886301312680365,0.8335277025989735,0.8291229843508596,0.7163451669680716,0.753967294053958,0.8471842687614559,0.7909021584565573,0.8335766236040855,0.7606595229988202,0.8218593910695773,0.8072066855607553,0.77877044775425,0.8931596541412437,0.861532179436886,0.8602330315104446,0.8493651550563797,0.7654162390330946,0.8837343722888299,0.5496726760028876,0.9384053756750499,0.8965496895328159,0.8020758495391596,0.7609033231803708,0.8531426083385357,0.7667538713521453,0.46694845591548995,0.6019696021362613,0.7941799552251724,0.869326409619766,0.857570390658662,0.7724582917206835,0.5083464382991998
0.7851476820184433,0.4062758976973712,0.2079912772007015,0.3421852587294001,0.6813652775926285,0.8126852168518727,0.9159665413189373,0.8283418248594605,0.8321430422576798,0.8079109650504639,0.9849328898574812,0.8223399376917945,0.0,0.8738718115181182,1.0,0.9583592188402882,0.9086896923604004,0.9656267265013363,0.8988065400389625,0.9279623663455592,0.8654277143358221,0.8925652359363564,0.9079987663485234,0.924717010792879,0.8140629170230947,0.7698149660230352,0.8795777925949616,0.8865634630715616,0.5887253046645904,0.7493808060653825,0.8793248952004543,0.7024092488621054,0.9027664819673584,0.7628540759886485,0.8673983641750183,0.8575562306107519,0.8602615206735232,0.8278270772240655,0.8966152183502081,0.8650692648448346,0.9212947001419426,0.7923345993370332,0.8880681676791107,0.6519669538706259,0.9102174241772288,0.9524726274896155,0.9166862451302796,0.8699909846814746,0.9830803323181908,0.7692552908843696,0.5463799289591963,0.7422536990806354,0.9448905906057649,0.9912311242195021,0.9198730754301006,0.8757613508667125,0.6006748222765449
0.8733853036428432,0.4105656440959806,0.19994870750144206,0.3256271431665618,0.6398397340345158,0.8214546087870994,0.9062341119246972,0.775600057649561,0.8640297844014638,0.740624599327735,0.9101125762459229,0.8725402771068185,0.8738718115181182,0.0,0.8742672483389962,0.8368445651105391,0.905440839143087,0.9839379615953849,0.7621634849640345,0.9785283993207009,0.7536063629152469,0.8086156286122619,0.8309799499521017,0.8745170859415092,0.8002445510741073,0.815048205598312,0.8008673584459404,0.7406868190789526,0.5981827267536918,0.7181020099604069,0.7857499060589397,0.6976017559888031,0.9091315494003436,0.763710553209714,0.8240522414334253,0.9287126564013103,0.9151410360193561,0.9072640544270251,0.7994226120331291,0.8966667626421894,0.8280515908235008,0.788652057152285,0.8178465477118776,0.6462110238658115,0.9130746474962873,0.8578514329748499,0.9088160020213413,0.8453907993549249,0.8995271863992967,0.8870188561361966,0.5889125853965256,0.7438499873426186,0.9646282526397113,0.8909894577649493,0.827788058562608,0.8449556546158676,0.6381075458097369
0.776676379997453,0.35923457777525664,0.18746619389849264,0.30313155900406585,0.5831168937123012,0.8734522148539057,0.9810538977180724,0.9582891410828978,0.8899687437751526,0.8035111759643658,1.0,0.8180274997006717,1.0,0.8742672483389962,0.0,0.9322756258067024,0.8685587524361233,0.8982657633024065,0.9231071356743306,0.9841708542575482,0.9338478031120631,0.8347774716971763,0.9351529845853536,0.9117492020547241,0.7705837521843328,0.6813786322032834,0.7658890551611471,0.7916354973955848,0.554279934471748,0.6697831835124609,0.8106265578262911,0.60709550775753,0.8774269607447899,0.7060130910446666,0.7789321950425161,0.8146242889740392,0.9049555290978692,0.8300142923771987,0.7670577484315264,0.8616564916671937,0.8987856103903429,0.7410140917138103,0.8399479695713761,0.7540521258260444,0.9145995217283687,0.9377697473127294,1.0,0.9387243602333765,0.968254124223485,0.7758642507525982,0.6470783462174101,0.7988118172974878,0.9858278104309431,0.9850729449129686,0.9019551915435443,0.9566657091897338,0.6517636877772143
0.7928968987330461,0.39056212263833523,0.2044874795077825,0.3299558641496765,0.6265489882166404,0.9009690842453045,0.9495364449103336,0.895666140534771,0.865307399369011,0.7403809886650474,0.9712970710468992,0.8344490445855468,0.9583592188402882,0.8368445651105391,0.9322756258067024,0.0,0.9632979972479677,0.8778156749977204,0.957477785209112,1.0,0.8843056444527893,0.8606047058291765,0.8895902913999725,0.9612580497244981,0.8093537387356468,0.7206619329662753,0.7970423420632523,0.7609481906089808,0.5931472369386513,0.6946870717726538,0.8311303924361066,0.6674206042303591,0.8854548020762486,0.752649528047985,0.7844822776349344,0.8595459692886872,0.9067047534948808,0.8249534970162623,0.823680787830391,0.8793602273349646,0.943952076872358,0.7755817966565345,0.8294775846789099,0.7410738311752644,0.956456425736205,0.9008949571973784,0.917293256600683,0.9152855459102278,0.8842058464665548,0.8275130637076286,0.6202499973108797,0.7011361307971322,0.9497948596659983,0.9902191739825521,0.8851661388717833,0.9390569305463917,0.6489712923863089
0.8694581776244724,0.3943450640250582,0.2006993780482915,0.33349858295345636,0.7051988302408703,0.8195729217909858,0.9716142936272741,0.8599631478051537,0.8931926890940572,0.8242840706543768,0.9673409000563193,0.8910250878815802,0.9086896923604004,0.905440839143087,0.8685587524361233,0.9632979972479677,0.0,0.9773624678993638,0.8430152182753651,0.9065271514999662,0.7916601535983999,0.860858475978346,0.8151321676042953,0.9101744015293742,0.8181863342812372,0.7920397630028965,0.7752079267079034,0.8009631167437056,0.580493758936914,0.7555542159731489,0.8146737061849382,0.7092330838679987,0.8990069459315728,0.7415115519923684,0.811403457661815,0.9472965757693019,0.901517485519917,0.8312295573158324,0.8617089538356274,0.8708479852618628,0.8331672896600942,0.8613141711114329,0.9391004936636012,0.6826109280672386,0.8919953807860556,0.9349473486095283,0.926657754383114,0.871543958648991,0.9319091543515513,0.8730135392932867,0.5772873226081687,0.7871901103115341,0.951057940184587,0.9668949169534871,0.8087715460396616,0.9269120788493687,0.6704648871173671
0.8615848917664358,0.39330330118491386,0.193087846807443,0.32115322789830497,0.6709762142596964,0.8797495009944822,0.9068280913971056,0.8398128151743627,0.9215361574183804,0.7969477092879149,0.9943534104304141,0.8908533763783684,0.9656267265013363,0.9839379615953849,0.8982657633024065,0.8778156749977204,0.9773624678993638,0.0,0.8421693895144446,0.9423514312900633,0.7604653687469582,0.8291453108985697,0.8979678483559381,0.9503421949159913,0.8224173751953398,0.7971878034676863,0.7636507560686396,0.7788902557861704,0.5841467707722993,0.8068849847790358,0.8504592986185769,0.6895403360271662,0.8786074422771782,0.7336529251924881,0.8466910407467741,0.9250360397364994,0.9255924714472069,0.8948419459323651,0.8594274379820059,0.9477536271036222,0.838160010595792,0.8157478827392799,0.8665639644085311,0.7151629058401808,0.9669312187478346,0.9527412714865329,0.9234285548902066,0.8922143298313081,0.9466736472791029,0.8601944987471047,0.6043774412086744,0.8402200250336983,0.9355511212115657,0.9686586761727325,0.8326053662502558,0.9539088643123109,0.6804910023049213
0.7265752310344055,0.35664397869489,0.1952549963716296,0.3111071354077395,0.5599844661238571,0.9538128665541189,0.8321641597690336,0.9299355775433076,0.8150684159281544,0.7108220830399563,0.8345707825002725,0.745282631491678,0.8988065400389625,0.7621634849640345,0.9231071356743306,0.957477785209112,0.8430152182753651,0.8421693895144446,0.0,0.9554253507483534,0.9765740982488283,0.8961147231992744,0.8896548192325194,0.9532222399721763,0.7016568277027253,0.6384129337870068,0.8130178450301776,0.7533126218623246,0.5499955525609931,0.6082523726060646,0.7355936567993475,0.5977139730396174,0.8987462701380108,0.7006358430115588,0.7103297164621798,0.7848997961247556,0.820340872455654,0.7800573724718975,0.8182211071501274,0.7847959311266709,0.8778298008751425,0.7004898161844385,0.8713414826367689,0.6932084115057264,0.9365108042521267,0.921853425470872,0.9136879603343376,0.9228192983328937,0.8631899825643765,0.7831964403725407,0.6819523388331145,0.6612742023719468,0.8813724830192499,0.9885013814122533,0.9514782967699714,0.8575277196551105,0.658645370939061
0.914790599908665,0.35594212501488526,0.18539177110835997,0.2950269675772303,0.5509618336410887,0.9459492971795695,0.9437394510373234,1.0,0.9345729562830281,0.8530310826635858,0.9564386659854903,0.8197639638875024,0.9279623663455592,0.9785283993207009,0.9841708542575482,1.0,0.9065271514999662,0.9423514312900633,0.9554253507483534,0.0,0.8893823600099219,0.8382871290723776,0.8909217725135177,0.9911683946375253,0.7873554580703744,0.7601914822753132,0.754316162434317,0.7598798510141708,0.5518346192676025,0.6651571319289534,0.8057247904623734,0.6205712756801496,0.9260843937350295,0.7121576395748507,0.8124512989930057,0.9060253194949327,1.0,0.8461971863391243,0.8729526983658086,0.9725624354392551,0.9632424802840672,0.7899148930747908,0.8772031643474726,0.8260396233867511,0.9703100112862562,0.9265949656115469,0.9841730874187429,1.0,0.9882533462078565,0.9741010787081171,0.7636715281792033,0.8428349640472563,0.9937365515196441,1.0,0.9514775813906632,0.968349897288957,0.7667379836252148
0.668741516238918,0.3640579247714821,0.19807926996687586,0.3112356342587507,0.548011668956642,0.791003270431123,0.8183506333037947,0.8102517847125231,0.7751932577163075,0.6421895037404686,0.8105988088082711,0.7836255156079242,0.8654277143358221,0.7536063629152469,0.9338478031120631,0.8843056444527893,0.7916601535983999,0.7604653687469582,0.9765740982488283,0.8893823600099219,0.0,0.8193022880457064,0.8509696275636756,0.8639922959261555,0.7222815034235236,0.6387271903584988,0.7764390002008444,0.7112505235215727,0.5851903979081803,0.5850556120714353,0.7198456596346293,0.5653571502535227,0.8055296226599288,0.6928973097198065,0.7155219501301643,0.7052974376057634,0.7831954524391435,0.7810226080608855,0.7698074793964047,0.708484231143099,0.8425202288509983,0.6709363412934571,0.7795484563113811,0.6397320770964917,0.8298541114782212,0.8903057192359036,0.8717131181100624,0.8002241211059394,0.8444013685315174,0.7231462796124651,0.6079704578141817,0.6067295324077232,0.9562041092676397,0.9479012248457005,0.8522898032437068,0.789247094716495,0.5487783583031256
0.769689420417431,0.4809174658095829,0.25150620973125565,0.42057084896611596,0.7461718598288171,0.7954530211250861,0.7707737825319808,0.7045683093760199,0.7702536591520394,0.6124603102720304,0.9120926561276864,0.8576335428525238,0.8925652359363564,0.8086156286122619,0.8347774716971763,0.8606047058291765,0.860858475978346,0.8291453108985697,0.8961147231992744,0.8382871290723776,0.8193022880457064,0.0,0.908552472750192,0.9244042235967622,0.8993782286392833,0.8434508150607039,0.8638151154291047,0.909883302370395,0.6783982608027003,0.7832420372006724,0.9335528285251572,0.7927124058273117,0.9436751873319131,0.8263449870208393,0.9273803022938027,0.8286880030894848,0.8145949518819429,0.9794448183316765,0.9280222731913861,0.8596406531451395,0.90247970992349,0.8800191141680974,0.9440980526036836,0.5756132917579982,0.9474133861825079,0.9610747483005958,0.8154103268092343,0.8289323209794471,0.8341122755587029,0.7196193339209037,0.4773035068247041,0.5956576250790343,0.8128030665270347,0.9161325374266487,0.8553818109878029,0.8654519126674693,0.5541640599074581
0.7563293207135257,0.44375730094654303,0.23835293441612454,0.4016309176588327,0.7022382703694999,0.8176708208564397,0.831671882537362,0.7848500850984813,0.7850678881862208,0.6508551293892237,0.8910223255617798,0.8714664874443814,0.9079987663485234,0.8309799499521017,0.9351529845853536,0.8895902913999725,0.8151321676042953,0.8979678483559381,0.8896548192325194,0.8909217725135177,0.8509696275636756,0.908552472750192,0.0,0.9624793954353821,0.8485415076930788,0.8360097719476941,0.8546932704584175,0.8909902506863074,0.6698458320106869,0.7812704133087582,0.9635053909489094,0.7550139846703546,0.9639594313361651,0.8191902394042613,0.9208698660535043,0.8553356461557211,0.8391986300008365,0.8826350870600823,0.9173034494714593,0.8376868585832281,0.9188947271671299,0.8398828966150593,0.9294284146979904,0.5449946318820473,0.9428384312304513,0.8981211305443629,0.8796787531827207,0.8178632853107892,0.8550104025339686,0.6941431355841101,0.5120495397584541,0.6155383973844516,0.87521595847184,0.9603920091071013,0.9292127713667347,0.8449036741300503,0.525946206276237
0.8445797156033557,0.4167231777185639,0.2185947714529964,0.36203336258617486,0.6853804210535733,0.8678912312892254,0.9413616993636151,0.8217275219057993,0.8652442993205207,0.7012137890858069,0.9821551816902429,0.8461819000581632,0.924717010792879,0.8745170859415092,0.9117492020547241,0.9612580497244981,0.9101744015293742,0.9503421949159913,0.9532222399721763,0.9911683946375253,0.8639922959261555,0.9244042235967622,0.9624793954353821,0.0,0.8620540795957132,0.8788150610571097,0.8385403676898894,0.8571379995410591,0.6606539098561244,0.8353718094815067,0.9025458831147722,0.7343762742542861,0.9321204163034527,0.8130781259787102,0.8747215587341844,0.9720720117885613,0.9173616074747177,0.9706152099843726,0.9265584526123603,0.9516307919121019,0.9791425659479307,0.8283601779100617,0.9292131088428166,0.6849652705155096,0.9640804639418125,0.9562798889809156,0.9000007179179187,0.9081344347214224,0.9267989337856218,0.8435282504493633,0.6004699817115253,0.7368219074022965,0.8785747352225006,0.9928407044033876,0.9770171848650369,0.8819785214106649,0.6548729989719002
0.6970575055389827,0.6161557354617259,0.30536389878332343,0.5295761290821873,0.9625029308563485,0.6475688390186569,0.7434229657245166,0.6135913483754166,0.6782007317274956,0.5781958883233885,0.8404899958901142,0.914510155596367,0.8140629170230947,0.8002445510741073,0.7705837521843328,0.8093537387356468,0.8181863342812372,0.8224173751953398,0.7016568277027253,0.7873554580703744,0.7222815034235236,0.8993782286392833,0.8485415076930788,0.8620540795957132,0.0,1.0,0.9752271197506854,0.9715541153935274,0.8647229134385366,0.9377622369095506,1.0,0.9763486321227799,0.9263144224445573,0.9099708713670392,0.9916193328760137,0.8219396296776278,0.7434095994554407,0.9923128841605348,0.938430182370145,0.8877752963070916,0.8697360883817749,0.9389066946473854,0.9565982953436737,0.47824558527221545,0.9155586208205978,0.8972642504407898,0.7399888020335432,0.7083634052086212,0.7832945873019554,0.6412452192016339,0.3773500304351836,0.5259697409798005,0.7647815706775243,0.8472094075331433,0.8099529903651669,0.7766558341234355,0.43229311293427697
0.6705552338785719,0.6564469525518205,0.31105826670220027,0.5542108589924801,0.9770211958149074,0.6048300294069987,0.6866510917652362,0.5466956132382118,0.6226259949470194,0.5105242379238453,0.7805450133650231,0.8886301312680365,0.7698149660230352,0.815048205598312,0.6813786322032834,0.7206619329662753,0.7920397630028965,0.7971878034676863,0.6384129337870068,0.7601914822753132,0.6387271903584988,0.8434508150607039,0.8360097719476941,0.8788150610571097,1.0,0.0,0.9423641241950007,0.9707569908241281,0.8898478659200408,0.9424081998450372,0.9836883438939156,0.9441197854821415,0.8902844638333886,0.9111979637806101,0.9106622762103789,0.7763723376670881,0.7209100920598787,0.9350087233774177,0.8577925422434978,0.7947761441380301,0.7598318807740704,0.9900470112585092,0.9363360727027258,0.44644244608310113,0.8244471569167382,0.8214785128156417,0.6531533235880476,0.6813288929670083,0.7298512795855189,0.6271237989205954,0.35071171088810804,0.4962398276045029,0.6907160471711012,0.7329417671373732,0.7442624008910964,0.7277216338592273,0.4059799295576111
0.6810371798182822,0.5519117802344244,0.28564082221727,0.5057693944096624,0.9191123702083279,0.6911205827778888,0.7365061293179817,0.616345379729291,0.6704791239396117,0.534540409343461,0.7975478787534644,0.8335277025989735,0.8795777925949616,0.8008673584459404,0.7658890551611471,0.7970423420632523,0.7752079267079034,0.7636507560686396,0.8130178450301776,0.754316162434317,0.7764390002008444,0.8638151154291047,0.8546932704584175,0.8385403676898894,0.9752271197506854,0.9423641241950007,0.0,0.9227685622390511,0.7990530124242143,0.8674747367815026,0.916309913273121,0.8631625851600861,0.9025304789797134,0.8730596293881526,0.9737441447101881,0.7541646597375926,0.7330231149678756,0.925557686620561,0.9278379068007231,0.8681947882304285,0.8725319619293801,0.864964358511895,0.9602829785838322,0.4694716907041464,0.9577251725872739,0.8875694172230568,0.7646024284885444,0.7269613888329259,0.7399515045584049,0.5905073108704727,0.38515241679641593,0.510913997850214,0.786545238936079,0.896570034165531,0.9026492266081152,0.7647904800392623,0.4377433709060661
0.7226514475082402,0.5289058663049806,0.26551701323904797,0.4637257820627923,0.866950366138331,0.710415989404522,0.7518968426221249,0.6204628824593726,0.6879947601652856,0.5734762272395878,0.8505919611239608,0.8291229843508596,0.8865634630715616,0.7406868190789526,0.7916354973955848,0.7609481906089808,0.8009631167437056,0.7788902557861704,0.7533126218623246,0.7598798510141708,0.7112505235215727,0.909883302370395,0.8909902506863074,0.8571379995410591,0.9715541153935274,0.9707569908241281,0.9227685622390511,0.0,0.7437451202503694,0.867292917923706,0.9688481012104381,0.84544698662065,0.874691749792812,0.8386167264394455,0.9580258552273696,0.8000442044592418,0.7875804344492493,0.8730150291315698,0.8586282909757604,0.8275587963516117,0.8465894029563306,0.9060603322982357,0.9004154426683338,0.48498809044961033,0.8375499367600752,0.8600818519447246,0.7283629899838936,0.7747961174657705,0.82244697969001,0.6188756544683902,0.39935458674091723,0.5328671201613511,0.7474727010177367,0.8154179421916606,0.8895621786073343,0.7729075523043982,0.44569132521703825
0.4842046723036992,0.771117817892814,0.38662213114172767,0.647751074134954,0.8664207263659215,0.46403812256680493,0.5074289546846039,0.4164511004669726,0.464529613599581,0.3826978417799348,0.5623382159550637,0.7163451669680716,0.5887253046645904,0.5981827267536918,0.554279934471748,0.5931472369386513,0.580493758936914,0.5841467707722993,0.5499955525609931,0.5518346192676025,0.5851903979081803,0.6783982608027003,0.6698458320106869,0.6606539098561244,0.8647229134385366,0.8898478659200408,0.7990530124242143,0.7437451202503694,0.0,0.7659389033007934,0.7627389823502416,0.8883079965491688,0.6646240067067223,0.739950563009138,0.7606392054436514,0.5492096658799248,0.5034511674234015,0.7590426266999035,0.7140694693539954,0.629758042634716,0.6178383442790865,0.7286731388050497,0.7283131141340596,0.3296161626808325,0.7034361642541052,0.6169732310986447,0.5058035743751039,0.4984387226229421,0.567401317181829,0.476092547586516,0.2850051339976858,0.3543467875810246,0.5359283844367556,0.6068802302402034,0.611660005380436,0.5288120143114775,0.29846293844365596
0.6916052597266211,0.555535179513993,0.2779064898740643,0.4769325106413335,0.8706060641599189,0.6291808747979245,0.7060098188283136,0.531192202683786,0.6422993440397466,0.5451138218289548,0.7708050976887976,0.753967294053958,0.7493808060653825,0.7181020099604069,0.6697831835124609,0.6946870717726538,0.7555542159731489,0.8068849847790358,0.6082523726060646,0.6651571319289534,0.5850556120714353,0.7832420372006724,0.7812704133087582,0.8353718094815067,0.9377622369095506,0.9424081998450372,0.8674747367815026,0.867292917923706,0.7659389033007934,0.0,0.997724745779849,0.9390963497712242,0.8550904610681478,0.7969369482180446,0.8387862449441232,0.7879561725322538,0.7118965207544874,0.8731307392315842,0.8590370006535514,0.8402482998112125,0.7360630619738044,0.927321292504101,0.8941806734242485,0.4793545772889945,0.8071512277157269,0.774631109949183,0.6419023517813215,0.6679932109971487,0.6635567201469816,0.617119274273733,0.34859727530758156,0.5279602630780884,0.7098516009758306,0.7363468400265174,0.6381532853820364,0.6738738068995161,0.43143867407173414
0.7488319466444925,0.5702056304456294,0.29252812986008286,0.534705983882207,0.9283849254268535,0.7374462298425197,0.8215320128117624,0.6207022207749033,0.7104511668351505,0.5825663892808521,0.8316817579046479,0.8471842687614559,0.8793248952004543,0.7857499060589397,0.8106265578262911,0.8311303924361066,0.8146737061849382,0.8504592986185769,0.7355936567993475,0.8057247904623734,0.7198456596346293,0.9335528285251572,0.9635053909489094,0.9025458831147722,1.0,0.9836883438939156,0.916309913273121,0.9688481012104381,0.7627389823502416,0.997724745779849,0.0,0.8997235915817653,0.9490793153334613,0.9203861705931324,0.9934805549332244,0.8650162656549675,0.7731360056718165,0.9602896089566814,0.9682304904627079,0.8869391031387331,0.9528695863498875,0.9660038056416348,0.996316668520738,0.4986373585111111,0.9289865774180167,0.887218157742541,0.7248932846839133,0.748771263822462,0.7730762162213574,0.6444267155411172,0.4024906296398557,0.5612022614590099,0.7786035544948127,0.8803671268561396,0.8318471954251461,0.7521392079710703,0.4569035437386119
0.6247356797969309,0.6812176832446281,0.3384117559485703,0.5860306673089108,0.915015319244177,0.53196455439227,0.5973862180985209,0.4851115956423409,0.559539638789816,0.4561772113589746,0.6412481960511881,0.7909021584565573,0.7024092488621054,0.6976017559888031,0.60709550775753,0.6674206042303591,0.7092330838679987,0.6895403360271662,0.5977139730396174,0.6205712756801496,0.5653571502535227,0.7927124058273117,0.7550139846703546,0.7343762742542861,0.9763486321227799,0.9441197854821415,0.8631625851600861,0.84544698662065,0.8883079965491688,0.9390963497712242,0.8997235915817653,0.0,0.798603210857738,0.8254964883665689,0.8452950046582219,0.7485394518688996,0.6261310109086062,0.8290955518850147,0.79485247641555,0.7577994624122923,0.7208156107195266,0.8502891871289414,0.8509106262942218,0.4096084084265697,0.7835488417419035,0.7217166637859969,0.569138470096229,0.5733286612663909,0.6346370749825263,0.58215512365256,0.32710913173723644,0.4432071863767417,0.6266562085353586,0.6928335506272911,0.6643469705566833,0.6287200466230699,0.36419273415873155
0.8591991558827445,0.4446162678995004,0.23392487198447517,0.3880324790585518,0.7440568286197485,0.8635923578609841,0.9117088409888902,0.728999545113742,0.8409727005032919,0.6818914249126452,0.8987666504310925,0.8335766236040855,0.9027664819673584,0.9091315494003436,0.8774269607447899,0.8854548020762486,0.8990069459315728,0.8786074422771782,0.8987462701380108,0.9260843937350295,0.8055296226599288,0.9436751873319131,0.9639594313361651,0.9321204163034527,0.9263144224445573,0.8902844638333886,0.9025304789797134,0.874691749792812,0.6646240067067223,0.8550904610681478,0.9490793153334613,0.798603210857738,0.0,0.802941537837237,0.9242875511946868,0.9573760014841287,0.9021673580026348,0.9333481947953913,0.8903087357870122,0.990317506664594,0.9560081070439099,0.9098779656824522,0.9269289908472265,0.6536803662813447,0.9999336725915837,0.9045479076280138,0.8521147978514204,0.9239113346507267,0.8535200704532077,0.8523704738682363,0.5566911012207636,0.7053473188253592,0.8706007424533942,0.9064225532983788,0.876266772914999,0.8831403371726015,0.6026727906529078
0.6486645580318593,0.5634998155409223,0.3059868253685348,0.48913495573876586,0.8396490740307345,0.6186289363356787,0.7100880916647452,0.5665554195128152,0.62171370773735,0.5168944931492238,0.7315152232883982,0.7606595229988202,0.7628540759886485,0.763710553209714,0.7060130910446666,0.752649528047985,0.7415115519923684,0.7336529251924881,0.7006358430115588,0.7121576395748507,0.6928973097198065,0.8263449870208393,0.8191902394042613,0.8130781259787102,0.9099708713670392,0.9111979637806101,0.8730596293881526,0.8386167264394455,0.739950563009138,0.7969369482180446,0.9203861705931324,0.8254964883665689,0.802941537837237,0.0,0.8552833791664085,0.7411901670160739,0.6690889359705238,0.8723549793229058,0.8378944622276812,0.7567694592133083,0.8286339123694411,0.8653170144062446,0.8043569472885002,0.44895514511136925,0.8034359122125845,0.7937248218923149,0.6734445055224751,0.6557530304849645,0.7185491898755006,0.5951108247502744,0.38416073529920736,0.4865152106015475,0.7127895555360129,0.7656369287284243,0.7405279463550692,0.6801280035887038,0.4109458572052754
0.7536246512844943,0.5619280519419543,0.2762360362901847,0.47843995212539975,0.8881042263226604,0.7225992560341965,0.7364624198140776,0.6480564032697274,0.7377856717808102,0.5537791299691048,0.8461037866953659,0.8218593910695773,0.8673983641750183,0.8240522414334253,0.7789321950425161,0.7844822776349344,0.811403457661815,0.8466910407467741,0.7103297164621798,0.8124512989930057,0.7155219501301643,0.9273803022938027,0.9208698660535043,0.8747215587341844,0.9916193328760137,0.9106622762103789,0.9737441447101881,0.9580258552273696,0.7606392054436514,0.8387862449441232,0.9934805549332244,0.8452950046582219,0.9242875511946868,0.8552833791664085,0.0,0.8158806015653282,0.8009057215869215,0.9780724384368198,0.8863117758477191,0.8726086749355224,0.9347994722038736,0.9886783519699438,0.9852225477339027,0.4942812426950511,0.9382545887044286,0.8556731113919728,0.7325077973151769,0.7424300956629153,0.7791135003842142,0.6782710697898823,0.4301433736592523,0.5444095649690293,0.8205074844666893,0.854215941636115,0.8725056138959989,0.8059637930765636,0.46701689817056274
0.965610212637264,0.37636786152793816,0.19785522475532327,0.3374267244047679,0.621010457738859,0.8949005665426069,0.9577059842884517,0.8059997911372796,0.8999669615514192,0.8307701952320019,0.9205694532427265,0.8072066855607553,0.8575562306107519,0.9287126564013103,0.8146242889740392,0.8595459692886872,0.9472965757693019,0.9250360397364994,0.7848997961247556,0.9060253194949327,0.7052974376057634,0.8286880030894848,0.8553356461557211,0.9720720117885613,0.8219396296776278,0.7763723376670881,0.7541646597375926,0.8000442044592418,0.5492096658799248,0.7879561725322538,0.8650162656549675,0.7485394518688996,0.9573760014841287,0.7411901670160739,0.8158806015653282,0.0,1.0,0.8855792693197926,0.8302379650266013,0.9953102031668686,0.8422637834686392,0.855613015078958,0.8730662410704857,0.7531038560850178,0.9245915123172046,0.8789671768064538,0.8361576138450899,0.9440390764032051,0.8742628765835715,0.9144655023287499,0.6058669971209205,0.7972454428506667,0.9087156981425714,0.9522084473761369,0.8054042725682391,0.9366500014409547,0.7375006115129488
