Cingulate area 2,Glomerular layer of the accessory olfactory bulb,Glomerular layer of the olfactory bulb,"Olfactory bulb, unspecified",Frontal association cortex,Cornu ammonis 3,Dentate gyrus,Cornu ammonis 2,Cornu ammonis 1,Fasciola cinereum,Subiculum,Postrhinal cortex,Presubiculum,Parasubiculum,Perirhinal area 35,Perirhinal area 36,Medial entorhinal cortex,Lateral entorhinal cortex,Primary auditory area,"Secondary auditory area, dorsal part","Secondary auditory area, ventral part","Piriform cortex, layer 1","Piriform cortex, layer 2","Piriform cortex, layer 3",Ventrolateral orbital area,Lateral orbital area,Ventral orbital area,Medial orbital area,Dorsolateral orbital area,Prelimbic area,Secondary motor area,Frontal association area 3,Primary motor area,"Agranular insular cortex, ventral area",Agranular insular cortex dorsal area,Cingulate area 1,Infralimbic area,Dysgranular insular cortex,Granular insular cortex,"Primary somatosensory area, forelimb representation","Primary somatosensory area, dysgranular zone","Primary somatosensory area, face representation",Secondary somatosensory area,"Primary somatosensory area, hindlimb representation","Agranular insular cortex, posterior area","Primary somatosensory area, barrel field",Retrosplenial dysgranular area,"Primary somatosensory area, trunk representation",Retrosplenial granular area,"Parietal association cortex, lateral area","Parietal association cortex, medial area","Parietal association cortex, posterior area",Primary visual area,"Secondary visual area, lateral part",Temporal association cortex,"Secondary visual area, medial part",Nucleus of the lateral olfactory tract
0.0,0.28472986459979494,0.15722944098806008,0.25368614454869914,0.2961850210853671,0.8531635848543605,0.7923756145924441,0.8036438723156287,0.8135208000556927,0.8940773835807959,0.8076650316523215,0.7261628838299812,0.6856669003778304,0.6009024109421234,0.7555506088104726,0.6644973820617752,0.48206591069704974,0.7585586330902225,0.6231710836603205,0.7405305775917042,0.5173647179561638,0.6539964964683574,0.6860181541322949,0.7847304847909345,0.45816592623174435,0.4763224683713116,0.4758747932200977,0.4086456297987007,0.539382467059113,0.4547014870264125,0.5831850870072096,0.4780189123220393,0.7820863956088657,0.5664992641587505,0.4815161954460542,0.8054860231001484,0.5908261573472188,0.6523927400807077,0.7481064744628647,0.8901375898832895,0.8596713878304546,0.5414844027955874,0.927858216890699,0.7549343364487966,0.7268604358064973,0.9071186560190411,0.9373692821600178,0.7145056247775413,0.8681142149112595,0.5940422445906057,0.6681014658150527,0.7597782717667444,0.8176417288253087,0.7650111494510492,0.7980912075919596,0.7390405019570608,0.8115350092563943
0.28472986459979494,0.0,0.5935287017695333,0.7822005643127463,0.9403875896570181,0.27863693194026234,0.29525398527981983,0.31466841075573093,0.29978208370559606,0.2540380180765985,0.2600546914548473,0.2741338741150838,0.27320464915440523,0.45703129637399537,0.42924590296423465,0.5208904376207034,0.5384778382043514,0.3180715493948113,0.5219017310855288,0.39551200663131447,0.6248700389502546,0.4202782616717826,0.40150901339413786,0.3784683973607902,0.4425633436560098,0.4635080730318713,0.517246694500386,0.6784676824996,0.441777050776412,0.46553616115264945,0.4813472001403137,0.4186669239583389,0.35197710514963043,0.4426589942316176,0.4663450740991338,0.31769774906108517,0.37332877736055553,0.4389389486612357,0.38810509088231415,0.33680438382496486,0.33736713275835967,0.494488039946924,0.27932628467623644,0.3167096808032788,0.4262896341695967,0.25357833226869864,0.3309644951220934,0.23128759421304743,0.3366893083802885,0.25539806839090057,0.30732108266185604,0.22651766097353726,0.3026705957362337,0.3846724452731869,0.35817599113835535,0.3068782734300648,0.31364972178630696
0.15722944098806008,0.5935287017695333,0.0,0.6788863163959219,0.6655391646347848,0.15355559969041305,0.16353497387252408,0.17898249640242392,0.16411576033588288,0.15345546685249062,0.14644171268193018,0.16148096007708285,0.1532688843204289,0.2616284885017635,0.21527084547695435,0.2579162245774372,0.3080274890996574,0.16861507352198968,0.2632478797615161,0.20620449558910053,0.30728755924552653,0.2185936682845471,0.20755609178823,0.195482169065364,0.25501137946000835,0.26131737483190287,0.2862750162276349,0.35921849779253745,0.24974827537441313,0.25763387464514814,0.26219486060554953,0.23836088012207632,0.1903268955150369,0.24276708221912846,0.26422433757170594,0.17428263088216506,0.22681433924735692,0.23213766881146614,0.20272699751670467,0.18098154016190102,0.18443578610214692,0.26046535954248384,0.1565253738379914,0.16982470212787873,0.2213342170883424,0.1455539131352312,0.17201243886681128,0.13449138076089728,0.1756589178737576,0.14151714191261983,0.16905779014845573,0.13268190167336658,0.16688001846390552,0.2111185459033774,0.18697878260170273,0.1646164608778615,0.1697979727659111
0.25368614454869914,0.7822005643127463,0.6788863163959219,0.0,0.9470549731101925,0.2702066316944018,0.2943079877110694,0.3145573378604612,0.28794281573269714,0.25388796940567115,0.2551408367056797,0.2918182869117687,0.2759159338908742,0.45109914548958785,0.4049415559284488,0.4868329080123725,0.5668233619129948,0.3079952422075454,0.4992220274163156,0.39173778990194585,0.561291884041524,0.4093498721178847,0.3854664715689711,0.3646274650996204,0.5063059176513136,0.48820855638251265,0.5535559333640417,0.6951925582760827,0.5165236827108467,0.48418455488403417,0.4784038395926158,0.4401611161496679,0.3454478303702456,0.4376006828840394,0.5200347170872891,0.30332490199339146,0.4027840546971789,0.4436098055149846,0.3713934372316315,0.31329183901489865,0.325154895194886,0.4700584997240744,0.2687053608116398,0.314393390594261,0.43012754896353866,0.24766544111077224,0.3038106763519818,0.23427669957262898,0.31123191242876985,0.2560645563844125,0.31473743980196345,0.22957987824535392,0.2948518357585941,0.36191949391977796,0.33765063163949177,0.29977238549373714,0.3077771721204868
0.2961850210853671,0.9403875896570181,0.6655391646347848,0.9470549731101925,0.0,0.28649287125566375,0.300801224434521,0.3388418644993191,0.3048501662443753,0.28108189494054275,0.27239964150475515,0.2984558359305877,0.2995173937676824,0.5261099184258587,0.46072181591556133,0.5728643331079761,0.5986916878893765,0.33452734293693664,0.5765887882152747,0.42377001088710825,0.6448324605761321,0.43933646658350145,0.42516768402467003,0.409390770842612,0.5253226005627912,0.5698747677440146,0.5769412455684939,0.7450402413390996,0.5180130152256186,0.5159507753551382,0.5274018494203938,0.4873650055876933,0.37374316351887416,0.47958831154124887,0.5336742246839756,0.33329956222989643,0.4300764183840291,0.4782656439674183,0.40762896890729183,0.34650111600672256,0.356524282365227,0.5360769000865987,0.2905414511553958,0.33578661780967056,0.47100980659237257,0.26273765617374534,0.3240004034549392,0.24029695149664446,0.3390597023109043,0.2599856503881559,0.32794394992550663,0.23740203884946864,0.3090110287059048,0.4207309341615781,0.37839852094815873,0.3094953754050012,0.32859739234625707
0.8531635848543605,0.27863693194026234,0.15355559969041305,0.2702066316944018,0.28649287125566375,0.0,0.966302656384678,0.9329762975810161,0.9357182813834021,0.8670489045516264,0.9698333424701663,0.910880736480255,0.8980191835612584,0.6468072743058829,0.8287293900922347,0.6715275706075778,0.5402551813134286,0.9139968437641437,0.6421518265903996,0.8519694626539283,0.5684206367638848,0.7988611659693217,0.7435816163421773,0.8680675077994423,0.551032384784556,0.5342002563952865,0.5572655417611591,0.4328736036199017,0.6781202151700889,0.5262595275433081,0.6487991202595108,0.5421615830972809,0.8903852112562594,0.628710715384554,0.5686022001314109,0.8751757387944786,0.6543706903156807,0.73259192831393,0.8193362115568519,0.8765243019417065,0.9342095861762152,0.5713256603492654,1.0,0.8734147451280406,0.8412542305571374,0.9969086721640825,0.9651552428004133,0.9099714207429788,0.9203977514635918,0.8148179240474137,0.8747182687285191,0.9282442742852114,0.9467239847214577,0.811136285136378,0.9321535331697199,0.9371501628373534,0.9531437503124015
0.7923756145924441,0.29525398527981983,0.16353497387252408,0.2943079877110694,0.300801224434521,0.966302656384678,0.0,0.8805983764400964,1.0,0.8247050536713773,0.9407230723215945,0.8784464909543879,0.8826108258198256,0.6614967963172421,0.8643183523620876,0.7409846487061083,0.5547599527070236,0.8902908137843966,0.685945650278654,0.9098241620250419,0.5911165844636883,0.8359068573683573,0.7647086599846946,0.8643136392739246,0.5568603247617671,0.556953410266638,0.5919846761019203,0.47697216996154995,0.6881704504203364,0.53499022553246,0.6547612159446649,0.593435612398449,0.91725370781497,0.6275732497467865,0.5885256678069705,0.8599231965159708,0.6197802801996637,0.7798637504224134,0.8432434645117892,0.8551183987977788,0.8193390415668473,0.6096359926777073,0.9422486641113083,0.8696930524589015,0.8963037489741119,0.8744223897620248,0.9527456806399348,0.8859729276301277,0.90434956643334,0.8810465383383842,0.8493584716261016,0.9595620546561097,0.9679416139783478,0.8428624198142031,0.9533830779164237,0.9786382159985111,0.9508002065100937
0.8036438723156287,0.31466841075573093,0.17898249640242392,0.3145573378604612,0.3388418644993191,0.9329762975810161,0.8805983764400964,0.0,0.9198878775091525,0.8377328463668965,0.8233739655820158,0.8665146248272376,0.829089250076548,0.7575529882137637,0.8935297466432027,0.7736803978266965,0.6113234474382317,0.8442121085010476,0.7125367807840018,0.8826792259922617,0.6551873416217834,0.829174050611491,0.7997208832042244,0.8915501255183141,0.6009644199866816,0.578264483223259,0.6124287641542552,0.503287530736304,0.7092080069116152,0.5714040566885912,0.6822189244593011,0.5867852820911539,0.8570980533950858,0.6660634682910852,0.6499404692850185,0.8605539901501302,0.7088827357459837,0.7931542286165755,0.8733853201653475,0.8585640713916283,0.8323969502151788,0.6418278849903989,0.9249907669175899,0.8765325990669575,0.906027889100914,0.8465786297222128,0.8663358038063093,0.7374233396970493,0.9102959122539646,0.689113139859919,0.8043783318078104,0.8126794967858398,0.9126875889185272,0.8759948529499431,0.9127274271572885,0.839956303078364,0.8281320572528821
0.8135208000556927,0.29978208370559606,0.16411576033588288,0.28794281573269714,0.3048501662443753,0.9357182813834021,1.0,0.9198878775091525,0.0,0.8474872747460869,0.8798703602718055,0.9149645089148885,0.8636083227326995,0.6834136429290827,0.8705247067004712,0.7151030324476011,0.5845947687894391,0.9098290652406044,0.7061716980942818,0.8531600488469373,0.6183161254772354,0.8861859579981295,0.8432493743826815,0.9012646215597142,0.5792100091272692,0.5747710963193321,0.5748496943801544,0.4701225836762867,0.6966527167773245,0.56464585860738,0.6976573244980464,0.5947297730596084,0.9491885769523688,0.6578449035455148,0.592181962782896,0.907658183604793,0.645865057480382,0.7793427887946633,0.8339741142545555,0.9264353173134554,0.8551284377472164,0.636775975027076,1.0,0.892948917210004,0.8200623320866883,0.9687024134646901,0.9758909747200656,0.9014434578733042,0.9196337477589124,0.7919796306210486,0.8617469218077674,0.9057697663822808,0.9867092262482174,0.8584646841435861,0.901042936572456,1.0,0.8765763909351392
0.8940773835807959,0.2540380180765985,0.15345546685249062,0.25388796940567115,0.28108189494054275,0.8670489045516264,0.8247050536713773,0.8377328463668965,0.8474872747460869,0.0,0.7748358838783896,0.7480748917127285,0.7266683650556891,0.5940924778191276,0.6747094201985965,0.597176019090078,0.46967701642426996,0.6809348971204762,0.5617352273099655,0.7392661103901834,0.48481774146620277,0.6398338094028804,0.6303232074848311,0.7045587807661758,0.42461422110363173,0.4305052737199878,0.45044769330830114,0.3726826550377927,0.5212823283468947,0.41559753223204127,0.5411071948853409,0.4487236663500197,0.7248520578020464,0.49869120353947693,0.45290126395681257,0.741561997363889,0.5570260849022902,0.6239997691411772,0.6483317723017773,0.8850885108997295,0.7691575585347823,0.4855971628660859,0.8298833821765548,0.7218482590128138,0.6740319073415048,0.9515833739551376,0.7874708497254768,0.7027126949596829,0.7849565305012199,0.583742390757081,0.6299378073972146,0.7655857774282071,0.7746902270746581,0.7388441668175476,0.786196280253378,0.7382247454294141,0.7571631827031647
0.8076650316523215,0.2600546914548473,0.14644171268193018,0.2551408367056797,0.27239964150475515,0.9698333424701663,0.9407230723215945,0.8233739655820158,0.8798703602718055,0.7748358838783896,0.0,0.844882675932852,0.8362476037216086,0.6007375980918954,0.7798129894376934,0.6427923479432182,0.5022194975550938,0.8527369379269252,0.6146882120189093,0.7562839293245555,0.5117673286897575,0.6872441881393768,0.7144365012555512,0.8318406954713838,0.5057028199112412,0.5181887027981688,0.5033072173399452,0.4187747970727913,0.5988991354214692,0.508958486503265,0.5895065552648202,0.5158874966438444,0.8327473036198808,0.5677809096621886,0.5182092491750985,0.7754984280703836,0.5782628646777422,0.6967967841730279,0.7495609788453672,0.8114157005421997,0.7918413977250314,0.548912225388603,0.8650053962290303,0.8229890654129038,0.7509978829224291,0.8832659170838031,0.8737328389188613,0.8767297621471851,0.8461693595196339,0.8039776550456152,0.809432833761716,0.9064343761308243,0.9539633482595549,0.6950902300951275,0.8785611113130563,0.8511245754938397,0.8513015325201767
0.7261628838299812,0.2741338741150838,0.16148096007708285,0.2918182869117687,0.2984558359305877,0.910880736480255,0.8784464909543879,0.8665146248272376,0.9149645089148885,0.7480748917127285,0.844882675932852,0.0,0.8860470391694184,0.622514276409115,0.7939317062080175,0.6249022307873487,0.5663494905148616,0.9033732623534404,0.67297321380631,0.8210502036385421,0.5574987999869694,0.7320365943864794,0.7261679247707631,0.7673150508772273,0.5669256483863849,0.5304029690695157,0.5345336544499308,0.4488790556327694,0.6659985558589461,0.504308214190546,0.6339816941330872,0.5109063423878227,0.7612795256889475,0.5748737674038903,0.548652376656253,0.7673219667768489,0.6281880248494002,0.7179730626597394,0.7793712787037252,0.8163514562708105,0.7825979341394438,0.5515713336363701,0.9334666787570712,0.8890558892295467,0.8542676262003421,0.8349830427247982,0.8283209744540415,0.8808263263206619,0.8292529720962197,0.8024620069639595,0.7666706186478338,0.9171404314759872,0.9112912038311907,0.7271668036820436,0.822466851645532,0.9023769680229174,0.8603035955385209
0.6856669003778304,0.27320464915440523,0.1532688843204289,0.2759159338908742,0.2995173937676824,0.8980191835612584,0.8826108258198256,0.829089250076548,0.8636083227326995,0.7266683650556891,0.8362476037216086,0.8860470391694184,0.0,0.6374147636878765,0.7787601766538054,0.663456390955369,0.5684344663246069,0.8714603122007448,0.6300291859753608,0.8324155429302723,0.5699378145461627,0.7784536127837279,0.760245472854224,0.8381903114556873,0.5961773245808958,0.6057485953643587,0.5909062047704193,0.45341000150958444,0.6692882104682187,0.5595581081104203,0.6568725172831313,0.6066850846415378,0.8864546353427072,0.6727356164154993,0.6072172061509136,0.8237286087245036,0.6973278693335928,0.7511739026038611,0.8055885694189838,0.7723477108945563,0.7780625203544137,0.6073257904495687,0.8941391480554044,0.8221293986580327,0.7695390749585623,0.8066769769224045,0.8193250620820174,0.8211446939328992,0.8113896272170468,0.8024439163760314,0.9015001080783996,0.8682610221490039,0.9432323012270529,0.7480800558939545,0.8886811068880177,0.8312250239935183,0.8757253279174644
0.6009024109421234,0.45703129637399537,0.2616284885017635,0.45109914548958785,0.5261099184258587,0.6468072743058829,0.6614967963172421,0.7575529882137637,0.6834136429290827,0.5940924778191276,0.6007375980918954,0.622514276409115,0.6374147636878765,0.0,0.8227906189061014,0.8890387618544363,0.8470712971639244,0.6727496014031907,0.8646452907971696,0.7725637944529945,0.8433838101070317,0.7900677616020945,0.805894576595181,0.7791985020486493,0.8284487543113936,0.7883492093839447,0.8036314550669501,0.7433947765618982,0.8241289775509132,0.7682312773484122,0.8262644951473567,0.7609884052194151,0.8603143611737317,0.8058725626870753,0.8439118632902258,0.7415826608513879,0.9110338096168745,0.8790242840779185,0.7810528776496347,0.7378080218421276,0.791735765596576,0.8514070785463872,0.6620512033689,0.6753633273335479,0.8639010396766614,0.5937117166367663,0.6480994788129865,0.5033540536555743,0.7045141430132602,0.4726542650377164,0.7076446260110479,0.5145455303786247,0.6918096197520109,0.8627345291928408,0.8429879113559593,0.606173330449526,0.619994573976102
0.7555506088104726,0.42924590296423465,0.21527084547695435,0.4049415559284488,0.46072181591556133,0.8287293900922347,0.8643183523620876,0.8935297466432027,0.8705247067004712,0.6747094201985965,0.7798129894376934,0.7939317062080175,0.7787601766538054,0.8227906189061014,0.0,1.0,0.7528492834844653,0.833394056576569,0.9407492494735264,0.957412630663507,0.8440189054849363,0.9784732367447221,0.9356512101539458,0.9970112472962189,0.7893006396555295,0.7466693530568798,0.7075278607328935,0.696797932181917,0.8582068976925881,0.745571724083072,0.8614243637389977,0.7558319403441919,0.9442030677589683,0.8756732127455058,0.7618123326043165,0.8739596718713252,0.754701227985145,0.9431110585409137,0.9954484193708419,0.8325209753245149,0.8815647242098942,0.8234302054264576,0.8486309425008717,0.8893793260410081,1.0,0.7489943903530643,0.9495684539717428,0.6641092817306488,0.9226033038970941,0.7030598005069744,0.9323843408529408,0.6739420992342249,0.8654998037288157,0.9278207032546555,0.9603817375293624,0.8247211327616926,0.8542456224662187
0.6644973820617752,0.5208904376207034,0.2579162245774372,0.4868329080123725,0.5728643331079761,0.6715275706075778,0.7409846487061083,0.7736803978266965,0.7151030324476011,0.597176019090078,0.6427923479432182,0.6249022307873487,0.663456390955369,0.8890387618544363,1.0,0.0,0.8203805840282147,0.7601818043501397,0.9867843027665346,0.9151303836870036,0.9504143884154953,0.9250186825558632,0.9329666423112295,0.9128892714335316,0.8089279692150886,0.8565925751365002,0.8936264741929275,0.7978660511005438,0.9242607028549799,0.8194631254793984,0.9303657681797332,0.7618666022317349,0.8536529592229304,0.8778778921526302,0.8370238743591347,0.8295186655621809,0.7660052359818218,0.9311625416586048,0.9290371152057884,0.7741544644016753,0.7917122528455133,0.8758061920421467,0.7096567632559485,0.7722485284981981,0.9543744574637119,0.602349303477843,0.7786500149818701,0.5549937010634654,0.8332077797958161,0.561860636572367,0.7490597280374366,0.5713430686714089,0.7590479033540866,0.8957936478641599,0.9249617757553863,0.7284997401793746,0.7352873644212972
0.48206591069704974,0.5384778382043514,0.3080274890996574,0.5668233619129948,0.5986916878893765,0.5402551813134286,0.5547599527070236,0.6113234474382317,0.5845947687894391,0.46967701642426996,0.5022194975550938,0.5663494905148616,0.5684344663246069,0.8470712971639244,0.7528492834844653,0.8203805840282147,0.0,0.5904077041536693,0.8289794025968095,0.7362273207351274,0.8339882857578126,0.7671483930460532,0.730520404975166,0.7097984227285331,0.9170229141983945,0.8219774697694031,0.9897350994675859,0.8232721281661685,0.9635173350973328,0.7855409177444851,0.864952782505346,0.8061784055706884,0.6818805574769508,0.7844699636248309,0.8890608240730224,0.6344342236058043,0.8054012545641543,0.8785667863284037,0.7414414758968862,0.558433964198365,0.6538475718303172,0.806634936252315,0.5196598707930575,0.591220351000516,0.8061601256487503,0.4879502155164185,0.5433353308371576,0.43594705453651794,0.5822832802909237,0.43719099707706205,0.6445343525287185,0.4384464127879259,0.5830413220077351,0.7444004846405508,0.6681887275589568,0.5417023635854797,0.5645557813286061
0.7585586330902225,0.3180715493948113,0.16861507352198968,0.3079952422075454,0.33452734293693664,0.9139968437641437,0.8902908137843966,0.8442121085010476,0.9098290652406044,0.6809348971204762,0.8527369379269252,0.9033732623534404,0.8714603122007448,0.6727496014031907,0.833394056576569,0.7601818043501397,0.5904077041536693,0.0,0.7145006479868304,0.9011038421048261,0.6327916610745115,0.8312648897027936,0.765942648231022,0.8997316018454005,0.6480365281145147,0.6268536329214317,0.6102105740866873,0.5180957311949702,0.7292525871442156,0.595719974059543,0.6884300627224408,0.6066979186811762,0.8385687775640924,0.6486308714941995,0.6236351210255543,0.8162884545741563,0.666885891703171,0.7757345190740175,0.8186941398604269,0.7794214961274015,0.8056694058113713,0.6434974018281071,0.8504963879720095,0.9051565564496487,0.9066059352022812,0.7955037915869646,0.8632661740680732,0.8384422340101468,0.9395844120535088,0.8371728322731918,0.935045103934915,0.8790875438235287,0.9598734745255024,0.7820133689690093,0.9299964748094933,0.8997484106596786,0.938408788666562
0.6231710836603205,0.5219017310855288,0.2632478797615161,0.4992220274163156,0.5765887882152747,0.6421518265903996,0.685945650278654,0.7125367807840018,0.7061716980942818,0.5617352273099655,0.6146882120189093,0.67297321380631,0.6300291859753608,0.8646452907971696,0.9407492494735264,0.9867843027665346,0.8289794025968095,0.7145006479868304,0.0,0.8668560639988836,0.9199991111453035,0.8773185355386137,0.8899133962116752,0.8623857017110791,0.7516209194774319,0.8074272080333987,0.9086484734835694,0.7945560045056924,0.87971939332152,0.7924431206543606,0.8579914459217951,0.7546971209172819,0.8032130948184228,0.8233774699727305,0.805081331629578,0.7374438717598816,0.7466812657061637,0.8785089098842206,0.8715908885002686,0.7184101931836975,0.7354119921981417,0.8085733884072617,0.6657200618469402,0.7507985349006189,0.9456572061969266,0.5824732760136966,0.7434852630259976,0.5417310201855545,0.7445425558911609,0.5440956400809983,0.7419180889910489,0.5228630100670956,0.7174909671442342,0.8271756319057695,0.8400451299146761,0.7021781563876686,0.7436232326936278
0.7405305775917042,0.39551200663131447,0.20620449558910053,0.39173778990194585,0.42377001088710825,0.8519694626539283,0.9098241620250419,0.8826792259922617,0.8531600488469373,0.7392661103901834,0.7562839293245555,0.8210502036385421,0.8324155429302723,0.7725637944529945,0.957412630663507,0.9151303836870036,0.7362273207351274,0.9011038421048261,0.8668560639988836,0.0,0.7353931320955883,0.9030703828454337,0.8805164951960092,0.9551557645278183,0.7303494873202542,0.7175211522938997,0.7828772930958685,0.6618048624233736,0.9065739644926534,0.7256837571360055,0.8247442156297344,0.7056786869253973,0.9548034243186093,0.7915729044502458,0.7695521733117814,0.8522118449558655,0.7784706728847413,0.9598171174167415,0.9204909581641351,0.8668047733104283,0.8733709895459755,0.8149121815342818,0.8529318918660449,0.8646592745238507,0.9842363771775743,0.7725601988501731,0.8636197679957912,0.708907732022145,0.8683509924889009,0.7030048574067747,0.9003585264003051,0.7634404354342672,0.9251627257271549,0.8877985039672665,0.9670748976533541,0.8615032672319083,0.8607798183385587
0.5173647179561638,0.6248700389502546,0.30728755924552653,0.561291884041524,0.6448324605761321,0.5684206367638848,0.5911165844636883,0.6551873416217834,0.6183161254772354,0.48481774146620277,0.5117673286897575,0.5574987999869694,0.5699378145461627,0.8433838101070317,0.8440189054849363,0.9504143884154953,0.8339882857578126,0.6327916610745115,0.9199991111453035,0.7353931320955883,0.0,0.8288213177374524,0.8176843625623526,0.7704281877988116,0.8053039461930253,0.8518447608531096,0.9721869246976585,0.9080066313473031,0.8852402879373021,0.8423648933394234,0.9007317483875158,0.7779462638040836,0.7273019720801831,0.807566630985059,0.8460286521249096,0.6412917951190462,0.6913913798311571,0.8525253316304792,0.7948188069168198,0.6318235048281728,0.7121511744810383,0.8751715041897877,0.5445684696831042,0.6429498916326996,0.8785832911184978,0.4905678108281624,0.6245388837521727,0.4470642186427801,0.6600791961781541,0.4868795887978032,0.6435529901855177,0.45956263237673584,0.6299210341014777,0.7610295582492403,0.7233615497526543,0.5798067529532563,0.6245167547286257
0.6539964964683574,0.4202782616717826,0.2185936682845471,0.4093498721178847,0.43933646658350145,0.7988611659693217,0.8359068573683573,0.829174050611491,0.8861859579981295,0.6398338094028804,0.6872441881393768,0.7320365943864794,0.7784536127837279,0.7900677616020945,0.9784732367447221,0.9250186825558632,0.7671483930460532,0.8312648897027936,0.8773185355386137,0.9030703828454337,0.8288213177374524,0.0,0.9010564838628764,0.9255187520392139,0.7592075765171975,0.8037411884010999,0.8050774924339088,0.6730274996300986,0.8971021423602105,0.7834457689262055,0.8779028154110479,0.7814974510122605,0.9351691210287086,0.8395879311155647,0.7820364647602923,0.8868937188181404,0.7646301348565112,0.9267437388759849,0.9425690964788195,0.8343273519882806,0.8622752767096259,0.8661854407824952,0.8010081183831462,0.8669802730448013,0.9756594518544651,0.6720149222081722,0.7700593031070201,0.6453728914079258,0.8786670101910324,0.665824034269647,0.922016533989632,0.668103771920892,0.8702725340027674,0.8220379472352389,0.9014747392760182,0.7989346732345484,0.7851617931641466
0.6860181541322949,0.40150901339413786,0.20755609178823,0.3854664715689711,0.42516768402467003,0.7435816163421773,0.7647086599846946,0.7997208832042244,0.8432493743826815,0.6303232074848311,0.7144365012555512,0.7261679247707631,0.760245472854224,0.805894576595181,0.9356512101539458,0.9329666423112295,0.730520404975166,0.765942648231022,0.8899133962116752,0.8805164951960092,0.8176843625623526,0.9010564838628764,0.0,0.9007286372283783,0.7361525596075286,0.7579968648779405,0.7324022733929544,0.6493912254252371,0.8553333663058388,0.7466895240748787,0.8392044797669176,0.7296574605171466,0.9423400533531696,0.8517051689807105,0.8213429120587447,0.868283696726491,0.7534281504485163,0.900871767068349,0.9483131208454992,0.8296514234535038,0.8197061694403792,0.7929683510738778,0.7949774482201932,0.8531569243719354,0.9779224909728111,0.700103202188827,0.7811837389179362,0.6138335073130858,0.8466039657088055,0.6351430311806403,0.9126868679764599,0.6413278962714022,0.7956426252883168,0.8602964916790197,0.9354454888778778,0.7654813354996174,0.789031270700235
0.7847304847909345,0.3784683973607902,0.195482169065364,0.3646274650996204,0.409390770842612,0.8680675077994423,0.8643136392739246,0.8915501255183141,0.9012646215597142,0.7045587807661758,0.8318406954713838,0.7673150508772273,0.8381903114556873,0.7791985020486493,0.9970112472962189,0.9128892714335316,0.7097984227285331,0.8997316018454005,0.8623857017110791,0.9551557645278183,0.7704281877988116,0.9255187520392139,0.9007286372283783,0.0,0.7238506586282147,0.7254822378941458,0.7623288550709972,0.6291842285363152,0.832054685038907,0.7349062039688813,0.795161416732884,0.7285083323313181,0.9549367346268491,0.8404200560360426,0.7559720803462869,0.8676317025493613,0.7150819658551172,0.958606176041634,0.9722924315771091,0.8691068787552807,0.8791892124287751,0.806812175360972,0.9381021872474244,0.8894468587208046,0.9787532131536681,0.81204041677238,0.9718501099245901,0.7312107930860922,0.9363616302558421,0.7241556426698683,0.9244554267842956,0.7224029513686334,0.9175808554901788,0.8933248342787377,0.9622220316455232,0.8560071940009455,0.8829614960302906
0.45816592623174435,0.4425633436560098,0.25501137946000835,0.5063059176513136,0.5253226005627912,0.551032384784556,0.5568603247617671,0.6009644199866816,0.5792100091272692,0.42461422110363173,0.5057028199112412,0.5669256483863849,0.5961773245808958,0.8284487543113936,0.7893006396555295,0.8089279692150886,0.9170229141983945,0.6480365281145147,0.7516209194774319,0.7303494873202542,0.8053039461930253,0.7592075765171975,0.7361525596075286,0.7238506586282147,0.0,0.986315823281329,0.9913317044456796,0.8357254373255568,1.0,0.9426749154562933,0.8155982297593043,0.9676083381218555,0.722330302660196,0.8272086029363235,0.9427251111662208,0.6084557476222319,0.8781263305006372,0.8802008327404449,0.7538641981562888,0.5413235557198921,0.6503056637131709,0.8237894870152054,0.505145286956759,0.6277448897162172,0.8244875606952227,0.4588774597855367,0.5641055375528957,0.4415916433259348,0.5925064455454738,0.46528827603402895,0.7048833423770785,0.4536962319205742,0.6076696745837663,0.6907537902475974,0.7242447392974125,0.5370267809013117,0.5639835396449578
0.4763224683713116,0.4635080730318713,0.26131737483190287,0.48820855638251265,0.5698747677440146,0.5342002563952865,0.556953410266638,0.578264483223259,0.5747710963193321,0.4305052737199878,0.5181887027981688,0.5304029690695157,0.6057485953643587,0.7883492093839447,0.7466693530568798,0.8565925751365002,0.8219774697694031,0.6268536329214317,0.8074272080333987,0.7175211522938997,0.8518447608531096,0.8037411884010999,0.7579968648779405,0.7254822378941458,0.986315823281329,0.0,0.9282383232310855,0.8568311296310417,0.9271039516641715,0.9081055906509297,0.918568559837254,0.9147321064112047,0.7236367532382912,0.9387580960956292,0.9542466301379593,0.640736203729404,0.7808880327626597,0.91052300390619,0.7833236104134589,0.551021208077686,0.6492931006480831,0.8984766987901818,0.5219234170667749,0.6286542094437053,0.7813124995801664,0.4531233430919298,0.5696927001892201,0.4322783428307084,0.621899828142267,0.4626525379566531,0.7165401542376914,0.44514307446054796,0.619280077413995,0.7053634310726131,0.7115959052298295,0.5562633101662137,0.5882127379485314
0.4758747932200977,0.517246694500386,0.2862750162276349,0.5535559333640417,0.5769412455684939,0.5572655417611591,0.5919846761019203,0.6124287641542552,0.5748496943801544,0.45044769330830114,0.5033072173399452,0.5345336544499308,0.5909062047704193,0.8036314550669501,0.7075278607328935,0.8936264741929275,0.9897350994675859,0.6102105740866873,0.9086484734835694,0.7828772930958685,0.9721869246976585,0.8050774924339088,0.7324022733929544,0.7623288550709972,0.9913317044456796,0.9282383232310855,0.0,0.991354887968452,1.0,0.9036218461621337,0.8818204791648877,0.9128411289240353,0.7265058239344175,0.849010495040124,0.9432893242577424,0.6384447789831926,0.8359381219629265,0.8777074322994065,0.7687767705085615,0.5783742874925728,0.6436628255693938,0.9771850054568755,0.5340534750834436,0.6243602278544836,0.8217121678264794,0.4894060667052929,0.5868734747241439,0.44289679161097195,0.6063270725886998,0.46135580465033693,0.6802590524624388,0.4421581067606602,0.629197961827129,0.7526211948066208,0.7554375531447659,0.5775457348759889,0.5685493179717229
0.4086456297987007,0.6784676824996,0.35921849779253745,0.6951925582760827,0.7450402413390996,0.4328736036199017,0.47697216996154995,0.503287530736304,0.4701225836762867,0.3726826550377927,0.4187747970727913,0.4488790556327694,0.45341000150958444,0.7433947765618982,0.696797932181917,0.7978660511005438,0.8232721281661685,0.5180957311949702,0.7945560045056924,0.6618048624233736,0.9080066313473031,0.6730274996300986,0.6493912254252371,0.6291842285363152,0.8357254373255568,0.8568311296310417,0.991354887968452,0.0,0.8509167739623996,0.8514735968131563,0.8446693108899753,0.8228903915964533,0.6183472668217485,0.7559779753186116,0.8273167350028816,0.5474140387475341,0.638125322560327,0.7540058177057701,0.6616828802335465,0.5123352466754996,0.5331763774512173,0.8015146793078257,0.4440858292228881,0.5136624955751198,0.7154555827029195,0.39859334634479293,0.5044648710222331,0.3568305417290837,0.5158214459981274,0.39735560985837837,0.5426103899900844,0.3602217616713193,0.49100067034677686,0.6212073327750729,0.6214397905542413,0.4716262280041969,0.4902405626019103
0.539382467059113,0.441777050776412,0.24974827537441313,0.5165236827108467,0.5180130152256186,0.6781202151700889,0.6881704504203364,0.7092080069116152,0.6966527167773245,0.5212823283468947,0.5988991354214692,0.6659985558589461,0.6692882104682187,0.8241289775509132,0.8582068976925881,0.9242607028549799,0.9635173350973328,0.7292525871442156,0.87971939332152,0.9065739644926534,0.8852402879373021,0.8971021423602105,0.8553333663058388,0.832054685038907,1.0,0.9271039516641715,1.0,0.8509167739623996,0.0,0.9027356424362636,0.9601568674763035,0.9553276149328757,0.8641033552532632,0.9401739707587752,0.9750060141598905,0.6996636174133285,0.905266143801524,1.0,0.8605015883380918,0.6806391438140401,0.7742160378672419,0.9522039956225612,0.6335919966118981,0.7424902143476524,0.9466684751667579,0.5512859279095171,0.6696998445754138,0.5163005565420014,0.7301109177165407,0.5561425542543966,0.8417938799266,0.5551827992912747,0.744213236465903,0.7919967185766287,0.8185153812968438,0.6958941983324615,0.6956257903507109
0.4547014870264125,0.46553616115264945,0.25763387464514814,0.48418455488403417,0.5159507753551382,0.5262595275433081,0.53499022553246,0.5714040566885912,0.56464585860738,0.41559753223204127,0.508958486503265,0.504308214190546,0.5595581081104203,0.7682312773484122,0.745571724083072,0.8194631254793984,0.7855409177444851,0.595719974059543,0.7924431206543606,0.7256837571360055,0.8423648933394234,0.7834457689262055,0.7466895240748787,0.7349062039688813,0.9426749154562933,0.9081055906509297,0.9036218461621337,0.8514735968131563,0.9027356424362636,0.0,0.846100513288995,0.9705370664789685,0.8184282056996766,0.9557286736221148,0.9810812181394727,0.6659317588985645,0.7084141899351604,0.8531983446901749,0.8307865910291571,0.5572456265200846,0.6710780805541913,0.927655255297254,0.5287354862819335,0.6220778069779755,0.775971165547812,0.46388401762115566,0.5623372857590392,0.43506070302300354,0.6343334581950457,0.45360027464305225,0.7361368079306162,0.4371841373896002,0.5919889532631787,0.6576776287490483,0.6978804458161875,0.5620256071956506,0.5448651742094411
0.5831850870072096,0.4813472001403137,0.26219486060554953,0.4784038395926158,0.5274018494203938,0.6487991202595108,0.6547612159446649,0.6822189244593011,0.6976573244980464,0.5411071948853409,0.5895065552648202,0.6339816941330872,0.6568725172831313,0.8262644951473567,0.8614243637389977,0.9303657681797332,0.864952782505346,0.6884300627224408,0.8579914459217951,0.8247442156297344,0.9007317483875158,0.8779028154110479,0.8392044797669176,0.795161416732884,0.8155982297593043,0.918568559837254,0.8818204791648877,0.8446693108899753,0.9601568674763035,0.846100513288995,0.0,0.9001551426697753,0.8626351982084348,0.8640524742852765,0.9122359524514299,0.7523846169410264,0.853653859770675,0.9519366875079381,0.8821895540106778,0.7019345462852801,0.7442648315009417,0.8591157691034105,0.6365457587089562,0.712039493706915,0.9289474592661026,0.567803106763527,0.6622727495093903,0.4953186990578356,0.7399023761557254,0.49735652237382416,0.7739131083877078,0.5173922034929397,0.6985674042908949,0.7998361800792334,0.8458057880082632,0.642344993473284,0.6635020407247042
0.4780189123220393,0.4186669239583389,0.23836088012207632,0.4401611161496679,0.4873650055876933,0.5421615830972809,0.593435612398449,0.5867852820911539,0.5947297730596084,0.4487236663500197,0.5158874966438444,0.5109063423878227,0.6066850846415378,0.7609884052194151,0.7558319403441919,0.7618666022317349,0.8061784055706884,0.6066979186811762,0.7546971209172819,0.7056786869253973,0.7779462638040836,0.7814974510122605,0.7296574605171466,0.7285083323313181,0.9676083381218555,0.9147321064112047,0.9128411289240353,0.8228903915964533,0.9553276149328757,0.9705370664789685,0.9001551426697753,0.0,0.7688369523658513,0.8948344923330237,0.9366770206200858,0.6289507312453229,0.8314111584661652,0.8825086308244263,0.7651973379841044,0.5699544679562814,0.6483937997208185,0.9264102357106151,0.5489161805517471,0.66159334895198,0.8177851575602385,0.4798531674141035,0.5558996932131102,0.4535248602516274,0.5982237380529323,0.47777785512658627,0.7479340994179755,0.4542126110640971,0.6248909070742651,0.6978116799539479,0.7063310288801581,0.5822791218128027,0.5985064284206976
0.7820863956088657,0.35197710514963043,0.1903268955150369,0.3454478303702456,0.37374316351887416,0.8903852112562594,0.91725370781497,0.8570980533950858,0.9491885769523688,0.7248520578020464,0.8327473036198808,0.7612795256889475,0.8864546353427072,0.8603143611737317,0.9442030677589683,0.8536529592229304,0.6818805574769508,0.8385687775640924,0.8032130948184228,0.9548034243186093,0.7273019720801831,0.9351691210287086,0.9423400533531696,0.9549367346268491,0.722330302660196,0.7236367532382912,0.7265058239344175,0.6183472668217485,0.8641033552532632,0.8184282056996766,0.8626351982084348,0.7688369523658513,0.0,0.8414441531590432,0.7920400935173457,0.9822385830735992,0.8023976237566871,1.0,1.0,0.9212820596063456,0.984170834572983,0.8097245750606572,0.8604122872162175,0.9092995136838108,0.9864971049352258,0.7746343948607048,0.9250932250052845,0.7367312611216492,0.9655687823494372,0.7005939738670078,0.927156722487809,0.7715554650025367,0.8242623860850248,0.8716653820009349,0.9680612105226076,0.8350393172550236,0.8605710243017876
0.5664992641587505,0.4426589942316176,0.24276708221912846,0.4376006828840394,0.47958831154124887,0.628710715384554,0.6275732497467865,0.6660634682910852,0.6578449035455148,0.49869120353947693,0.5677809096621886,0.5748737674038903,0.6727356164154993,0.8058725626870753,0.8756732127455058,0.8778778921526302,0.7844699636248309,0.6486308714941995,0.8233774699727305,0.7915729044502458,0.807566630985059,0.8395879311155647,0.8517051689807105,0.8404200560360426,0.8272086029363235,0.9387580960956292,0.849010495040124,0.7559779753186116,0.9401739707587752,0.9557286736221148,0.8640524742852765,0.8948344923330237,0.8414441531590432,0.0,0.8895794570443737,0.7728011028703891,0.7852894566440791,0.873109949242736,0.8659170485519093,0.6910860129644327,0.7636716385896142,0.9584733013901614,0.6202896900093364,0.6927084323083775,0.8319355295056755,0.5486203695251639,0.6445264160270373,0.48787487173262095,0.7010157309190446,0.5045775653599056,0.8052614688373593,0.4854021974949904,0.6801447862148432,0.774690760445781,0.7926649440263475,0.5971472630224575,0.6256915918854264
0.4815161954460542,0.4663450740991338,0.26422433757170594,0.5200347170872891,0.5336742246839756,0.5686022001314109,0.5885256678069705,0.6499404692850185,0.592181962782896,0.45290126395681257,0.5182092491750985,0.548652376656253,0.6072172061509136,0.8439118632902258,0.7618123326043165,0.8370238743591347,0.8890608240730224,0.6236351210255543,0.805081331629578,0.7695521733117814,0.8460286521249096,0.7820364647602923,0.8213429120587447,0.7559720803462869,0.9427251111662208,0.9542466301379593,0.9432893242577424,0.8273167350028816,0.9750060141598905,0.9810812181394727,0.9122359524514299,0.9366770206200858,0.7920400935173457,0.8895794570443737,0.0,0.6678046550552957,0.8237710816879917,0.9027724159379864,0.782439235917327,0.5961478968309506,0.6834847786113853,0.987222501215915,0.5329383974253181,0.6628966277808572,0.8496758740100449,0.5008574686073295,0.5730787808872044,0.4474511277828774,0.6655194803019386,0.47295563796396767,0.7628629446856322,0.4630935653511807,0.6117254247749224,0.7075099043483621,0.7021894054119959,0.5819400315708078,0.5936845047079792
0.8054860231001484,0.31769774906108517,0.17428263088216506,0.30332490199339146,0.33329956222989643,0.8751757387944786,0.8599231965159708,0.8605539901501302,0.907658183604793,0.741561997363889,0.7754984280703836,0.7673219667768489,0.8237286087245036,0.7415826608513879,0.8739596718713252,0.8295186655621809,0.6344342236058043,0.8162884545741563,0.7374438717598816,0.8522118449558655,0.6412917951190462,0.8868937188181404,0.868283696726491,0.8676317025493613,0.6084557476222319,0.640736203729404,0.6384447789831926,0.5474140387475341,0.6996636174133285,0.6659317588985645,0.7523846169410264,0.6289507312453229,0.9822385830735992,0.7728011028703891,0.6678046550552957,0.0,0.6973356404413705,0.8040555205848207,0.914542177873229,0.8908113951255848,0.8742149368516762,0.7063145950822036,0.8632603125737202,0.8840452852694793,0.8865347175243259,0.8066281899373713,0.8817442847986672,0.7213906972781662,0.9319107563974739,0.6091668890931924,0.9126117613416039,0.7564370209301552,0.8109199901696934,0.8898000222533715,0.9967850444140323,0.7781810695804853,0.761054307327577
