Cingulate area 2,Glomerular layer of the accessory olfactory bulb,Glomerular layer of the olfactory bulb,"Olfactory bulb, unspecified",Frontal association cortex,Cornu ammonis 3,Dentate gyrus,Cornu ammonis 2,Cornu ammonis 1,Fasciola cinereum,Subiculum,Postrhinal cortex,Presubiculum,Parasubiculum,Perirhinal area 35,Perirhinal area 36,Medial entorhinal cortex,Lateral entorhinal cortex,Primary auditory area,"Secondary auditory area, dorsal part","Secondary auditory area, ventral part","Piriform cortex, layer 1","Piriform cortex, layer 2","Piriform cortex, layer 3",Ventrolateral orbital area,Lateral orbital area,Ventral orbital area,Medial orbital area,Dorsolateral orbital area,Prelimbic area,Secondary motor area,Frontal association area 3,Primary motor area,"Agranular insular cortex, ventral area",Agranular insular cortex dorsal area,Cingulate area 1,Infralimbic area,Dysgranular insular cortex,Granular insular cortex,"Primary somatosensory area, forelimb representation","Primary somatosensory area, dysgranular zone","Primary somatosensory area, face representation",Secondary somatosensory area,"Primary somatosensory area, hindlimb representation","Agranular insular cortex, posterior area","Primary somatosensory area, barrel field",Retrosplenial dysgranular area,"Primary somatosensory area, trunk representation",Retrosplenial granular area,"Parietal association cortex, lateral area","Parietal association cortex, medial area","Parietal association cortex, posterior area",Primary visual area,"Secondary visual area, lateral part",Temporal association cortex,"Secondary visual area, medial part",Nucleus of the lateral olfactory tract
0.0,0.2721112372815512,0.1645286841159226,0.24614483943068682,0.35828458476690245,0.8901756887438241,0.9057840185499184,0.8410877180391673,0.8299170360203868,0.8315474113655236,0.7739084556852079,0.687277373157753,0.6545618159170111,0.5768962532331763,0.7940339227797893,0.8838091552074432,0.6285022637628291,0.696933537834272,0.8278743959993982,0.902514536035603,0.8281616428763509,0.8294401396341596,0.8778988521435033,0.8453178286922617,0.5478088469697585,0.5129216982070405,0.5490784430212229,0.31340180635843745,0.42660183064705476,0.4124813626451158,0.5054693055097073,0.470505766797336,0.7232803169095438,0.7888332609548608,0.6199739917974635,0.7586302133299005,0.886917264116058,0.7516010357437888,0.7857957210508271,0.9728239154964593,0.86778211836935,0.7478881319922948,0.8449804848850553,0.8522652126524106,0.7616943878347416,0.9253805726994436,0.7543519758976386,0.817404722477443,0.8274936311185387,0.8576211609079216,0.9092658566272641,0.8654453601059308,0.7306140446325263,0.773365208573611,0.7477067799012654,0.8868837327305142,0.8670799069416246
0.2721112372815512,0.0,0.5132138905803904,0.6825924138429058,0.8402116468848259,0.3784238995840275,0.37914303590045034,0.3994951159367076,0.3926216961364139,0.3424094152199698,0.4147813755549806,0.4826452866178958,0.4784507178646281,0.5273667734192873,0.39632846837898816,0.3905191834795847,0.5372045796681887,0.4534997564539432,0.3876600132359317,0.38319638583536986,0.383891371990576,0.3577151642852426,0.3408558057993324,0.3268317159555312,0.5553984595086146,0.5454059293425395,0.512775796497705,0.5555457467527607,0.5496167454906539,0.5207747601578256,0.5169026968169033,0.5839606952440931,0.4213021214024764,0.36050851947043683,0.4454469666499262,0.3758228253154162,0.29371993406207697,0.4044748086947548,0.39305440404230135,0.3069211671831453,0.32587175365227444,0.3870134885633943,0.3653472522650057,0.22726054933860684,0.3963808356532987,0.3174693255021943,0.3858401783595773,0.39967734239830177,0.35384569718608516,0.3147220805460206,0.2969856733061733,0.3789072388038522,0.44772361132414545,0.4154952973522019,0.44622837391044595,0.3647467540413539,0.2877811692874708
0.1645286841159226,0.5132138905803904,0.0,0.7031470014863013,0.3568909777558153,0.21067137580017806,0.21916935232889928,0.2188245616944255,0.21823301635172304,0.21499694889479584,0.23075605766783727,0.2622110241628274,0.27557822944984905,0.2937445982229975,0.22643369851794917,0.20986639838328613,0.28582491207398486,0.254579566456001,0.2073179695976114,0.2084694326593633,0.21959929631895997,0.19984815267175338,0.19125550086944587,0.18034406625156896,0.29262179739956684,0.27811173810794765,0.28039297810894265,0.3177195839710098,0.2896337303671727,0.3463729885214662,0.2620982113416098,0.2902385676208394,0.22755622462393246,0.2091259811116761,0.23966819044072527,0.2404292878290962,0.1722350042533269,0.22338200704860317,0.22094304426299102,0.17703593292960343,0.17944234754861685,0.21284874664434758,0.21852742546552797,0.1430762713553117,0.21809613813762715,0.18382132436676107,0.20791130553407772,0.2230888341268004,0.20826886081144605,0.1798209467981299,0.16437187250187008,0.20362539274278574,0.25501157664136936,0.2356948082058586,0.2424351196653913,0.20705651550098425,0.1736743441890858
0.24614483943068682,0.6825924138429058,0.7031470014863013,0.0,0.578724052894061,0.3270648355291538,0.34609740228545016,0.3374616464319921,0.3398796457812632,0.3135701277887507,0.3509515123428747,0.39364724345162233,0.3943407471702728,0.43416473666858285,0.3303476763755038,0.31847233266559877,0.4255021841708302,0.40590402514190654,0.31359654690245875,0.31520831213540296,0.3299057294859024,0.3053852505810587,0.3005278808049527,0.2703705157565056,0.48580673405207325,0.47884693079959195,0.46076951774655894,0.552289758734326,0.4861346007542267,0.5817111565560799,0.43827749913873,0.4767403489427196,0.360715062204519,0.31827338195795657,0.37987212027436035,0.38131652284141393,0.2495795243070919,0.3503657912181674,0.34324021815382705,0.2648201978550329,0.26273782131115514,0.333607174338695,0.33322874736244584,0.20710816656083111,0.33782870295007583,0.27799266852418897,0.3211253366687543,0.3440900573807443,0.32622023043870174,0.2603976621959418,0.2380833757044706,0.3144788334305465,0.3841256570307567,0.35755275170321904,0.38098536090375595,0.3217044589688687,0.24692940228949298
0.35828458476690245,0.8402116468848259,0.3568909777558153,0.578724052894061,0.0,0.5012454052497062,0.512891700489008,0.5458866319610678,0.5245841065937652,0.4258419775931418,0.5810372590991499,0.631916863942987,0.5920712984346828,0.6173469932693315,0.5144523606947459,0.5628435002897998,0.7104678425478596,0.5992332782929067,0.5208680279915914,0.5456173422777547,0.5171703705906625,0.48289911758641113,0.4593606825780032,0.45614558950081985,0.7800869294158265,0.8300699690845547,0.7013128758476467,0.7376277604540413,0.7721526764031018,0.6860489133230282,0.7336682581451304,0.8497543636822155,0.6330066273485714,0.48727472124742593,0.6409749274137541,0.4770195904928557,0.38470304920903853,0.5700220949042188,0.5751337259100859,0.4392076493134862,0.45016508272035216,0.5622241825043133,0.4840779576001079,0.31030138153422204,0.5648903175923362,0.4442146977067517,0.5222269058169577,0.5233756949965613,0.47642916562518695,0.4365915727240126,0.411195993326234,0.5231037867437828,0.5977310364724363,0.5627819531219934,0.6017941755142275,0.5141266282929692,0.38063416855101595
0.8901756887438241,0.3784238995840275,0.21067137580017806,0.3270648355291538,0.5012454052497062,0.0,1.0,0.9718749388271397,0.9703620431379743,0.8956508350765346,1.0,0.8943957643558914,0.8205529905786891,0.7881361487518871,0.9807571290223771,1.0,0.8548363580759161,0.9489302061122044,0.9114084655108567,0.9924648738113577,0.9692525966687474,0.964861689708063,0.963319049994444,0.950320533680624,0.7762655001040997,0.7302196338923376,0.7751661873534557,0.4338728453761425,0.5906692068049968,0.6041998833517701,0.7244999565717447,0.6654294754078178,0.9303628364570102,0.9320416291004237,0.8675716025276601,0.9341377546885836,0.9357870906707615,0.9551398393714748,0.953298189655535,0.9967273609365846,0.9163486596469129,0.9003960613910794,0.9911412286119008,0.7516486391894841,0.9956825737310048,0.8979605883890373,0.9069379519458406,0.9670819324643554,0.9918005845578848,0.9855449209396849,0.918232180505791,1.0,0.9656498117982384,0.8868920790663111,0.9768333432657751,0.9732246691920203,0.8113821164147247
0.9057840185499184,0.37914303590045034,0.21916935232889928,0.34609740228545016,0.512891700489008,1.0,0.0,0.9936951095895492,0.9610768747965028,0.9879464280135699,0.9742195517775025,0.8776241429819799,0.8597909286978154,0.7918744156338234,0.9203169275507375,0.9891507530165851,0.8636155302730971,0.960369572081888,0.8873546838597914,1.0,0.9790669379642838,0.9801363269265111,0.9405868285531702,0.9553393045450952,0.8094366107255385,0.7894169295479211,0.8725612792007167,0.47307660533087226,0.6476583971874489,0.6691575600483901,0.789752717395504,0.7201917747230695,0.9634219347834553,0.9713513810968607,0.8785741912873503,1.0,0.8868661980456094,1.0,0.9878793732384705,0.96977134191281,0.8714401354458294,0.9336050441459159,1.0,0.7492772747639374,0.9267784117983745,0.9262246254859874,0.913345137634429,0.973397242243354,0.9905506267158583,0.8834986869690212,0.8599430906149382,0.9981200349823633,0.9924565704265739,0.9743539013650541,0.9137563751584252,0.9590993621411317,0.7645266718348849
0.8410877180391673,0.3994951159367076,0.2188245616944255,0.3374616464319921,0.5458866319610678,0.9718749388271397,0.9936951095895492,0.0,0.901767493173723,0.8040291534995331,0.9745522879640207,0.9047897517391177,0.7861503604297895,0.7869620297323248,0.9617388813371709,0.9062053472218388,0.8906423021672066,0.8972273067559248,0.9183719258670783,1.0,0.983319160628131,0.9303438281993189,0.9855858641066587,0.8256740409908249,0.7838577832660912,0.8244954186126254,0.8742012536528593,0.49907861778481544,0.6818201726661425,0.6084079996199729,0.7664884613914532,0.7426506391908607,0.9513037700769532,0.9297622957018518,0.8563007545315702,0.9318037381884743,0.897428431535789,0.9992087158106849,0.9524635451975548,0.9368072315619831,0.8602175909644894,0.9198635395287039,0.9503999862253786,0.6767356270568399,0.9182866395141708,0.9385287511351946,0.8642751121990785,0.9133522256122679,0.9527482181811264,0.876298877209689,0.8087323014906754,1.0,0.9485285532563235,0.9074106965502896,0.9446744882355995,0.945736021668556,0.7871570533574385
0.8299170360203868,0.3926216961364139,0.21823301635172304,0.3398796457812632,0.5245841065937652,0.9703620431379743,0.9610768747965028,0.901767493173723,0.0,0.898271848662309,0.9516726105655336,0.857411866721616,0.8263100860105067,0.802199044763798,0.8782459335985668,0.9508761607962546,0.8033787677744265,0.906854577932053,0.8921127552963345,0.9959598432869833,0.9340791703394274,0.9337257018778318,0.9066920773475184,0.8600284926917263,0.7437629939928275,0.7495511846755486,0.7538140326136815,0.44914283411656303,0.6393375212927308,0.5928124105322733,0.7595378370576014,0.6912709421366587,0.9028757689488802,0.8711751209536758,0.8431415789499128,0.9432578521780929,0.8617107613763627,0.9749469357723187,0.9403273094174823,0.9758360176718476,0.9222699189514209,0.8515083249390621,0.9654936634149643,0.6965399134291159,0.9079616950111906,0.8792585199741443,0.8483843730661615,0.9877862975931297,0.898696873187131,0.8780136516412846,0.7832913930600057,0.942325052053246,0.9761110117341758,0.9449993605414676,0.9275803919358645,0.9906546095797563,0.8029670785065902
0.8315474113655236,0.3424094152199698,0.21499694889479584,0.3135701277887507,0.4258419775931418,0.8956508350765346,0.9879464280135699,0.8040291534995331,0.898271848662309,0.0,0.884409102793779,0.902669624469299,0.8580218698968547,0.7821095660758659,0.8133448368046068,0.9046484527589164,0.8179257770631047,0.8388228404008826,0.8558500082892584,0.9490808207854409,0.8410232179629966,0.8272765275058933,0.8290482161944351,0.7505438194164775,0.6453054813191685,0.6048216627107553,0.6527652817971326,0.3699554314268979,0.47348896772380067,0.4974089320845538,0.567807563090257,0.5702114632763706,0.7887444743266839,0.8552989864356308,0.7148282677623884,0.82752014167594,0.8568127154462212,0.8453060903108807,0.8678029264706241,0.8468501861317925,0.8175358143794382,0.7984748661182569,0.873660459588583,0.641700689134004,0.7733752428369371,0.8345328029388347,0.7697560548199369,0.835638388593641,0.8459504569734159,0.7800974223699413,0.7896457938701735,0.817339247651218,0.9420565239808495,0.902209844130299,0.8582389275906438,0.8502082555573351,0.7540585483400214
0.7739084556852079,0.4147813755549806,0.23075605766783727,0.3509515123428747,0.5810372590991499,1.0,0.9742195517775025,0.9745522879640207,0.9516726105655336,0.884409102793779,0.0,0.9577781414803617,0.8883806112849166,0.8312002741441121,0.938729672686355,0.9800924406401984,0.907020513756287,0.9534927845183627,0.9108222858329107,0.9421550370047372,0.990729012459154,0.9455809298806949,0.9135025645247362,0.845743751261845,0.8506265941324441,0.8203049972724432,0.842399706303564,0.5126134974001794,0.6693747982213554,0.6476844822043811,0.7834087828471311,0.7513793345737886,0.9125375598452559,0.9992484325421394,0.8961875965974393,0.909989922003703,0.828386915418213,0.9744879493304393,0.9855265575484943,0.8962427775528923,0.8795233415802468,0.9292005926736678,0.9544686597320049,0.6600019005933266,0.9017809737501372,0.888266031250359,0.9331477819384297,0.941129758597525,0.8982915316801742,0.8748932766514199,0.7951835343890362,0.9448706849794216,1.0,0.9933209097238036,0.9423930965304439,0.9597285479750102,0.7537612568474824
0.687277373157753,0.4826452866178958,0.2622110241628274,0.39364724345162233,0.631916863942987,0.8943957643558914,0.8776241429819799,0.9047897517391177,0.857411866721616,0.902669624469299,0.9577781414803617,0.0,0.9351172956981019,0.8675322616585183,0.9428237901818846,0.9431157516713425,1.0,1.0,0.8455987138761107,0.9385509613916039,0.9580944793613537,0.8603278888898899,0.8626199442660989,0.7642926291647069,0.8537406353059626,0.7845101201938257,0.835901021046145,0.5051022018411269,0.6920828109307213,0.6384585139174495,0.7333194761037831,0.7599177513211287,0.8162655727410043,0.9205266010929443,0.8469261211589363,0.8212145487145467,0.792175095712986,0.9372648932664666,0.8892142116011075,0.7851884894292894,0.7769272953092244,0.8484187439549788,0.8901755128429305,0.5567540540852008,0.8799223063548746,0.8222394822185779,0.8223375804539469,0.8854108788168171,0.8356966428202371,0.7850943759508344,0.7343985016901788,0.9210447726934523,0.926127572984393,0.9419668735699283,0.9539345898670387,0.8779617204645547,0.7056288541836537
0.6545618159170111,0.4784507178646281,0.27557822944984905,0.3943407471702728,0.5920712984346828,0.8205529905786891,0.8597909286978154,0.7861503604297895,0.8263100860105067,0.8580218698968547,0.8883806112849166,0.9351172956981019,0.0,0.8979174556029296,0.8529141356332701,0.8885033236130746,0.9038167335275815,0.9225497160873383,0.7936183319745357,0.8131804837465396,0.8344042140787243,0.7749860569887685,0.731935019394545,0.6471008068180099,0.7714031133808411,0.6990167159868123,0.7310200165330254,0.4673189218120875,0.6084810206100058,0.60130214028035,0.64603450088313,0.663980940249991,0.7480701366577988,0.7816984125753056,0.7178587718140464,0.7898875406487922,0.7033208663598824,0.8430701642821976,0.7961161819746896,0.7217408485041839,0.7351393496524861,0.7642437201326402,0.8061750583691969,0.5128183326589089,0.7377600729312593,0.6973404415889731,0.7726326914261806,0.8763261701780131,0.7740590412124924,0.722549759223259,0.6470427447220264,0.7624559946813103,0.9352035843767805,0.8771738323615286,0.911306348223763,0.8212894123876313,0.6897996664617294
0.5768962532331763,0.5273667734192873,0.2937445982229975,0.43416473666858285,0.6173469932693315,0.7881361487518871,0.7918744156338234,0.7869620297323248,0.802199044763798,0.7821095660758659,0.8312002741441121,0.8675322616585183,0.8979174556029296,0.0,0.7620107035930829,0.8544683776729263,0.8827129363035803,0.8494230987254188,0.8094167199446645,0.788866657719839,0.8372533579490695,0.7239336481551363,0.7380761177901561,0.6126704127239577,0.7885032348369957,0.7592796855938679,0.8500666614142877,0.5300098626795767,0.6859331598412707,0.6950889640192144,0.7204916777772293,0.7346737663476889,0.7711873979534041,0.7724139847878595,0.7876081040494164,0.8444365393483533,0.6297575112914013,0.8106480272176697,0.8330119559443808,0.6828156783618703,0.6605074031262032,0.7085945168402243,0.775372759314745,0.4751690885064293,0.7579789588780028,0.6795114193861057,0.733902826656991,0.7908485549485866,0.7746483939705598,0.6524971355853622,0.6026215888523154,0.7215492148909913,0.9118406067660947,0.8334241583641387,0.8059574840655349,0.7609471329739721,0.6043675557955281
0.7940339227797893,0.39632846837898816,0.22643369851794917,0.3303476763755038,0.5144523606947459,0.9807571290223771,0.9203169275507375,0.9617388813371709,0.8782459335985668,0.8133448368046068,0.938729672686355,0.9428237901818846,0.8529141356332701,0.7620107035930829,0.0,0.9923714379555054,0.919825895501813,0.9501592775382545,0.9266185600680582,0.9648220497811661,0.9863779058226865,0.9018628818330746,0.9023719112675158,0.8716538172588532,0.7390512163080558,0.6978143396309721,0.7365100245623741,0.42759437500858927,0.5775534912332817,0.549933357376366,0.6602130712324981,0.6686333260607488,0.7926977919177135,0.8741413024305679,0.7511577611982412,0.8875615203367309,0.8513557448360646,0.9478357249553108,0.9995143364478001,0.8669581287696809,0.8476707286716482,0.882832056042036,0.985367634081046,0.6706251343436277,0.909622914476864,0.8450202725427545,0.8613970746292109,0.9135284386299088,0.8411453421979207,0.8461737825112138,0.8176349291179703,0.9157660065979562,0.8823662930348153,0.9170767841706049,0.9520668070357186,0.949307964257039,0.7896394074096825
0.8838091552074432,0.3905191834795847,0.20986639838328613,0.31847233266559877,0.5628435002897998,1.0,0.9891507530165851,0.9062053472218388,0.9508761607962546,0.9046484527589164,0.9800924406401984,0.9431157516713425,0.8885033236130746,0.8544683776729263,0.9923714379555054,0.0,0.9453234622615504,0.9781743744867304,0.9648745373862951,1.0,0.9652190183633325,0.9700226879743233,0.9526282909936569,0.8793450728945563,0.7900182606599503,0.7828973233099872,0.7981790531521029,0.4266434860288471,0.5971402109755364,0.5415235967291798,0.713391819281545,0.6795053836859687,0.8821165672440101,0.9423575671371717,0.8727206719984041,0.8460870686585666,0.9422707143747306,0.9738309054275791,0.9700477007505195,0.9832380745941306,1.0,0.9231821876604476,1.0,0.7436131425012391,0.9496999061326901,0.9260907939458439,0.9037720654482637,0.994545862261977,1.0,0.9799466360479309,0.9148939790433238,0.9745929458114454,1.0,0.9739926855850618,0.9626343419430357,1.0,0.9035730028702631
0.6285022637628291,0.5372045796681887,0.28582491207398486,0.4255021841708302,0.7104678425478596,0.8548363580759161,0.8636155302730971,0.8906423021672066,0.8033787677744265,0.8179257770631047,0.907020513756287,1.0,0.9038167335275815,0.8827129363035803,0.919825895501813,0.9453234622615504,0.0,0.9263449805002566,0.8372629288979297,0.9186535832829923,0.8844669537164671,0.7889956472147077,0.7724026138510649,0.7155764801646534,0.888878655379183,0.7977795876920502,0.8923072254279567,0.5330984601657278,0.7134951866095448,0.7054405460673119,0.7475264975933295,0.8232253258802877,0.8042001303402377,0.8667986202960661,0.8460670962632919,0.8272677148185779,0.7274133902452629,0.8893634774673755,0.8712835001682359,0.7130381849978326,0.7602186057955403,0.8368717656137107,0.8183015588132956,0.526398006055163,0.8248169933396174,0.734155366044233,0.8118303713325108,0.8727218897216309,0.7499001856213886,0.7333527565094278,0.6581312799282351,0.7818547607881925,0.9416939947495095,0.9193417506946476,0.8973668572454063,0.8299413302646003,0.69862349688582
0.696933537834272,0.4534997564539432,0.254579566456001,0.40590402514190654,0.5992332782929067,0.9489302061122044,0.960369572081888,0.8972273067559248,0.906854577932053,0.8388228404008826,0.9534927845183627,1.0,0.9225497160873383,0.8494230987254188,0.9501592775382545,0.9781743744867304,0.9263449805002566,0.0,0.8562790161084519,0.9599464542733708,0.9290596316581813,0.8478832542005051,0.867023484885142,0.7855703314172425,0.8012680944620176,0.7848103949350198,0.8926042431432357,0.49516199624941853,0.6336458698728881,0.6691046339610222,0.7393026817603565,0.7255862679222898,0.8342238348118582,0.9061733286772748,0.8381214927705891,0.891654402462702,0.8045369212518924,0.9554602054804187,0.9835173440263383,0.8661667788993695,0.8810816267416008,0.8442782354681531,0.9599422738889561,0.6263890328890429,0.9287544772344531,0.854745491046101,0.8477750909241972,0.909783923327529,0.8952646270634869,0.8210309643188523,0.7325118990577903,0.81945121276072,0.9739103053402218,0.942388362557558,0.9451745540649282,0.9370269380791392,0.7394840776042064
0.8278743959993982,0.3876600132359317,0.2073179695976114,0.31359654690245875,0.5208680279915914,0.9114084655108567,0.8873546838597914,0.9183719258670783,0.8921127552963345,0.8558500082892584,0.9108222858329107,0.8455987138761107,0.7936183319745357,0.8094167199446645,0.9266185600680582,0.9648745373862951,0.8372629288979297,0.8562790161084519,0.0,0.9923435466836789,0.9218580375557266,0.8910290425019803,0.8633745832157301,0.8337591056974534,0.7061831475933871,0.7275037992631787,0.7341248394778724,0.42596280685583465,0.5770479378039977,0.5199994176219579,0.6811395541324835,0.6330216266500757,0.846790078852061,0.8986031620423446,0.841773866537903,0.8801677917601849,0.8703877066111773,0.9286341973674285,0.862020499266312,0.900894252986609,0.882678438459866,0.8703179559308241,0.9565741430557192,0.6955990646418911,0.8740009631008168,0.8610823888512804,0.83464659121277,0.8877387026017253,0.8504120079598855,0.9090703572001612,0.8992876686812422,0.9188392209419451,0.9177496328953836,0.9204180173134934,0.9104643591134263,0.9312792239974736,0.8319565902592643
0.902514536035603,0.38319638583536986,0.2084694326593633,0.31520831213540296,0.5456173422777547,0.9924648738113577,1.0,1.0,0.9959598432869833,0.9490808207854409,0.9421550370047372,0.9385509613916039,0.8131804837465396,0.788866657719839,0.9648220497811661,1.0,0.9186535832829923,0.9599464542733708,0.9923435466836789,0.0,1.0,1.0,0.977771888351687,0.9724222520460774,0.7829300339790622,0.7784346505259512,0.8218131186568626,0.47034653589341846,0.6275977561920513,0.5790478978410577,0.7469183042573908,0.7376191281477162,0.908828489558757,0.9726714268249576,0.8575334737525129,0.9159074824899197,0.9267672955650491,0.9953685377344721,0.9690537799191793,1.0,0.9857006135602873,0.9780234679649539,1.0,0.7794656095389257,1.0,0.9679984800395479,0.9358792965974747,0.9690026862384885,0.9870147989351358,0.9975971282486504,0.9322017100377752,1.0,0.9949055256319853,0.9825959178745007,0.9282963127681146,1.0,0.844199358803308
0.8281616428763509,0.383891371990576,0.21959929631895997,0.3299057294859024,0.5171703705906625,0.9692525966687474,0.9790669379642838,0.983319160628131,0.9340791703394274,0.8410232179629966,0.990729012459154,0.9580944793613537,0.8344042140787243,0.8372533579490695,0.9863779058226865,0.9652190183633325,0.8844669537164671,0.9290596316581813,0.9218580375557266,1.0,0.0,0.9929218526690236,0.9461978855072162,0.8984935429807588,0.7692947213312036,0.7324192036199535,0.7976165911483027,0.4436600911933803,0.5959615934338036,0.5948221311765328,0.6995805096147006,0.6857686624004766,0.8955886503966829,0.9346509322221059,0.8659306061194504,0.9621662777499,0.8860777576983916,0.9364378798356726,0.9314782698503187,0.9637042887324146,0.9248211656090338,0.9184377944905888,1.0,0.7073816442874006,0.986550918204372,0.91499024039191,0.8711953355004173,0.9938178735047609,0.9420053751319188,0.9195786462485862,0.8656327020471976,0.9925703654478709,0.9131080260165585,0.9165352789118486,0.9150219030520272,0.9828380279038414,0.835412209749021
0.8294401396341596,0.3577151642852426,0.19984815267175338,0.3053852505810587,0.48289911758641113,0.964861689708063,0.9801363269265111,0.9303438281993189,0.9337257018778318,0.8272765275058933,0.9455809298806949,0.8603278888898899,0.7749860569887685,0.7239336481551363,0.9018628818330746,0.9700226879743233,0.7889956472147077,0.8478832542005051,0.8910290425019803,1.0,0.9929218526690236,0.0,0.9794102544250981,0.91759232212673,0.7741682748314551,0.7607180053927831,0.7639726981790457,0.4500505339085433,0.6173030799397403,0.5574720179092302,0.7480970610385237,0.6749598937368579,0.9093996891896237,0.9417352849073436,0.8471425688485729,0.9395610084396832,0.8632410849835026,0.9448171433422694,0.9869777859129264,0.9930030408847115,0.8784108813417979,0.924910380722729,0.9495028248861206,0.8205552219184815,0.9690256728105902,0.961555596602578,0.8321863584194958,0.9183527731688919,0.8920256703363667,0.9260633677574373,0.893026475744258,0.9405975492769518,0.8978560096185362,0.8814274258106928,0.8777108871419621,0.9560329695533247,0.7858204831965383
0.8778988521435033,0.3408558057993324,0.19125550086944587,0.3005278808049527,0.4593606825780032,0.963319049994444,0.9405868285531702,0.9855858641066587,0.9066920773475184,0.8290482161944351,0.9135025645247362,0.8626199442660989,0.731935019394545,0.7380761177901561,0.9023719112675158,0.9526282909936569,0.7724026138510649,0.867023484885142,0.8633745832157301,0.977771888351687,0.9461978855072162,0.9794102544250981,0.0,0.9092425797334468,0.7646165893253063,0.7570994085298466,0.7802165800889869,0.44719407444717424,0.6085445689361013,0.5727313589698808,0.7204216360265601,0.6396087143181285,0.8649638560633598,0.9925625409393489,0.8380210231182559,0.9033016910124947,0.8810148311823459,1.0,1.0,0.9166217027373151,0.949418031950668,0.9493944183944757,0.9919732851563255,0.7747075990657852,0.9804546046838445,0.9437286120909479,0.9177486479778063,0.9362174017341175,0.9552761278490417,0.8857807206851253,0.9098231150634902,0.9853380289450805,0.8820672338290477,0.8725295576097057,0.9233152640991655,0.9597375244263917,0.7760278588796864
0.8453178286922617,0.3268317159555312,0.18034406625156896,0.2703705157565056,0.45614558950081985,0.950320533680624,0.9553393045450952,0.8256740409908249,0.8600284926917263,0.7505438194164775,0.845743751261845,0.7642926291647069,0.6471008068180099,0.6126704127239577,0.8716538172588532,0.8793450728945563,0.7155764801646534,0.7855703314172425,0.8337591056974534,0.9724222520460774,0.8984935429807588,0.91759232212673,0.9092425797334468,0.0,0.6483722895084902,0.6902772483177958,0.6788140455410251,0.40099509190807303,0.5528461776120094,0.49367355993698014,0.675197991136558,0.6256842307416447,0.8959011501167345,0.8457913341377036,0.7649756784740385,0.8008015019913846,0.8449990560525898,0.893337447431033,0.8420685401073423,0.9320041158796538,0.9817835181931365,0.8464165945756214,0.9308344887236722,0.8947942745799736,0.8620869838797743,0.9101227297744597,0.810129906940021,0.8981232205549107,0.8585947858230701,0.9215216729003659,0.9035683694564116,0.911188083677574,0.8039493798657573,0.8220848359328295,0.8483330872580862,0.9555497357487861,0.8191901975609134
0.5478088469697585,0.5553984595086146,0.29262179739956684,0.48580673405207325,0.7800869294158265,0.7762655001040997,0.8094366107255385,0.7838577832660912,0.7437629939928275,0.6453054813191685,0.8506265941324441,0.8537406353059626,0.7714031133808411,0.7885032348369957,0.7390512163080558,0.7900182606599503,0.888878655379183,0.8012680944620176,0.7061831475933871,0.7829300339790622,0.7692947213312036,0.7741682748314551,0.7646165893253063,0.6483722895084902,0.0,1.0,0.9963062090210596,0.8003449936737046,0.949993673737022,0.8428771717210942,0.9710423224723792,0.9729406832701253,0.8293137167153615,0.812824890161036,0.9160063987566632,0.8580282755866404,0.5989697259113964,0.8941453183322887,0.8025693941957173,0.6548162746333569,0.6346573145518143,0.8009906046303105,0.7583158889483014,0.4923653033979082,0.7649517545124989,0.6471867595298688,0.743443936495349,0.7755567436801588,0.7333423083317394,0.595059721095792,0.5696871962192768,0.6979035477705714,0.801249067445873,0.7669603877976734,0.9027117229997356,0.7944383862649701,0.5031182943467042
0.5129216982070405,0.5454059293425395,0.27811173810794765,0.47884693079959195,0.8300699690845547,0.7302196338923376,0.7894169295479211,0.8244954186126254,0.7495511846755486,0.6048216627107553,0.8203049972724432,0.7845101201938257,0.6990167159868123,0.7592796855938679,0.6978143396309721,0.7828973233099872,0.7977795876920502,0.7848103949350198,0.7275037992631787,0.7784346505259512,0.7324192036199535,0.7607180053927831,0.7570994085298466,0.6902772483177958,1.0,0.0,0.9932397242932366,0.834730043453979,0.9616195098287426,0.8826752363824101,0.9821531075968188,0.9984066571432969,0.9286590154948272,0.7506999668676395,0.9940927817888142,0.7982650972603181,0.5567537636985094,0.9336515731234732,0.8146053157586298,0.6570626950557641,0.6552856776584933,0.8401721612105044,0.7206498771802241,0.4761192096274313,0.838495582818404,0.6600712916143167,0.7675273008142952,0.7311469512018411,0.7371400942444714,0.591307789660866,0.5613958353742622,0.7875700180874122,0.837241588953859,0.7730616974470015,0.8869089978458149,0.783229933420589,0.4889777542045855
0.5490784430212229,0.512775796497705,0.28039297810894265,0.46076951774655894,0.7013128758476467,0.7751661873534557,0.8725612792007167,0.8742012536528593,0.7538140326136815,0.6527652817971326,0.842399706303564,0.835901021046145,0.7310200165330254,0.8500666614142877,0.7365100245623741,0.7981790531521029,0.8923072254279567,0.8926042431432357,0.7341248394778724,0.8218131186568626,0.7976165911483027,0.7639726981790457,0.7802165800889869,0.6788140455410251,0.9963062090210596,0.9932397242932366,0.0,0.7372105974250046,0.884306164057136,0.8674663728449556,0.9298364330029634,0.988449999394221,0.8517834497944815,0.8475043082395409,0.9313379170744993,0.8619066894723378,0.6017882227369797,0.8834865884642601,0.8535255701770786,0.6588991481106162,0.6424872318637745,0.8300482729975398,0.7501200859868109,0.4588521634423313,0.8013195561490829,0.6786886551940504,0.7641275845401215,0.7567428949172553,0.7498396250018345,0.5955362990786187,0.5576563595548,0.7659980682181902,0.8672057008691205,0.8308828349703298,0.9137691137637479,0.7830815712502496,0.49937840666551764
0.31340180635843745,0.5555457467527607,0.3177195839710098,0.552289758734326,0.7376277604540413,0.4338728453761425,0.47307660533087226,0.49907861778481544,0.44914283411656303,0.3699554314268979,0.5126134974001794,0.5051022018411269,0.4673189218120875,0.5300098626795767,0.42759437500858927,0.4266434860288471,0.5330984601657278,0.49516199624941853,0.42596280685583465,0.47034653589341846,0.4436600911933803,0.4500505339085433,0.44719407444717424,0.40099509190807303,0.8003449936737046,0.834730043453979,0.7372105974250046,0.0,0.9126148489854154,0.8446116980440678,0.7772610752241486,0.8565059983263347,0.5731081488608957,0.4834324908355761,0.6398574640498372,0.5000402699659449,0.33733969225662813,0.5768475102672217,0.5292401814911171,0.3914961522448343,0.3741275200050745,0.517072124130193,0.43393704974949737,0.28015164502476575,0.5084597358284035,0.41867820390430643,0.48511564142336777,0.4475632302411695,0.44732795329928005,0.35762518202016014,0.3405103661953486,0.4726714491687899,0.5063593311152403,0.47719208813367026,0.5387335430824906,0.47274517271186944,0.2914392883732876
0.42660183064705476,0.5496167454906539,0.2896337303671727,0.4861346007542267,0.7721526764031018,0.5906692068049968,0.6476583971874489,0.6818201726661425,0.6393375212927308,0.47348896772380067,0.6693747982213554,0.6920828109307213,0.6084810206100058,0.6859331598412707,0.5775534912332817,0.5971402109755364,0.7134951866095448,0.6336458698728881,0.5770479378039977,0.6275977561920513,0.5959615934338036,0.6173030799397403,0.6085445689361013,0.5528461776120094,0.949993673737022,0.9616195098287426,0.884306164057136,0.9126148489854154,0.0,0.8404569051230742,0.987861644952128,1.0,0.7026436834668629,0.5984250500112842,0.849769525689483,0.6499114656342034,0.46501918252939584,0.7464086796037237,0.6644791264093001,0.5200026310905332,0.5165204987028916,0.6731421442380604,0.5683390705218443,0.36937522944205775,0.6633924331025117,0.5366243510948446,0.6206905816442423,0.6122510101586052,0.5885963797132103,0.47410024421711405,0.45131298841007134,0.6307016985026257,0.6330786301202853,0.6420370496932534,0.685061770736666,0.6060035328695043,0.39079453515068213
0.4124813626451158,0.5207747601578256,0.3463729885214662,0.5817111565560799,0.6860489133230282,0.6041998833517701,0.6691575600483901,0.6084079996199729,0.5928124105322733,0.4974089320845538,0.6476844822043811,0.6384585139174495,0.60130214028035,0.6950889640192144,0.549933357376366,0.5415235967291798,0.7054405460673119,0.6691046339610222,0.5199994176219579,0.5790478978410577,0.5948221311765328,0.5574720179092302,0.5727313589698808,0.49367355993698014,0.8428771717210942,0.8826752363824101,0.8674663728449556,0.8446116980440678,0.8404569051230742,0.0,0.8013539380142315,0.8491256677469438,0.6803817419021427,0.6422498693855884,0.7983915700203277,0.736099558975062,0.4223444347424673,0.6966188424514403,0.6819298481789807,0.4741803231827889,0.4746047353588748,0.6301120020466734,0.58486929866346,0.3630236237120145,0.5987593047365061,0.5168014672811663,0.6068032348275352,0.6045611955545354,0.6211197997318317,0.43491323712738766,0.3984786676668166,0.570933470643672,0.6743397220145103,0.6192266429043418,0.6658938944955911,0.6036380251334297,0.36768310047986313
0.5054693055097073,0.5169026968169033,0.2620982113416098,0.43827749913873,0.7336682581451304,0.7244999565717447,0.789752717395504,0.7664884613914532,0.7595378370576014,0.567807563090257,0.7834087828471311,0.7333194761037831,0.64603450088313,0.7204916777772293,0.6602130712324981,0.713391819281545,0.7475264975933295,0.7393026817603565,0.6811395541324835,0.7469183042573908,0.6995805096147006,0.7480970610385237,0.7204216360265601,0.675197991136558,0.9710423224723792,0.9821531075968188,0.9298364330029634,0.7772610752241486,0.987861644952128,0.8013539380142315,0.0,0.8859873160500231,0.8487149842928369,0.70488430704927,0.898325767665354,0.728568761739806,0.5360461269832584,0.8260976874713565,0.7815464300876301,0.6319700897544951,0.6428922673632453,0.7913944521115218,0.6617268307492444,0.46735380549425326,0.8120643656288283,0.6422164010384784,0.734715271354011,0.7000293663559343,0.6853219154961675,0.5725378988003336,0.5857945838505164,0.752852523728755,0.7555330941296374,0.7488923904869911,0.7789029030209043,0.7368262358952546,0.495541520094029
0.470505766797336,0.5839606952440931,0.2902385676208394,0.4767403489427196,0.8497543636822155,0.6654294754078178,0.7201917747230695,0.7426506391908607,0.6912709421366587,0.5702114632763706,0.7513793345737886,0.7599177513211287,0.663980940249991,0.7346737663476889,0.6686333260607488,0.6795053836859687,0.8232253258802877,0.7255862679222898,0.6330216266500757,0.7376191281477162,0.6857686624004766,0.6749598937368579,0.6396087143181285,0.6256842307416447,0.9729406832701253,0.9984066571432969,0.988449999394221,0.8565059983263347,1.0,0.8491256677469438,0.8859873160500231,0.0,0.8094676069091312,0.6707770546573162,0.8911258215879965,0.7279002575837941,0.5401658378010241,0.8664174165752748,0.7408357114671982,0.5998164752918983,0.5858629278306402,0.7387239505024557,0.6643701562739703,0.416765371234463,0.7330847898265374,0.599803651595219,0.7013617903558984,0.6821313977761473,0.6798216853026164,0.5652334157300593,0.5094596296821999,0.7150884492413557,0.7099366863776163,0.7327160983078863,0.7813201350374811,0.728103930050794,0.46865508876172507
0.7232803169095438,0.4213021214024764,0.22755622462393246,0.360715062204519,0.6330066273485714,0.9303628364570102,0.9634219347834553,0.9513037700769532,0.9028757689488802,0.7887444743266839,0.9125375598452559,0.8162655727410043,0.7480701366577988,0.7711873979534041,0.7926977919177135,0.8821165672440101,0.8042001303402377,0.8342238348118582,0.846790078852061,0.908828489558757,0.8955886503966829,0.9093996891896237,0.8649638560633598,0.8959011501167345,0.8293137167153615,0.9286590154948272,0.8517834497944815,0.5731081488608957,0.7026436834668629,0.6803817419021427,0.8487149842928369,0.8094676069091312,0.0,0.8667760074826377,0.9096096353897577,0.8867106810559162,0.7524383647204755,0.9917728409666919,0.9343518049095504,0.8975793429701389,0.8474390643709038,0.9223639484796113,0.8342149377855499,0.6269436594709061,0.8897738760848463,0.8117259789128336,0.8580229471750683,0.9284997530685138,0.886751316627325,0.7839400486977441,0.773222576275131,0.9521336484216117,0.8859530683545959,0.8824581062428523,0.8674183119265562,0.944985450987014,0.6623982235708026
0.7888332609548608,0.36050851947043683,0.2091259811116761,0.31827338195795657,0.48727472124742593,0.9320416291004237,0.9713513810968607,0.9297622957018518,0.8711751209536758,0.8552989864356308,0.9992484325421394,0.9205266010929443,0.7816984125753056,0.7724139847878595,0.8741413024305679,0.9423575671371717,0.8667986202960661,0.9061733286772748,0.8986031620423446,0.9726714268249576,0.9346509322221059,0.9417352849073436,0.9925625409393489,0.8457913341377036,0.812824890161036,0.7506999668676395,0.8475043082395409,0.4834324908355761,0.5984250500112842,0.6422498693855884,0.70488430704927,0.6707770546573162,0.8667760074826377,0.0,0.8971556805506464,0.9999841490931645,0.870376924351582,0.9724144580958887,0.9421031303184899,0.8944059799411961,0.8103504570707788,0.8644814106905374,0.8826453774079079,0.6585521826118337,0.8473685666065512,0.8843034036577186,0.8775691981812083,0.8902676946565538,0.8796188392196018,0.7593343285935847,0.7317525481502958,0.9380592261825096,0.980365342857713,0.8811997127927326,0.909230040222607,0.9171096377095755,0.681113885262316
0.6199739917974635,0.4454469666499262,0.23966819044072527,0.37987212027436035,0.6409749274137541,0.8675716025276601,0.8785741912873503,0.8563007545315702,0.8431415789499128,0.7148282677623884,0.8961875965974393,0.8469261211589363,0.7178587718140464,0.7876081040494164,0.7511577611982412,0.8727206719984041,0.8460670962632919,0.8381214927705891,0.841773866537903,0.8575334737525129,0.8659306061194504,0.8471425688485729,0.8380210231182559,0.7649756784740385,0.9160063987566632,0.9940927817888142,0.9313379170744993,0.6398574640498372,0.849769525689483,0.7983915700203277,0.898325767665354,0.8911258215879965,0.9096096353897577,0.8971556805506464,0.0,0.9149384374044804,0.6673149056934659,0.9097900483399731,0.9174711911410767,0.7738476040595995,0.7617404110877222,0.920573961658427,0.8195429521821866,0.5725700816443384,0.8666501312112106,0.7778610936214783,0.850305163675098,0.8049991930952168,0.8551086950225032,0.7086940423119134,0.6614854573820896,0.8721547727492811,0.8505761682709482,0.8525138602823622,0.8931350558177673,0.8579894241124505,0.5925049392589298
0.7586302133299005,0.3758228253154162,0.2404292878290962,0.38131652284141393,0.4770195904928557,0.9341377546885836,1.0,0.9318037381884743,0.9432578521780929,0.82752014167594,0.909989922003703,0.8212145487145467,0.7898875406487922,0.8444365393483533,0.8875615203367309,0.8460870686585666,0.8272677148185779,0.891654402462702,0.8801677917601849,0.9159074824899197,0.9621662777499,0.9395610084396832,0.9033016910124947,0.8008015019913846,0.8580282755866404,0.7982650972603181,0.8619066894723378,0.5000402699659449,0.6499114656342034,0.736099558975062,0.728568761739806,0.7279002575837941,0.8867106810559162,0.9999841490931645,0.9149384374044804,0.0,0.7666472990409817,1.0,0.9548158083629372,0.8768883709915589,0.7983764605849217,0.9424837483104055,0.9555672530274355,0.6679997604642028,0.9289242491535177,0.8168074656532118,0.861894806036787,0.8917215232900372,0.9782898267488888,0.7662393329837927,0.7570899555484335,0.8784855584854981,0.924190100011539,0.9568382825394719,0.9320715539229588,0.952016343476414,0.6854199688005117
