Cingulate area 2,Glomerular layer of the accessory olfactory bulb,Glomerular layer of the olfactory bulb,"Olfactory bulb, unspecified",Frontal association cortex,Cornu ammonis 3,Dentate gyrus,Cornu ammonis 2,Cornu ammonis 1,Fasciola cinereum,Subiculum,Postrhinal cortex,Presubiculum,Parasubiculum,Perirhinal area 35,Perirhinal area 36,Medial entorhinal cortex,Lateral entorhinal cortex,Primary auditory area,"Secondary auditory area, dorsal part","Secondary auditory area, ventral part","Piriform cortex, layer 1","Piriform cortex, layer 2","Piriform cortex, layer 3",Ventrolateral orbital area,Lateral orbital area,Ventral orbital area,Medial orbital area,Dorsolateral orbital area,Prelimbic area,Secondary motor area,Frontal association area 3,Primary motor area,"Agranular insular cortex, ventral area",Agranular insular cortex dorsal area,Cingulate area 1,Infralimbic area,Dysgranular insular cortex,Granular insular cortex,"Primary somatosensory area, forelimb representation","Primary somatosensory area, dysgranular zone","Primary somatosensory area, face representation",Secondary somatosensory area,"Primary somatosensory area, hindlimb representation","Agranular insular cortex, posterior area","Primary somatosensory area, barrel field",Retrosplenial dysgranular area,"Primary somatosensory area, trunk representation",Retrosplenial granular area,"Parietal association cortex, lateral area","Parietal association cortex, medial area","Parietal association cortex, posterior area",Primary visual area,"Secondary visual area, lateral part",Temporal association cortex,"Secondary visual area, medial part",Nucleus of the lateral olfactory tract
0.0,0.49244278223690485,0.3379085652157279,0.513447065575199,0.7382566871869126,0.7964474896193879,0.8005180238347671,0.7475096146460571,0.8312020443213503,0.7736548077115397,0.7582210049102311,0.5544557191736887,0.704053088690399,0.6183529140593211,0.6796491159030723,0.5647010276725125,0.5854167143197456,0.7286908959331315,0.604238437454729,0.5176731020793766,0.5873246490276336,0.7510790184601472,0.8602693394050547,0.7417488271113456,0.7496323164389548,0.94447955704262,0.8440387285691342,0.7892771982134523,0.8255830887458676,0.829302873568072,0.7435524647698185,0.7683679282312516,0.817934530926377,0.8602531435389835,0.8536533475899004,0.8751861968740331,0.7875329825044883,0.6798107801625772,0.6666239837402308,0.8190321509159523,0.8466218210973147,0.8831732765213188,0.6093975270821357,0.624888590476322,0.42376217486749057,0.7632591550872956,0.8828442728325668,0.8052126551694493,0.8809771512203337,0.8243223988976178,0.7795527079046417,0.5801678948906878,0.7068674427999341,0.7872901222579396,0.6313937923267071,0.8156886259193666,0.6073378143925041
0.49244278223690485,0.0,0.8586695215141821,0.9384885498215797,0.9360731907058206,0.6324792838207548,0.5864978789514816,0.6532463238521411,0.5822591630489738,0.5460839427649271,0.5908218926690934,0.4407349013769657,0.5236969675235023,0.5805518825283985,0.6743330215186468,0.6925899324353625,0.6592873886245305,0.8299509293227432,0.9581512532989008,0.8905830760102463,0.841064655423253,0.6046724161879353,0.6251179250192216,0.6200560502986413,0.3340192882270354,0.5092549127081827,0.42385796473539633,0.43815117206946264,0.49215619062685356,0.5233090320867162,0.48256435720241597,0.3819863641817186,0.46069329656015867,0.5232714404780527,0.4973786409603829,0.5107620989023742,0.3611042057265679,0.7302845275355625,0.687314664534356,0.3776793586182679,0.39959781854188103,0.4742763574079119,0.9024847075238978,0.2774758241216489,0.7409125713966599,0.4294410509596078,0.6180977393867079,0.5375798648732661,0.6428653834854936,0.4771363501292205,0.6084587856771255,0.4432296856066219,0.5461111901177194,0.5717651050455477,0.48741595884580424,0.6282572455358053,0.2755404283163862
0.3379085652157279,0.8586695215141821,0.0,0.8516117822783518,0.6317529652509417,0.4759246412881065,0.42616313152696506,0.4771747269846401,0.43098911157988884,0.4023908998167602,0.4215968106762072,0.35270375183647285,0.38608781041915974,0.4709847585167505,0.4374396034690242,0.45749354812410115,0.5504134142839999,0.5494710036807118,0.6312027569847368,0.7105373485663627,0.5882802353268126,0.3942812530408724,0.3980274575490383,0.38837998340302693,0.22430327363447827,0.3276829203829589,0.2782719253591556,0.29374656168749635,0.3207911203389406,0.3484858664395492,0.3151394452440817,0.2392358556740147,0.2925919302454666,0.38158524766355956,0.37019178040587697,0.32776604509198964,0.26851848373084436,0.4542288148478665,0.47703238076215065,0.24470559541838138,0.26702207615876883,0.33929923593761435,0.7065779923693672,0.17929018701555927,0.44835221094531286,0.3334287279498969,0.4345162640344678,0.43392345979784464,0.4413670565149017,0.3521448369732867,0.44120774597526635,0.39967530954779307,0.4652635229646292,0.4158709842325697,0.33654525572366273,0.44958096456845176,0.18536684314437055
0.513447065575199,0.9384885498215797,0.8516117822783518,0.0,0.8899133713588155,0.672452471026096,0.5981921975623751,0.6814062794238588,0.6051108374339776,0.5455377822439518,0.5792440294444802,0.44618235161733344,0.5390606832488598,0.6215707376537963,0.5776215703102705,0.5750738915751255,0.6648294553194619,0.7572268530826528,0.7827446182035521,0.8657712953295122,0.7510366307741565,0.5809884980966571,0.5846198673555707,0.5424160926388478,0.3313679703968345,0.5049493988067583,0.4193523631172581,0.4388088620730442,0.4683254435926141,0.5169244923120878,0.45570508261084963,0.35344018303039165,0.4240004999582723,0.5584444603133715,0.5288482252604844,0.48394096751910637,0.4040890055208709,0.6826726483211392,0.6841496561505654,0.356066256402496,0.4017680157466039,0.4984316627955767,0.8332028643595916,0.26101311217263895,0.5848743125936404,0.4901628480808429,0.6435659517417214,0.5959813220024607,0.6313367835834479,0.5220066954796684,0.6463332821667018,0.5182989294028303,0.6119028506327882,0.5693592381477465,0.44401489904264935,0.630181226339868,0.2713098593453452
0.7382566871869126,0.9360731907058206,0.6317529652509417,0.8899133713588155,0.0,0.7848169284695852,0.7327675699421182,0.790184507807497,0.72005168815909,0.7296901891232156,0.7182194605946102,0.48951224406580385,0.6340683613701679,0.6405731653072044,0.7314515264955591,0.6868442097081748,0.7087964184952853,0.865831120638781,0.9329619266410193,0.8877743431304002,0.8635584793390267,0.7299597066572537,0.7752510219614983,0.769259893917212,0.5009869577513445,0.7585799865435476,0.6354441847818452,0.5942907183950797,0.6744648572137314,0.716750732714647,0.6614385762764747,0.5131624281895705,0.58580728310132,0.7633631860859833,0.7551168062410326,0.6978721114539842,0.5562258819010362,0.8199446292520641,0.8456409147314853,0.5217352709300798,0.5669868348267901,0.6645760104895013,0.9594788568167022,0.3975642604190167,0.6713762297405089,0.6336022718756317,0.9097550103986243,0.7375045236716907,0.8110433022146233,0.7125395139719632,0.8447873942767619,0.5553017125297288,0.6639779538314832,0.7039726139832062,0.541526521770004,0.9345893107170542,0.4114850874833419
0.7964474896193879,0.6324792838207548,0.4759246412881065,0.672452471026096,0.7848169284695852,0.0,0.9995205873856956,0.965058980225334,0.9845503594895332,0.8366251916847881,0.8656272521573489,0.7386059338607466,0.9156318905483143,0.8272495163960845,0.8465419053846259,0.8472486403856436,0.765239107080489,0.8045630871405359,0.78092016162314,0.7670713444213569,0.7732065113650558,0.7645566160278897,0.8330022442760228,0.7897211481960498,0.654840262704545,0.7446237934247086,0.7372088898560624,0.8642626117685419,0.8012721867590181,0.8100928005722673,0.7143632033129081,0.6915708953443837,0.7538143036845287,0.798357059341928,0.6870361454856638,0.6797136207091303,0.6983313991337303,0.7790228659165103,0.7797872610959267,0.6621971358166512,0.7431093092135196,0.8346188153284531,0.8470765804994422,0.49748392264784624,0.5439746319217332,0.8369994064157893,0.9487717204661876,0.817962279978671,0.9669737990632031,0.8412849077579809,0.818754379099607,0.7106517333284755,0.8267124281503068,0.9596503791071391,0.7831874996584488,0.7700072197502061,0.5487248712042095
0.8005180238347671,0.5864978789514816,0.42616313152696506,0.5981921975623751,0.7327675699421182,0.9995205873856956,0.0,0.949734407928898,0.9921463310394222,0.9898553760116312,0.9053644106799569,0.7407962954910963,0.985079927153122,0.8426292043357095,0.8457636481611,0.7766836523864252,0.7322754928484272,0.8195990040292764,0.736804810047802,0.7078015582041227,0.7196395281536319,0.775389254656431,0.8655696407045437,0.760413398806982,0.7674209040404224,0.7950478879243706,0.8225267684694898,0.935832693974126,0.9161281292667702,0.8734073185729506,0.7574970356198271,0.7828053898038915,0.8143121529477163,0.730422478590076,0.6871912132420173,0.7605921326286555,0.7289019655836567,0.7719643603118475,0.7117505714799301,0.7130415635847422,0.7834809493191601,0.9281581892471734,0.81960018203243,0.5409726280039671,0.4966231976439647,0.9104377098377272,0.9791648930707006,0.8509978168473047,0.9542412717584878,0.8941533656876861,0.8310281972441254,0.6956218714436888,0.9301676989353398,0.9939305648592638,0.8296519945877939,0.8233700249875812,0.6056659879069302
0.7475096146460571,0.6532463238521411,0.4771747269846401,0.6814062794238588,0.790184507807497,0.965058980225334,0.949734407928898,0.0,0.8945945769280184,0.7859640745163712,0.9232390371334133,0.744139331792606,0.8346050882700524,0.7787965019069779,0.8782818253841531,0.8397380316843234,0.7309019356499915,0.8174986445118448,0.8029988423775379,0.7397013243626874,0.7643807591711946,0.8033291179409567,0.8192182867672079,0.8293980936030654,0.6342386507299419,0.753933102458094,0.7176022123761356,0.8416656505689196,0.7656217341942094,0.7971634399585789,0.6688631332727087,0.6937740001312996,0.6760121228888445,0.722574358878348,0.670435628821191,0.6730718982101733,0.6398309436988464,0.8667767302188256,0.8220250554729073,0.6701358265268275,0.7822706989615614,0.8013448903360171,0.8818208801483701,0.47831894115171864,0.585838739838668,0.7496703765113634,0.9380913305326259,0.7743458985368035,0.8548722349118995,0.792250153822471,0.766665564424423,0.6510954449915872,0.7495460438424061,0.8517283054306076,0.7745890315707055,0.7780340843335143,0.5278878070049667
0.8312020443213503,0.5822591630489738,0.43098911157988884,0.6051108374339776,0.72005168815909,0.9845503594895332,0.9921463310394222,0.8945945769280184,0.0,0.9354702034240076,0.8939705654340361,0.7421819209444878,0.8577216303586745,0.801806224581281,0.8351524184278307,0.7722152658943365,0.7236041188884208,0.7566535499316697,0.7403780031416964,0.7616823654751077,0.7007565248442665,0.7698982437767355,0.8488172369170891,0.7795035248565197,0.703440871059342,0.8183014382481062,0.8038681527321967,0.8650816150570498,0.7830496527776557,0.7961392475910392,0.7360032159340877,0.7008345889613268,0.8240916161312242,0.7843632329464714,0.7207820363815951,0.7088458768808977,0.752509114515802,0.8027971383189598,0.7122731875214114,0.6874374174777356,0.7925184398052743,0.8905155306469937,0.8250199703994173,0.5272632489044139,0.47803840098722283,0.9191759664776776,0.9586218055206035,0.8652070047265237,0.9651775491826383,0.8825817059721688,0.8334821087531473,0.7394766876727363,0.9401933461967896,0.9853086118386737,0.8389115647169756,0.8206141787856577,0.6246215906100758
0.7736548077115397,0.5460839427649271,0.4023908998167602,0.5455377822439518,0.7296901891232156,0.8366251916847881,0.9898553760116312,0.7859640745163712,0.9354702034240076,0.0,0.8755886566396541,0.715545584473083,0.8288501179931663,0.8011393656078906,0.7003879333158919,0.649932911555608,0.7829814581073238,0.8718733760679614,0.6631032709517337,0.6305023527900269,0.6111849088930733,0.7104885283090004,0.7381692846517154,0.6933073007305003,0.7443299654505957,0.7480816239189125,0.7616472657651652,0.8497752172221391,0.8149158623200923,0.7629124044840894,0.7389190416534714,0.7793818089664567,0.8418224130453995,0.606303933014791,0.6519851834077739,0.7481398079224657,0.6465199603939852,0.6617872143321013,0.6236232892206565,0.6429678295069524,0.7371988464698515,0.7451938303610008,0.6942106947928427,0.5091702245171783,0.43135731703767527,0.7365792966923395,0.95013946137167,0.7738355362343599,0.8953194554861796,0.8310365606637526,0.8253288112173848,0.56888138237354,0.7486559402650123,0.8406046172532496,0.693423253190357,0.9204108604594352,0.6131526931895852
0.7582210049102311,0.5908218926690934,0.4215968106762072,0.5792440294444802,0.7182194605946102,0.8656272521573489,0.9053644106799569,0.9232390371334133,0.8939705654340361,0.8755886566396541,0.0,0.77608755911801,0.8629942178656637,0.8383673997157549,0.8549343280750226,0.7409144454273932,0.7972667724778757,0.8381097797956157,0.7364288191122087,0.6695504889267315,0.7082579191487707,0.7232414646441028,0.7854733805086511,0.7461245938425578,0.6857260437509182,0.7236034494437775,0.7614664255313579,0.8783762002098447,0.8101563252607857,0.8241256062611726,0.6870969674151062,0.7388843983641623,0.7876352419456529,0.655754212196419,0.6283165493748046,0.7232833329127573,0.6158124168641237,0.7372662095162388,0.7313951613591779,0.6376744327545717,0.7277713244873301,0.7776470556243391,0.7654545985370853,0.4947273031904264,0.4749114056269593,0.7706458582066312,0.8908279630220339,0.7327101787852743,0.8706314906373808,0.796928787949464,0.8095301915479165,0.6164725451384336,0.734395501091635,0.8623741260104328,0.7596435875970666,0.8307682260000104,0.569319077329843
0.5544557191736887,0.4407349013769657,0.35270375183647285,0.44618235161733344,0.48951224406580385,0.7386059338607466,0.7407962954910963,0.744139331792606,0.7421819209444878,0.715545584473083,0.77608755911801,0.0,0.7517031519618383,0.8606087342094403,0.6964268866867909,0.5872303544767001,0.7737756464197626,0.656688880709435,0.5241086258295682,0.5038674129691454,0.5081400971594561,0.49994356421676395,0.5481206930581142,0.5293687974674567,0.5353219855395387,0.5146216717415592,0.5259639244975801,0.7253109872661929,0.5580227731117356,0.5501763549174918,0.49436466625312003,0.5807313029292386,0.5839457775970189,0.4667466967036831,0.4311304891096584,0.47858699997066767,0.4926672298933302,0.5214238495189408,0.48638242210719296,0.48188809377249675,0.5488142769675949,0.590080581509178,0.5456141145135079,0.3553794464234897,0.35943379500300215,0.5972414691209089,0.6555141091119713,0.5661585427192981,0.6302298279610709,0.6179145818368381,0.5711370652796879,0.5268000730210223,0.6781059096302651,0.7434320852087979,0.6853287016276329,0.5730590424006088,0.4152777634750296
0.704053088690399,0.5236969675235023,0.38608781041915974,0.5390606832488598,0.6340683613701679,0.9156318905483143,0.985079927153122,0.8346050882700524,0.8577216303586745,0.8288501179931663,0.8629942178656637,0.7517031519618383,0.0,0.9079753346787285,0.7383960620130495,0.6586616964296995,0.7772244139610164,0.7609638693623386,0.6123409497139307,0.6052600963982825,0.6030150982412625,0.6506118155356349,0.6667831800986288,0.618644697037621,0.671827140121742,0.668999775183756,0.7279363545625765,0.8054450252938085,0.7288834280222253,0.6964783388280382,0.6084454073233696,0.6716057747746643,0.6966315195700673,0.6508980974852113,0.6060349032671368,0.592885752439299,0.6895364847803154,0.6421166485658278,0.6534510891883366,0.5873739390114413,0.7003691004446488,0.8313939547871808,0.7038572986989783,0.4479329780448727,0.4216860742951603,0.7878574893037047,0.8497257248519726,0.7554392115679504,0.8560853688165373,0.8283510694261598,0.7435276055427601,0.6732987512806263,0.8167292231524687,0.8992181301719745,0.7130500680303923,0.7125995289300174,0.5044708309068496
0.6183529140593211,0.5805518825283985,0.4709847585167505,0.6215707376537963,0.6405731653072044,0.8272495163960845,0.8426292043357095,0.7787965019069779,0.801806224581281,0.8011393656078906,0.8383673997157549,0.8606087342094403,0.9079753346787285,0.0,0.6693904293340129,0.6013149498443465,0.962384631145022,0.8398028345767712,0.6388521120979667,0.637117466796592,0.6016668459930476,0.5660877685355126,0.5739581190259819,0.5640060201803102,0.5365172304745937,0.5479349261723996,0.5975555149775048,0.7369694060370302,0.5905501145356745,0.6240741023143711,0.5185590869784931,0.5538046000616447,0.5433996488682489,0.5515201753162174,0.490478924657191,0.5204823292293307,0.5900449517360589,0.5808732166395288,0.624156869413558,0.4630323574018118,0.5722289892818778,0.6641790218830688,0.6932908886916935,0.3434790480157313,0.39686230525890803,0.7139191095398543,0.7274466321492287,0.6930854242199638,0.7309012767422035,0.7122084142498347,0.7818539796691174,0.6322907075508302,0.8580887848945125,0.8306515123794993,0.6051504563843828,0.695110533713032,0.4383839214412703
0.6796491159030723,0.6743330215186468,0.4374396034690242,0.5776215703102705,0.7314515264955591,0.8465419053846259,0.8457636481611,0.8782818253841531,0.8351524184278307,0.7003879333158919,0.8549343280750226,0.6964268866867909,0.7383960620130495,0.6693904293340129,0.0,1.0,0.6461754366317332,0.7609381087323559,0.8234093065277589,0.7469708122520285,0.8742157731736792,0.8295739117938806,0.933620681549144,0.8372273197512956,0.5912692161854971,0.7278115989982961,0.6705002798676017,0.7426467943016228,0.7014865860594482,0.7427703976756618,0.6912577437870998,0.6614710879711116,0.7595680694546942,0.6454396794880037,0.598639588671954,0.6486979723591804,0.5078989808978348,0.8195080303390795,0.7308210173717999,0.6598119875906873,0.6626933059423565,0.6628614385583395,0.8319415915609484,0.5044412360140546,0.6685366645821622,0.6142485529738069,0.8199176440282208,0.6133244825578849,0.8202433074352926,0.6497103911278905,0.6463327956230576,0.5305617813502894,0.6145909761121695,0.8190145019867069,0.9381532070655637,0.6876409949914718,0.514950286320806
0.5647010276725125,0.6925899324353625,0.45749354812410115,0.5750738915751255,0.6868442097081748,0.8472486403856436,0.7766836523864252,0.8397380316843234,0.7722152658943365,0.649932911555608,0.7409144454273932,0.5872303544767001,0.6586616964296995,0.6013149498443465,1.0,0.0,0.5844177263581266,0.6785842648549587,0.823985334084097,0.755041773171943,0.8467198729217353,0.7608631829958816,0.8257878846199239,0.7754021362226372,0.47818074097810487,0.6131950043328688,0.5420142696885658,0.6103826927862169,0.6333248765103902,0.6824802608186359,0.5994614725923427,0.5579815364647138,0.6197050629624303,0.5767192489790056,0.5557930734865293,0.5448828261391584,0.4429089883376474,0.7517886167449329,0.7266596730050584,0.5547747997286463,0.5415387068427993,0.6221102212939937,0.8354274782688944,0.41733929355146404,0.69139391211261,0.5426289410648135,0.7504112127386935,0.5711652650282328,0.7714082534052809,0.5812316415207183,0.5500529700022883,0.5042763892428904,0.6210910508768733,0.7361113385684442,0.8446801005786062,0.6050242315367078,0.42086292725649815
0.5854167143197456,0.6592873886245305,0.5504134142839999,0.6648294553194619,0.7087964184952853,0.765239107080489,0.7322754928484272,0.7309019356499915,0.7236041188884208,0.7829814581073238,0.7972667724778757,0.7737756464197626,0.7772244139610164,0.962384631145022,0.6461754366317332,0.5844177263581266,0.0,0.9242097287106885,0.651541399485051,0.6613930793346138,0.5781178909702059,0.5351592332405619,0.5316089984753535,0.5242994010317478,0.49240373028711426,0.530209080794416,0.5312353507650937,0.6444311722517022,0.5731205526070522,0.6308114554635049,0.5120192873196824,0.5378127879223185,0.557588371214775,0.46049069658181596,0.45473744151792456,0.5359878573777954,0.5046434407646745,0.5727334964226517,0.56516423255569,0.4213708910848977,0.5126912069557383,0.5668875241717944,0.7054277587836875,0.32026455842171825,0.41218300127703017,0.5759750470122449,0.7141276959227078,0.6313095189235107,0.6837701357884184,0.6728054573216414,0.78075591793633,0.5436168982801036,0.7251234779746856,0.7204304179420092,0.5359908229443209,0.7282619349406966,0.39527602323074235
0.7286908959331315,0.8299509293227432,0.5494710036807118,0.7572268530826528,0.865831120638781,0.8045630871405359,0.8195990040292764,0.8174986445118448,0.7566535499316697,0.8718733760679614,0.8381097797956157,0.656688880709435,0.7609638693623386,0.8398028345767712,0.7609381087323559,0.6785842648549587,0.9242097287106885,0.0,0.9014276404965229,0.7099654515564765,0.749476242100153,0.7025361963558497,0.6984473525413447,0.7380168157617547,0.584272647510567,0.7002709060170417,0.652115268825809,0.7340178887423582,0.6739097225944343,0.7550007562895181,0.6478593410652839,0.6241017963525499,0.6649899733433906,0.5938433916579993,0.5821288711739283,0.688266293464573,0.5194298005891821,0.7372100529822573,0.7329284792589705,0.5178159184920188,0.5785964455478733,0.630865923265165,0.8244175942413875,0.3980759138035928,0.5461347855770599,0.5862563394348349,0.8348281918816418,0.6580426863452182,0.7859485068272066,0.7384189785654123,0.8645243887228559,0.5109749940037799,0.65318542850714,0.7314318373192518,0.5644753325977934,0.8960736497228857,0.4617518451751289
0.604238437454729,0.9581512532989008,0.6312027569847368,0.7827446182035521,0.9329619266410193,0.78092016162314,0.736804810047802,0.8029988423775379,0.7403780031416964,0.6631032709517337,0.7364288191122087,0.5241086258295682,0.6123409497139307,0.6388521120979667,0.8234093065277589,0.823985334084097,0.651541399485051,0.9014276404965229,0.0,0.8814703706876847,0.8769301314276691,0.7802764532988182,0.8291664192810024,0.762013733087237,0.4516460229566017,0.663006557939007,0.5453931166095127,0.5643028974942843,0.6231200623137927,0.683494450115759,0.614213879595292,0.4949201258962495,0.5950635686446919,0.6520552938618928,0.6066596021523672,0.6247712312756104,0.45309703077764685,0.8464243630453706,0.8235245082056247,0.5035795266558692,0.523656664462116,0.5865253897791824,0.8989281373024145,0.3804687120465933,0.7626063716440677,0.5429125963691495,0.773958389001763,0.6569501225547643,0.7336255061115373,0.5976157140485019,0.6898226811010525,0.5159083065431903,0.592364805889135,0.6575860051675028,0.6331741386560088,0.7384076717083189,0.3885777268111096
0.5176731020793766,0.8905830760102463,0.7105373485663627,0.8657712953295122,0.8877743431304002,0.7670713444213569,0.7078015582041227,0.7397013243626874,0.7616823654751077,0.6305023527900269,0.6695504889267315,0.5038674129691454,0.6052600963982825,0.637117466796592,0.7469708122520285,0.755041773171943,0.6613930793346138,0.7099654515564765,0.8814703706876847,0.0,0.8282297860677845,0.629157881750935,0.6638012811088543,0.6297487131103692,0.3736316845459435,0.5328237968880637,0.4497046710957791,0.48689625228268224,0.5393920993552418,0.575586981112011,0.51497710040272,0.40769678527834435,0.5073768700055049,0.5837637177349393,0.5446932221483131,0.49487879920921385,0.4370519319293964,0.6956001906585951,0.6745047583656352,0.4156667405823459,0.4449755911064399,0.5673479925360988,0.9716469816515668,0.30657905359104615,0.6077066291340605,0.5411221883359,0.7065620895903728,0.6574830015622101,0.7403468705138926,0.608310375356359,0.668928882990157,0.5766415670835187,0.664220346218843,0.6685613625136624,0.6011798034008056,0.6719261949245501,0.33325201522067827
0.5873246490276336,0.841064655423253,0.5882802353268126,0.7510366307741565,0.8635584793390267,0.7732065113650558,0.7196395281536319,0.7643807591711946,0.7007565248442665,0.6111849088930733,0.7082579191487707,0.5081400971594561,0.6030150982412625,0.6016668459930476,0.8742157731736792,0.8467198729217353,0.5781178909702059,0.749476242100153,0.8769301314276691,0.8282297860677845,0.0,0.7875550837688455,0.8904659727640494,0.781062213074057,0.443516627293967,0.668538742184717,0.5314068383672313,0.5545713873174078,0.6160456797694874,0.6376654924371379,0.6100830238018489,0.47398879858153653,0.5884690631144726,0.6747655885456141,0.6253633192205091,0.589282357971077,0.4244849305087129,0.8134617305909445,0.7877313033172274,0.5152418671987268,0.5287710927918627,0.5926053020794029,0.8324058593420718,0.38399982583800507,0.7656214448528841,0.525200853526333,0.7643522229485915,0.6261112742836664,0.7710813010809355,0.5781709206921587,0.6278914870411251,0.5285127352701673,0.6068510229898642,0.6567199266648719,0.6713193877550409,0.6752811765968921,0.38130688476130187
0.7510790184601472,0.6046724161879353,0.3942812530408724,0.5809884980966571,0.7299597066572537,0.7645566160278897,0.775389254656431,0.8033291179409567,0.7698982437767355,0.7104885283090004,0.7232414646441028,0.49994356421676395,0.6506118155356349,0.5660877685355126,0.8295739117938806,0.7608631829958816,0.5351592332405619,0.7025361963558497,0.7802764532988182,0.629157881750935,0.7875550837688455,0.0,0.9502511288579845,0.9310063168658618,0.6496857063351371,0.8514096207029337,0.7579508979308505,0.7315020435357062,0.8248944253315295,0.8486498943187304,0.8226015036973268,0.6402156593563401,0.764170352885161,0.8718180724608445,0.8203387782948065,0.7572273036807033,0.5571887387240676,0.9147086497777593,0.8277336535566233,0.711997473810569,0.7238132725507799,0.7503336038222269,0.7708601164355008,0.5871190062748919,0.6907162628975169,0.6543337779277856,0.8674425198733132,0.71032198174987,0.8326467708830665,0.6927231664388523,0.6627370096081422,0.5661420144697672,0.5989382843545549,0.7237755394270919,0.6896850997952104,0.7839119897063784,0.5744885551574017
0.8602693394050547,0.6251179250192216,0.3980274575490383,0.5846198673555707,0.7752510219614983,0.8330022442760228,0.8655696407045437,0.8192182867672079,0.8488172369170891,0.7381692846517154,0.7854733805086511,0.5481206930581142,0.6667831800986288,0.5739581190259819,0.933620681549144,0.8257878846199239,0.5316089984753535,0.6984473525413447,0.8291664192810024,0.6638012811088543,0.8904659727640494,0.9502511288579845,0.0,1.0,0.7301561769783876,0.9180698182330738,0.7722927337322582,0.7589711661665255,0.8966340073947092,0.865821186761344,0.8915493566115519,0.749603125997264,0.8741293288321181,0.88624432054566,0.8504034574714209,0.8575933175279413,0.6151951574142884,1.0,0.8721624018067049,0.8123016427715973,0.7829805774499614,0.8075437475643095,0.7744864296502115,0.6822034600273518,0.747406065411395,0.6894771734405184,0.9691352630510595,0.70578769620029,0.8519167942326177,0.7359946130708099,0.6590221129123863,0.5718381011000824,0.6109164606152615,0.7844810249017368,0.8226080101405845,0.7545542437097076,0.65149751844178
0.7417488271113456,0.6200560502986413,0.38837998340302693,0.5424160926388478,0.769259893917212,0.7897211481960498,0.760413398806982,0.8293980936030654,0.7795035248565197,0.6933073007305003,0.7461245938425578,0.5293687974674567,0.618644697037621,0.5640060201803102,0.8372273197512956,0.7754021362226372,0.5242994010317478,0.7380168157617547,0.762013733087237,0.6297487131103692,0.781062213074057,0.9310063168658618,1.0,0.0,0.6702143034631931,0.8066525688789911,0.6997755959850267,0.7626325288195204,0.8156565497102746,0.9000791008260203,0.8495418983717518,0.7128918408199997,0.8501337768194117,0.7767922224666272,0.7267488194274835,0.7644681521737859,0.5041612710705584,0.885108130750969,0.8282021660688598,0.7379478216342226,0.6718967636561355,0.6927360675974134,0.7172272954295087,0.639495450405652,0.6612866893438099,0.6078634181471808,0.8478710370699135,0.6457685312671919,0.7992639583790988,0.6689002601398346,0.6478749038617899,0.5113064979257053,0.5586817553253497,0.7388678354892543,0.7103768278612085,0.79060490904327,0.6050520859135574
0.7496323164389548,0.3340192882270354,0.22430327363447827,0.3313679703968345,0.5009869577513445,0.654840262704545,0.7674209040404224,0.6342386507299419,0.703440871059342,0.7443299654505957,0.6857260437509182,0.5353219855395387,0.671827140121742,0.5365172304745937,0.5912692161854971,0.47818074097810487,0.49240373028711426,0.584272647510567,0.4516460229566017,0.3736316845459435,0.443516627293967,0.6496857063351371,0.7301561769783876,0.6702143034631931,0.0,0.9747084548741901,0.9212350838249939,0.8801503491476116,0.9434468041946263,0.9337406916213087,0.8708175695206825,0.9234284201090075,0.947560993349833,0.646701580656691,0.641964303270398,0.84690137073943,0.6299145389199099,0.5640914976293535,0.5245808502906368,0.8582748491026984,0.7736928286410206,0.7305050977271152,0.4599262492636888,0.8314520800556132,0.34013700217341575,0.6923685203773541,0.8308426616698176,0.6205993321062142,0.7227388335034642,0.788429111108762,0.7282790454026657,0.4556969376645168,0.5263670167887413,0.6790081610384565,0.6238253969479295,0.7495588177014706,0.8615491749971887
0.94447955704262,0.5092549127081827,0.3276829203829589,0.5049493988067583,0.7585799865435476,0.7446237934247086,0.7950478879243706,0.753933102458094,0.8183014382481062,0.7480816239189125,0.7236034494437775,0.5146216717415592,0.668999775183756,0.5479349261723996,0.7278115989982961,0.6131950043328688,0.530209080794416,0.7002709060170417,0.663006557939007,0.5328237968880637,0.668538742184717,0.8514096207029337,0.9180698182330738,0.8066525688789911,0.9747084548741901,0.0,0.9625758697599736,0.8142117568605814,0.9970006439223997,0.9689738590841647,0.9045653177515156,0.8411030407238423,0.9336292778396844,0.8977032380771447,0.8514680405951808,0.9528053507890253,0.6799909876603197,0.776907233457406,0.6885953060615352,0.8700977605921263,0.848663766375654,0.8125966137358649,0.6443707140000804,0.8160520592906331,0.5370361785619987,0.7434224029329345,0.9658614969942649,0.7452554794098156,0.8674195043134321,0.839502507046584,0.75585888635233,0.5437557798202678,0.5980307645382107,0.7060035858319309,0.6756627760165453,0.8500688689519831,0.7993033634161488
0.8440387285691342,0.42385796473539633,0.2782719253591556,0.4193523631172581,0.6354441847818452,0.7372088898560624,0.8225267684694898,0.7176022123761356,0.8038681527321967,0.7616472657651652,0.7614664255313579,0.5259639244975801,0.7279363545625765,0.5975555149775048,0.6705002798676017,0.5420142696885658,0.5312353507650937,0.652115268825809,0.5453931166095127,0.4497046710957791,0.5314068383672313,0.7579508979308505,0.7722927337322582,0.6997755959850267,0.9212350838249939,0.9625758697599736,0.0,0.8600564613562394,0.9573450745758906,0.8539041786223927,0.7947886340841767,0.8640528522819735,0.8943150285682552,0.7560976744808225,0.7951954711357844,0.819750925762773,0.754263892694206,0.690902996929033,0.6263442548555478,0.8368615962329671,0.9249902053610785,0.8038290934758294,0.5579319027758093,0.7143462505775583,0.40692322533860226,0.7698830802701474,0.8834616825181507,0.7155418291140346,0.8000664550492568,0.8175382304327067,0.7389758531984157,0.5569498189468199,0.6170591859732447,0.7504012903715943,0.6473641270153573,0.7765248760249895,0.7775574991469015
0.7892771982134523,0.43815117206946264,0.29374656168749635,0.4388088620730442,0.5942907183950797,0.8642626117685419,0.935832693974126,0.8416656505689196,0.8650816150570498,0.8497752172221391,0.8783762002098447,0.7253109872661929,0.8054450252938085,0.7369694060370302,0.7426467943016228,0.6103826927862169,0.6444311722517022,0.7340178887423582,0.5643028974942843,0.48689625228268224,0.5545713873174078,0.7315020435357062,0.7589711661665255,0.7626325288195204,0.8801503491476116,0.8142117568605814,0.8600564613562394,0.0,0.8573740067727774,0.8740318520667799,0.801438972480601,0.9051649739545836,0.9058102051693123,0.6966163357554553,0.615265943538172,0.7903424081632576,0.6658075339940894,0.6778734071886874,0.6307437973519088,0.8064653395361856,0.8468818765697987,0.8064692488632484,0.5924956961675178,0.6555017908071747,0.40406982479645703,0.7409316309055565,0.836818480213282,0.6919567024332718,0.8445279385541979,0.7932971034775036,0.7427903077446945,0.5718822517247063,0.6547650346529957,0.851223553312981,0.797748259406891,0.7480592632462179,0.7793421359710488
0.8255830887458676,0.49215619062685356,0.3207911203389406,0.4683254435926141,0.6744648572137314,0.8012721867590181,0.9161281292667702,0.7656217341942094,0.7830496527776557,0.8149158623200923,0.8101563252607857,0.5580227731117356,0.7288834280222253,0.5905501145356745,0.7014865860594482,0.6333248765103902,0.5731205526070522,0.6739097225944343,0.6231200623137927,0.5393920993552418,0.6160456797694874,0.8248944253315295,0.8966340073947092,0.8156565497102746,0.9434468041946263,0.9970006439223997,0.9573450745758906,0.8573740067727774,0.0,0.9691267797418156,0.9300135544473269,0.9809605466697725,0.9652609495386751,0.7513170055449809,0.731400225468167,0.9117789493901056,0.6437745112521952,0.7594865520740448,0.6703243500811198,0.8645939763393401,0.8721447772950783,0.804342328317113,0.6254014798672605,0.7668725429119368,0.4813945134746429,0.752650890803346,0.9115411671064886,0.7149399900469142,0.8456089199949134,0.9075741481994155,0.7584833410302483,0.5438569406498285,0.6116566401404315,0.7477705749567021,0.6783524084919552,0.8710657165362665,0.8435087289310103
0.829302873568072,0.5233090320867162,0.3484858664395492,0.5169244923120878,0.716750732714647,0.8100928005722673,0.8734073185729506,0.7971634399585789,0.7961392475910392,0.7629124044840894,0.8241256062611726,0.5501763549174918,0.6964783388280382,0.6240741023143711,0.7427703976756618,0.6824802608186359,0.6308114554635049,0.7550007562895181,0.683494450115759,0.575586981112011,0.6376654924371379,0.8486498943187304,0.865821186761344,0.9000791008260203,0.9337406916213087,0.9689738590841647,0.8539041786223927,0.8740318520667799,0.9691267797418156,0.0,0.9211926863300205,0.8518722278589752,0.9044939816130801,0.7852010374645482,0.7352069893967831,0.9113582397911861,0.6496317911100601,0.8060236303995124,0.7545583828823655,0.7494053579108491,0.7982907873933383,0.7291791114922841,0.7214630347352147,0.6864919339151706,0.519104074397965,0.7332686666695621,0.9759130083589904,0.6923035713112865,0.8691509426606545,0.7678286152444393,0.7674584734902368,0.5314995920160496,0.5988270128116885,0.7290680593244006,0.6448947380814468,0.8670081822043229,0.837388688382329
0.7435524647698185,0.48256435720241597,0.3151394452440817,0.45570508261084963,0.6614385762764747,0.7143632033129081,0.7574970356198271,0.6688631332727087,0.7360032159340877,0.7389190416534714,0.6870969674151062,0.49436466625312003,0.6084454073233696,0.5185590869784931,0.6912577437870998,0.5994614725923427,0.5120192873196824,0.6478593410652839,0.614213879595292,0.51497710040272,0.6100830238018489,0.8226015036973268,0.8915493566115519,0.8495418983717518,0.8708175695206825,0.9045653177515156,0.7947886340841767,0.801438972480601,0.9300135544473269,0.9211926863300205,0.0,0.7848518307410762,0.9539563953289794,0.7026555477200828,0.6830956995372018,0.8874884911041883,0.5657749843030211,0.7122452557767184,0.6550115428825195,0.7483851387944088,0.7226927114805295,0.6809503728258374,0.6023620149511543,0.8396169558941362,0.4931119050533713,0.6288950557434096,0.8510341546137064,0.6504225277237893,0.7814969782853062,0.7437509080009667,0.6818162867363098,0.4826940811310151,0.5320522659466852,0.658931233327239,0.6208830011385706,0.8140579273889932,0.860073727010639
0.7683679282312516,0.3819863641817186,0.2392358556740147,0.35344018303039165,0.5131624281895705,0.6915708953443837,0.7828053898038915,0.6937740001312996,0.7008345889613268,0.7793818089664567,0.7388843983641623,0.5807313029292386,0.6716057747746643,0.5538046000616447,0.6614710879711116,0.5579815364647138,0.5378127879223185,0.6241017963525499,0.4949201258962495,0.40769678527834435,0.47398879858153653,0.6402156593563401,0.749603125997264,0.7128918408199997,0.9234284201090075,0.8411030407238423,0.8640528522819735,0.9051649739545836,0.9809605466697725,0.8518722278589752,0.7848518307410762,0.0,0.9973619329931847,0.5930292967989068,0.566124745201943,0.7680322500484927,0.5701117057805699,0.5862919183413623,0.5592635788061158,0.9136207304521268,0.868374910376933,0.7034441293434173,0.47528707211629206,0.8335952197619592,0.37587271933064836,0.6259852091773467,0.8458097470490064,0.5794136616659338,0.7269317169664941,0.6811910695487523,0.6454619768191743,0.4403020811578869,0.5257123441266451,0.6848339397063571,0.6897658414872242,0.6950082390639775,0.7257708712692472
0.817934530926377,0.46069329656015867,0.2925919302454666,0.4240004999582723,0.58580728310132,0.7538143036845287,0.8143121529477163,0.6760121228888445,0.8240916161312242,0.8418224130453995,0.7876352419456529,0.5839457775970189,0.6966315195700673,0.5433996488682489,0.7595680694546942,0.6197050629624303,0.557588371214775,0.6649899733433906,0.5950635686446919,0.5073768700055049,0.5884690631144726,0.764170352885161,0.8741293288321181,0.8501337768194117,0.947560993349833,0.9336292778396844,0.8943150285682552,0.9058102051693123,0.9652609495386751,0.9044939816130801,0.9539563953289794,0.9973619329931847,0.0,0.6555162648559916,0.6732216158842083,0.8627901747400565,0.6235163559011423,0.6881042194541841,0.6024409756958733,0.8193282832576582,0.8379829222594194,0.7033401827491114,0.5863651774502416,0.7939877063792369,0.4457804712774861,0.6603594896206734,0.8936183816522472,0.630848485820985,0.802308977060712,0.8031693858085049,0.7022814870581845,0.4890073992475545,0.556962394674535,0.6984083717373852,0.7017469082253679,0.7853508628266848,0.826575712373573
0.8602531435389835,0.5232714404780527,0.38158524766355956,0.5584444603133715,0.7633631860859833,0.798357059341928,0.730422478590076,0.722574358878348,0.7843632329464714,0.606303933014791,0.655754212196419,0.4667466967036831,0.6508980974852113,0.5515201753162174,0.6454396794880037,0.5767192489790056,0.46049069658181596,0.5938433916579993,0.6520552938618928,0.5837637177349393,0.6747655885456141,0.8718180724608445,0.88624432054566,0.7767922224666272,0.646701580656691,0.8977032380771447,0.7560976744808225,0.6966163357554553,0.7513170055449809,0.7852010374645482,0.7026555477200828,0.5930292967989068,0.6555162648559916,0.0,1.0,0.7216332959479522,0.7806213437092363,0.8904364730557537,0.7857953992250865,0.7046995120556477,0.7754122678997815,0.8914095648194192,0.697982458647893,0.559356289218786,0.5311226592321262,0.8347343439047331,0.937321891270203,0.8646129555992478,0.7463327029713204,0.799065474604303,0.6934048161961318,0.6785822400498285,0.6967530935704441,0.7336666413410234,0.6166446236701404,0.6985659680130222,0.5579915605980879
0.8536533475899004,0.4973786409603829,0.37019178040587697,0.5288482252604844,0.7551168062410326,0.6870361454856638,0.6871912132420173,0.670435628821191,0.7207820363815951,0.6519851834077739,0.6283165493748046,0.4311304891096584,0.6060349032671368,0.490478924657191,0.598639588671954,0.5557930734865293,0.45473744151792456,0.5821288711739283,0.6066596021523672,0.5446932221483131,0.6253633192205091,0.8203387782948065,0.8504034574714209,0.7267488194274835,0.641964303270398,0.8514680405951808,0.7951954711357844,0.615265943538172,0.731400225468167,0.7352069893967831,0.6830956995372018,0.566124745201943,0.6732216158842083,1.0,0.0,0.7853219126060084,0.7384229379185676,0.8072066475198976,0.6641301495689679,0.7345575702349536,0.7185536806704893,0.7967728138063972,0.6225916167896872,0.5828244588400321,0.5001365510638358,0.7768401018948484,0.8915197450459399,0.7702967343501047,0.764615744405832,0.7598415508024221,0.7212884776890404,0.6151266753068731,0.6658165919622883,0.6955045665885282,0.5310358003769222,0.7260170479801747,0.5454803055111163
0.8751861968740331,0.5107620989023742,0.32776604509198964,0.48394096751910637,0.6978721114539842,0.6797136207091303,0.7605921326286555,0.6730718982101733,0.7088458768808977,0.7481398079224657,0.7232833329127573,0.47858699997066767,0.592885752439299,0.5204823292293307,0.6486979723591804,0.5448828261391584,0.5359878573777954,0.688266293464573,0.6247712312756104,0.49487879920921385,0.589282357971077,0.7572273036807033,0.8575933175279413,0.7644681521737859,0.84690137073943,0.9528053507890253,0.819750925762773,0.7903424081632576,0.9117789493901056,0.9113582397911861,0.8874884911041883,0.7680322500484927,0.8627901747400565,0.7216332959479522,0.7853219126060084,0.0,0.6616386846250575,0.6417275188460855,0.6111273477484045,0.7336565206549822,0.7585440659435362,0.6972061265890915,0.5801108051306755,0.7314899061765239,0.4477073021217588,0.6478883958718249,0.8950460094490114,0.6661763942341948,0.7818811189686218,0.7639312647862084,0.7821379755842591,0.4845484169352742,0.5415027299976397,0.6341301412366376,0.5685953009727028,0.8577203599439993,0.7450238368229744
