Cingulate area 2,Glomerular layer of the accessory olfactory bulb,Glomerular layer of the olfactory bulb,"Olfactory bulb, unspecified",Frontal association cortex,Cornu ammonis 3,Dentate gyrus,Cornu ammonis 2,Cornu ammonis 1,Fasciola cinereum,Subiculum,Postrhinal cortex,Presubiculum,Parasubiculum,Perirhinal area 35,Perirhinal area 36,Medial entorhinal cortex,Lateral entorhinal cortex,Primary auditory area,"Secondary auditory area, dorsal part","Secondary auditory area, ventral part","Piriform cortex, layer 1","Piriform cortex, layer 2","Piriform cortex, layer 3",Ventrolateral orbital area,Lateral orbital area,Ventral orbital area,Medial orbital area,Dorsolateral orbital area,Prelimbic area,Secondary motor area,Frontal association area 3,Primary motor area,"Agranular insular cortex, ventral area",Agranular insular cortex dorsal area,Cingulate area 1,Infralimbic area,Dysgranular insular cortex,Granular insular cortex,"Primary somatosensory area, forelimb representation","Primary somatosensory area, dysgranular zone","Primary somatosensory area, face representation",Secondary somatosensory area,"Primary somatosensory area, hindlimb representation","Agranular insular cortex, posterior area","Primary somatosensory area, barrel field",Retrosplenial dysgranular area,"Primary somatosensory area, trunk representation",Retrosplenial granular area,"Parietal association cortex, lateral area","Parietal association cortex, medial area","Parietal association cortex, posterior area",Primary visual area,"Secondary visual area, lateral part",Temporal association cortex,"Secondary visual area, medial part",Nucleus of the lateral olfactory tract
0.0,0.48702840747646564,0.38174763200689804,0.4442407954129079,0.5020186017741234,0.8341852626048069,0.7966171628253282,0.7500890580079358,0.8428327331542432,0.614140503080907,0.8852614574342502,0.8465380924520934,0.8376059247432758,0.8607644191428824,0.7071378085481292,0.7570086161336502,0.8139277208609614,0.7705711767083225,0.6974786761435856,0.7686366022733165,0.6645072102847177,0.8150156993282429,0.789528257475052,0.8214707663678986,0.6362134780372583,0.5960390550649727,0.6358469636642585,0.5139605070185692,0.5025175839975948,0.7282598223800454,0.7711725361056193,0.7509238794104282,0.8928389350192344,0.7588445255204426,0.7473818503081727,0.9299153609994888,0.9938903881452721,0.7650701567713507,0.8343064582835766,0.8646423291030076,0.9565760610511866,0.8369252971784644,0.8350097975305466,0.8520497693544282,0.7657224430078857,0.8120438579625148,0.9746489679691033,0.8223500704305696,0.7418594849765505,0.5742336397830833,0.6613193708185737,0.6941289707476608,0.8878494026046218,0.8570242604501704,0.7271998958933235,0.81831833424408,0.9089970777862139
0.48702840747646564,0.0,0.8481692152680022,0.9733846457642414,0.9783315305736909,0.3714236380785117,0.3349619480035431,0.35912968447526006,0.3567195799436786,0.23256268477555417,0.3672214184825623,0.5342429212666572,0.398656749284553,0.3441878228818647,0.4699108224377476,0.49948771252188306,0.4655172222007581,0.4313908983007262,0.4957797964622108,0.5177701659148,0.47185256170981643,0.5878410800033612,0.5772632397157277,0.552567967923744,0.8753434860416849,0.8671170225742769,0.8247063470280089,0.8683806209628537,0.8477453048210596,0.7599025168056099,0.7293764177758304,0.8181238723765651,0.5596251051749278,0.6900671587038409,0.7726865548240478,0.5821629041172142,0.5916866141433745,0.637432324599349,0.5374220432583118,0.45494158324386297,0.4603589540496215,0.6887436473618541,0.5077806440762574,0.40440016175667676,0.45630537876631316,0.4835629727890062,0.36853664151265186,0.3568849071607955,0.2895676454190472,0.23189083533565855,0.2826674850330172,0.2656297510611977,0.38115320758575955,0.46155188116710616,0.5261212667432481,0.34460452610098147,0.447354054253626
0.38174763200689804,0.8481692152680022,0.0,1.0,0.9012861623537581,0.2890246475443009,0.26303619850743026,0.2818864315151226,0.2734450085446173,0.19163301667208538,0.28238468454114113,0.4161353707950914,0.3003979275028,0.2706123837367258,0.35878253563166274,0.38527146589476585,0.34157707043166285,0.3369450239903178,0.36242749816516107,0.39594846965496044,0.3520295542668959,0.46479284760932305,0.4538328749788131,0.4140213367958252,0.7037862709856388,0.7110538150997241,0.7191943191229836,0.7585403718823602,0.8454818085176222,0.6544418822023143,0.6195595926003493,0.6245802517962908,0.4216824132439202,0.540245118143776,0.6243872877319072,0.4113184773419535,0.4474783476582336,0.4629032492697793,0.4153060731489453,0.35276814756131586,0.3435058397863779,0.5322021798746719,0.38559687274793264,0.3111112206564608,0.3474556624747236,0.37923477704979935,0.2905384315050174,0.28022659561110247,0.23506971075222186,0.1928453269306662,0.23250709017870722,0.2128129156362416,0.2934301670438541,0.3462851194639454,0.39783936272535136,0.2692958942285399,0.353426962110746
0.4442407954129079,0.9733846457642414,1.0,0.0,0.9648349488488603,0.3343104388667144,0.2979290500173143,0.32472141788928777,0.31364486831598526,0.21134921737965906,0.3197024054843021,0.4674392402236987,0.3431135629620617,0.31667475929373784,0.409415849511032,0.4545622733522057,0.3921959819611167,0.3947920443960672,0.44080893434273855,0.4547837889587767,0.433303337800774,0.5299767781528143,0.5282032673813062,0.4830324079061658,0.8076128931011686,0.8279954308686951,0.8811563663481605,0.8560030476672374,0.9830004952752447,0.7600469237637074,0.7423249370940831,0.7600549898901197,0.5085068483833269,0.6052544414036561,0.7555501690091221,0.5013687107741767,0.5468783235872718,0.5485437308466194,0.47855397843801994,0.4091831019094188,0.39695368674011483,0.6409913508490455,0.45542096037633456,0.36898072177489066,0.40376724259427105,0.43909269693226666,0.3345709192824689,0.32673295461663693,0.26691590393907055,0.21408684357013702,0.25821991082041384,0.2405559179271434,0.33498388541869695,0.39606752934488443,0.4516294379714592,0.30801428160652267,0.42899074135869225
0.5020186017741234,0.9783315305736909,0.9012861623537581,0.9648349488488603,0.0,0.3981645734933836,0.34215621664796103,0.36226477465242324,0.3645434234717311,0.2409415446191689,0.37934959585483463,0.5629175619936003,0.3967522471753087,0.36140731245030805,0.4959249188690487,0.5334921784581754,0.47447450869075164,0.46441889190181784,0.5176800936205134,0.5522932382286989,0.5008226712290268,0.601954947224136,0.62919066493747,0.5709054288943594,0.899108453127262,0.8668162372783565,0.8764488728006747,0.898449873140899,0.9280503952738623,0.8285865704846433,0.7976455685267346,0.8579052470200011,0.6004812462987182,0.7046039873775486,0.8594914103158589,0.5625651323294608,0.6025134943094671,0.653039709271151,0.6072743858452668,0.475329765927133,0.47464129400507266,0.742943065044778,0.5073984651028003,0.41794846477631054,0.4858216987380562,0.5017765780046035,0.3911471605445804,0.37476510179145284,0.30645483436437954,0.2445875917586746,0.294333816868079,0.2760450364196576,0.3899553314279125,0.4717304662329808,0.5262119988441907,0.3566422803118185,0.4714801407220077
0.8341852626048069,0.3714236380785117,0.2890246475443009,0.3343104388667144,0.3981645734933836,0.0,0.9631918679493853,0.9369340073596291,0.9466049621553495,0.7657469458277484,0.8621104155516587,0.8524499350678284,0.9101579273802102,0.9068847927761098,0.7528559639621326,0.7981571573274867,0.8798273065426578,0.8205196016400613,0.7562220524354668,0.7297416852714034,0.6885576376214713,0.7703227990935175,0.701240073052083,0.8321269443525873,0.48975485545712805,0.5176500505439319,0.5147200034035472,0.4290564451896952,0.4076623238414199,0.5861828319437294,0.6186787372010076,0.596982732318099,0.7874183627400609,0.6777903893218992,0.6013319434218849,0.8662360973600393,0.812032851726062,0.7556348252780726,0.8353610801789185,0.9634061771208869,0.9909167430535123,0.6653401375850188,0.8400527746632096,0.8916026145176614,0.7977391535233566,0.7682861855004041,0.9423704317987666,0.9874856029432677,0.8730996360846102,0.8394455677235608,0.8800725115187696,0.8447843062348527,0.9685506807206239,0.9127918504353602,0.756613248861006,0.9483450899197592,0.9735986304534019
0.7966171628253282,0.3349619480035431,0.26303619850743026,0.2979290500173143,0.34215621664796103,0.9631918679493853,0.0,0.8776722232925992,0.9595037026710715,0.9453250003821051,0.9716486121028381,0.7902229620794505,0.9194637287956826,1.0,0.7386871742427498,0.700953091119882,0.8569666143733283,0.7861615789501669,0.6442990274375892,0.6392566030712062,0.6181945024602623,0.6399702399175857,0.6853764909212865,0.7568575789674831,0.440946567377804,0.4289779093604629,0.4389559210252633,0.3775095709463351,0.35558297572138364,0.5143900925565351,0.5550305467805942,0.5178878572199174,0.6984568710210616,0.612465119436591,0.5383134067683403,0.7168839637621799,0.7646151394842806,0.6423330838466588,0.7320776797861404,0.8778264313275443,0.8943420476131773,0.6469386434461002,0.7780331340368417,0.9177970247653441,0.7464514385543313,0.7024103778037731,0.9930981078389576,0.938073044818245,0.9612604954622198,0.933035756031388,0.9492221602146222,0.9270660676641137,0.9846583249159038,0.8630690490762265,0.6689309099837888,0.9626789469874708,0.8790346146052833
0.7500890580079358,0.35912968447526006,0.2818864315151226,0.32472141788928777,0.36226477465242324,0.9369340073596291,0.8776722232925992,0.0,0.9466165417795022,0.7549328594959986,0.8172607394532252,0.7873913715103422,0.875404538136224,0.8740712670894335,0.755265451589574,0.7961768929301868,0.8038902841459832,0.8181730547925095,0.738166155456798,0.7142487383215002,0.6611034603905791,0.7024444136124735,0.7262880911541152,0.7732455322294748,0.46153446828237016,0.4579676698263025,0.46220743442936424,0.4003611673788939,0.37965679715612993,0.5359447236235741,0.5742970983017106,0.5452731636489694,0.7382733159667308,0.625640354449226,0.5359928593785646,0.748715330603059,0.731598653101211,0.6847214144428895,0.7314310952261406,0.8936106087531314,0.8799141393985168,0.6427519975009741,0.8159929989571698,0.8615026997999572,0.7667167254550814,0.7514752764393807,0.8419046625419844,0.8757163720743455,0.8035629268927306,0.7504018759882813,0.7946253718521543,0.8189467235411061,0.8793865312627023,0.8574911320260244,0.7345843489511615,0.8511762337444568,0.8816243521702036
0.8428327331542432,0.3567195799436786,0.2734450085446173,0.31364486831598526,0.3645434234717311,0.9466049621553495,0.9595037026710715,0.9466165417795022,0.0,0.8880478993693004,0.9663347076580568,0.8061058590804078,0.9631785334825032,0.9873900333675985,0.8088500578920423,0.7520723002086134,0.8492608114892174,0.8145373291816883,0.753247337592569,0.716627395979369,0.7003386178587897,0.700756813321416,0.7022176705513126,0.7724479951148328,0.444929900926803,0.4387031410114901,0.458112240380012,0.387117421205487,0.36782789541200006,0.538913761942952,0.5811258587396558,0.5613848886353826,0.7596351952640378,0.6282926809365287,0.5824639614650111,0.7781850899497825,0.7312615454772037,0.7006227360448118,0.7612132626352407,0.8651162738727015,0.9435654862496977,0.6605205043018413,0.821931733209374,0.8960853429236788,0.8030060558583406,0.7917699116723805,0.9443681824784003,0.9140163902977835,0.9666556365359594,0.8549928175602277,0.9353154902579242,0.899096141690941,0.9887693270896905,0.9329865397086197,0.7412052501553519,0.972585624132122,0.8744239271719912
0.614140503080907,0.23256268477555417,0.19163301667208538,0.21134921737965906,0.2409415446191689,0.7657469458277484,0.9453250003821051,0.7549328594959986,0.8880478993693004,0.0,0.7679862615602389,0.5651823531199932,0.76251407055117,0.8560528716035566,0.5555558512677559,0.5309550316579964,0.6438543681629116,0.6055330086021083,0.4985108771490173,0.49007017068779174,0.47850090533572864,0.4421814757541561,0.4597436601557548,0.5468462867230861,0.2961907590055042,0.28445195510579074,0.29617450792550604,0.2566236508820005,0.24301226849213153,0.33397673249292303,0.3788827958787413,0.36126382891231024,0.5001571061440674,0.4160207995281393,0.3573769510012405,0.5164856082065289,0.5117395221561213,0.45837048805005187,0.5134241976564852,0.6486373141562843,0.6870604139418963,0.4230379142552623,0.5800751416766393,0.7049069607945646,0.5517356408859581,0.5244146910292603,0.8271609837491039,0.7601089132223311,0.9333606998483781,0.8823288119947245,0.8211734101725937,0.9119715725974661,0.7714036189380148,0.6395128507471224,0.508748975496888,0.8051167918975531,0.6270029161413082
0.8852614574342502,0.3672214184825623,0.28238468454114113,0.3197024054843021,0.37934959585483463,0.8621104155516587,0.9716486121028381,0.8172607394532252,0.9663347076580568,0.7679862615602389,0.0,0.7939783331517527,0.9247465364931744,0.8840635154427164,0.7520525879801686,0.7497517488692977,0.8476547988386661,0.7960998970280616,0.7019383017986542,0.6920101649203931,0.6564589144967738,0.6665307318375412,0.6970551288899103,0.8101346092913249,0.4711512292836706,0.4809476696647369,0.47458333621802784,0.40121921859150034,0.3818745578843985,0.559201031782769,0.5847294440893522,0.5537964508707977,0.7225813584938964,0.6570199063509301,0.5774142792030476,0.8271774440175943,0.7559728228042736,0.7363135354232305,0.7907712909908386,0.831999285545354,0.9194809602458291,0.695469002425715,0.7983985751927993,0.8354206260708386,0.7743438955332891,0.7344115191839774,0.9598335774025955,0.896884475838526,0.8717749829951043,0.7805072944577922,0.8220975174569829,0.8331800760216893,0.9680602470129218,0.8726002935035435,0.7257725086163521,0.9177911958345565,0.8497339416104625
0.8465380924520934,0.5342429212666572,0.4161353707950914,0.4674392402236987,0.5629175619936003,0.8524499350678284,0.7902229620794505,0.7873913715103422,0.8061058590804078,0.5651823531199932,0.7939783331517527,0.0,0.8760714446635381,0.7789408328512138,0.9126165076978827,0.9132577693573,0.944321593034866,0.904631449358317,0.8569335205958516,0.8972055017140624,0.8119997886141497,0.8892496500618209,0.9637244358148888,0.8977097710521594,0.7093234981097354,0.6974897221666021,0.7115075439474803,0.5997899202269521,0.5800173170435541,0.7030456711677424,0.7942694890982508,0.7863646095596879,0.8800348714824653,0.8601897758134432,0.8633217582110165,0.8703827942114275,0.9209062179902696,0.9157143260651266,0.9402195848369387,0.924938373254096,0.900750153246004,0.881872029718244,0.9296153888020936,0.8842965627537929,0.8849877299482125,0.836129338133496,0.8287344794148714,0.7666721534813782,0.6695808636880833,0.6068437467198686,0.687042217095509,0.617392051799906,0.8648178036073727,0.9452795378734201,0.881741334990432,0.838649139134667,0.8509651872620362
0.8376059247432758,0.398656749284553,0.3003979275028,0.3431135629620617,0.3967522471753087,0.9101579273802102,0.9194637287956826,0.875404538136224,0.9631785334825032,0.76251407055117,0.9247465364931744,0.8760714446635381,0.0,0.9750483610863938,0.8025978714899691,0.7850843336403573,0.9744484377115494,0.8307330157216156,0.7399977797286514,0.7431146087332854,0.6798748263920034,0.6871564812226281,0.7372458075779434,0.856848980931152,0.5033608247175039,0.489914118399941,0.49120683790318365,0.43301009262970447,0.4112448650923059,0.5569055361773965,0.6295453965415723,0.622799356025165,0.7693257625814363,0.695420857002434,0.6348294581395391,0.7920855087776151,0.8050995764016746,0.7319942847335923,0.8086749626109028,0.8750956584326106,0.9348630916204023,0.7212751011077332,0.831427519117734,0.8958214113777805,0.8028510561866681,0.7212969717364368,0.9759409075704533,0.8457266688703556,0.8469330090423062,0.8310367595818974,0.8360631411882425,0.8419247906376579,0.9918506171072962,0.8668506455086751,0.7723523901786898,0.9223703433061244,0.8643491630708261
0.8607644191428824,0.3441878228818647,0.2706123837367258,0.31667475929373784,0.36140731245030805,0.9068847927761098,1.0,0.8740712670894335,0.9873900333675985,0.8560528716035566,0.8840635154427164,0.7789408328512138,0.9750483610863938,0.0,0.7639261574009163,0.7236500421385209,0.8606031908161133,0.83031974712024,0.7191368239269178,0.6862594030780587,0.6605298971026933,0.6468182300268003,0.7135622645428217,0.7741213938451674,0.452263239451359,0.44707608231643586,0.45088294200779866,0.38934976757411155,0.3753180654227864,0.5210227634212143,0.5581563785705376,0.541392107076612,0.7269667911734417,0.6202490892093301,0.570185619947135,0.7200068183601488,0.7708243814112948,0.6739967196659955,0.7263865541401028,0.9005513976718855,0.9083368082827125,0.6555700875121961,0.7887914947671281,0.9325342730071585,0.768122990558302,0.7295081968523498,0.9748789609919006,0.9200750988547882,0.9235905784141222,0.9374130989269979,0.8941316401375393,0.8397445183980556,1.0,0.9130352966476647,0.7268737591777736,0.9689663944579657,0.8277755774133796
0.7071378085481292,0.4699108224377476,0.35878253563166274,0.409415849511032,0.4959249188690487,0.7528559639621326,0.7386871742427498,0.755265451589574,0.8088500578920423,0.5555558512677559,0.7520525879801686,0.9126165076978827,0.8025978714899691,0.7639261574009163,0.0,1.0,0.9124231907234591,0.9029313466383623,1.0,0.9542581265874112,0.9203059807007965,0.8819925464373033,0.9083386169695901,0.8485623680441687,0.6117109121533106,0.6367286869660826,0.5980170314462929,0.5578951118063012,0.48917069026538795,0.6676993929761023,0.6933727168031234,0.6859428848394781,0.8222641759947191,0.7790292889905361,0.7026996458490247,0.7975237309066184,0.7658114357895376,0.8467504346003366,0.8973888892057118,0.7952879311969404,0.8671684950350707,0.7621048884245188,0.8761757498438485,0.8394126513191627,1.0,0.8713874867814776,0.7427602137753532,0.7873581821399627,0.6464599589423752,0.5917049563761636,0.6406326190568117,0.6215475345949107,0.8020317361613357,0.8882586435845515,0.918499626391932,0.7628703281252108,0.7928846194719806
0.7570086161336502,0.49948771252188306,0.38527146589476585,0.4545622733522057,0.5334921784581754,0.7981571573274867,0.700953091119882,0.7961768929301868,0.7520723002086134,0.5309550316579964,0.7497517488692977,0.9132577693573,0.7850843336403573,0.7236500421385209,1.0,0.0,0.9330823558517326,0.9487818116857047,0.9755288014437934,1.0,0.9772279329157446,0.8763082665462512,0.9556375647105755,0.9531243902638054,0.6861955792571799,0.6683828054143344,0.6633287959789858,0.5695740281771218,0.5496230149989996,0.704850462925684,0.7653928906644932,0.7544798038621252,0.8117977866164757,0.8625817466696998,0.7810309597434468,0.8151025441623598,0.8063800109229813,0.8903197166561307,1.0,0.8514844816529367,0.8727542392674842,0.8447579510943992,0.9078768372292099,0.8493767853576106,0.9269686166792609,0.9235911417133525,0.7327541304892126,0.7958631561978198,0.6590558270197558,0.567279038775575,0.6139978160273075,0.6196416928350976,0.8156783239876066,0.875775606239738,0.9747210502670555,0.7774912472089215,0.8255497972430681
0.8139277208609614,0.4655172222007581,0.34157707043166285,0.3921959819611167,0.47447450869075164,0.8798273065426578,0.8569666143733283,0.8038902841459832,0.8492608114892174,0.6438543681629116,0.8476547988386661,0.944321593034866,0.9744484377115494,0.8606031908161133,0.9124231907234591,0.9330823558517326,0.0,0.9252787372676681,0.8407274524811328,0.8091070520723873,0.7736001694446358,0.8208368214220028,0.8520786769902611,0.8825250015500602,0.6135161414534691,0.6278834220657998,0.6016997894114877,0.5121724816751839,0.4790799047328656,0.6675726347823412,0.6831567891003384,0.7326137258990949,0.8773316947742041,0.7748696260272676,0.7095793551921102,0.8059222567693912,0.8352452960280238,0.8546936523546077,0.8955722148274723,0.8968652959729005,0.9047989161077605,0.8203791089734291,0.9154854992526303,0.8596339859277675,0.8640145806066507,0.7935355608522595,0.9456786001597199,0.865571749586067,0.8151934802504885,0.7796854088351289,0.8087207395377081,0.6929343454109786,0.9427827402229756,0.9402502716893958,0.9012128693421936,0.8725686433867216,0.8315841382040544
0.7705711767083225,0.4313908983007262,0.3369450239903178,0.3947920443960672,0.46441889190181784,0.8205196016400613,0.7861615789501669,0.8181730547925095,0.8145373291816883,0.6055330086021083,0.7960998970280616,0.904631449358317,0.8307330157216156,0.83031974712024,0.9029313466383623,0.9487818116857047,0.9252787372676681,0.0,0.8834345718891196,0.8811966078162955,0.8891393158631617,0.8575184225030269,0.8499645399033287,0.8397275318272885,0.6120517569952302,0.5587755524198678,0.5853101711950791,0.49726631047141523,0.4812790974319839,0.6345036932965583,0.6505250736295266,0.6594682551940644,0.7646042338068837,0.7450840379285796,0.6792746290701462,0.7347565318375191,0.8184835080095936,0.8825708568201076,0.8656018184056103,0.8384027268034641,0.8888684544354202,0.7148288791176388,0.9179010068187626,0.87384542053452,0.8891555254393919,0.8430528332454676,0.7969034496749811,0.8082487313381402,0.7036854692887956,0.6968607988983767,0.7005169303385789,0.6829323059439929,0.8493508252481204,0.9158848302049656,0.8787052610118635,0.8527702808092994,0.8318929328111464
0.6974786761435856,0.4957797964622108,0.36242749816516107,0.44080893434273855,0.5176800936205134,0.7562220524354668,0.6442990274375892,0.738166155456798,0.753247337592569,0.4985108771490173,0.7019383017986542,0.8569335205958516,0.7399977797286514,0.7191368239269178,1.0,0.9755288014437934,0.8407274524811328,0.8834345718891196,0.0,1.0,0.983605553642887,0.9239380360626054,0.9996493661177837,0.9322842694108217,0.6153559580506283,0.6556192902311666,0.6106420872082214,0.5919739238897225,0.5085261139867547,0.6651589751316189,0.69894210469592,0.674590200143774,0.8456493255216115,0.8037670433834284,0.6952761797162299,0.7926076967033768,0.7457527617183084,0.9572050152452994,0.9286425299473993,0.8010017699037613,0.8676237459991312,0.7558886801813937,0.9886039454182732,0.7782489837438363,0.9823043745754909,0.8537662519250729,0.6663183064384897,0.8205066138350315,0.5861818928557737,0.5247866703062565,0.5918953979732158,0.638533691765642,0.7720832688586237,0.8341416775306006,0.9689505116155749,0.755366026449744,0.7574517745019929
0.7686366022733165,0.5177701659148,0.39594846965496044,0.4547837889587767,0.5522932382286989,0.7297416852714034,0.6392566030712062,0.7142487383215002,0.716627395979369,0.49007017068779174,0.6920101649203931,0.8972055017140624,0.7431146087332854,0.6862594030780587,0.9542581265874112,1.0,0.8091070520723873,0.8811966078162955,1.0,0.0,0.9610399365579876,0.9667702644429048,0.9586925068670314,0.8942457301674567,0.6498294496541662,0.6636791030975299,0.6352999058945876,0.6190646993459059,0.5408358190946948,0.7001243633282487,0.710408143622181,0.7382783217055093,0.8265245985308503,0.8298741458224254,0.8072229533395519,0.8048256110680924,0.775657663116156,0.9451526170749501,0.8885569970048094,0.7630189225644918,0.8314482415456773,0.7530558189856157,0.966021191806408,0.7538971905278646,0.9494675118359541,0.842196075475717,0.7017582765887476,0.8309116606180441,0.5844937622563793,0.5028136780491949,0.5688774724633455,0.5935676307125998,0.7418604901789736,0.8399389413931493,0.9434054007911111,0.7580806798898762,0.7306225962356102
0.6645072102847177,0.47185256170981643,0.3520295542668959,0.433303337800774,0.5008226712290268,0.6885576376214713,0.6181945024602623,0.6611034603905791,0.7003386178587897,0.47850090533572864,0.6564589144967738,0.8119997886141497,0.6798748263920034,0.6605298971026933,0.9203059807007965,0.9772279329157446,0.7736001694446358,0.8891393158631617,0.983605553642887,0.9610399365579876,0.0,0.9085298231026859,0.9148678828751975,0.851568154188553,0.5842704247846883,0.6390171873676895,0.5979250866834755,0.557296230433819,0.5012351300369023,0.6334901266395275,0.6408002816443599,0.7100012927486832,0.7676749400212762,0.7600902373800164,0.71530936065525,0.7800812339558365,0.6855467070996886,0.8851417916520662,0.8957536334052906,0.7471594241696675,0.7966175512932131,0.7169595900581672,0.905914204630247,0.7881665977128433,0.9845996736249426,0.8864432382131794,0.6298615313563148,0.7763808198398051,0.574860918683635,0.47722819189722665,0.5471222307659718,0.5710956297657234,0.6876704293080291,0.8430953377877255,0.92306101864885,0.695988863333802,0.6717073691097907
0.8150156993282429,0.5878410800033612,0.46479284760932305,0.5299767781528143,0.601954947224136,0.7703227990935175,0.6399702399175857,0.7024444136124735,0.700756813321416,0.4421814757541561,0.6665307318375412,0.8892496500618209,0.6871564812226281,0.6468182300268003,0.8819925464373033,0.8763082665462512,0.8208368214220028,0.8575184225030269,0.9239380360626054,0.9667702644429048,0.9085298231026859,0.0,1.0,0.9569407359150355,0.8024415406982183,0.7846980516417275,0.8369788315040556,0.6509424012794345,0.6609992440430484,0.8607999740912169,0.8796027698552289,0.8785038078809614,0.9391521393435878,0.8674090881104762,0.8778358244296854,0.904179626218047,0.8890152471941943,0.9579979583544442,0.9686981609856904,0.9123201826264264,0.9028442210764319,0.9502408295590659,0.9627165343095833,0.8503400714349229,0.8683489664876141,1.0,0.7138855887679992,0.8236821978643013,0.5780016733610209,0.4816489521554065,0.5853397503134486,0.5361880341469787,0.7358379423943558,0.7886377921703789,0.8676705969788664,0.7046831710600782,0.83238404982725
0.789528257475052,0.5772632397157277,0.4538328749788131,0.5282032673813062,0.62919066493747,0.701240073052083,0.6853764909212865,0.7262880911541152,0.7022176705513126,0.4597436601557548,0.6970551288899103,0.9637244358148888,0.7372458075779434,0.7135622645428217,0.9083386169695901,0.9556375647105755,0.8520786769902611,0.8499645399033287,0.9996493661177837,0.9586925068670314,0.9148678828751975,1.0,0.0,0.9439203928198491,0.8242678764625881,0.8080823634623828,0.8561487619676639,0.6773075342995643,0.6917689310945835,0.8817639200659744,0.9014182261285407,0.8757966466584636,0.9117130958606193,0.9554738408964588,0.8644920881682906,0.8973457802112337,0.9347819898996134,1.0,0.9878333163993629,0.892156964675656,0.9524928556654108,0.9002095130992775,0.9713842956168688,0.8649140856633368,0.9754146969412509,0.9264017042641781,0.7375522367528673,0.7803496335482001,0.5987328386417352,0.5042269667688551,0.6097299652098132,0.5328697687453284,0.7788684698490133,0.8761000458187223,0.9420216454052605,0.7462605793812279,0.8816582451604721
0.8214707663678986,0.552567967923744,0.4140213367958252,0.4830324079061658,0.5709054288943594,0.8321269443525873,0.7568575789674831,0.7732455322294748,0.7724479951148328,0.5468462867230861,0.8101346092913249,0.8977097710521594,0.856848980931152,0.7741213938451674,0.8485623680441687,0.9531243902638054,0.8825250015500602,0.8397275318272885,0.9322842694108217,0.8942457301674567,0.851568154188553,0.9569407359150355,0.9439203928198491,0.0,0.7228725881652716,0.7203770100670742,0.7480720886781621,0.593800158412888,0.5914714593888062,0.8278023076359271,0.9022925642098051,0.789033636102814,0.9331489056300557,0.8887206468885963,0.8357601996240555,0.9057649611005386,0.9368145736649938,0.9686978851227361,0.9349345260006823,0.9341436619318968,0.9578615924705608,0.8510351828388432,0.9534133162103252,0.8382898006633978,0.8876736843732698,0.9057021997153192,0.845048129845458,0.8834870243939728,0.6931461377356342,0.5706837374455036,0.6649178778656789,0.6351337101090849,0.8242197874216453,0.8434774789328976,0.8881528146381386,0.8215709552506314,0.9490022424648243
0.6362134780372583,0.8753434860416849,0.7037862709856388,0.8076128931011686,0.899108453127262,0.48975485545712805,0.440946567377804,0.46153446828237016,0.444929900926803,0.2961907590055042,0.4711512292836706,0.7093234981097354,0.5033608247175039,0.452263239451359,0.6117109121533106,0.6861955792571799,0.6135161414534691,0.6120517569952302,0.6153559580506283,0.6498294496541662,0.5842704247846883,0.8024415406982183,0.8242678764625881,0.7228725881652716,0.0,1.0,1.0,0.9022156575382055,0.9434011333599753,0.9775591291895427,0.9671101953450959,0.9525345455914077,0.7505283475505782,0.8639190281614842,0.9701318990624939,0.7225854596992544,0.7967168621683934,0.7876447436072374,0.7339503644777625,0.6037369569998844,0.6356995048139893,0.9237267252374168,0.6953682007891544,0.5425739956107409,0.6008778663618346,0.6628525984823043,0.48972754871112695,0.5088639190851063,0.3835996110070715,0.3054120671950567,0.39159177820184443,0.34738175333352794,0.49321636301623034,0.635593867069741,0.6874505563191402,0.48134659954016507,0.6285555892268605
0.5960390550649727,0.8671170225742769,0.7110538150997241,0.8279954308686951,0.8668162372783565,0.5176500505439319,0.4289779093604629,0.4579676698263025,0.4387031410114901,0.28445195510579074,0.4809476696647369,0.6974897221666021,0.489914118399941,0.44707608231643586,0.6367286869660826,0.6683828054143344,0.6278834220657998,0.5587755524198678,0.6556192902311666,0.6636791030975299,0.6390171873676895,0.7846980516417275,0.8080823634623828,0.7203770100670742,1.0,0.0,1.0,0.9119355254904046,0.9560302399512361,0.9296859603171346,0.9319553203720709,0.9175362624839328,0.7276919337155437,0.8756915401580535,0.9344304906174146,0.7078980591448678,0.7789865198980814,0.7890277727328299,0.7414837428061882,0.6047940213938909,0.6101218763714037,0.8740664701218818,0.7152869890442399,0.5481575017952354,0.6070959719211424,0.6769228642363482,0.4740945639135302,0.48540125452202815,0.37338248825483594,0.3011260482009357,0.37794897019626567,0.33933832534898517,0.4831765930894537,0.6089687302550265,0.6784588298204449,0.4634415337592716,0.6224611849505988
0.6358469636642585,0.8247063470280089,0.7191943191229836,0.8811563663481605,0.8764488728006747,0.5147200034035472,0.4389559210252633,0.46220743442936424,0.458112240380012,0.29617450792550604,0.47458333621802784,0.7115075439474803,0.49120683790318365,0.45088294200779866,0.5980170314462929,0.6633287959789858,0.6016997894114877,0.5853101711950791,0.6106420872082214,0.6352999058945876,0.5979250866834755,0.8369788315040556,0.8561487619676639,0.7480720886781621,1.0,1.0,0.0,0.8893688305592495,0.9989452373374211,0.9691436391821331,0.9403862711595508,0.9312224474888567,0.7419378237078275,0.857124447139287,0.9887408134384765,0.7101993237694283,0.7686565820118295,0.7678589374653768,0.7400873757438046,0.6271376658102624,0.6272605997738043,0.8921849947505688,0.6849394362480904,0.5604263121989906,0.5998118133664524,0.6735789061204411,0.48157668259223624,0.4940550216482277,0.38469539990282214,0.3089516800873375,0.37716988630378945,0.34725021360912833,0.5029022412269155,0.6097164669658781,0.6674947164986653,0.46201867720672696,0.6133830130110545
0.5139605070185692,0.8683806209628537,0.7585403718823602,0.8560030476672374,0.898449873140899,0.4290564451896952,0.3775095709463351,0.4003611673788939,0.387117421205487,0.2566236508820005,0.40121921859150034,0.5997899202269521,0.43301009262970447,0.38934976757411155,0.5578951118063012,0.5695740281771218,0.5121724816751839,0.49726631047141523,0.5919739238897225,0.6190646993459059,0.557296230433819,0.6509424012794345,0.6773075342995643,0.593800158412888,0.9022156575382055,0.9119355254904046,0.8893688305592495,0.0,0.8870384538261968,0.7479141615553557,0.7748702013843511,0.8237100821496586,0.5918859105315121,0.7578210584049676,0.793396959583261,0.5744733214894492,0.6217151790064206,0.6900065589015796,0.6040913836182921,0.5088449006082546,0.5003625414013679,0.7468098906619034,0.5673616069896077,0.4554559258522381,0.5412901152900702,0.5522004735061599,0.4031033533766472,0.39535324906255825,0.32351710121446425,0.2658513970338297,0.3193502557605589,0.29640462390846983,0.4138770111758088,0.5180186524628028,0.5880630606672843,0.3875308538634756,0.48647909146242585
0.5025175839975948,0.8477453048210596,0.8454818085176222,0.9830004952752447,0.9280503952738623,0.4076623238414199,0.35558297572138364,0.37965679715612993,0.36782789541200006,0.24301226849213153,0.3818745578843985,0.5800173170435541,0.4112448650923059,0.3753180654227864,0.48917069026538795,0.5496230149989996,0.4790799047328656,0.4812790974319839,0.5085261139867547,0.5408358190946948,0.5012351300369023,0.6609992440430484,0.6917689310945835,0.5914714593888062,0.9434011333599753,0.9560302399512361,0.9989452373374211,0.8870384538261968,0.0,0.857463503039064,0.7688694401389528,0.8618539706623566,0.6159594774498227,0.7625658669298508,0.8826164612400141,0.5869824186577596,0.6145376376330475,0.6733933470688822,0.6014093070924007,0.5073977010087556,0.49574698500059533,0.7355224073126454,0.5563188439846387,0.4441827592261738,0.4741138368798637,0.5384195725452504,0.39069071719927095,0.4006644730180722,0.31391193330275546,0.2554127675468962,0.31593787970866144,0.28160035383181115,0.40587320249047454,0.4912824029213182,0.5608388153041929,0.37681452741460236,0.500100437020151
0.7282598223800454,0.7599025168056099,0.6544418822023143,0.7600469237637074,0.8285865704846433,0.5861828319437294,0.5143900925565351,0.5359447236235741,0.538913761942952,0.33397673249292303,0.559201031782769,0.7030456711677424,0.5569055361773965,0.5210227634212143,0.6676993929761023,0.704850462925684,0.6675726347823412,0.6345036932965583,0.6651589751316189,0.7001243633282487,0.6334901266395275,0.8607999740912169,0.8817639200659744,0.8278023076359271,0.9775591291895427,0.9296859603171346,0.9691436391821331,0.7479141615553557,0.857463503039064,0.0,1.0,0.9820834633884046,0.8451651150993856,0.8944558995566889,1.0,0.8120013003408175,0.8518303169061507,0.8426495884676122,0.8065824415836965,0.6972421273468395,0.6657382485302685,0.9413749556263373,0.7734560468056022,0.624412550245375,0.6368504780981313,0.7143672814345363,0.5765897444380655,0.5706465542388011,0.44352423590282897,0.34824285727778426,0.43659400876565824,0.3946005630822051,0.5603824755770376,0.6783702725019732,0.6889075731426658,0.5219801514564412,0.7154136996080518
0.7711725361056193,0.7293764177758304,0.6195595926003493,0.7423249370940831,0.7976455685267346,0.6186787372010076,0.5550305467805942,0.5742970983017106,0.5811258587396558,0.3788827958787413,0.5847294440893522,0.7942694890982508,0.6295453965415723,0.5581563785705376,0.6933727168031234,0.7653928906644932,0.6831567891003384,0.6505250736295266,0.69894210469592,0.710408143622181,0.6408002816443599,0.8796027698552289,0.9014182261285407,0.9022925642098051,0.9671101953450959,0.9319553203720709,0.9403862711595508,0.7748702013843511,0.7688694401389528,1.0,0.0,0.9800957293177891,0.8644803845767057,0.9268489559617538,0.9711875075489124,0.8391641437343169,0.9158731074120168,0.8566399992127989,0.8180595482467584,0.7453141757880228,0.7685404758686415,0.9761883187874387,0.7858329860113714,0.6493088036626471,0.6983693953006358,0.7258860539096863,0.6259345852665837,0.5982617696242317,0.48460497002688935,0.3796981044755069,0.46404566128118807,0.4276691350862683,0.6216945643923758,0.753460174841846,0.765702793795448,0.5465852725290941,0.7159609374898157
0.7509238794104282,0.8181238723765651,0.6245802517962908,0.7600549898901197,0.8579052470200011,0.596982732318099,0.5178878572199174,0.5452731636489694,0.5613848886353826,0.36126382891231024,0.5537964508707977,0.7863646095596879,0.622799356025165,0.541392107076612,0.6859428848394781,0.7544798038621252,0.7326137258990949,0.6594682551940644,0.674590200143774,0.7382783217055093,0.7100012927486832,0.8785038078809614,0.8757966466584636,0.789033636102814,0.9525345455914077,0.9175362624839328,0.9312224474888567,0.8237100821496586,0.8618539706623566,0.9820834633884046,0.9800957293177891,0.0,0.8302885734453437,0.9054785073780938,0.9954610949091612,0.7918277422271979,0.8499918625728264,0.845632129275318,0.8001811014799565,0.7406266369743901,0.7131216877387078,0.9907354750228277,0.7512842191905219,0.638669096323624,0.6834779991692647,0.7283308033566226,0.5787979496394501,0.5651325767586393,0.48467785794931234,0.3746689519577664,0.46430889198532155,0.4220740590705066,0.610600846948192,0.6798804198011779,0.741848191567261,0.560938052185357,0.7013505049817638
0.8928389350192344,0.5596251051749278,0.4216824132439202,0.5085068483833269,0.6004812462987182,0.7874183627400609,0.6984568710210616,0.7382733159667308,0.7596351952640378,0.5001571061440674,0.7225813584938964,0.8800348714824653,0.7693257625814363,0.7269667911734417,0.8222641759947191,0.8117977866164757,0.8773316947742041,0.7646042338068837,0.8456493255216115,0.8265245985308503,0.7676749400212762,0.9391521393435878,0.9117130958606193,0.9331489056300557,0.7505283475505782,0.7276919337155437,0.7419378237078275,0.5918859105315121,0.6159594774498227,0.8451651150993856,0.8644803845767057,0.8302885734453437,0.0,0.8877807350104451,0.8624861659234511,0.9614107304982267,0.9100321231979909,0.8635052437899223,0.8996106360022588,0.9166672996474958,0.9903358662234066,0.9462417029903074,0.8945705147305121,0.8431245718107846,0.8221962047316113,0.9177428418107116,0.7761410975299179,0.8401006642985747,0.6110972333915639,0.5020909827953027,0.6031680237173528,0.5568764072536779,0.7449525038725121,0.8598843990358728,0.8296212967640665,0.7786486514852758,0.9214398813615661
0.7588445255204426,0.6900671587038409,0.540245118143776,0.6052544414036561,0.7046039873775486,0.6777903893218992,0.612465119436591,0.625640354449226,0.6282926809365287,0.4160207995281393,0.6570199063509301,0.8601897758134432,0.695420857002434,0.6202490892093301,0.7790292889905361,0.8625817466696998,0.7748696260272676,0.7450840379285796,0.8037670433834284,0.8298741458224254,0.7600902373800164,0.8674090881104762,0.9554738408964588,0.8887206468885963,0.8639190281614842,0.8756915401580535,0.857124447139287,0.7578210584049676,0.7625658669298508,0.8944558995566889,0.9268489559617538,0.9054785073780938,0.8877807350104451,0.0,0.9549781838226858,0.8618640959889273,0.8940950841401585,0.941550877701765,0.9008751427203185,0.7945412867572856,0.798344971730114,0.9479576783348621,0.8865434759951086,0.7103545420684333,0.8329907953501794,0.8214366469814962,0.6589810503853218,0.7002610689075509,0.5210081167481582,0.42944498618192006,0.5296381661037703,0.4818332323415399,0.6967783434692758,0.7642363142860124,0.8464122827489203,0.6306811288431086,0.838824465106854
0.7473818503081727,0.7726865548240478,0.6243872877319072,0.7555501690091221,0.8594914103158589,0.6013319434218849,0.5383134067683403,0.5359928593785646,0.5824639614650111,0.3573769510012405,0.5774142792030476,0.8633217582110165,0.6348294581395391,0.570185619947135,0.7026996458490247,0.7810309597434468,0.7095793551921102,0.6792746290701462,0.6952761797162299,0.8072229533395519,0.71530936065525,0.8778358244296854,0.8644920881682906,0.8357601996240555,0.9701318990624939,0.9344304906174146,0.9887408134384765,0.793396959583261,0.8826164612400141,1.0,0.9711875075489124,0.9954610949091612,0.8624861659234511,0.9549781838226858,0.0,0.819678944800074,0.8971568431527029,0.8734209658014359,0.8925112564134018,0.7409680083842944,0.7803945385550602,1.0,0.7921657055983502,0.6731176620447236,0.7350771996557821,0.7289564633599027,0.601673087669086,0.559018345450911,0.4731206722137581,0.37014790623510774,0.4462642870224653,0.4215693257048897,0.6126284956274067,0.7409021099059253,0.759245449541359,0.5515056285308608,0.7150051790882661
0.9299153609994888,0.5821629041172142,0.4113184773419535,0.5013687107741767,0.5625651323294608,0.8662360973600393,0.7168839637621799,0.748715330603059,0.7781850899497825,0.5164856082065289,0.8271774440175943,0.8703827942114275,0.7920855087776151,0.7200068183601488,0.7975237309066184,0.8151025441623598,0.8059222567693912,0.7347565318375191,0.7926076967033768,0.8048256110680924,0.7800812339558365,0.904179626218047,0.8973457802112337,0.9057649611005386,0.7225854596992544,0.7078980591448678,0.7101993237694283,0.5744733214894492,0.5869824186577596,0.8120013003408175,0.8391641437343169,0.7918277422271979,0.9614107304982267,0.8618640959889273,0.819678944800074,0.0,0.9414221104181942,0.8901481022340688,0.8906463009619628,0.9416187652270154,0.9413228285894912,0.9289767859161672,0.9252360859474383,0.8969633657018146,0.7959485474585232,0.9114746581200818,0.7997137310691725,0.8813040131742802,0.6281457299488542,0.5247000048013448,0.6138112770317133,0.5729121046279353,0.7988665899340452,0.8732480475804122,0.7421947598026123,0.7254571628253651,0.8665987714842992
