Cingulate area 2,Glomerular layer of the accessory olfactory bulb,Glomerular layer of the olfactory bulb,"Olfactory bulb, unspecified",Frontal association cortex,Cornu ammonis 3,Dentate gyrus,Cornu ammonis 2,Cornu ammonis 1,Fasciola cinereum,Subiculum,Postrhinal cortex,Presubiculum,Parasubiculum,Perirhinal area 35,Perirhinal area 36,Medial entorhinal cortex,Lateral entorhinal cortex,Primary auditory area,"Secondary auditory area, dorsal part","Secondary auditory area, ventral part","Piriform cortex, layer 1","Piriform cortex, layer 2","Piriform cortex, layer 3",Ventrolateral orbital area,Lateral orbital area,Ventral orbital area,Medial orbital area,Dorsolateral orbital area,Prelimbic area,Secondary motor area,Frontal association area 3,Primary motor area,"Agranular insular cortex, ventral area",Agranular insular cortex dorsal area,Cingulate area 1,Infralimbic area,Dysgranular insular cortex,Granular insular cortex,"Primary somatosensory area, forelimb representation","Primary somatosensory area, dysgranular zone","Primary somatosensory area, face representation",Secondary somatosensory area,"Primary somatosensory area, hindlimb representation","Agranular insular cortex, posterior area","Primary somatosensory area, barrel field",Retrosplenial dysgranular area,"Primary somatosensory area, trunk representation",Retrosplenial granular area,"Parietal association cortex, lateral area","Parietal association cortex, medial area","Parietal association cortex, posterior area",Primary visual area,"Secondary visual area, lateral part",Temporal association cortex,"Secondary visual area, medial part",Nucleus of the lateral olfactory tract
0.0,0.8060637300158546,0.31096295143101815,0.4902346806055264,0.6409252858737589,0.805549154041138,0.7935150772124557,0.8058552618176749,0.749101178618978,0.6344183946151095,0.7842905946272777,0.7146162537111729,0.6664246068514156,0.6532746482322065,0.7140549136404243,0.7468106211907759,0.6302591900182171,0.7059147036239437,0.7021673195319956,0.744634228344433,0.6451276515861191,0.8654813318385521,0.8494218847856527,0.8528363592538575,0.5468191647496178,0.7916428910480571,0.8211619334790392,0.8019012271707114,0.6826837778427146,0.7149468775447287,0.8080801481857657,0.8685738928641951,0.8105617732610076,0.8257761477643912,0.7648660006287475,0.8711798578585599,0.8819488851202143,0.6966753940568848,0.7481327424362199,0.9427432001808866,0.9249023055586277,0.8466415508574685,0.8156098577991163,0.817907304153231,0.7507575949370636,0.8432949056695697,0.8529941782838806,0.8401943550315668,0.8657749439083712,0.8854077697185637,0.847676606513051,0.7414146294060463,0.7688624795746375,0.680805645386565,0.6360134037569893,0.7728884532827117,0.8354000269737893
0.8060637300158546,0.0,0.35865518271915914,0.55924908597746,0.6658386273784261,0.8366084781477675,0.8446114869572663,0.8552034233346935,0.8603628357025723,0.7190404834367567,0.8707359244578411,0.7971190466898876,0.7808026242834434,0.7262187809839874,0.7835631027577256,0.8647680879822823,0.7838199231321856,0.765808867318713,0.7828964921333516,0.8140801274110985,0.7644622074683778,0.7908288673875511,0.7830973086555834,0.8363372548964798,0.6017131839063377,0.796805378273107,0.8252748082008955,0.8952936893960277,0.6657446594711007,0.6782804648412487,0.7096592497932733,0.8116975607924821,0.7711742279219097,0.8876303390461154,0.800622386347889,0.6791408813720055,0.8290177019855692,0.7646464989646485,0.7635404846727504,0.8446258861986258,0.8271923882907304,0.8264653611410223,0.7992014606986796,0.7853093340361553,0.8214215774054565,0.8222298127650846,0.8521974336619379,0.8441327269008436,0.8227962480781132,0.8551770271441388,0.8096544766950339,0.8515012154676892,0.8327893318824056,0.8165260895585609,0.7393436699196703,0.8106091302645715,0.8641009737954637
0.31096295143101815,0.35865518271915914,0.0,0.7771706448872605,0.46857329898085226,0.372944244672328,0.4151976147058606,0.3594087015951246,0.35912435005863186,0.4632117603201736,0.4687582246083184,0.4778849774090902,0.5339997559223301,0.49062023822510387,0.3835289495820299,0.3633343080316393,0.53224758180135,0.40109671679915365,0.3863415292045851,0.40771400593269674,0.3671051046070502,0.37086377542367605,0.35657517106883446,0.3336944289967028,0.5126167094656805,0.38853002310288276,0.34185340372344286,0.3411782448330454,0.3300180070660417,0.35912839832375293,0.324429388534327,0.3645045579849112,0.3143382906441622,0.3633340191064818,0.32477024172417235,0.24872501465132021,0.2643050744230876,0.3824912813045597,0.3859064432227066,0.3091774300180593,0.2555558991224779,0.351225564773301,0.3879666576646713,0.35483340983675665,0.3948773805717964,0.3174182546926721,0.44196608191258674,0.27209850086227333,0.36867921818771887,0.34138819390234554,0.3088484701991425,0.2909719067031354,0.4833721947766533,0.45427080798965197,0.4033910462645672,0.44591579284461424,0.42116051438106905
0.4902346806055264,0.55924908597746,0.7771706448872605,0.0,0.7499246133770896,0.595903011252483,0.6810450040393122,0.6044064137973565,0.581911938862313,0.741858360950369,0.7434981712453241,0.7178479498430872,0.7274236634409693,0.7228676448099786,0.6274866240071113,0.5781937560430649,0.8157798388737099,0.6312351038812557,0.6007908862211114,0.6886016775824405,0.6069311810284768,0.6321129571437858,0.5931085190512274,0.5668188206108277,0.7435966567156742,0.663095390983891,0.5693449084100533,0.5403316178095429,0.5653151015403692,0.5853981064752912,0.537986075212223,0.5713124352459841,0.5193463462518388,0.623675407792031,0.5217781368484419,0.391757989654625,0.4153428285677766,0.6177688225085686,0.6335886064888729,0.5099437974854599,0.4061924700547018,0.5860804350209398,0.6247068595136451,0.5708608393374364,0.6135544209729944,0.4931210889703715,0.668606586805291,0.43405055370086004,0.5907477329627336,0.5348001512034599,0.4883524448361853,0.464481387652112,0.7508780002153677,0.6723125646961059,0.616612095738562,0.7346967846798866,0.6346055044197798
0.6409252858737589,0.6658386273784261,0.46857329898085226,0.7499246133770896,0.0,0.8341535476790669,0.776265006468416,0.8060534693146627,0.7650701764763641,0.8001604049252318,0.8941649677607423,0.6916579220407029,0.7831902701812681,0.6919506802243713,0.7848004003909167,0.7566725943370518,0.7950104334162981,0.7278910340530457,0.8236346683265651,0.9199801524655822,0.7918500522673572,0.8252198594933664,0.7515376565401024,0.7345344335266881,0.908633825106965,0.8234440964846815,0.7835271531494467,0.6865063581553741,0.7859401169875875,0.7999576672351515,0.7731140065225773,0.8241899116306083,0.7527619334058789,0.8347374928742185,0.7465268076811986,0.5607012092716921,0.5871686877826885,0.7685894842248285,0.7153596486642319,0.7030956873689591,0.5958500599153214,0.7886257682619406,0.7382402910321024,0.7542411722867254,0.663864640875405,0.6948661726893927,0.9048490299036287,0.6430496552694972,0.8259760383621867,0.6509450681889977,0.6021261281723205,0.6307591296409066,0.8243529943384615,0.7981842978295713,0.662373615687291,0.8363558113015419,0.7248842766109387
0.805549154041138,0.8366084781477675,0.372944244672328,0.595903011252483,0.8341535476790669,0.0,0.941408235968876,0.9847341438391571,0.9754770585295484,0.8023944095486462,0.9708804934346523,0.8294512613705822,0.7661536999019479,0.7966883277110133,1.0,0.9943462227374449,0.868186500452808,0.8696486229418307,0.9219600143893414,0.9710098879170619,0.863765817707385,0.9793360622929217,0.9326462842302651,0.9374177997147335,0.7827289388564517,0.9872470906029076,0.9691542145014898,0.9038877304412475,0.9279335015595949,0.94524897706395,0.9457576830026686,0.9459461712716262,0.9171444495763482,1.0,0.9026032097827208,0.7562647373635946,0.8509870851232205,0.8657512553088883,0.8460541001238691,0.9362902489628547,0.8983061219021077,0.9527302069316591,0.85365920877827,0.9705375237723924,0.8217840934577182,0.9569069472256114,0.9588009813108178,0.9614212291155494,0.9570930233811483,0.9034780638874628,0.8419643921420817,0.9235747572402327,0.8901358789907355,0.8889094139419773,0.816964812549368,0.98343004294543,0.8987857555910769
0.7935150772124557,0.8446114869572663,0.4151976147058606,0.6810450040393122,0.776265006468416,0.941408235968876,0.0,0.9676426527566935,1.0,0.92210545754284,1.0,0.9392907018261272,0.8867223971295132,0.9156415574368095,0.9861283134180259,0.98142237400087,0.8722660247119436,0.9364149450800627,0.914148474578227,0.9979126584167551,0.8714004260145889,0.9620322699682071,0.9503343628665778,0.8893108099148335,0.7815989963233758,0.9849844218907463,0.8630488285060535,0.8464088533792504,0.811567152566814,0.8275922320717242,0.8269690684492671,0.9269433186596381,0.8612680878291774,0.9078770053212848,0.8049439429457562,0.6913986741820076,0.7603342032065507,0.8763483405210252,0.9244104284593745,0.8749409595359393,0.80401162356326,0.9200662989562215,0.8580410925771214,0.9711612978396287,0.8508409057526335,0.8228778616236988,0.9770201993201364,0.8290758240538174,0.9535328361285423,0.8363644831064752,0.8245391227446586,0.8548369476017925,0.9897565407805845,0.9522998312218292,0.8580926148318675,0.9834829154835593,0.9017462083347474
0.8058552618176749,0.8552034233346935,0.3594087015951246,0.6044064137973565,0.8060534693146627,0.9847341438391571,0.9676426527566935,0.0,0.9723176578534736,0.8340038293433139,0.9466814928025342,0.8000238609112241,0.8262951259122719,0.8271251313082724,0.9878615775054553,1.0,0.7962420543729687,0.9171824357879124,1.0,0.9930163950965503,0.8896958192124219,0.9730531690460077,0.8591455235375541,0.927291571752575,0.7948518957479606,0.997021963414187,0.8781555575435912,0.9042289523307437,0.9053301581365153,0.8837850310693794,0.8665781806621078,0.990508739286777,0.9310566732904324,1.0,0.8844315726120351,0.7282908063670863,0.8083784427904205,0.901639701417882,0.9214530110102165,0.9027434915678696,0.8705292710845451,0.9650200856661171,0.9198847667571195,0.9747310366804864,0.8199343193177446,0.863201515003856,0.945131119478148,0.9862041934250378,0.9332862911441069,0.8367699167841449,0.7717032966372005,0.9334080620502303,0.9162790373122905,0.9127426190593054,0.8532353693918562,0.93361808967315,0.8200957445921285
0.749101178618978,0.8603628357025723,0.35912435005863186,0.581911938862313,0.7650701764763641,0.9754770585295484,1.0,0.9723176578534736,0.0,0.8165648823963878,0.9446201099874473,0.8498680745299505,0.7593336329136993,0.7968555734029384,0.9808368483092635,0.9989469802248921,0.799588114333503,0.8838826191155057,0.9392372546719023,0.9765170079353648,0.8599730174301997,0.8986751529451968,0.9285048008771957,0.8983666070398675,0.7667034577107207,0.9846755468427528,0.937645034572932,0.7986690150541591,0.901941131162787,0.8878266930408366,0.8762997071494601,0.9519615329938215,0.8602665342843193,0.9938542164867461,0.8338830965963437,0.7368821118620065,0.7612728334345232,0.8981035311350121,0.8793597909231119,0.9109050377957996,0.8389880999378564,0.9401872317384469,0.8444682535275876,0.9482059620933591,0.8107968225982674,0.8284756066354828,0.8747660291941162,0.8956521910734421,0.9493788076537371,0.867709507267463,0.8424357695510396,0.8918657326776059,0.8862908056654747,0.8744550794812438,0.874393770187221,0.8965492882111296,0.8091425498550064
0.6344183946151095,0.7190404834367567,0.4632117603201736,0.741858360950369,0.8001604049252318,0.8023944095486462,0.92210545754284,0.8340038293433139,0.8165648823963878,0.0,0.9209658741162494,0.7820749594381141,0.8052862603519176,0.805773907623056,0.8963649663038422,0.8414766033586294,0.8337022329682658,0.8507719197434229,0.915886696649997,0.8828719618052432,0.833740753781913,0.8256238344754274,0.7582729676244214,0.7765494288743297,0.8335324118894515,0.88492769742456,0.8234399183804856,0.6992538149957389,0.8135653611276148,0.8208830027985464,0.745595693465653,0.7969965960312648,0.686538474657061,0.8397261834921629,0.774255409105733,0.5571395809380302,0.6187645241716981,0.7821093818595148,0.7595375972299211,0.7512184421068268,0.659161475333481,0.782273867656687,0.7385741433664453,0.8156985502479173,0.7405431268050052,0.6773629203759823,0.8404741247456688,0.6830231728070605,0.8510260353989983,0.7023973779314704,0.6384030825285117,0.7863050153987277,0.908093809894869,0.83423426582411,0.8194274151298961,0.8850191908265381,0.7588063373522947
0.7842905946272777,0.8707359244578411,0.4687582246083184,0.7434981712453241,0.8941649677607423,0.9708804934346523,1.0,0.9466814928025342,0.9446201099874473,0.9209658741162494,0.0,0.9754573628747435,0.9813936640364773,0.9120570525752848,0.9672130474488704,1.0,0.9090145873363977,0.9217190363360824,0.98978523081021,0.9864335688005965,0.9305630988443133,0.9096426826474501,0.8453785995094548,0.8821757947637232,0.8622056695294196,0.9412628847656136,0.8492032229207379,0.8070420741161821,0.8420701111978133,0.8216014184179873,0.8184805860124673,0.8839278747619264,0.8441636643332638,0.9551781235922321,0.8509589148974352,0.6406272420749438,0.7471048814498877,0.8640831352921364,0.8795758116312232,0.8644090509906853,0.7782922295132971,0.8910310394938351,0.9643616650858052,0.9248406702270617,0.8597292631420328,0.8299581616600806,1.0,0.8209771724806668,0.9715783389832116,0.8783793227686685,0.8175852502471574,0.8592505358313978,0.9612084082668894,0.9602644009582524,0.9668652403155937,1.0,0.9454874808413244
0.7146162537111729,0.7971190466898876,0.4778849774090902,0.7178479498430872,0.6916579220407029,0.8294512613705822,0.9392907018261272,0.8000238609112241,0.8498680745299505,0.7820749594381141,0.9754573628747435,0.0,0.8499117960545508,0.9972884517314891,0.8339946000114103,0.917135791618973,0.9025473560322321,0.9025454702898649,0.8134351855523648,0.8713807072647229,0.8196577808044442,0.8067861255591958,0.7760415475122552,0.7680555592619915,0.734192508491587,0.7952773225383813,0.7575786496767368,0.7906333359315549,0.652513262303975,0.6800449205659457,0.6806006102929398,0.7576422042719162,0.6663627562555805,0.7441633655930864,0.6926442396710837,0.5549063619866452,0.6603074497625993,0.7545427461754273,0.8297953905791564,0.6982130543075344,0.6583149399646376,0.7738493556885092,0.8038203387947389,0.7934283191915844,0.7695131607765289,0.7173105022913103,0.9299806766036167,0.6982588380817905,0.8809488611250189,0.8039072231709166,0.7909844121101336,0.6916985959641622,0.9291725018944942,0.9074710776943031,0.9404104669146236,0.9477417509467946,0.8106613054656501
0.6664246068514156,0.7808026242834434,0.5339997559223301,0.7274236634409693,0.7831902701812681,0.7661536999019479,0.8867223971295132,0.8262951259122719,0.7593336329136993,0.8052862603519176,0.9813936640364773,0.8499117960545508,0.0,0.9528903292984979,0.8221543240119106,0.8482541312851976,0.883290372872902,0.8540172906405039,0.8195131651541518,0.8752901679976952,0.7740008555520227,0.7681450754824214,0.7240833151945076,0.7156524754875375,0.7639547326772215,0.7507940639996915,0.7084187100512942,0.7495361620565759,0.6720582830923617,0.6748582910661532,0.6316079818890138,0.760796982575881,0.622440050857362,0.7860218024162584,0.6810308724198717,0.5535179519610453,0.6340554636061475,0.7500649077231829,0.7406840501574827,0.6753493474969968,0.6226503366779332,0.7862674690691467,0.7777162332090601,0.7453281058199656,0.7737302033993473,0.6564433209740208,0.9192783965671508,0.6545531068087928,0.8041328663097138,0.7515023250821811,0.6538555738189875,0.6884093886389401,0.9705665876999081,0.903630295236566,0.7908784629913665,0.8895773285085357,0.7740336346886368
0.6532746482322065,0.7262187809839874,0.49062023822510387,0.7228676448099786,0.6919506802243713,0.7966883277110133,0.9156415574368095,0.8271251313082724,0.7968555734029384,0.805773907623056,0.9120570525752848,0.9972884517314891,0.9528903292984979,0.0,0.8401589272307812,0.90436824703275,0.9364830845973798,0.8715988112786074,0.8756059321243204,0.9000075839701535,0.7586976001971443,0.7297790096893423,0.7053053776496401,0.7265974424872966,0.7466332051839368,0.7854689157668907,0.7197600147266657,0.736398964672619,0.6073384756154377,0.6385146387368361,0.6549647770769621,0.7093055858936457,0.6249604362620214,0.7856650423058887,0.6995985596079904,0.5271622174182766,0.6532287540224889,0.7482805523577372,0.7717660545967422,0.6904759452389755,0.6154876475302758,0.7190716193389413,0.8160481755176283,0.7697296341172366,0.7373988218140419,0.6535104820054489,0.8772203940637359,0.6458389892591857,0.8437014238706046,0.7507245084835056,0.6876198596369265,0.679498481138055,0.9632976955699516,0.9371891556850547,0.8164436059469273,0.9095269353657673,0.790532210706983
0.7140549136404243,0.7835631027577256,0.3835289495820299,0.6274866240071113,0.7848004003909167,1.0,0.9861283134180259,0.9878615775054553,0.9808368483092635,0.8963649663038422,0.9672130474488704,0.8339946000114103,0.8221543240119106,0.8401589272307812,0.0,1.0,0.8675809178370799,0.9944731634609223,0.976598447791366,0.9353434889907326,0.8927754078281451,0.9018257276500109,0.8370451124852636,0.9153736180963556,0.800957917068051,0.9520109370456231,0.8425189805138787,0.8161370325130458,0.9143026997733059,0.8536433030922729,0.8430510344331178,0.9224916995054976,0.8026128748215452,0.9610836780004218,0.8485392294621626,0.6710761258034577,0.7015543764727816,0.8512980491435495,0.872153823102977,0.8280912555309995,0.7733913414098992,0.8405107296599745,0.8656767007645899,1.0,0.825270810500741,0.818889256218858,0.950381748856876,0.8305783304007879,0.9532402925603417,0.8280284200705315,0.8056394112567451,0.8703967143005714,0.9511972134542516,0.9461393358982025,0.9362953458282055,0.9643962967188652,0.8506385402265719
0.7468106211907759,0.8647680879822823,0.3633343080316393,0.5781937560430649,0.7566725943370518,0.9943462227374449,0.98142237400087,1.0,0.9989469802248921,0.8414766033586294,1.0,0.917135791618973,0.8482541312851976,0.90436824703275,1.0,0.0,0.8886616517668915,1.0,0.9894373023281124,1.0,0.9811099537283593,0.888397411991923,0.8807441878745282,0.8811687748854055,0.7305178863616799,0.9582623854905757,0.9448784677818666,0.8664165623928619,0.8866272312394731,0.8238118895298143,0.8792096476958757,0.9885812231777249,0.8192383983638276,0.9729027690746669,0.8812182062030917,0.683136037835918,0.8076514613752823,0.837972955856593,0.8253836938111387,0.8762561360283442,0.8236045138819713,0.9572515448224831,0.8533387732029819,1.0,0.8140267810198676,0.8048268007476616,0.916575249234975,0.968632169471418,0.9669231792771629,0.8763763691478191,0.8073107054983736,0.9578298574750886,0.9580340980955091,0.9832625433794535,0.9669047243567862,0.9935726445042363,0.8527991284327769
0.6302591900182171,0.7838199231321856,0.53224758180135,0.8157798388737099,0.7950104334162981,0.868186500452808,0.8722660247119436,0.7962420543729687,0.799588114333503,0.8337022329682658,0.9090145873363977,0.9025473560322321,0.883290372872902,0.9364830845973798,0.8675809178370799,0.8886616517668915,0.0,0.8792597434441586,0.8645907687242298,0.929733232903024,0.8057821868941125,0.7747695789540636,0.7522466871011201,0.7061150704875326,0.8165760403071742,0.8122072237605171,0.7311988985927143,0.7722961401134592,0.7061673284948636,0.7437081588734834,0.6983187434524425,0.7711335336513239,0.6593954379691419,0.7736711263929837,0.6788713627397948,0.5375395596196426,0.593619409270869,0.7806156563432486,0.798659442291813,0.6721740994934837,0.6258639205196131,0.7954072276587522,0.810996582480691,0.7931237909405435,0.8384209851430398,0.6806455513498383,0.9047212970544802,0.648736867738928,0.8915586562006531,0.7822491754172101,0.6991368174468524,0.7012297038684013,0.97282296332948,0.9162801002306762,0.9154631022413449,0.9137790186188576,0.8849525838294832
0.7059147036239437,0.765808867318713,0.40109671679915365,0.6312351038812557,0.7278910340530457,0.8696486229418307,0.9364149450800627,0.9171824357879124,0.8838826191155057,0.8507719197434229,0.9217190363360824,0.9025454702898649,0.8540172906405039,0.8715988112786074,0.9944731634609223,1.0,0.8792597434441586,0.0,0.9460891637012872,0.9808533301959173,0.953807209798995,0.8478509954519974,0.8188697923459454,0.8233001185112663,0.8281126526975324,0.8931639988509446,0.8072787156401938,0.7512072236460003,0.7815678587654777,0.812509241075637,0.7836327520054445,0.8589927819310114,0.7484870343176045,0.8577875056876493,0.7607534327907441,0.6033458808483819,0.6863088127450774,0.7863293568160641,0.8231356709457,0.7529556172095171,0.7379297979337271,0.8270128196216292,0.8646251226272846,0.9047176393732155,0.8110225875395192,0.776477215279168,0.8841763382424865,0.8555429483550199,0.8947144500946352,0.8165555349030617,0.7957991620293761,0.8742380992697237,0.9556694510873174,1.0,1.0,0.9383815437609838,0.784064116568119
0.7021673195319956,0.7828964921333516,0.3863415292045851,0.6007908862211114,0.8236346683265651,0.9219600143893414,0.914148474578227,1.0,0.9392372546719023,0.915886696649997,0.98978523081021,0.8134351855523648,0.8195131651541518,0.8756059321243204,0.976598447791366,0.9894373023281124,0.8645907687242298,0.9460891637012872,0.0,0.9851282683723305,0.9727967948534579,0.8363790036584958,0.8373423572219629,0.8521592931095987,0.7760385044687349,0.9518234057662199,0.9311317560228852,0.782829111070552,0.8806352129773355,0.7793915869627314,0.8567023063658965,0.9065326550677948,0.7839842022049046,0.9811539347532073,0.814209991072908,0.6396810844500211,0.6929809532325499,0.8777333447685407,0.8186520398831668,0.817479886556142,0.7527079459149187,0.856473135497646,0.8101353734160416,0.8731486410829216,0.8102887069064763,0.7564168567161672,0.9099522496394142,0.8257665584099748,0.8975310374689097,0.8089702399493202,0.7587305649314158,0.8990106681625029,0.9297418498577031,0.9531893085342368,0.8422133395690139,0.9223481381552829,0.8156861504877838
0.744634228344433,0.8140801274110985,0.40771400593269674,0.6886016775824405,0.9199801524655822,0.9710098879170619,0.9979126584167551,0.9930163950965503,0.9765170079353648,0.8828719618052432,0.9864335688005965,0.8713807072647229,0.8752901679976952,0.9000075839701535,0.9353434889907326,1.0,0.929733232903024,0.9808533301959173,0.9851282683723305,0.0,0.9583540016209338,0.9345050632936688,0.8646913191332435,0.9395669132561174,0.8551265503470323,1.0,0.9666670094325504,0.8008213862372995,0.928612366467012,0.8928348133933026,0.8739502451338853,0.9064359699489339,0.8394123374655306,1.0,0.841061200350151,0.664086964441288,0.7260649904597315,0.8893463966204915,0.8497757880512811,0.8455365756738642,0.7699406156232185,0.9453808377848242,0.8595356396180232,1.0,0.8229180853619892,0.8402389607992051,0.9991231130770118,0.9009974225024587,0.9419433406122026,0.8678971644877788,0.8002679809590035,0.9078245421699547,0.9909498129261666,0.9493963731877125,0.9767361314039337,1.0,0.8393977201894877
0.6451276515861191,0.7644622074683778,0.3671051046070502,0.6069311810284768,0.7918500522673572,0.863765817707385,0.8714004260145889,0.8896958192124219,0.8599730174301997,0.833740753781913,0.9305630988443133,0.8196577808044442,0.7740008555520227,0.7586976001971443,0.8927754078281451,0.9811099537283593,0.8057821868941125,0.953807209798995,0.9727967948534579,0.9583540016209338,0.0,0.8135275698330023,0.81227275716654,0.8068063804095938,0.8160405967914565,0.8848991339948964,0.8455736569911702,0.7331326777073266,0.8121850718418003,0.7884476970924537,0.7503037618737151,0.8178337423216785,0.7668380577977801,0.8672201446998861,0.7690616010194494,0.6201590887547063,0.6663683285224821,0.7902051086229508,0.8006287501775201,0.7738292166896767,0.7528034889538019,0.7700360330610564,0.7705358568738049,0.837469519240114,0.7512382818619117,0.7112386193474578,0.8030465759444877,0.8033417153060809,0.8354664838963622,0.7869081539292139,0.748907150556214,0.8593788374716631,0.8584669077621949,0.9015989939863047,0.8436229540382536,0.886240412056297,0.7607793695293119
0.8654813318385521,0.7908288673875511,0.37086377542367605,0.6321129571437858,0.8252198594933664,0.9793360622929217,0.9620322699682071,0.9730531690460077,0.8986751529451968,0.8256238344754274,0.9096426826474501,0.8067861255591958,0.7681450754824214,0.7297790096893423,0.9018257276500109,0.888397411991923,0.7747695789540636,0.8478509954519974,0.8363790036584958,0.9345050632936688,0.8135275698330023,0.0,0.9338328815203129,0.9738577519377956,0.7451399709805476,0.9570089874296849,0.9206509832715284,0.8123127205482301,0.9096709007281664,0.911746759087062,0.9090413569184551,1.0,0.9523566355415295,0.9586501217979998,0.9075467245151838,0.8293634189625279,0.8183759982074396,0.9322670031778166,0.9459451863788735,0.9829763330160216,0.8732361850404428,1.0,0.927454472894722,1.0,0.9303293123181171,0.9653445006458446,0.9393473885031617,0.9196178647498906,0.9488064102520959,0.9194718778023844,0.8581925126465239,0.8075361288330032,0.8917988060738085,0.8317694258242507,0.7521163652893081,0.93420966650233,0.9265548747409953
0.8494218847856527,0.7830973086555834,0.35657517106883446,0.5931085190512274,0.7515376565401024,0.9326462842302651,0.9503343628665778,0.8591455235375541,0.9285048008771957,0.7582729676244214,0.8453785995094548,0.7760415475122552,0.7240833151945076,0.7053053776496401,0.8370451124852636,0.8807441878745282,0.7522466871011201,0.8188697923459454,0.8373423572219629,0.8646913191332435,0.81227275716654,0.9338328815203129,0.0,0.9934285564997373,0.7102241341245502,0.8844264365285637,0.9243761494626358,0.7965366496865591,0.883233376441059,0.8732106094003251,0.8442197894207414,0.9308998030886727,0.9288691324197833,0.9232867463785656,0.8627479984678255,0.78381973738581,0.8143584488014505,0.8438248319147962,0.8792091406258797,0.9583723714444354,0.8093452852914442,0.9834061867981029,0.8586797209996354,0.9671285687864507,0.8559440817562326,0.9330076570511281,0.926762701389641,0.8897069574935921,0.8544265115151188,0.8799383087864423,0.8462081539567464,0.8424344171980003,0.9098890433259491,0.7948101052950639,0.7941103841728968,0.9633048023757648,0.8384690344500038
0.8528363592538575,0.8363372548964798,0.3336944289967028,0.5668188206108277,0.7345344335266881,0.9374177997147335,0.8893108099148335,0.927291571752575,0.8983666070398675,0.7765494288743297,0.8821757947637232,0.7680555592619915,0.7156524754875375,0.7265974424872966,0.9153736180963556,0.8811687748854055,0.7061150704875326,0.8233001185112663,0.8521592931095987,0.9395669132561174,0.8068063804095938,0.9738577519377956,0.9934285564997373,0.0,0.6829193579328475,0.9624506829678313,0.9247547809351956,0.8176172029968549,0.8222243463444872,0.8700580633781936,0.8495104387605439,0.9781418304587011,0.9003298841212944,0.959384350044173,0.8680900017112179,0.8706239209016382,0.8155247632692311,0.8854144738462031,0.8477607959179744,0.9742810741955532,0.9178761138161267,0.9486109152636892,0.8649954670248037,0.9900659450586775,0.827275239065614,0.9506787738829922,0.8668227961514438,0.9049950081821546,0.9046002696184489,0.8926324462467198,0.8747648502232708,0.8952127791420192,0.8014063123199775,0.7927743598591886,0.7721620792531161,0.9118323362434825,0.8421786429191068
0.5468191647496178,0.6017131839063377,0.5126167094656805,0.7435966567156742,0.908633825106965,0.7827289388564517,0.7815989963233758,0.7948518957479606,0.7667034577107207,0.8335324118894515,0.8622056695294196,0.734192508491587,0.7639547326772215,0.7466332051839368,0.800957917068051,0.7305178863616799,0.8165760403071742,0.8281126526975324,0.7760385044687349,0.8551265503470323,0.8160405967914565,0.7451399709805476,0.7102241341245502,0.6829193579328475,0.0,0.8131271547742401,0.7395009148696523,0.6213440819181194,0.8009996271777711,0.7947941343210946,0.7016642947832034,0.7184622880124112,0.6358619188053086,0.8074156143603514,0.691551174291705,0.4907077158101339,0.5008490998814201,0.7318644831758451,0.7375833641745558,0.6188142328837902,0.515987521971566,0.7619982509915374,0.7474418613552347,0.7573984705943572,0.6689144437415138,0.6194347436113542,0.7756599870673526,0.6196977217150503,0.7459516365626008,0.5828266891599698,0.5575561116610633,0.6237163513116749,0.8521496553142905,0.8219227376313839,0.716801937864699,0.8520820752189282,0.6492657606592113
0.7916428910480571,0.796805378273107,0.38853002310288276,0.663095390983891,0.8234440964846815,0.9872470906029076,0.9849844218907463,0.997021963414187,0.9846755468427528,0.88492769742456,0.9412628847656136,0.7952773225383813,0.7507940639996915,0.7854689157668907,0.9520109370456231,0.9582623854905757,0.8122072237605171,0.8931639988509446,0.9518234057662199,1.0,0.8848991339948964,0.9570089874296849,0.8844264365285637,0.9624506829678313,0.8131271547742401,0.0,0.8854847463631995,0.8285078683020751,0.9346184298186441,0.9337113900696895,0.9533195814122671,0.9655645018256735,0.893988251689269,0.9843734001580953,0.8858303969439015,0.7271455367083127,0.749922723261833,0.932325087033936,0.8252024769863133,0.9407767467998265,0.8115178108021196,0.9839585840403685,0.8760150320737166,1.0,0.8112205550540331,0.8361197891414899,0.9081425663277471,0.8583922294130056,0.9602038919746554,0.8111977047147528,0.7969273003834417,0.8978902428232773,0.918937953118984,0.8645222949102861,0.8249637323056311,0.9717950042691316,0.8472011359669631
0.8211619334790392,0.8252748082008955,0.34185340372344286,0.5693449084100533,0.7835271531494467,0.9691542145014898,0.8630488285060535,0.8781555575435912,0.937645034572932,0.8234399183804856,0.8492032229207379,0.7575786496767368,0.7084187100512942,0.7197600147266657,0.8425189805138787,0.9448784677818666,0.7311988985927143,0.8072787156401938,0.9311317560228852,0.9666670094325504,0.8455736569911702,0.9206509832715284,0.9243761494626358,0.9247547809351956,0.7395009148696523,0.8854847463631995,0.0,0.862886583681242,0.9048038483001309,0.8845105868309587,0.9034336484456379,0.9621248624940553,0.9120233944833513,0.9604960733049384,0.8503446398816493,0.7754400462946164,0.7936663994644946,0.8577382943968322,0.7996072615601644,0.8941953052855429,0.812470847542967,0.9316904689036422,0.8504352120315302,0.9792403535499659,0.7610425405548412,0.8471382498073946,0.920935003714294,0.9123985968411596,0.8569878948874429,0.822010674802093,0.816910096548654,0.8888744610314634,0.8412221305128378,0.8127043075286744,0.7930849408195039,0.9055094251296417,0.8050342044696039
0.8019012271707114,0.8952936893960277,0.3411782448330454,0.5403316178095429,0.6865063581553741,0.9038877304412475,0.8464088533792504,0.9042289523307437,0.7986690150541591,0.6992538149957389,0.8070420741161821,0.7906333359315549,0.7495361620565759,0.736398964672619,0.8161370325130458,0.8664165623928619,0.7722961401134592,0.7512072236460003,0.782829111070552,0.8008213862372995,0.7331326777073266,0.8123127205482301,0.7965366496865591,0.8176172029968549,0.6213440819181194,0.8285078683020751,0.862886583681242,0.0,0.7133056209533012,0.7019606619306135,0.7599203094388909,0.8510366068245878,0.7834819113294716,0.8258777795711921,0.8171943290741068,0.7261827582859675,0.8805742853351223,0.743630306705169,0.7788038768046804,0.8195255809428614,0.8386509068532183,0.8628478620281299,0.8202715889116631,0.8489687938920261,0.752262037071827,0.7522264795521506,0.8590245368255859,0.824032173601081,0.8633243473410724,0.7859669531550166,0.7352108890464776,0.7829915844855806,0.8744961239789814,0.7744057373443978,0.706850919801852,0.8131171035345498,0.764886480455957
0.6826837778427146,0.6657446594711007,0.3300180070660417,0.5653151015403692,0.7859401169875875,0.9279335015595949,0.811567152566814,0.9053301581365153,0.901941131162787,0.8135653611276148,0.8420701111978133,0.652513262303975,0.6720582830923617,0.6073384756154377,0.9143026997733059,0.8866272312394731,0.7061673284948636,0.7815678587654777,0.8806352129773355,0.928612366467012,0.8121850718418003,0.9096709007281664,0.883233376441059,0.8222243463444872,0.8009996271777711,0.9346184298186441,0.9048038483001309,0.7133056209533012,0.0,0.9161850689609876,0.8800261498333047,0.9153619315509262,0.8791237446045048,0.9574151426890225,0.8386091432315839,0.6785676725382966,0.6420592238194662,0.8644689447669327,0.7675312211584353,0.8344643527689812,0.7147231051957185,0.9004644116390846,0.71935067505402,0.890209361861925,0.702855950318707,0.7897376065849332,0.8076607212780821,0.8286318508422886,0.8557107979142905,0.7179605128847222,0.6865692226148419,0.8513531312571602,0.7594266334367701,0.7483470168493664,0.709028729004344,0.8093439401722476,0.7047685268052923
0.7149468775447287,0.6782804648412487,0.35912839832375293,0.5853981064752912,0.7999576672351515,0.94524897706395,0.8275922320717242,0.8837850310693794,0.8878266930408366,0.8208830027985464,0.8216014184179873,0.6800449205659457,0.6748582910661532,0.6385146387368361,0.8536433030922729,0.8238118895298143,0.7437081588734834,0.812509241075637,0.7793915869627314,0.8928348133933026,0.7884476970924537,0.911746759087062,0.8732106094003251,0.8700580633781936,0.7947941343210946,0.9337113900696895,0.8845105868309587,0.7019606619306135,0.9161850689609876,0.0,0.8500649391430742,0.9748106739506539,0.8640516990523943,0.9500607966749287,0.8374672617599155,0.7055811503615218,0.6597208249041894,0.8637409702378822,0.7846001736860784,0.8411999358713683,0.7272063182957061,0.8417250881816666,0.7695772651231435,0.9484976301802112,0.7361805413452251,0.7942302462527963,0.8256678304528056,0.7431270228897553,0.836726074366773,0.7176796939333056,0.7445395645403509,0.7468931489213838,0.7733906815467346,0.7698929423050376,0.6929173368823982,0.8445527351722568,0.7499569958041086
0.8080801481857657,0.7096592497932733,0.324429388534327,0.537986075212223,0.7731140065225773,0.9457576830026686,0.8269690684492671,0.8665781806621078,0.8762997071494601,0.745595693465653,0.8184805860124673,0.6806006102929398,0.6316079818890138,0.6549647770769621,0.8430510344331178,0.8792096476958757,0.6983187434524425,0.7836327520054445,0.8567023063658965,0.8739502451338853,0.7503037618737151,0.9090413569184551,0.8442197894207414,0.8495104387605439,0.7016642947832034,0.9533195814122671,0.9034336484456379,0.7599203094388909,0.8800261498333047,0.8500649391430742,0.0,0.9813474581106825,0.9396539764129703,0.9367509246163155,0.8620796498846343,0.7703957297020021,0.7896003576830852,0.8165035628712602,0.7217830956602767,0.9122223103016253,0.8175384594178194,0.8661485353323477,0.8417148290212438,0.949277112049488,0.747697689261481,0.8394620141945526,0.857112730709386,0.8603212371800432,0.8429471773015947,0.8333630583989359,0.7714261059616073,0.7996450607818057,0.7591630591225546,0.7445645878539628,0.7444100456904162,0.799891528032683,0.7698441705375741
0.8685738928641951,0.8116975607924821,0.3645045579849112,0.5713124352459841,0.8241899116306083,0.9459461712716262,0.9269433186596381,0.990508739286777,0.9519615329938215,0.7969965960312648,0.8839278747619264,0.7576422042719162,0.760796982575881,0.7093055858936457,0.9224916995054976,0.9885812231777249,0.7711335336513239,0.8589927819310114,0.9065326550677948,0.9064359699489339,0.8178337423216785,1.0,0.9308998030886727,0.9781418304587011,0.7184622880124112,0.9655645018256735,0.9621248624940553,0.8510366068245878,0.9153619315509262,0.9748106739506539,0.9813474581106825,0.0,0.8818165478031145,0.9666465310458051,0.8975325852261913,0.8134448653787594,0.844532106572582,0.9020258089456292,0.8587354206817355,0.9901966741651196,0.8706500001899504,0.9807959791240701,0.8802777970155039,0.9627732780022874,0.7845093017739383,0.8944582529950572,0.9019286580377167,0.9305023019870662,0.9600235450368332,0.8289518367251607,0.7953496090330796,0.8634844387599342,0.8795777089255975,0.8186630451397138,0.7363604900463895,0.8813064626210837,0.8436488177672467
0.8105617732610076,0.7711742279219097,0.3143382906441622,0.5193463462518388,0.7527619334058789,0.9171444495763482,0.8612680878291774,0.9310566732904324,0.8602665342843193,0.686538474657061,0.8441636643332638,0.6663627562555805,0.622440050857362,0.6249604362620214,0.8026128748215452,0.8192383983638276,0.6593954379691419,0.7484870343176045,0.7839842022049046,0.8394123374655306,0.7668380577977801,0.9523566355415295,0.9288691324197833,0.9003298841212944,0.6358619188053086,0.893988251689269,0.9120233944833513,0.7834819113294716,0.8791237446045048,0.8640516990523943,0.9396539764129703,0.8818165478031145,0.0,0.9678650374480952,0.8794144498015972,0.9304515847893184,0.8273535362001421,0.8467398530757613,0.8168209621439256,0.9896111611465253,0.8596049972549761,0.9496289128448183,0.8149256349764483,0.9641226251130945,0.7733598473854455,0.9615897773509714,0.8527249796025697,0.8793919705775674,0.8075296369743517,0.8125061424669008,0.8266549533332216,0.840592426934341,0.72943157039626,0.7349859297247662,0.7301665680251944,0.8164076674005641,0.805294977872929
0.8257761477643912,0.8876303390461154,0.3633340191064818,0.623675407792031,0.8347374928742185,1.0,0.9078770053212848,1.0,0.9938542164867461,0.8397261834921629,0.9551781235922321,0.7441633655930864,0.7860218024162584,0.7856650423058887,0.9610836780004218,0.9729027690746669,0.7736711263929837,0.8577875056876493,0.9811539347532073,1.0,0.8672201446998861,0.9586501217979998,0.9232867463785656,0.959384350044173,0.8074156143603514,0.9843734001580953,0.9604960733049384,0.8258777795711921,0.9574151426890225,0.9500607966749287,0.9367509246163155,0.9666465310458051,0.9678650374480952,0.0,0.9416837429016169,0.79754456355355,0.8139712315166661,0.9506224007671027,0.926118493452198,1.0,0.9044333559677523,1.0,0.8956754033540677,0.9672990946122036,0.8578409578684103,0.8634953376434356,0.8827613071124685,0.9271159089674622,0.9446868250349857,0.794068856035962,0.8329394584322323,0.9642994125296325,0.8681977780344032,0.832823372034952,0.8036384958129997,0.8887538579230391,0.8170988995508988
0.7648660006287475,0.800622386347889,0.32477024172417235,0.5217781368484419,0.7465268076811986,0.9026032097827208,0.8049439429457562,0.8844315726120351,0.8338830965963437,0.774255409105733,0.8509589148974352,0.6926442396710837,0.6810308724198717,0.6995985596079904,0.8485392294621626,0.8812182062030917,0.6788713627397948,0.7607534327907441,0.814209991072908,0.841061200350151,0.7690616010194494,0.9075467245151838,0.8627479984678255,0.8680900017112179,0.691551174291705,0.8858303969439015,0.8503446398816493,0.8171943290741068,0.8386091432315839,0.8374672617599155,0.8620796498846343,0.8975325852261913,0.8794144498015972,0.9416837429016169,0.0,0.7775995600395283,0.8339128312401766,0.8156217954497672,0.8301016796917158,0.8928049032162084,0.8416216538119912,0.9240695166739419,0.89427109432518,0.8702544226963611,0.7633587240467042,0.8911240543837554,0.8495014605622272,0.8847026927416555,0.8490134148407474,0.7641695302910251,0.7441145283190453,0.8912707800852416,0.7445862929936026,0.7528505128813925,0.6843279513188507,0.8221504977769012,0.737058841157175
0.8711798578585599,0.6791408813720055,0.24872501465132021,0.391757989654625,0.5607012092716921,0.7562647373635946,0.6913986741820076,0.7282908063670863,0.7368821118620065,0.5571395809380302,0.6406272420749438,0.5549063619866452,0.5535179519610453,0.5271622174182766,0.6710761258034577,0.683136037835918,0.5375395596196426,0.6033458808483819,0.6396810844500211,0.664086964441288,0.6201590887547063,0.8293634189625279,0.78381973738581,0.8706239209016382,0.4907077158101339,0.7271455367083127,0.7754400462946164,0.7261827582859675,0.6785676725382966,0.7055811503615218,0.7703957297020021,0.8134448653787594,0.9304515847893184,0.79754456355355,0.7775995600395283,0.0,0.8584258055234203,0.7218853116323111,0.7143376415048455,0.9155087344119821,0.9128495809029097,0.8123926486260231,0.7454202753792009,0.8194976318121098,0.666378889274406,0.8689726845024691,0.7506589299150842,0.8091944099922908,0.7109104223795697,0.7796199956293721,0.7680011754715451,0.7256684318925465,0.619002633470749,0.5940524314345934,0.5764304902899814,0.6797092985658357,0.7397496787810359
