Cingulate area 2,Glomerular layer of the accessory olfactory bulb,Glomerular layer of the olfactory bulb,"Olfactory bulb, unspecified",Frontal association cortex,Cornu ammonis 3,Dentate gyrus,Cornu ammonis 2,Cornu ammonis 1,Fasciola cinereum,Subiculum,Postrhinal cortex,Presubiculum,Parasubiculum,Perirhinal area 35,Perirhinal area 36,Medial entorhinal cortex,Lateral entorhinal cortex,Primary auditory area,"Secondary auditory area, dorsal part","Secondary auditory area, ventral part","Piriform cortex, layer 1","Piriform cortex, layer 2","Piriform cortex, layer 3",Ventrolateral orbital area,Lateral orbital area,Ventral orbital area,Medial orbital area,Dorsolateral orbital area,Prelimbic area,Secondary motor area,Frontal association area 3,Primary motor area,"Agranular insular cortex, ventral area",Agranular insular cortex dorsal area,Cingulate area 1,Infralimbic area,Dysgranular insular cortex,Granular insular cortex,"Primary somatosensory area, forelimb representation","Primary somatosensory area, dysgranular zone","Primary somatosensory area, face representation",Secondary somatosensory area,"Primary somatosensory area, hindlimb representation","Agranular insular cortex, posterior area","Primary somatosensory area, barrel field",Retrosplenial dysgranular area,"Primary somatosensory area, trunk representation",Retrosplenial granular area,"Parietal association cortex, lateral area","Parietal association cortex, medial area","Parietal association cortex, posterior area",Primary visual area,"Secondary visual area, lateral part",Temporal association cortex,"Secondary visual area, medial part",Nucleus of the lateral olfactory tract
0.0,0.3881123605779349,0.2774711478043098,0.34282404426722674,0.5321626002381601,0.7647065277502961,0.7420553641001111,0.6729066740237108,0.7094997590738387,0.7695709045926811,0.6866540353176926,0.4922718325345178,0.5686541744118434,0.5270669999689556,0.655446271851401,0.6900010019950255,0.48073108572719087,0.559045442001759,0.725869687509773,0.7028504245237253,0.7126656911729448,0.7543389075590385,0.7136463065878316,0.9027198264162604,0.5818556347213614,0.6758150193970474,0.5696487024392876,0.4033475177685182,0.5944390272652869,0.7102737016282598,0.7305296103002016,0.5973208817324801,0.8338977135784736,0.7908059747512829,0.7310288648490153,0.9382145639317137,0.7780626048291736,0.6578431255305704,0.5607444464652394,0.8999604019605486,0.8578821219875774,0.8293255777015042,0.497294957271922,0.9446154803842672,0.580468610800354,0.6176218927838134,0.7301575494028207,0.6263475305849882,0.8885333465020804,0.6230876526442455,0.488467854627042,0.5300510966921399,0.661851216848634,0.7406894884154439,0.64297290588291,0.6950232064982488,0.6454977739387348
0.3881123605779349,0.0,0.7153708212744944,0.8259575498663727,0.7845039029780911,0.32457211753966564,0.34661823151741067,0.2778227829017237,0.33661135740295783,0.3778284995920515,0.41911102802562444,0.5558739009525923,0.36972178115068133,0.41611103507451647,0.5742871577224816,0.5363636489293536,0.5264050929859324,0.49747936615561544,0.5246826311713185,0.4653575452348173,0.5155032424919341,0.5923769730936466,0.5658477302540184,0.4979224832706549,0.6247588730089311,0.6919041320279942,0.6842476238017866,0.7498242558012361,0.7361824182037018,0.6405813269339808,0.5721426273618588,0.8010118106124375,0.5154651147773293,0.6168349968999927,0.6231485765726557,0.4261411359950985,0.6159206248083958,0.6003536666077989,0.5360914389387722,0.443315055327123,0.46263049702409337,0.5856043958772609,0.4775836478593575,0.3917301388086917,0.553015050703122,0.42039529531729514,0.4264003325025345,0.3635940367626965,0.482512415821667,0.3404719679737548,0.2324700090485848,0.5433578155923503,0.40648398801984537,0.39776858840077817,0.5624465140958921,0.4298539092489021,0.2781447263556645
0.2774711478043098,0.7153708212744944,0.0,0.8729817273183581,0.5022174466012795,0.22497438984203422,0.24585741984286785,0.18827995436020992,0.26107177278949056,0.27239913198091814,0.30194906687701345,0.4526012938020094,0.25413452305694517,0.30450095414569484,0.46003792818085815,0.3985568972377878,0.41753307867348094,0.43111830248817984,0.376548265568744,0.344592369494327,0.37839292493282517,0.39862027172400716,0.381424348802551,0.34413083879581735,0.5486355191816608,0.5532595599619735,0.5795082916074423,0.758929074999738,0.6245764155938679,0.472141713541621,0.4757209511228307,0.6035808184963519,0.3672366115572498,0.4252143740671815,0.4493551583314014,0.2801392215781625,0.4316259729123832,0.4100801358174078,0.38832353932442154,0.316232534723692,0.3368555359834652,0.4076091900120123,0.35601510114407775,0.26633994533019084,0.4160911827279852,0.32724420439449164,0.30762175891663585,0.28074753716293516,0.30345950350451667,0.2605451519398362,0.16765705085095733,0.4153200376608496,0.28432130623820695,0.28292154662565505,0.3929986345487665,0.31267124070677194,0.1837918501865401
0.34282404426722674,0.8259575498663727,0.8729817273183581,0.0,0.576893724461332,0.27613035451801377,0.30690044572977393,0.23088547132241027,0.3282129914703529,0.3417254201910881,0.38923996784965975,0.5429462576073496,0.3082230232543835,0.3850930103913784,0.5654241692357257,0.5445633285761065,0.5017892683140149,0.5277725777046856,0.48871021342777066,0.4126300669741545,0.4853526955905529,0.5098688378472388,0.46749338043103295,0.42466458075755686,0.6569559061122588,0.6716137903932836,0.6930676181906584,0.824841606714401,0.7434760936832365,0.5796582611448109,0.5803281265802905,0.7264059009373829,0.46485541129312613,0.5209884015541162,0.5539868283572513,0.34829262825957,0.5307788415405001,0.5143929741257921,0.47863083428332104,0.39402728122301045,0.41509609630121624,0.5018466592582697,0.42803847632490793,0.34476940588388416,0.47691542296971695,0.394941079087813,0.3863448801617259,0.34072429507203555,0.38622619213428677,0.31915397220855973,0.2016640491703827,0.5089833200435788,0.3599477338987697,0.3529149861443917,0.48962783935197396,0.392359540960085,0.22927124313113775
0.5321626002381601,0.7845039029780911,0.5022174466012795,0.576893724461332,0.0,0.4465037902327021,0.47467899651038387,0.3859927073210247,0.43764583183412425,0.4970810646956084,0.5392487003820416,0.6247667847420789,0.49003573139238266,0.5246538626957856,0.6471899796090258,0.6604147880539176,0.6181961295297241,0.5759544789392943,0.7051090113711864,0.613202318454509,0.6646010815137674,0.6852156675180058,0.7126444724517101,0.6430270771430536,0.7217743643473787,0.7689434794121022,0.6984259818116602,0.6161051903613146,0.763234539578411,0.779098483112064,0.6634984114330319,0.8753648189958593,0.6364420566785967,0.8195480148876628,0.789031386246067,0.582669328907966,0.8006018783405525,0.6996657767233447,0.6062865926515492,0.5863410355306539,0.6358071667961209,0.7463917980175804,0.5215745077925716,0.544384233144113,0.6325863366651439,0.5070366246175245,0.5749153706072369,0.46948005833550727,0.6749337334524562,0.4507905439419783,0.3046078199024961,0.6412292678314286,0.5433037706025567,0.5514786102074954,0.673863642163207,0.5405668279423939,0.3711202741788178
0.7647065277502961,0.32457211753966564,0.22497438984203422,0.27613035451801377,0.4465037902327021,0.0,0.9128975850874218,0.9794238751808025,0.8791460649765881,0.8900580755831673,0.7837040420718671,0.5335811227466737,0.8351657281479369,0.6690263558688011,0.6040666232101791,0.68939455197057,0.5545427831282048,0.6070240804850549,0.8093463110142095,0.7750132755554341,0.7438492522207871,0.7046994485109481,0.674963670198042,0.7831453812147295,0.5105572559811088,0.5302639040598254,0.46947617053508756,0.3496266005110641,0.47889662911520414,0.5665933386240841,0.571865453448809,0.4880390415310735,0.7269798465985877,0.6366633884904288,0.5660391062203993,0.7438917550397995,0.5696839079604564,0.6011791199131303,0.5603436459671479,0.8106157364687938,0.8309249960849877,0.6239411281837232,0.5137081175776634,0.9703324469335955,0.5470327921974573,0.6405259843611657,0.8571310629844502,0.8150162256550191,0.874870043311252,0.7437897560257953,0.7763299545789131,0.6003819332221638,0.8296823960973747,0.8728383377025503,0.6701967640367742,0.8737071554044334,0.8354619096635115
0.7420553641001111,0.34661823151741067,0.24585741984286785,0.30690044572977393,0.47467899651038387,0.9128975850874218,0.0,0.8970889011731232,0.906717251331242,0.8686884526017127,0.8505987805970228,0.6501666181279296,0.8926209306608892,0.7879443427313116,0.6772695237630985,0.778844815988745,0.6635738165642022,0.6832077173046255,0.8154478629858191,0.8618916628500551,0.7684060521685023,0.7197940067065443,0.7089785028794706,0.825575989393959,0.5394937926880288,0.5927750716869699,0.5156751621753941,0.3976265106429472,0.5439044497226696,0.5662123700657379,0.6166513370124476,0.48910249674953604,0.7056683680583427,0.7040232092418067,0.5858311501709251,0.7082851724727185,0.5835799867974619,0.6428170321105414,0.5977719959097082,0.7366749186734712,0.8242556085044371,0.6352213671558221,0.5176912251031311,0.8786153872047693,0.6021487470263386,0.7162823396876691,0.8513771356326503,0.8454103935627558,0.8658841611593007,0.8008897001226576,0.7535439486129247,0.7016780471898963,0.9558699367031464,0.9124355845014781,0.7410469983428029,0.8238839765188396,0.7265217934197025
0.6729066740237108,0.2778227829017237,0.18827995436020992,0.23088547132241027,0.3859927073210247,0.9794238751808025,0.8970889011731232,0.0,0.8435581736351628,0.8462501627842175,0.731653661524416,0.49156567844057786,0.8374452435592724,0.7055273151992076,0.5272181253911089,0.5736526446521093,0.5245957587883878,0.4946259660474378,0.6938023571412948,0.6963799559657923,0.6524173757743632,0.5674655715214273,0.5666872768109541,0.6842535854780647,0.3968139840693841,0.4285653727233133,0.37849126126457605,0.2826745573851476,0.3976349919118216,0.4375821428910197,0.47224781671980065,0.3962842393917426,0.5921423077314959,0.5375196314166587,0.4905547212291092,0.6615004409450442,0.48412026995505825,0.5114345634906892,0.5014494893079764,0.665609699408437,0.6735950443994203,0.508818583944836,0.42969814252869465,0.8241693747596961,0.4934533504816232,0.559566970715193,0.7444329517672661,0.7375247543121464,0.7928490464179744,0.6987250107731348,0.8842388781576306,0.5561626348243874,0.821887745213373,0.8578476164924574,0.5989066934390583,0.7607958613680309,0.8901151500464949
0.7094997590738387,0.33661135740295783,0.26107177278949056,0.3282129914703529,0.43764583183412425,0.8791460649765881,0.906717251331242,0.8435581736351628,0.0,0.920051271947829,0.8567114250509542,0.6443724616700348,0.7517704393177361,0.7496797825190432,0.7138972449481272,0.8088682322498282,0.7071426213038488,0.7634533442953677,0.8817409035584538,0.8749272646580978,0.7983290426048755,0.7430071643990097,0.7318312471948729,0.7731462922862784,0.5896537356723529,0.6092776844951555,0.5366374116734917,0.43954503241343035,0.5843039115627737,0.5846407310050431,0.6559939397412999,0.5089090824878001,0.7476226981976676,0.6750707250006025,0.5945153933122945,0.65093132526845,0.5612846238427813,0.6498220550986458,0.6075082757364921,0.7347214483419304,0.8329104729044311,0.6067496073643884,0.5344898148837544,0.8391445740192455,0.6256191102990666,0.738802272532996,0.822012848431868,0.9154371859896323,0.7511114259778966,0.8227662436305822,0.7100487436560584,0.6864643878014512,0.88276529561095,0.8299569858135991,0.7307376284738529,0.8839517124687967,0.693227469071276
0.7695709045926811,0.3778284995920515,0.27239913198091814,0.3417254201910881,0.4970810646956084,0.8900580755831673,0.8686884526017127,0.8462501627842175,0.920051271947829,0.0,0.8811771484413856,0.6512407819585706,0.7956212562297442,0.7583166456136212,0.760664788622347,0.8391638730803253,0.7132512171554984,0.7117360392974829,0.8719483786641519,0.9065150508060997,0.8043781807358363,0.7942786190926931,0.7669409251322957,0.8392185891906045,0.617165349084527,0.6340777867655857,0.5639106260248672,0.4216659839015969,0.607984920609689,0.6305969841448424,0.6927978806687747,0.5654950707933898,0.8618674771741394,0.7433360530111324,0.6736268658865222,0.7312545003076906,0.6314927903814015,0.7205423822462818,0.61988528779128,0.7865933379594208,0.9618786720721479,0.6857752406833768,0.5708031286676626,0.9265643324972053,0.6696827144036517,0.7255037989643924,0.8867398276230318,0.8245510108469638,0.8900950395442538,0.8256129537002005,0.6860162202689253,0.7432854024160768,0.9075787662374571,0.9244148835943102,0.803876928777716,0.8423644160102051,0.7650416623763532
0.6866540353176926,0.41911102802562444,0.30194906687701345,0.38923996784965975,0.5392487003820416,0.7837040420718671,0.8505987805970228,0.731653661524416,0.8567114250509542,0.8811771484413856,0.0,0.7494656041860855,0.8106475770404431,0.8114795702045375,0.7899758234582852,0.8980234902803115,0.7627192831475871,0.7815803677940029,0.9427193101811705,0.9938072902446314,0.9179809688020393,0.8106675111277566,0.8083574376963373,0.8282094952667305,0.6934077306908618,0.7196258045070472,0.6491073657136617,0.48870860181265746,0.6721801134201617,0.6766615490014964,0.7087030911103301,0.617379346044175,0.8208052436281277,0.7352246164892247,0.6818994007021072,0.6815026069929015,0.6776701913660834,0.727754361100383,0.6407660721831465,0.7253035978661767,0.8991489148473056,0.6839772613182546,0.5663033761643691,0.8230335510455503,0.6935499989149907,0.7525506387059911,0.9634515481785452,0.9275838038412887,0.8400560446464674,0.8023452180233555,0.6470345748917771,0.7836692845129418,0.8944820187409096,0.9079312246722827,0.7995492262137105,0.9396476309456563,0.6109850291337402
0.4922718325345178,0.5558739009525923,0.4526012938020094,0.5429462576073496,0.6247667847420789,0.5335811227466737,0.6501666181279296,0.49156567844057786,0.6443724616700348,0.6512407819585706,0.7494656041860855,0.0,0.6773815408259741,0.8012029247816514,0.9134333022997859,0.881053566248165,1.0,0.933454936971603,0.8727450363583859,0.8198926352390951,0.8511551805652063,0.8021762066361618,0.7293037774371119,0.6717796241389526,0.7911595874569558,0.788454995684084,0.7852579261350928,0.7481039457862707,0.8636267005542415,0.6686199850560359,0.6989991333390506,0.7196896867861026,0.7222292516616486,0.7174611131867774,0.6787715733303323,0.5051969611993782,0.6122265571575414,0.7254806335516798,0.7002223451322374,0.6083555166026094,0.728841040537917,0.6424509958115946,0.6144705871675051,0.5933781799474904,0.791927012385292,0.7009340310454362,0.7438939918583184,0.7342346273953408,0.6473577130972537,0.6303374518919765,0.4313910631581734,0.9138381841536458,0.7546480754267071,0.7032432045497183,0.8825778602971137,0.8285402236867113,0.4354913008071668
0.5686541744118434,0.36972178115068133,0.25413452305694517,0.3082230232543835,0.49003573139238266,0.8351657281479369,0.8926209306608892,0.8374452435592724,0.7517704393177361,0.7956212562297442,0.8106475770404431,0.6773815408259741,0.0,0.8046129641208383,0.6866328508219895,0.7284090622950412,0.7393581236065071,0.676945653464054,0.8342813413513209,0.8623757308579155,0.8051587611002423,0.6323858919429224,0.7213723622342146,0.6877712500458194,0.5527602509548359,0.5305808536249501,0.5025544255670802,0.3779991872933164,0.5296938242095461,0.5352712072056143,0.5467020494740669,0.50414872568211,0.6391822023006487,0.6187429129561859,0.5679062467992197,0.5765551271866207,0.5454760169775668,0.5921468381460736,0.5365051221496326,0.6177500809092681,0.7326369377754133,0.5693412409394685,0.46803967825577597,0.7824045547705664,0.5808118771869295,0.6239921615889863,0.8255197015621143,0.8464466051801248,0.8197460632323009,0.7885894321792694,0.7097743631448165,0.7286727802793116,0.8880510591042748,0.8496551399524853,0.7260730838148377,0.8344212139985389,0.6166515771654525
0.5270669999689556,0.41611103507451647,0.30450095414569484,0.3850930103913784,0.5246538626957856,0.6690263558688011,0.7879443427313116,0.7055273151992076,0.7496797825190432,0.7583166456136212,0.8114795702045375,0.8012029247816514,0.8046129641208383,0.0,0.7080814267029645,0.7522823938141504,0.8678232130362723,0.7710046203343811,0.8802380646936632,0.836715977933739,0.7857243839100037,0.6770479256708326,0.6754594787648068,0.6809881922313495,0.6126934217040363,0.6161324960675983,0.5621168119435557,0.4665139694374219,0.5995239306153208,0.5416441388202964,0.5817401283991026,0.5555897810348293,0.6412510633868982,0.609608829582156,0.5650233036131452,0.50080574312842,0.5359887385886191,0.6487081086732127,0.5865917852438686,0.6352130067013558,0.7325816737969855,0.5550760865867659,0.49375586021095036,0.6670150549889774,0.6340928240074455,0.6433698279987885,0.7970205981808282,0.7761999276612116,0.7334919751181651,0.6941956853122673,0.6460128572845933,0.834575079276826,0.8507977773430794,0.9004840497342959,0.7548772923921199,0.8618749035352817,0.5877798725206551
0.655446271851401,0.5742871577224816,0.46003792818085815,0.5654241692357257,0.6471899796090258,0.6040666232101791,0.6772695237630985,0.5272181253911089,0.7138972449481272,0.760664788622347,0.7899758234582852,0.9134333022997859,0.6866328508219895,0.7080814267029645,0.0,0.9527448281216933,0.8851442758902206,0.9479747123291229,0.9749288416387426,0.9214907095463774,0.9826153789891513,0.8963956519469071,0.867048988862199,0.8111843438486723,0.9623397465667834,0.9569680173026271,0.9137919162374343,0.7432140141821155,0.9608969712938633,0.8665058588139407,0.8886045153148242,0.875404069400083,0.8767611418550452,0.8915848159976814,0.7870088071060909,0.6170028828221762,0.7825146530079894,0.8284537778863121,0.69051411699908,0.7308211496661167,0.9037799491838243,0.7783301185884482,0.6276190902182603,0.7374335695687427,0.8200263132549217,0.7723887309231271,0.8535941962774463,0.8076814641168842,0.7745472176771129,0.713318899838382,0.4411470367447878,0.8426800794616248,0.7494205359033549,0.7754320521758575,0.9214515860085962,0.8281417592982873,0.45729926926934517
0.6900010019950255,0.5363636489293536,0.3985568972377878,0.5445633285761065,0.6604147880539176,0.68939455197057,0.778844815988745,0.5736526446521093,0.8088682322498282,0.8391638730803253,0.8980234902803115,0.881053566248165,0.7284090622950412,0.7522823938141504,0.9527448281216933,0.0,0.8625411761555967,0.9344899375294311,0.9809719542763347,1.0,0.9745289653846982,0.975558645942279,0.8936085491286447,0.8660881833243281,0.861918737042558,0.8865516833146162,0.8455112786322324,0.645257804737291,0.8702225899842213,0.8763771510378346,0.9098760611947813,0.7676376868418965,0.9251447061644779,0.8797599199301452,0.8361195048636455,0.6961750519221079,0.77747377782547,0.8075607122608375,0.7485349629597393,0.7868484974218095,0.9032045573745178,0.7859820601678371,0.6070802690680448,0.8032669112292296,0.7942389000844404,0.7600399696245721,0.8719177338217702,0.8285011937590376,0.8671608715102751,0.8019802244996621,0.49060259196858486,0.8917208380042764,0.8914638144434406,0.8427063987321198,0.9819857834032462,0.8866076298585479,0.534025521085611
0.48073108572719087,0.5264050929859324,0.41753307867348094,0.5017892683140149,0.6181961295297241,0.5545427831282048,0.6635738165642022,0.5245957587883878,0.7071426213038488,0.7132512171554984,0.7627192831475871,1.0,0.7393581236065071,0.8678232130362723,0.8851442758902206,0.8625411761555967,0.0,0.9372950598020757,0.888782599288139,0.8339158676609105,0.8603978597966209,0.7140161719933754,0.7287422300065601,0.6603867506474772,0.742152747471771,0.7085481309182219,0.7265800415551293,0.6556131252001081,0.8051735397340756,0.6283950016426633,0.6629061922696493,0.6601221549979358,0.6821522041033768,0.6967321586155105,0.6437267781842304,0.5015396705972841,0.5794543730475773,0.691770817787055,0.6962170173201985,0.5930779930751903,0.6840987262530503,0.5754565542969821,0.5722220498844436,0.6100426807951688,0.7384695531579963,0.6677378872956525,0.7941518588501854,0.7454574945221903,0.6645437675258374,0.6490627267816108,0.49743787653869675,0.8907904620655642,0.8048257310031625,0.7608365238163288,0.838941561210733,0.8041544559394556,0.4481636985714349
0.559045442001759,0.49747936615561544,0.43111830248817984,0.5277725777046856,0.5759544789392943,0.6070240804850549,0.6832077173046255,0.4946259660474378,0.7634533442953677,0.7117360392974829,0.7815803677940029,0.933454936971603,0.676945653464054,0.7710046203343811,0.9479747123291229,0.9344899375294311,0.9372950598020757,0.0,0.8603528877746301,0.8716518501096725,0.8978860113820305,0.85422558125848,0.8161578749559909,0.7671168512909264,0.816642775420259,0.7933163019240366,0.7873523799792601,0.6961381586697201,0.8430816360379352,0.6978225188790653,0.757892081690201,0.6929522726561221,0.776888523853646,0.7460757807587862,0.7063778276374543,0.5511708091017173,0.6290099545619892,0.7710341867188223,0.7135735776375104,0.6738000060298137,0.8114372161780844,0.649478145260111,0.6258022288624375,0.654781387065288,0.8009026546144461,0.808083313747531,0.8028148428559994,0.8389889719825174,0.6754732385437182,0.7170693805278927,0.4599770137650312,0.889611527460616,0.7915283165781333,0.7391633948475473,0.8563868319237318,0.7700835628125404,0.42391543700319984
0.725869687509773,0.5246826311713185,0.376548265568744,0.48871021342777066,0.7051090113711864,0.8093463110142095,0.8154478629858191,0.6938023571412948,0.8817409035584538,0.8719483786641519,0.9427193101811705,0.8727450363583859,0.8342813413513209,0.8802380646936632,0.9749288416387426,0.9809719542763347,0.888782599288139,0.8603528877746301,0.0,1.0,1.0,0.9556098115356831,0.9097085382838009,0.8946141880982781,0.8002256603746143,0.8755055012638229,0.7750730098106892,0.605313040099101,0.8311627946666692,0.7416410454415351,0.83843530844708,0.7542152064984032,0.8862695471557122,0.8932523329235385,0.7841132465987433,0.7361616962669064,0.7546517163200263,0.7893983425563736,0.7231727895753005,0.8135216637409256,0.9740601209467713,0.7348690213322069,0.6498410285851413,0.8338409455725262,0.7881044224458779,0.790884314893292,0.9423672615292619,0.8229164542486032,0.8857505205413048,0.7872549293641692,0.5669004814487543,0.8587438372938198,0.8891001631563925,0.915780828700316,0.9872722128884985,0.9708982584710363,0.6216549873453265
0.7028504245237253,0.4653575452348173,0.344592369494327,0.4126300669741545,0.613202318454509,0.7750132755554341,0.8618916628500551,0.6963799559657923,0.8749272646580978,0.9065150508060997,0.9938072902446314,0.8198926352390951,0.8623757308579155,0.836715977933739,0.9214907095463774,1.0,0.8339158676609105,0.8716518501096725,1.0,0.0,0.9693701767483768,0.9207231831342569,0.8623465606306137,0.8808350205434161,0.7400027419513612,0.7798848182801775,0.7466529415650817,0.5460504296236199,0.7643772396548936,0.7162332354467847,0.7293054412993941,0.6748106056754214,0.8533400828324721,0.8128029998840821,0.724284048237301,0.6869256761016157,0.7110671376042013,0.8183757769883443,0.6976145222440625,0.7514900333417108,0.8901211659385961,0.7002417125942676,0.6083356148179652,0.8243345528502654,0.7781368722727449,0.8241368021674736,0.9050927875120395,0.9954796570621165,0.9432399656849206,0.8150733711611331,0.6133415874526438,0.8811691242105539,0.9177775753598367,0.9905673354063597,0.9565084568409444,0.9333933075742671,0.6420454479454675
0.7126656911729448,0.5155032424919341,0.37839292493282517,0.4853526955905529,0.6646010815137674,0.7438492522207871,0.7684060521685023,0.6524173757743632,0.7983290426048755,0.8043781807358363,0.9179809688020393,0.8511551805652063,0.8051587611002423,0.7857243839100037,0.9826153789891513,0.9745289653846982,0.8603978597966209,0.8978860113820305,1.0,0.9693701767483768,0.0,0.8894675846263689,0.8967763643797552,0.8302289857568441,0.8419557965275069,0.8731832406277007,0.8028883750940602,0.620144799981884,0.8104908864544539,0.8308944860160379,0.8834216919803412,0.7593683284800956,0.8777167359641427,0.8410512615085824,0.8572384960312337,0.692760166763239,0.778284274916194,0.8094149173711699,0.6844663430791403,0.7874768589010293,0.9480920834296983,0.7805713936457518,0.611256619699711,0.8210153250881198,0.7563808222370011,0.744996147288475,0.929248695645808,0.8371602869201409,0.9603500988869489,0.8070561764099277,0.5252178152185407,0.8642846611616111,0.8871089516360956,0.8876321584502208,0.9145323996215817,0.9275247397318019,0.6098600727081974
0.7543389075590385,0.5923769730936466,0.39862027172400716,0.5098688378472388,0.6852156675180058,0.7046994485109481,0.7197940067065443,0.5674655715214273,0.7430071643990097,0.7942786190926931,0.8106675111277566,0.8021762066361618,0.6323858919429224,0.6770479256708326,0.8963956519469071,0.975558645942279,0.7140161719933754,0.85422558125848,0.9556098115356831,0.9207231831342569,0.8894675846263689,0.0,0.9327853808958938,0.9359038833818529,0.8423425041463051,0.8977809368836339,0.8366622162040408,0.6348554184621577,0.9232618005711971,0.9415388444271867,0.9782729274094731,0.8511755203388135,0.9704763517958008,0.9405792646504598,0.8991917764384368,0.8243852119971876,0.9145970564388464,0.9361727030969577,0.7933393403058372,0.8433487042186785,0.9545144660711502,0.9175850384303132,0.7460600403782732,0.8436365622027909,0.8624114894723244,0.8116614673269618,0.8500328590303466,0.7542229000467998,0.9085819209606182,0.6876074238956688,0.4610734936109528,0.7821888924055082,0.7220072829048155,0.7968517859068338,0.8599295542644224,0.8207543708414358,0.5388318517879633
0.7136463065878316,0.5658477302540184,0.381424348802551,0.46749338043103295,0.7126444724517101,0.674963670198042,0.7089785028794706,0.5666872768109541,0.7318312471948729,0.7669409251322957,0.8083574376963373,0.7293037774371119,0.7213723622342146,0.6754594787648068,0.867048988862199,0.8936085491286447,0.7287422300065601,0.8161578749559909,0.9097085382838009,0.8623465606306137,0.8967763643797552,0.9327853808958938,0.0,0.9056860126560329,0.7987144808849626,0.8412650229759294,0.7728053894118341,0.6013754196864608,0.8012591088504364,0.8667156427068834,0.8475916249117138,0.7781825870732939,0.930251372749218,0.9253923284247352,0.8057342636068636,0.8130943780950141,0.8980402396704474,0.8880158710990455,0.7908826398779791,0.8016204971531595,0.8916557614279259,0.7960131125992611,0.6962620132504233,0.840661544684701,0.8626463864221566,0.7560275178240183,0.7789967750524889,0.7587366374393154,0.8904345039372791,0.7072021436641183,0.4916052844064983,0.8050339915171014,0.7953090177657923,0.8076387801928461,0.8730479449853408,0.7585812709978682,0.5367786329336733
0.9027198264162604,0.4979224832706549,0.34413083879581735,0.42466458075755686,0.6430270771430536,0.7831453812147295,0.825575989393959,0.6842535854780647,0.7731462922862784,0.8392185891906045,0.8282094952667305,0.6717796241389526,0.6877712500458194,0.6809881922313495,0.8111843438486723,0.8660881833243281,0.6603867506474772,0.7671168512909264,0.8946141880982781,0.8808350205434161,0.8302289857568441,0.9359038833818529,0.9056860126560329,0.0,0.7841565074618964,0.7927637101877756,0.6941386415796866,0.5228732961902772,0.7582487661252568,0.8000575408440219,0.8029448880570997,0.7273420425119891,0.9639240156390124,0.8862018358748861,0.8399496045478537,0.8913097946832235,0.8367073622414355,0.8772244512014924,0.7642241528681091,0.9013405849101331,0.9792392131356064,0.887577971170363,0.6981889731224424,0.9054730891512769,0.8063296730432534,0.7557602357169021,0.7903735897812727,0.7640809093875425,0.9413819972563109,0.7429410538893775,0.5162119593282891,0.7133649434151021,0.7997699096967135,0.8466513231987873,0.8130707553561883,0.8097019910986275,0.6085038873552759
0.5818556347213614,0.6247588730089311,0.5486355191816608,0.6569559061122588,0.7217743643473787,0.5105572559811088,0.5394937926880288,0.3968139840693841,0.5896537356723529,0.617165349084527,0.6934077306908618,0.7911595874569558,0.5527602509548359,0.6126934217040363,0.9623397465667834,0.861918737042558,0.742152747471771,0.816642775420259,0.8002256603746143,0.7400027419513612,0.8419557965275069,0.8423425041463051,0.7987144808849626,0.7841565074618964,0.0,0.9547734381651822,0.8877061653132929,0.7664671762057137,0.9877939110318136,0.8652612396778369,0.9180522249618974,0.8908856238131347,0.8042226734005999,0.8524521965598314,0.8456935935906018,0.5998330227314489,0.7901269146515799,0.7835312329139684,0.6450650693563728,0.6856335500970536,0.7671254957511031,0.7662441209548279,0.537748612243403,0.6209704570795521,0.7050303501469415,0.6499571667173556,0.6774359123612583,0.6358214337946986,0.6821558436947037,0.573886879127706,0.34358750499112384,0.7314655139241597,0.6413637512777356,0.6272394867582777,0.7868003381135903,0.6861083388853073,0.37418664656751077
0.6758150193970474,0.6919041320279942,0.5532595599619735,0.6716137903932836,0.7689434794121022,0.5302639040598254,0.5927750716869699,0.4285653727233133,0.6092776844951555,0.6340777867655857,0.7196258045070472,0.788454995684084,0.5305808536249501,0.6161324960675983,0.9569680173026271,0.8865516833146162,0.7085481309182219,0.7933163019240366,0.8755055012638229,0.7798848182801775,0.8731832406277007,0.8977809368836339,0.8412650229759294,0.7927637101877756,0.9547734381651822,0.0,1.0,0.8294522829580651,0.9874995454154335,0.9320042258416841,0.9469542866387236,0.9862090334437903,0.8412794806016847,0.8659383175249623,0.8828351651452314,0.6619455397616593,0.8938596007573828,0.8199567470105164,0.749205308302924,0.7518135787599104,0.8168994367267096,0.8365396758007063,0.6578461659033156,0.6492465707762541,0.8119248471434487,0.6854344443411927,0.7191973819284553,0.6163720892078123,0.7355311190010998,0.5793625922207488,0.350693151956505,0.7458694755033641,0.6345049534516316,0.667166775445919,0.8381532663446328,0.725628500624828,0.42880407870915077
0.5696487024392876,0.6842476238017866,0.5795082916074423,0.6930676181906584,0.6984259818116602,0.46947617053508756,0.5156751621753941,0.37849126126457605,0.5366374116734917,0.5639106260248672,0.6491073657136617,0.7852579261350928,0.5025544255670802,0.5621168119435557,0.9137919162374343,0.8455112786322324,0.7265800415551293,0.7873523799792601,0.7750730098106892,0.7466529415650817,0.8028883750940602,0.8366622162040408,0.7728053894118341,0.6941386415796866,0.8877061653132929,1.0,0.0,0.8063818497377556,0.9771457841952492,0.9168485046719062,0.8998338339948425,0.9224567651968592,0.7390913424103411,0.8350937781565071,0.8584877461416128,0.5923093753113069,0.8457380303112477,0.7802374457794455,0.6543992482653503,0.6568185028142995,0.7079250386207561,0.7554343775975535,0.5232090067958697,0.5888799881106526,0.6912289368102473,0.601991720466397,0.6534802335535805,0.5735258479200832,0.6169835601342227,0.5446902375875433,0.3181973967011348,0.7100799237955654,0.5857268258034238,0.6101429525735278,0.8109655538200421,0.651921924764815,0.34713125125532573
0.4033475177685182,0.7498242558012361,0.758929074999738,0.824841606714401,0.6161051903613146,0.3496266005110641,0.3976265106429472,0.2826745573851476,0.43954503241343035,0.4216659839015969,0.48870860181265746,0.7481039457862707,0.3779991872933164,0.4665139694374219,0.7432140141821155,0.645257804737291,0.6556131252001081,0.6961381586697201,0.605313040099101,0.5460504296236199,0.620144799981884,0.6348554184621577,0.6013754196864608,0.5228732961902772,0.7664671762057137,0.8294522829580651,0.8063818497377556,0.0,0.9152561646980927,0.6872460514090749,0.7029860811863103,0.7956169709948766,0.5898903252202761,0.6449653053780495,0.6282562187761823,0.40359539582090936,0.5859874818034321,0.6848487411840907,0.6408995584632171,0.4729582108634339,0.5419131102858106,0.5758215009967687,0.6211975196410117,0.42053443493899,0.7235948163118803,0.563409303489143,0.5125217878411193,0.4674207747678764,0.4698830752199948,0.41358801916939736,0.25922226830210765,0.6423263431838665,0.44300662933090407,0.43740014048594855,0.62089340645866,0.4999976343035977,0.2759204131723269
0.5944390272652869,0.7361824182037018,0.6245764155938679,0.7434760936832365,0.763234539578411,0.47889662911520414,0.5439044497226696,0.3976349919118216,0.5843039115627737,0.607984920609689,0.6721801134201617,0.8636267005542415,0.5296938242095461,0.5995239306153208,0.9608969712938633,0.8702225899842213,0.8051735397340756,0.8430816360379352,0.8311627946666692,0.7643772396548936,0.8104908864544539,0.9232618005711971,0.8012591088504364,0.7582487661252568,0.9877939110318136,0.9874995454154335,0.9771457841952492,0.9152561646980927,0.0,0.9218127629686464,0.929637300894543,0.9885197165691932,0.8446414394451927,0.8674890908994342,0.8483318063970388,0.5967741824417204,0.8086260452025965,0.8766782535405123,0.8038740392480341,0.66955585348536,0.8060704892324487,0.8435948985212333,0.6737400836655668,0.6116425629459853,0.8304311325666279,0.6700619510687573,0.6698364509754833,0.6147022157483331,0.6487864811255438,0.5456221240600881,0.3420011434182441,0.7979831481225907,0.6433082445645486,0.6163130763320623,0.8172461659329765,0.676014052194219,0.38335265794513557
0.7102737016282598,0.6405813269339808,0.472141713541621,0.5796582611448109,0.779098483112064,0.5665933386240841,0.5662123700657379,0.4375821428910197,0.5846407310050431,0.6305969841448424,0.6766615490014964,0.6686199850560359,0.5352712072056143,0.5416441388202964,0.8665058588139407,0.8763771510378346,0.6283950016426633,0.6978225188790653,0.7416410454415351,0.7162332354467847,0.8308944860160379,0.9415388444271867,0.8667156427068834,0.8000575408440219,0.8652612396778369,0.9320042258416841,0.9168485046719062,0.6872460514090749,0.9218127629686464,0.0,0.9916258616614863,0.9834125641608796,0.8655111486679165,0.9749790001474155,0.9208199794930663,0.7522484796195087,1.0,0.8051697878747827,0.6436932086768322,0.7685998558081623,0.819498245586766,0.9315125501319456,0.5464235734085506,0.7005476689298478,0.6808383566534421,0.6089466683708636,0.6754326836893333,0.5921507488541937,0.7675179087450533,0.5726690470970249,0.3437916863497057,0.6669525265815481,0.6395258018466439,0.6235618877287218,0.7738838414533608,0.6654448568818322,0.4078509058106378
0.7305296103002016,0.5721426273618588,0.4757209511228307,0.5803281265802905,0.6634984114330319,0.571865453448809,0.6166513370124476,0.47224781671980065,0.6559939397412999,0.6927978806687747,0.7087030911103301,0.6989991333390506,0.5467020494740669,0.5817401283991026,0.8886045153148242,0.9098760611947813,0.6629061922696493,0.757892081690201,0.83843530844708,0.7293054412993941,0.8834216919803412,0.9782729274094731,0.8475916249117138,0.8029448880570997,0.9180522249618974,0.9469542866387236,0.8998338339948425,0.7029860811863103,0.929637300894543,0.9916258616614863,0.0,0.9126656398827472,0.9445739616976611,0.9441478330403253,0.9345380002870255,0.7690554348709251,0.9003163541364194,0.8373734795260851,0.7446177742145157,0.8168159631493878,0.8268820297646357,0.9059457521015489,0.6326418113629669,0.7226341794049084,0.7133130854627608,0.6888966541519522,0.7434234733204823,0.6458507939621295,0.7911303592375232,0.6242607157383909,0.3789808947958395,0.7033103128215381,0.6522564120694379,0.6731915997968134,0.7772995148295501,0.6961475436263594,0.43637798600484073
0.5973208817324801,0.8010118106124375,0.6035808184963519,0.7264059009373829,0.8753648189958593,0.4880390415310735,0.48910249674953604,0.3962842393917426,0.5089090824878001,0.5654950707933898,0.617379346044175,0.7196896867861026,0.50414872568211,0.5555897810348293,0.875404069400083,0.7676376868418965,0.6601221549979358,0.6929522726561221,0.7542152064984032,0.6748106056754214,0.7593683284800956,0.8511755203388135,0.7781825870732939,0.7273420425119891,0.8908856238131347,0.9862090334437903,0.9224567651968592,0.7956169709948766,0.9885197165691932,0.9834125641608796,0.9126656398827472,0.0,0.7868905382678685,0.9130150653744276,0.9137990691320067,0.6277499730165716,0.9178232516490815,0.8234471776938099,0.7478959439841045,0.7096993501250585,0.7457912514979835,0.8755641190926046,0.6034059483312195,0.6121348996217851,0.7568431237588187,0.6114981080544292,0.627615673365269,0.5271824428381212,0.6912240606009125,0.5081256321644239,0.3092509048027067,0.765994884565491,0.5827043786474928,0.5718869206905364,0.7866407340496633,0.5964804578148158,0.38554352221757926
0.8338977135784736,0.5154651147773293,0.3672366115572498,0.46485541129312613,0.6364420566785967,0.7269798465985877,0.7056683680583427,0.5921423077314959,0.7476226981976676,0.8618674771741394,0.8208052436281277,0.7222292516616486,0.6391822023006487,0.6412510633868982,0.8767611418550452,0.9251447061644779,0.6821522041033768,0.776888523853646,0.8862695471557122,0.8533400828324721,0.8777167359641427,0.9704763517958008,0.930251372749218,0.9639240156390124,0.8042226734005999,0.8412794806016847,0.7390913424103411,0.5898903252202761,0.8446414394451927,0.8655111486679165,0.9445739616976611,0.7868905382678685,0.0,0.8522997446033286,0.8350719373521177,0.8280094177313161,0.9126221182251824,0.838744969854684,0.7414278738327121,0.9279094884362128,0.9582450495843077,0.8883296282802712,0.6312463503405141,0.8894666889873165,0.7639124904615328,0.7707138057000853,0.8390915336954559,0.7287571335962645,0.8856151512719623,0.7086775888295815,0.47696681158379733,0.7577218846300843,0.7656659796203207,0.7895953132526875,0.8320050240472388,0.7902763031027901,0.6035719813623951
0.7908059747512829,0.6168349968999927,0.4252143740671815,0.5209884015541162,0.8195480148876628,0.6366633884904288,0.7040232092418067,0.5375196314166587,0.6750707250006025,0.7433360530111324,0.7352246164892247,0.7174611131867774,0.6187429129561859,0.609608829582156,0.8915848159976814,0.8797599199301452,0.6967321586155105,0.7460757807587862,0.8932523329235385,0.8128029998840821,0.8410512615085824,0.9405792646504598,0.9253923284247352,0.8862018358748861,0.8524521965598314,0.8659383175249623,0.8350937781565071,0.6449653053780495,0.8674890908994342,0.9749790001474155,0.9441478330403253,0.9130150653744276,0.8522997446033286,0.0,0.9162212491397302,0.8315536659058969,0.9244930282969829,0.8399649335565221,0.7221315926437487,0.8401065614688218,0.8695912483208937,0.9318618695542734,0.6100420304083422,0.8018492597277108,0.7323599824684383,0.6728231941592039,0.7813076866899122,0.6748542128960252,0.9093314504317406,0.6401804932778656,0.4179518623633025,0.7214518596346398,0.7264318826645917,0.7243939865659645,0.8276731094156813,0.71857855011231,0.5233796167171088
0.7310288648490153,0.6231485765726557,0.4493551583314014,0.5539868283572513,0.789031386246067,0.5660391062203993,0.5858311501709251,0.4905547212291092,0.5945153933122945,0.6736268658865222,0.6818994007021072,0.6787715733303323,0.5679062467992197,0.5650233036131452,0.7870088071060909,0.8361195048636455,0.6437267781842304,0.7063778276374543,0.7841132465987433,0.724284048237301,0.8572384960312337,0.8991917764384368,0.8057342636068636,0.8399496045478537,0.8456935935906018,0.8828351651452314,0.8584877461416128,0.6282562187761823,0.8483318063970388,0.9208199794930663,0.9345380002870255,0.9137990691320067,0.8350719373521177,0.9162212491397302,0.0,0.744112169533989,0.9164133106076063,0.7907641116370853,0.6777388238427416,0.7972533052923304,0.7563698395496136,0.8781335332331446,0.5384740134556729,0.7516848628034453,0.674921196100757,0.5748580681842229,0.697885247983662,0.5932823787690867,0.8548074720329057,0.5900680953218088,0.3734309076863041,0.6465428840564876,0.6318613539118733,0.6520087026564094,0.7670155243334374,0.6472533851984935,0.43727408956932357
0.9382145639317137,0.4261411359950985,0.2801392215781625,0.34829262825957,0.582669328907966,0.7438917550397995,0.7082851724727185,0.6615004409450442,0.65093132526845,0.7312545003076906,0.6815026069929015,0.5051969611993782,0.5765551271866207,0.50080574312842,0.6170028828221762,0.6961750519221079,0.5015396705972841,0.5511708091017173,0.7361616962669064,0.6869256761016157,0.692760166763239,0.8243852119971876,0.8130943780950141,0.8913097946832235,0.5998330227314489,0.6619455397616593,0.5923093753113069,0.40359539582090936,0.5967741824417204,0.7522484796195087,0.7690554348709251,0.6277499730165716,0.8280094177313161,0.8315536659058969,0.744112169533989,0.0,0.8252945929917316,0.6882341685457591,0.5709359422210012,0.8925744821671517,0.8375675079021587,0.8427429859842146,0.5041952778950916,0.9811463558358058,0.5589612447498911,0.5635874753626713,0.7349087746667999,0.6379392906064271,0.9160115421894474,0.6386190950060009,0.4715033156124358,0.5358524356834916,0.6518638088550681,0.7349073237948911,0.6682475939450518,0.6304341491546537,0.6002364047744373
