Cingulate area 2,Glomerular layer of the accessory olfactory bulb,Glomerular layer of the olfactory bulb,"Olfactory bulb, unspecified",Frontal association cortex,Cornu ammonis 3,Dentate gyrus,Cornu ammonis 2,Cornu ammonis 1,Fasciola cinereum,Subiculum,Postrhinal cortex,Presubiculum,Parasubiculum,Perirhinal area 35,Perirhinal area 36,Medial entorhinal cortex,Lateral entorhinal cortex,Primary auditory area,"Secondary auditory area, dorsal part","Secondary auditory area, ventral part","Piriform cortex, layer 1","Piriform cortex, layer 2","Piriform cortex, layer 3",Ventrolateral orbital area,Lateral orbital area,Ventral orbital area,Medial orbital area,Dorsolateral orbital area,Prelimbic area,Secondary motor area,Frontal association area 3,Primary motor area,"Agranular insular cortex, ventral area",Agranular insular cortex dorsal area,Cingulate area 1,Infralimbic area,Dysgranular insular cortex,Granular insular cortex,"Primary somatosensory area, forelimb representation","Primary somatosensory area, dysgranular zone","Primary somatosensory area, face representation",Secondary somatosensory area,"Primary somatosensory area, hindlimb representation","Agranular insular cortex, posterior area","Primary somatosensory area, barrel field",Retrosplenial dysgranular area,"Primary somatosensory area, trunk representation",Retrosplenial granular area,"Parietal association cortex, lateral area","Parietal association cortex, medial area","Parietal association cortex, posterior area",Primary visual area,"Secondary visual area, lateral part",Temporal association cortex,"Secondary visual area, medial part",Nucleus of the lateral olfactory tract
0.0,0.32327873024981285,0.16773037131442223,0.2700438928083093,0.32493904639850846,0.9002567859056078,0.8336990330647333,0.860325729412482,0.894162697900339,0.9770461960447698,0.7993395764580448,0.6947424909473005,0.9279035380392716,0.696169717013237,0.701683911101667,0.7466341085058291,0.6816844117477199,0.775211779197542,0.6987031015930039,0.9313228719108053,0.8946880149418747,0.7463852594740985,0.7581616748330062,0.8385604105888211,0.3885067678955087,0.40391923947207925,0.3969454525807801,0.3665241290515712,0.3400141355438703,0.3755736874943996,0.5018073014582684,0.47887854384427075,0.629876090546258,0.6186333583262363,0.5907547599131726,0.6988373569430127,0.333109860895505,0.6663559111730009,0.7223683676467733,0.8232585438301518,0.9142923601304721,0.6411046665292388,0.8267830923999445,0.8173719806977778,0.8023748842622154,0.9261596610270334,0.81456252060345,0.837299503404378,0.825136293061477,0.7999793023558575,0.6595037231375246,0.9120743100054317,0.8183697690218266,0.7080717014970291,0.6828980360391999,0.8211018361140167,0.8399500979046509
0.32327873024981285,0.0,0.4322914014272625,0.7166149360285721,0.8417655329445806,0.4154349415158578,0.4447397194328689,0.4419760774280572,0.41579424761533074,0.2694026648896927,0.4730536015100397,0.5269391450976041,0.4948593347022183,0.5894977577029072,0.543791892235277,0.5112535856993404,0.5108256494136494,0.48082431245848184,0.4652898552783192,0.43518434269910095,0.45959484624912605,0.47361087018391707,0.47894012911025574,0.4150755721454647,0.5592861481750718,0.5854278123004059,0.5594425529451538,0.7646879063859497,0.614377258806439,0.5693669056687659,0.549894702378909,0.5885745669605862,0.4753751341600502,0.5053416484915088,0.5852675790950446,0.41192820150098564,0.4604967782056375,0.5350416635122015,0.4713700728917334,0.370906874528774,0.31147070381541253,0.4742895821815259,0.4028013590918067,0.36447801614853853,0.42942518984841394,0.3631785250810716,0.41108157255956845,0.36538893653599763,0.3915716014080304,0.31846968121107094,0.4228956504055012,0.47607387935317347,0.4491920363709919,0.5280119530412464,0.6015407593492916,0.38362586250312336,0.40757616351318254
0.16773037131442223,0.4322914014272625,0.0,0.6927463166916383,0.34571899888187135,0.2030422150279928,0.21695418275859849,0.2029754279882545,0.20086753180605837,0.1497290712664866,0.21537530124780202,0.2837517573262141,0.23085145233199658,0.26270094700519575,0.23953730511723798,0.2306557427959126,0.2804282740801687,0.24864585073500955,0.22268616177657855,0.2118157908880047,0.2183313310759447,0.215215219938036,0.2126543046943256,0.19673323737685344,0.27504820724397044,0.28654056674299705,0.23899391410727316,0.275213604983654,0.3490384572611095,0.2812500593508567,0.2609270347426345,0.26827115775420224,0.22251117445200322,0.24794909671623686,0.26269692852854626,0.20416701599997295,0.2454235466041384,0.25127857686388644,0.2356855419404834,0.18372226528335406,0.1608665174185088,0.24609991008751764,0.21147725536721237,0.1785686245999952,0.20981808665202406,0.19314979431195992,0.19889109662277316,0.1828907447312244,0.19114319799949667,0.16660936905581863,0.20432525823289455,0.23118163061621452,0.22510408812033905,0.2550911206889022,0.25739905785997835,0.1865474001704838,0.17770998248044795
0.2700438928083093,0.7166149360285721,0.6927463166916383,0.0,0.6438397779332429,0.35497795862085185,0.3764661856902023,0.3533418008678688,0.3533227379306835,0.23384496432927157,0.385602130715598,0.49689021524216775,0.4135609245283236,0.4675713133371937,0.4212046503281051,0.3969303279281906,0.4711421902864655,0.44951915279852933,0.3999985061706017,0.36317828780689726,0.3925096598159295,0.39713886435125606,0.39306549640921823,0.35143502419661726,0.5360894986755347,0.558766025743687,0.44000180917096315,0.4859298877124905,0.6743576803415678,0.5431899676270636,0.5070365778514705,0.5364177349784724,0.40724051907804243,0.47186369093579994,0.5021738269059772,0.36734782268346405,0.463305487918012,0.46967575852519244,0.4286761147491438,0.31815055088838967,0.2682937522474584,0.465450133204777,0.365817483650534,0.31170669591516076,0.3607145078581312,0.322635472720687,0.36006349752275685,0.31799448136194836,0.34274902391221806,0.2780849554787277,0.357130191339806,0.40469530700066414,0.3861930385521256,0.45438057221348577,0.4687114533571875,0.32816903290127525,0.3104629537941767
0.32493904639850846,0.8417655329445806,0.34571899888187135,0.6438397779332429,0.0,0.4103756312980038,0.45633696023383985,0.4502808758297013,0.42007618841167066,0.2610465548561415,0.4801400376991044,0.4825087417088235,0.45649479496619105,0.5507788969187183,0.5363754380066109,0.5133686115307198,0.4643699186308544,0.4521703923557303,0.4801936341074592,0.4342955104710558,0.45760063530797934,0.48401383444124585,0.5039269700910516,0.43335414761352636,0.7149510498032898,0.7068189769790985,0.7620398537171571,0.9171691576577865,0.6999083672760811,0.6527952957623468,0.6409136408492586,0.6458232141650925,0.49539718133929367,0.5393322320863821,0.5910251931240177,0.4440748734516242,0.5510007071520374,0.5626551451594927,0.47854516924572166,0.37889056701067686,0.3313317251017803,0.5237463704785579,0.3907759599360812,0.3734538235247432,0.41013009369902403,0.35478216504641436,0.43354719578018835,0.3581228418011308,0.408107972854643,0.3277820330165829,0.45769515953343387,0.46234015544828083,0.43068919228668584,0.5177922125245955,0.5862474449006294,0.3964735469594997,0.4463494723896368
0.9002567859056078,0.4154349415158578,0.2030422150279928,0.35497795862085185,0.4103756312980038,0.0,0.9672074378264369,1.0,0.9143417786985791,0.8105345195333584,0.9115274730581586,0.8148729240232779,0.994748269358289,0.8212155221220127,0.8292834770970332,0.8478792986301481,0.7781962887512727,0.8956837334387557,0.8598373024936063,0.9133197260079935,0.9904127672455076,0.8784340172324114,0.8598263334471985,0.922629355791397,0.5062527921617858,0.5670039317568543,0.49266841266907324,0.4469553965897416,0.45332587045444644,0.48975486237508065,0.6697418717178938,0.6347500818317723,0.8106645013315453,0.7674535411662371,0.7486523523101433,0.8207001643622593,0.4276108148938435,0.852388113063794,0.9070689330777962,0.9262134145244442,0.9355994960647855,0.7751954786352023,0.9414374530307145,0.8601370257322323,0.9475558717705606,0.9086922146696947,0.9320697550702526,0.8501590707912773,0.9272802298198912,0.8492335072093927,0.8061989600596102,0.9845848571635003,0.943734363124653,0.909905906251218,0.8522728763248126,0.9032386990125665,0.8729613043170398
0.8336990330647333,0.4447397194328689,0.21695418275859849,0.3764661856902023,0.45633696023383985,0.9672074378264369,0.0,0.9836302954457575,0.9801968566555846,0.8324469862628416,0.9576957212738659,0.8727159921448865,0.9910310399579385,0.879078951584209,0.9259884667051227,0.9242164398991443,0.862588647833756,0.9678551438724171,0.8797237294416349,0.9972900956940147,1.0,0.93575561648987,0.9250838694615617,0.9935182506735053,0.5511997348495653,0.5965336455725956,0.5059303923086858,0.46662067297511217,0.5060878442346697,0.5084648650259909,0.6948625522846101,0.6682479151529881,0.8075422828067251,0.8376464649877264,0.7814210165478601,0.8734280446586526,0.44275527700145384,0.8749946831721543,0.9039455888504023,0.9436726233628278,0.9233538216340806,0.808484726351075,0.9470172286885555,0.9212201119273535,0.983047240952734,1.0,1.0,0.9126905181481,0.9617151662437963,0.8093845499383537,0.8352105403473741,0.9483463856604946,0.9709525727389744,0.945421957866912,0.8812507728767912,0.9573015647621375,0.8872710136944789
0.860325729412482,0.4419760774280572,0.2029754279882545,0.3533418008678688,0.4502808758297013,1.0,0.9836302954457575,0.0,0.9856543246903371,0.7643168686280192,0.9227861527366522,0.8538791373279594,0.9809172469575976,0.8688722478036512,0.9567162957060968,0.9775302794686564,0.7816772302969196,0.8432526612903769,0.8681918132091465,1.0,0.9711292739165924,0.8903008728529835,0.926816619326077,0.979082166770638,0.5465114497546868,0.5707345443408365,0.5655241627260321,0.5038940772994672,0.4766006114504972,0.5089561540851333,0.6644570477296213,0.6670456511583854,0.7991046371214681,0.7996085983225342,0.7683455171362465,0.8689684689889702,0.4466698186514759,0.8531149669969151,0.8693430070163004,0.977291738810456,0.867989652175029,0.7561645550782309,0.9498188795376451,0.8697734391884119,0.8924833741189433,0.937434054726902,0.9307034172365637,0.8494525115624167,0.9183531327342274,0.854591511317218,0.8731748619875159,0.9181166860146616,0.9294619061088948,0.8819208792239898,0.9051209600110733,0.8792615988233624,0.9380330211175665
0.894162697900339,0.41579424761533074,0.20086753180605837,0.3533227379306835,0.42007618841167066,0.9143417786985791,0.9801968566555846,0.9856543246903371,0.0,0.7989844857259125,0.965282185148041,0.8543170814057467,0.9719410804508823,0.8711187961253347,0.8992530178980835,0.8511523885179938,0.7592386890057449,0.9421121339666025,0.8953291253249517,0.9537114349428181,0.9818509342616192,0.8895409928064365,0.8925586614593244,0.9260678030594673,0.5096471300653819,0.5547756044546027,0.5074067002181616,0.4516781453461213,0.4586230625356614,0.5183849528382197,0.629878925021383,0.6090594886220054,0.8362247236089356,0.7552910299138322,0.7432419535846065,0.8572005480265538,0.41509362844026826,0.8309975951480275,0.8932876624178153,0.9696435547883117,0.9165540833369764,0.8000782931592255,0.9340398452219713,0.8592357886128947,0.9184836714052873,0.9094976051504642,0.9947451028720246,0.9405829736621045,0.98319206076551,0.8587078722298659,0.8674762698178642,0.9502773327511328,0.9321334934988188,0.9215100102620706,0.8320874187791025,0.9440348024111409,0.8849107569690897
0.9770461960447698,0.2694026648896927,0.1497290712664866,0.23384496432927157,0.2610465548561415,0.8105345195333584,0.8324469862628416,0.7643168686280192,0.7989844857259125,0.0,0.7370519593292091,0.5973653750492018,0.7985651422326536,0.587081754088898,0.6222390418316076,0.6858427848266818,0.6116143063747613,0.7072904571260373,0.6476112148389436,0.7990142089250518,0.7531469013179818,0.6785657794594476,0.6570391489376748,0.7506354169940459,0.32705586179195967,0.3462604583771967,0.32526012448951513,0.3016143062443405,0.2919379678474742,0.320032622405539,0.41553818103556506,0.39989162325932087,0.5776561836583282,0.5237839967005624,0.49466027043202077,0.6272182665147665,0.2907169812177167,0.5889995994520106,0.6537424609247122,0.7956859474475734,0.9348636924047594,0.5635959320190762,0.7972360002983148,0.842672538439632,0.8014655355344341,0.8426466887734976,0.7508155821650644,0.8396701834050552,0.8011896629952814,0.7840725000793288,0.5926020889983017,0.7607716812348513,0.75679331903764,0.6330718529635194,0.5983226775986871,0.7980523774126604,0.7322109507548382
0.7993395764580448,0.4730536015100397,0.21537530124780202,0.385602130715598,0.4801400376991044,0.9115274730581586,0.9576957212738659,0.9227861527366522,0.965282185148041,0.7370519593292091,0.0,0.8794429866575089,0.9865776716242923,0.9312048578680063,0.9657683696155057,0.9146930274821159,0.8231717646679395,0.9753643089643559,0.8744576824411738,0.9680947250304134,0.9622885878566464,0.9770330054129107,0.9179691583209773,0.9618125048492653,0.6043707540945943,0.6312124196236504,0.5654961381682111,0.5137501584705135,0.5108693045354514,0.5770681966345937,0.7038580329113341,0.70179586054432,0.8482296326759174,0.8271115047969586,0.8703372315197068,0.8612722922597935,0.49116092799526306,0.8872776020214328,0.90518335042538,0.8907770813217237,0.8571122472577833,0.8047583257791489,0.8914079581812023,0.9318201687276975,0.8962548113738339,0.9339738129719863,1.0,0.8584314921384953,0.964196636105012,0.80671495123077,0.8675727327803672,0.9681034162658327,0.9308072212551126,0.9000363882657851,0.9102029347493527,0.9704427837834148,0.9527432820995992
0.6947424909473005,0.5269391450976041,0.2837517573262141,0.49689021524216775,0.4825087417088235,0.8148729240232779,0.8727159921448865,0.8538791373279594,0.8543170814057467,0.5973653750492018,0.8794429866575089,0.0,0.9758224636745554,0.9635152992527469,0.9549128309158683,0.9241219687743807,0.9234180880747739,0.919693951625021,0.9317715224592853,0.821296936872602,0.9534417333824312,0.8226166257604507,0.9000249704717904,0.8013974995581887,0.5816187341023349,0.665706040741083,0.5420669604899554,0.47382350725938355,0.561725195072247,0.5731501443485023,0.6937404427563367,0.7537335659559667,0.7635983936596988,0.8781044164229642,0.8308172837807435,0.8433047470873776,0.4813106118701647,0.8587745065002702,0.8263745093193275,0.7742457015519867,0.6238702951970694,0.7938217201644999,0.8805124188321313,0.7570067005939827,0.8857485298554724,0.79692816489675,0.8383133810447088,0.7889368077264738,0.8356294446361342,0.6973328113322421,0.8178846905144707,0.9854907371782208,0.9287925950094224,0.8939347634936848,0.986677642571873,0.7993129603281263,0.7374727643840864
0.9279035380392716,0.4948593347022183,0.23085145233199658,0.4135609245283236,0.45649479496619105,0.994748269358289,0.9910310399579385,0.9809172469575976,0.9719410804508823,0.7985651422326536,0.9865776716242923,0.9758224636745554,0.0,0.9440388814927948,0.969509106474093,0.9638437842416825,0.9576758423201316,1.0,0.9368937109409797,1.0,1.0,0.9548504004268668,0.978566956260946,0.9327978617548093,0.5575760194494801,0.6178817469372784,0.5442217987302094,0.48779756792078877,0.521181814105431,0.5381634723695069,0.7126508389759875,0.7040517022057063,0.825660292531139,0.9077746759676154,0.8531548059770117,0.897905742568676,0.4607597320162616,0.8884820655721329,0.9533191244179041,0.8526923066564138,0.7676184240441364,0.878553999168943,0.9269035978588218,0.8754668615450647,0.9951943993612844,0.9917622690753056,1.0,0.8959918829919473,0.9243133296921473,0.8138625254158428,0.890055761770858,1.0,1.0,0.9749000781423545,0.930043279768043,0.9483842629781103,0.8653546198146015
0.696169717013237,0.5894977577029072,0.26270094700519575,0.4675713133371937,0.5507788969187183,0.8212155221220127,0.879078951584209,0.8688722478036512,0.8711187961253347,0.587081754088898,0.9312048578680063,0.9635152992527469,0.9440388814927948,0.0,0.9558171375420947,0.9168369102703988,0.9338138381094827,0.9068294695529355,0.8595968176867003,0.830044051787498,0.8818334539471036,0.8589406966066807,0.8771906065406175,0.8435592736706927,0.574615577887637,0.6332178789787646,0.5617958825109012,0.5669743554579145,0.5669097025584834,0.5403164572914693,0.6809786685337745,0.7270291393607211,0.7637159894344032,0.8274631107568601,0.8526137455571114,0.7724873305093626,0.46595009515813773,0.8636623911568189,0.8920701155178036,0.715978577791539,0.6541139421562613,0.7945337451478474,0.7796145782077801,0.7440567818658986,0.8370977608902055,0.7828813972935514,0.8398954478938571,0.786856019568851,0.7957411981898218,0.6666320199255673,0.7357936017101131,0.8659284901059069,0.8706119022238242,0.912044942301909,0.9512458204774589,0.8157743949429479,0.7635640866776069
0.701683911101667,0.543791892235277,0.23953730511723798,0.4212046503281051,0.5363754380066109,0.8292834770970332,0.9259884667051227,0.9567162957060968,0.8992530178980835,0.6222390418316076,0.9657683696155057,0.9549128309158683,0.969509106474093,0.9558171375420947,0.0,0.9530178802681303,0.8584775829252086,0.9136433143774123,0.8526975867711021,0.8664011048247174,0.9874393356707593,0.9251609459654657,0.9295039638192394,0.8804925765456575,0.6855499272597564,0.7064769621474006,0.6543169513677043,0.5788711890803659,0.5820239578087786,0.6526130971604468,0.7920652004291139,0.788692293598222,0.8567086650798267,0.906561476932728,0.8819609115643685,0.9059819991660657,0.5612454858994426,0.954383672284602,0.9093775262397628,0.8853491674312092,0.7393459205376746,0.8425115503906331,0.8487975258568721,0.7832136974384274,0.877755787632569,0.8104824485756401,0.9195027175753107,0.7461249260097917,0.8578468625973192,0.7506500571246424,0.9136531342570311,0.8845606656422134,0.9181200674095216,0.8967697822331161,0.9350727670988137,0.8237126464527573,0.8860389877775783
0.7466341085058291,0.5112535856993404,0.2306557427959126,0.3969303279281906,0.5133686115307198,0.8478792986301481,0.9242164398991443,0.9775302794686564,0.8511523885179938,0.6858427848266818,0.9146930274821159,0.9241219687743807,0.9638437842416825,0.9168369102703988,0.9530178802681303,0.0,0.8257141861494475,0.9441301596756231,0.90650046979827,0.9250431302078643,1.0,0.9028346374909136,0.9575897720593715,0.9016893573036013,0.5715113823092507,0.6284265840690325,0.569200504215892,0.5383998358837253,0.5535323089026354,0.5881855736329787,0.719444984006599,0.726890837044786,0.8001438811489044,0.8506866539326218,0.8236969463798475,0.8435838812181236,0.4906709311802523,0.9138090695964678,0.8559255657338823,0.8144099475529714,0.7450101149992123,0.8117685869760722,0.8510831042649045,0.8181546903441156,0.9633986336443394,0.8166249419243646,0.8941470012971805,0.8180163308192137,0.8668920775242448,0.7671046692430066,0.8334871965852634,0.9761783019984493,0.8845348257673659,0.926297428865291,0.9504795191555494,0.845988917245826,0.8965994624911909
0.6816844117477199,0.5108256494136494,0.2804282740801687,0.4711421902864655,0.4643699186308544,0.7781962887512727,0.862588647833756,0.7816772302969196,0.7592386890057449,0.6116143063747613,0.8231717646679395,0.9234180880747739,0.9576758423201316,0.9338138381094827,0.8584775829252086,0.8257141861494475,0.0,0.9705201619223721,0.7889813798227953,0.815243261183549,0.8677923287276487,0.8550914344665438,0.766656689805475,0.7214748701196013,0.5387401955161322,0.5654612060362111,0.4971008104345695,0.46527852105986495,0.520689089363814,0.5233053029063697,0.6227728374977978,0.6342294554013641,0.7334393859503269,0.7965177993813601,0.7761139294018514,0.7402153950205317,0.4365548153270058,0.8004075578966224,0.8479236661908947,0.7454083278985548,0.6498928097838498,0.7931258228288337,0.7829927728113293,0.7115499519745052,0.8407505860161889,0.8160821160055434,0.7605884944845984,0.7209248328748215,0.7469527120171037,0.6349829214381696,0.6941044449228209,0.8928589379078432,0.8309712619989402,0.8280576910560493,0.8591210499341461,0.7538656313514482,0.6690190900408105
0.775211779197542,0.48082431245848184,0.24864585073500955,0.44951915279852933,0.4521703923557303,0.8956837334387557,0.9678551438724171,0.8432526612903769,0.9421121339666025,0.7072904571260373,0.9753643089643559,0.919693951625021,1.0,0.9068294695529355,0.9136433143774123,0.9441301596756231,0.9705201619223721,0.0,0.9442053747270532,0.9575319775700837,1.0,0.9266392388659966,0.9142611126909616,0.8959775260866064,0.5950615427863414,0.6587951497976613,0.5410320918711141,0.47177649212074435,0.5566033108988511,0.5603627127480915,0.7281904272683728,0.7305644219314839,0.8658182325640504,0.9052406176648977,0.8828492126773704,0.8957739649593343,0.48853325195647296,0.9406784583963633,0.8990595354409489,0.8673555874065534,0.8244952015395755,0.885169437509111,0.928386316457986,0.8758509319745187,0.9569954357702565,0.8640351219164543,0.9186728104158219,0.853090329820439,0.8892858121608298,0.8176159400953734,0.8687139024887927,0.9954403456789759,0.9775146344940375,0.9689756727942814,0.9234581655244837,0.8700403689948029,0.8009553403766871
0.6987031015930039,0.4652898552783192,0.22268616177657855,0.3999985061706017,0.4801936341074592,0.8598373024936063,0.8797237294416349,0.8681918132091465,0.8953291253249517,0.6476112148389436,0.8744576824411738,0.9317715224592853,0.9368937109409797,0.8595968176867003,0.8526975867711021,0.90650046979827,0.7889813798227953,0.9442053747270532,0.0,0.8542938373137365,0.9723562691630557,0.9392971671416701,0.9409448376652587,0.90937687991681,0.6285520751488237,0.7102853878406622,0.6110584982367141,0.5129251474742038,0.5733915516257111,0.6090840042167875,0.8074200228756329,0.78071443170286,0.8651762483748167,0.8855461217948062,0.8511657627125383,0.9310339431894018,0.5258747449102541,0.9043402215989423,0.945843854112259,0.9232391500726362,0.8323157660238956,0.8624127325545914,0.8742640309851069,0.8340399993926103,0.8502433996093651,0.8572387733116581,0.9612649973426302,0.8510003632634237,0.9175972187345092,0.8120277153864406,0.9284738771649341,0.862013766551573,0.8537272144081152,0.9107195832966573,0.8841884757447408,0.8808102207738543,0.9088833877891844
0.9313228719108053,0.43518434269910095,0.2118157908880047,0.36317828780689726,0.4342955104710558,0.9133197260079935,0.9972900956940147,1.0,0.9537114349428181,0.7990142089250518,0.9680947250304134,0.821296936872602,1.0,0.830044051787498,0.8664011048247174,0.9250431302078643,0.815243261183549,0.9575319775700837,0.8542938373137365,0.0,1.0,0.9491317533940871,0.9318821815688285,0.9189826771058065,0.4940001278193466,0.5671764163222046,0.5111565280625926,0.4790424767445285,0.4820082149960612,0.4931137155114076,0.6468864461647219,0.6339157925847918,0.7670636190848427,0.7633740004389193,0.7934211127869158,0.8264499769343171,0.4309843844315526,0.8333773503929937,0.8694009433613525,0.8701117822854323,0.8940182477062084,0.7896620891953686,0.8975244803363821,0.9088658691284289,0.9675640399554338,0.9034880027971379,0.9521733025940361,0.9368648253873223,0.9169923568658336,0.803427963232917,0.7970210770564274,0.9837791674836108,0.9387435853321416,0.9308728706125067,0.8864317173679082,0.8994583183951254,0.8229596615707687
0.8946880149418747,0.45959484624912605,0.2183313310759447,0.3925096598159295,0.45760063530797934,0.9904127672455076,1.0,0.9711292739165924,0.9818509342616192,0.7531469013179818,0.9622885878566464,0.9534417333824312,1.0,0.8818334539471036,0.9874393356707593,1.0,0.8677923287276487,1.0,0.9723562691630557,1.0,0.0,0.984366884044473,0.9751734570686351,0.9775633101717782,0.620977215919837,0.6654090265252589,0.5732284809542106,0.5110639470519303,0.5438546590946955,0.5844821425891261,0.7433222233726516,0.7413433410521836,0.9382305723245988,0.8815992723330164,0.9374640591535611,0.9515576590484844,0.48660289020999825,0.9426355846918307,0.9415089168302057,0.9921412282978984,0.9139857818606931,0.9365495683908875,0.9683231314198936,0.8791313090667071,0.9854367554993915,0.9176662060805958,1.0,0.9469068257715059,0.9715792844883299,0.9004859082686784,0.923942085528869,1.0,0.977749953871126,0.9306425681687006,0.9275398199327872,0.9738312601415242,0.9395946294453944
0.7463852594740985,0.47361087018391707,0.215215219938036,0.39713886435125606,0.48401383444124585,0.8784340172324114,0.93575561648987,0.8903008728529835,0.8895409928064365,0.6785657794594476,0.9770330054129107,0.8226166257604507,0.9548504004268668,0.8589406966066807,0.9251609459654657,0.9028346374909136,0.8550914344665438,0.9266392388659966,0.9392971671416701,0.9491317533940871,0.984366884044473,0.0,0.9507867618229323,0.9977176662010787,0.6928249642943288,0.7040303979648287,0.680670074172196,0.5402750871521866,0.6119521743106722,0.6573553431961754,0.7956532575731884,0.8686462672879715,0.9183443020625913,0.9109852196194319,0.8815807125033852,0.977211016107336,0.6101877451731084,0.940157105945893,0.9407916134914123,0.913559132438398,0.8542360100165334,0.8471051275057657,0.8532619984466633,0.903357366861647,0.9045331392716498,0.8621851098156129,0.9685235129719638,0.835339115062963,0.9963620740411712,0.8270855835486761,0.8799287517976614,0.8751691165075789,0.8803752337195689,0.8524840397709341,0.8729664659034584,0.8716253134001025,0.9449167873855534
0.7581616748330062,0.47894012911025574,0.2126543046943256,0.39306549640921823,0.5039269700910516,0.8598263334471985,0.9250838694615617,0.926816619326077,0.8925586614593244,0.6570391489376748,0.9179691583209773,0.9000249704717904,0.978566956260946,0.8771906065406175,0.9295039638192394,0.9575897720593715,0.766656689805475,0.9142611126909616,0.9409448376652587,0.9318821815688285,0.9751734570686351,0.9507867618229323,0.0,0.9542535141271491,0.694592302373039,0.7357935457394071,0.6711012589500073,0.5683749960631169,0.6122188936777888,0.7037497699234327,0.8381723671755816,0.8174510519214426,0.9100344567150451,0.8922269658937864,0.8974630799118208,0.9506345527593679,0.6086833854656233,0.9613251185256707,0.9637275129054608,0.9021801822230672,0.8375770252641522,0.8749546461607698,0.848384140536135,0.8362639368033034,0.8642722107789504,0.8790761863720801,0.9605893125056909,0.8629396198190231,0.9196711425309542,0.8049909059320334,0.9555294597472812,0.9062951738781169,0.8993390916223376,0.9157016468867959,0.9383037820375293,0.9101839820886235,0.8974346918280834
0.8385604105888211,0.4150755721454647,0.19673323737685344,0.35143502419661726,0.43335414761352636,0.922629355791397,0.9935182506735053,0.979082166770638,0.9260678030594673,0.7506354169940459,0.9618125048492653,0.8013974995581887,0.9327978617548093,0.8435592736706927,0.8804925765456575,0.9016893573036013,0.7214748701196013,0.8959775260866064,0.90937687991681,0.9189826771058065,0.9775633101717782,0.9977176662010787,0.9542535141271491,0.0,0.5831282953700614,0.6340158686930525,0.5636796660266592,0.4734846976975634,0.5086164685553002,0.5973240693842418,0.714651736446881,0.7412220980142367,0.8884647382044012,0.8530117202116579,0.7875801685608141,0.9252567160048817,0.5060868042739126,0.889362494232437,0.9128582054492175,0.9826276916019523,0.9048614824228698,0.855098907756053,0.8804621516794282,0.9087310524442286,0.9337863753400026,0.950012024241844,1.0,0.9224200922839477,0.9171875479428937,0.907769218785916,0.8309865847868544,0.9241412766433182,0.8791587999705872,0.8515017952281299,0.8585477410436959,0.9175333440785598,0.9353116179744068
0.3885067678955087,0.5592861481750718,0.27504820724397044,0.5360894986755347,0.7149510498032898,0.5062527921617858,0.5511997348495653,0.5465114497546868,0.5096471300653819,0.32705586179195967,0.6043707540945943,0.5816187341023349,0.5575760194494801,0.574615577887637,0.6855499272597564,0.5715113823092507,0.5387401955161322,0.5950615427863414,0.6285520751488237,0.4940001278193466,0.620977215919837,0.6928249642943288,0.694592302373039,0.5831282953700614,0.0,1.0,0.9849077299799696,0.7114621719493406,0.9330012851340089,0.9885537776604194,0.9201758303622136,0.9939090114598388,0.8047927463145611,0.7771561638992517,0.8383788738604151,0.6939432415901224,0.8694979528019392,0.7824339869771121,0.6695973272917319,0.5587228696027616,0.4582194574620995,0.7451167508014269,0.5134318683071422,0.49922730562131107,0.511091122922115,0.4685101481394124,0.6170309317136731,0.48133895112964586,0.5686039280918398,0.45174053346999354,0.6395697169262107,0.5414931024337152,0.5020704981948712,0.6325324216711036,0.6741387904970568,0.5446629683007933,0.5688494156008805
0.40391923947207925,0.5854278123004059,0.28654056674299705,0.558766025743687,0.7068189769790985,0.5670039317568543,0.5965336455725956,0.5707345443408365,0.5547756044546027,0.3462604583771967,0.6312124196236504,0.665706040741083,0.6178817469372784,0.6332178789787646,0.7064769621474006,0.6284265840690325,0.5654612060362111,0.6587951497976613,0.7102853878406622,0.5671764163222046,0.6654090265252589,0.7040303979648287,0.7357935457394071,0.6340158686930525,1.0,0.0,0.9118498475643869,0.6543282421769324,0.9259290492643907,0.9384472038955988,0.9275039549330887,0.9919679239073959,0.7904380247757987,0.7975020009467545,0.9720885492657232,0.7358144328706882,0.8357290098375996,0.8329627255268411,0.704786746854483,0.6038467362427223,0.4828910127467564,0.8177850083489245,0.5427731472022816,0.5403148220039142,0.5621214552220931,0.5103394552330178,0.677927216466019,0.5138550954710326,0.6041667280299761,0.5210003570542984,0.7156002831726167,0.5708779588766537,0.5699583517046836,0.6657002784953654,0.701867152332897,0.577555007168519,0.5668167027942552
0.3969454525807801,0.5594425529451538,0.23899391410727316,0.44000180917096315,0.7620398537171571,0.49266841266907324,0.5059303923086858,0.5655241627260321,0.5074067002181616,0.32526012448951513,0.5654961381682111,0.5420669604899554,0.5442217987302094,0.5617958825109012,0.6543169513677043,0.569200504215892,0.4971008104345695,0.5410320918711141,0.6110584982367141,0.5111565280625926,0.5732284809542106,0.680670074172196,0.6711012589500073,0.5636796660266592,0.9849077299799696,0.9118498475643869,0.0,0.7880704588090136,0.8079982380786707,0.9030676833477084,0.8656186389035367,0.8962397659833123,0.7321280790793023,0.6778272245337776,0.7593429315629029,0.6356983653817864,0.8331523409693677,0.7457031834059753,0.6089370943993249,0.5611504052847894,0.44905296725338495,0.6798375421223293,0.4687673000453891,0.4827526689688208,0.49009619287011563,0.4464446209405318,0.5979657719409344,0.46862443908703055,0.5425993472839362,0.4389246504589029,0.6352347929576957,0.5321230595564804,0.4970581780147969,0.5774768054034022,0.6863121536778228,0.5143317777891242,0.5784893742470681
0.3665241290515712,0.7646879063859497,0.275213604983654,0.4859298877124905,0.9171691576577865,0.4469553965897416,0.46662067297511217,0.5038940772994672,0.4516781453461213,0.3016143062443405,0.5137501584705135,0.47382350725938355,0.48779756792078877,0.5669743554579145,0.5788711890803659,0.5383998358837253,0.46527852105986495,0.47177649212074435,0.5129251474742038,0.4790424767445285,0.5110639470519303,0.5402750871521866,0.5683749960631169,0.4734846976975634,0.7114621719493406,0.6543282421769324,0.7880704588090136,0.0,0.6588432633392305,0.7075252391489314,0.6799198315025918,0.6536979455262799,0.5685420993042948,0.5364199924249011,0.6343470688504503,0.479380835441294,0.5348038809426121,0.5961506729416712,0.5038688543277893,0.45480492751643203,0.37287117011631443,0.5470341565306948,0.4127755886205477,0.4191775185149006,0.43258690373172853,0.38318758619810706,0.4775695845680454,0.3978372873449672,0.4703381055401529,0.35960157934984477,0.518668706064053,0.5034494552651523,0.45538427122348535,0.5467550417844395,0.6247187270676313,0.43918772528388755,0.5056221480017552
0.3400141355438703,0.614377258806439,0.3490384572611095,0.6743576803415678,0.6999083672760811,0.45332587045444644,0.5060878442346697,0.4766006114504972,0.4586230625356614,0.2919379678474742,0.5108693045354514,0.561725195072247,0.521181814105431,0.5669097025584834,0.5820239578087786,0.5535323089026354,0.520689089363814,0.5566033108988511,0.5733915516257111,0.4820082149960612,0.5438546590946955,0.6119521743106722,0.6122188936777888,0.5086164685553002,0.9330012851340089,0.9259290492643907,0.8079982380786707,0.6588432633392305,0.0,0.888209717261677,0.9400162696076024,0.8873530116518015,0.62624083018163,0.6815515905901584,0.7959715018425698,0.589764496912207,0.7704197633165849,0.725303199014527,0.6193739565248466,0.4831052626339455,0.3859074632199612,0.6873917570759928,0.46096940689876764,0.4471953165862719,0.4804143179675881,0.4182575595773325,0.5322902299676502,0.42081013582731297,0.4732702420795928,0.40155499380303394,0.5449684059271898,0.4862531779740576,0.4842179723859734,0.5831279960081662,0.6073199605466106,0.4620971595598314,0.45825833204935174
0.3755736874943996,0.5693669056687659,0.2812500593508567,0.5431899676270636,0.6527952957623468,0.48975486237508065,0.5084648650259909,0.5089561540851333,0.5183849528382197,0.320032622405539,0.5770681966345937,0.5731501443485023,0.5381634723695069,0.5403164572914693,0.6526130971604468,0.5881855736329787,0.5233053029063697,0.5603627127480915,0.6090840042167875,0.4931137155114076,0.5844821425891261,0.6573553431961754,0.7037497699234327,0.5973240693842418,0.9885537776604194,0.9384472038955988,0.9030676833477084,0.7075252391489314,0.888209717261677,0.0,0.968630297681852,0.9457619702139315,0.763345896556968,0.7472063107789998,0.8521165745232897,0.6683047894944256,0.8536899718688917,0.7289035670360673,0.6762989155226212,0.5576449270611453,0.44678095408219637,0.7359328066045515,0.484340321915221,0.48138831154992445,0.4991038913945063,0.4763196552267771,0.6077050691355949,0.46891971661945975,0.5564070044975893,0.4447477182288356,0.6097580087200978,0.5106085645493103,0.5130583750543607,0.6099946653818628,0.6333538746769037,0.5072527453266037,0.5319749637141685
0.5018073014582684,0.549894702378909,0.2609270347426345,0.5070365778514705,0.6409136408492586,0.6697418717178938,0.6948625522846101,0.6644570477296213,0.629878925021383,0.41553818103556506,0.7038580329113341,0.6937404427563367,0.7126508389759875,0.6809786685337745,0.7920652004291139,0.719444984006599,0.6227728374977978,0.7281904272683728,0.8074200228756329,0.6468864461647219,0.7433222233726516,0.7956532575731884,0.8381723671755816,0.714651736446881,0.9201758303622136,0.9275039549330887,0.8656186389035367,0.6799198315025918,0.9400162696076024,0.968630297681852,0.0,0.9958280205743923,0.8598509018512097,0.8085631467812514,0.9404845125037943,0.7904621337334163,0.8220065159321737,0.9166229865708354,0.796067864315415,0.6922565416501951,0.5700911170503524,0.8754482120431671,0.6074192361681595,0.6171905549289833,0.6409485397844675,0.593839680028692,0.7687105995993145,0.6064236297602731,0.6959919924796775,0.5514731633456406,0.7487168638559067,0.6664164401454328,0.6507784238964471,0.730839853443759,0.72519782033099,0.650127802731046,0.6639216261052616
0.47887854384427075,0.5885745669605862,0.26827115775420224,0.5364177349784724,0.6458232141650925,0.6347500818317723,0.6682479151529881,0.6670456511583854,0.6090594886220054,0.39989162325932087,0.70179586054432,0.7537335659559667,0.7040517022057063,0.7270291393607211,0.788692293598222,0.726890837044786,0.6342294554013641,0.7305644219314839,0.78071443170286,0.6339157925847918,0.7413433410521836,0.8686462672879715,0.8174510519214426,0.7412220980142367,0.9939090114598388,0.9919679239073959,0.8962397659833123,0.6536979455262799,0.8873530116518015,0.9457619702139315,0.9958280205743923,0.0,0.908373912187302,0.8865896155651166,0.9840952992974891,0.8076476078713754,0.8310500053284653,0.9447594712640726,0.79759982697893,0.6704788351275563,0.566155024826921,0.8531610550856599,0.6123800079301621,0.6183739404511113,0.6486657925510252,0.5856798772200466,0.7571417404020209,0.6093462273701723,0.6828624246219756,0.5716953278509818,0.7913327192542631,0.6907569756083503,0.6265414813981484,0.7470594379077488,0.7718616753027078,0.6418892823498773,0.655142237538926
0.629876090546258,0.4753751341600502,0.22251117445200322,0.40724051907804243,0.49539718133929367,0.8106645013315453,0.8075422828067251,0.7991046371214681,0.8362247236089356,0.5776561836583282,0.8482296326759174,0.7635983936596988,0.825660292531139,0.7637159894344032,0.8567086650798267,0.8001438811489044,0.7334393859503269,0.8658182325640504,0.8651762483748167,0.7670636190848427,0.9382305723245988,0.9183443020625913,0.9100344567150451,0.8884647382044012,0.8047927463145611,0.7904380247757987,0.7321280790793023,0.5685420993042948,0.62624083018163,0.763345896556968,0.8598509018512097,0.908373912187302,0.0,0.9556166344136863,0.9416001436060658,0.9688768295477693,0.6574229339685791,0.9526687931675366,0.9035927669451774,0.8519383121684827,0.7602074310446769,0.9363759042837609,0.7563402548136179,0.7860897998421433,0.8585680642215268,0.7806936607172811,0.9258609523528786,0.810025388338026,0.8541480164243272,0.7871844560015152,0.932770965989634,0.8015290949435214,0.7890525077858631,0.8386240097176431,0.8406060809299787,0.8476404497191863,0.8875661886500514
0.6186333583262363,0.5053416484915088,0.24794909671623686,0.47186369093579994,0.5393322320863821,0.7674535411662371,0.8376464649877264,0.7996085983225342,0.7552910299138322,0.5237839967005624,0.8271115047969586,0.8781044164229642,0.9077746759676154,0.8274631107568601,0.906561476932728,0.8506866539326218,0.7965177993813601,0.9052406176648977,0.8855461217948062,0.7633740004389193,0.8815992723330164,0.9109852196194319,0.8922269658937864,0.8530117202116579,0.7771561638992517,0.7975020009467545,0.6778272245337776,0.5364199924249011,0.6815515905901584,0.7472063107789998,0.8085631467812514,0.8865896155651166,0.9556166344136863,0.0,0.9654598534833883,0.9800075712826329,0.6852296833117257,0.9754052246602932,0.8766121829999963,0.8059528303357413,0.6822675143028293,0.90955322477967,0.7734893903770957,0.6962206192737075,0.7697889138776023,0.726275018259659,0.889844430576541,0.7420523905908954,0.7644706707440858,0.6933833039889705,0.8992896721691022,0.7948250716106848,0.771091724762199,0.8679481206223084,0.8756052345703055,0.7762887092795377,0.799440401946274
0.5907547599131726,0.5852675790950446,0.26269692852854626,0.5021738269059772,0.5910251931240177,0.7486523523101433,0.7814210165478601,0.7683455171362465,0.7432419535846065,0.49466027043202077,0.8703372315197068,0.8308172837807435,0.8531548059770117,0.8526137455571114,0.8819609115643685,0.8236969463798475,0.7761139294018514,0.8828492126773704,0.8511657627125383,0.7934211127869158,0.9374640591535611,0.8815807125033852,0.8974630799118208,0.7875801685608141,0.8383788738604151,0.9720885492657232,0.7593429315629029,0.6343470688504503,0.7959715018425698,0.8521165745232897,0.9404845125037943,0.9840952992974891,0.9416001436060658,0.9654598534833883,0.0,0.9282236505256509,0.7376122087474476,1.0,0.8845403988171519,0.7793340639934692,0.6541633783559776,0.8857075199863716,0.6975900000212291,0.6729841035259096,0.7410477729994499,0.6820298044235039,0.7926001310995181,0.6839065534332406,0.7418803044257474,0.6428614232145754,0.7844053000730329,0.7922079843631256,0.77397427763003,0.8712032709266266,0.8200764057513283,0.716682734600601,0.7604224663825984
0.6988373569430127,0.41192820150098564,0.20416701599997295,0.36734782268346405,0.4440748734516242,0.8207001643622593,0.8734280446586526,0.8689684689889702,0.8572005480265538,0.6272182665147665,0.8612722922597935,0.8433047470873776,0.897905742568676,0.7724873305093626,0.9059819991660657,0.8435838812181236,0.7402153950205317,0.8957739649593343,0.9310339431894018,0.8264499769343171,0.9515576590484844,0.977211016107336,0.9506345527593679,0.9252567160048817,0.6939432415901224,0.7358144328706882,0.6356983653817864,0.479380835441294,0.589764496912207,0.6683047894944256,0.7904621337334163,0.8076476078713754,0.9688768295477693,0.9800075712826329,0.9282236505256509,0.0,0.6158192522584498,0.9224366231205887,0.9266281357012648,0.960496400834172,0.7986629856948971,0.9145887879935763,0.8156386799141189,0.8112389544504384,0.795950697072193,0.8433964277356049,0.9926248537313772,0.8237150244581007,0.9007850374094143,0.9057518868990425,0.9471483044937465,0.8726627175872659,0.853951320341863,0.8806901667400714,0.8474335918746152,0.9001496525932838,0.8526157267160337
