Cingulate area 2,Glomerular layer of the accessory olfactory bulb,Glomerular layer of the olfactory bulb,"Olfactory bulb, unspecified",Frontal association cortex,Cornu ammonis 3,Dentate gyrus,Cornu ammonis 2,Cornu ammonis 1,Fasciola cinereum,Subiculum,Postrhinal cortex,Presubiculum,Parasubiculum,Perirhinal area 35,Perirhinal area 36,Medial entorhinal cortex,Lateral entorhinal cortex,Primary auditory area,"Secondary auditory area, dorsal part","Secondary auditory area, ventral part","Piriform cortex, layer 1","Piriform cortex, layer 2","Piriform cortex, layer 3",Ventrolateral orbital area,Lateral orbital area,Ventral orbital area,Medial orbital area,Dorsolateral orbital area,Prelimbic area,Secondary motor area,Frontal association area 3,Primary motor area,"Agranular insular cortex, ventral area",Agranular insular cortex dorsal area,Cingulate area 1,Infralimbic area,Dysgranular insular cortex,Granular insular cortex,"Primary somatosensory area, forelimb representation","Primary somatosensory area, dysgranular zone","Primary somatosensory area, face representation",Secondary somatosensory area,"Primary somatosensory area, hindlimb representation","Agranular insular cortex, posterior area","Primary somatosensory area, barrel field",Retrosplenial dysgranular area,"Primary somatosensory area, trunk representation",Retrosplenial granular area,"Parietal association cortex, lateral area","Parietal association cortex, medial area","Parietal association cortex, posterior area",Primary visual area,"Secondary visual area, lateral part",Temporal association cortex,"Secondary visual area, medial part",Nucleus of the lateral olfactory tract
0.0,0.6301047346898083,0.7362229506600535,0.8546158468325545,0.8394412228367768,0.9459432705681584,0.9781852516161175,0.891534780449726,0.9535195600183434,0.7767744133514953,0.8829954665356189,0.8523885728806555,0.9354104628696474,0.7579479758102673,0.9223652121323593,0.9775381392675433,0.781843858228822,0.9142257374089406,0.9021817203706124,0.9070671259146499,0.9114496019003038,0.8599580015037268,0.8543800134123288,0.8859902312432432,0.7909032625380313,0.8195188094761365,0.8607648824067621,0.9112430850617511,0.8771022212152108,0.8731439869071849,0.8753311968668684,0.7536066702553266,0.8569061413742309,0.9241813896064792,0.871220190288746,0.8777498155445816,0.7890760163233246,0.809892123332776,0.8908676823203296,0.8901856996686065,0.9489958876401757,0.9552438173026221,0.8629758310412623,0.8598023161043733,0.8602385763096849,0.7502298243187681,0.7931338944386582,0.9669658352435216,0.9327703947406369,0.8680838753990117,0.8395828008930433,0.7445625138574881,0.8338169364797885,0.849758848975095,0.7947035258685382,0.8186846730871936,0.9110898033945023
0.6301047346898083,0.0,0.39171273204512924,0.5126369680118433,0.5499585583512743,0.6538045287510014,0.6427307515719692,0.5777397453819904,0.5933363454258286,0.6429569770357683,0.5440507385615067,0.6432231862261073,0.5456549148336122,0.46659647581972896,0.6139158161938695,0.6448538939960443,0.5759280100527718,0.5728827372366577,0.6577045730513974,0.4937643271751285,0.6334657818813461,0.653128162204584,0.6844044864958063,0.6183695507210113,0.7460521358973328,0.6452027749064354,0.7589240097052465,0.5021104068460516,0.5702293491897027,0.7755671080159133,0.6491807327064638,0.5279233065313467,0.6890203495783276,0.6347119907657532,0.638601004491499,0.5215799903401749,0.7755423119222125,0.48584213083117844,0.5439747531325723,0.6907548092767801,0.6308032069709039,0.6370066952544523,0.4974510353564742,0.6777386621346535,0.49994179936460603,0.6588769577700679,0.48413469028691114,0.5549629634679977,0.6805937139653089,0.5672749145295889,0.6009680605040174,0.5022897312818433,0.553435975604765,0.6697407425612099,0.6520837422326482,0.5975608466307688,0.7646023273883376
0.7362229506600535,0.39171273204512924,0.0,0.8542449648209389,0.712181446267565,0.6868013169112014,0.6700616888060168,0.6772635651088267,0.701985548326584,0.7007906401428754,0.6754111969136722,0.532693480415846,0.5753151808283202,0.5468395617256356,0.8205928852465606,0.7259030986819492,0.47533358129574776,0.7184239075400559,0.7934595626254192,0.7407506394132801,0.7131969544210077,0.7541280972493688,0.7634105456594658,0.7967617817702852,0.6498176074305496,0.713445192986934,0.6367134830792993,0.7794024147168725,0.7670791602969175,0.6200773582045876,0.813672378126596,0.7215168543322932,0.6783515161838839,0.6429761098667274,0.6693204994616982,0.803662457620481,0.5213611671844889,0.7813519933631303,0.7528434660620607,0.6701297139935487,0.7177857703349199,0.7423050452727282,0.8291096929929034,0.6648089160992181,0.8889897144310148,0.6414912746532473,0.6335508848666777,0.7191057769994728,0.6730850024706229,0.6704272560864667,0.6167324772937478,0.5445765969391138,0.5668232507351275,0.6384231540314123,0.6221489153296069,0.5450446485930175,0.6225232727941319
0.8546158468325545,0.5126369680118433,0.8542449648209389,0.0,0.8026797367484169,0.8621849798914224,0.8127232011866792,0.7723827832040934,0.7624052417400461,0.7607609587185078,0.7431910718622248,0.6273400666318866,0.6402119227154678,0.6035067795362435,0.8934672639863368,0.8683262037022156,0.5518722624464177,0.7516726135733313,0.8853475644069768,0.8096958124295804,0.858881930423697,0.8775932667939241,0.7864917464627995,0.8638649748835545,0.7783877029331296,0.8022644253416302,0.7061481158049776,0.7727706108649599,0.8606647456820572,0.7625785375317427,0.8494803182563403,0.7473231325682579,0.7513050885265404,0.7466369442367331,0.767058245141768,0.8218482777293848,0.660975251926169,0.7701581396112372,0.7742427260198158,0.7590570756683538,0.7997334121727533,0.8851564358518238,0.8439882551374966,0.7708824905969528,0.9009559379651866,0.7711363564729881,0.6457152882587146,0.7830275465750747,0.7474511209337525,0.7095584649205845,0.727938653583701,0.5905770042690215,0.6636247268012823,0.7194176587536232,0.6977301981977212,0.5832770917133363,0.7780665005546071
0.8394412228367768,0.5499585583512743,0.712181446267565,0.8026797367484169,0.0,0.8701115634180177,0.8589704030443067,0.822214317910564,0.930992627974767,0.9144868286080445,0.8510609002925179,0.6773463561433221,0.6629800408351115,0.702618304510797,0.9728136300172964,0.9346715861701889,0.6299694734245194,0.8590588687157434,0.9775629378231792,0.9177329327082089,0.9301948426098117,0.9169997454379781,0.8536920908528087,0.9904908732314489,0.7993196263388679,0.8671684004030611,0.8329929504924994,0.836325939123079,0.8833885636191343,0.8276452866220891,0.8960869178502291,0.8930362413079134,0.8413134409636444,0.8130716521717932,0.9397650894555748,0.9095728557688629,0.7277264095770463,0.803487969302632,0.9244512678258366,0.9160670615708599,0.8979487651448304,0.9367555925685584,0.9050751613897677,0.916932188777415,0.9181420570988644,0.8396117874337699,0.8304122620538066,0.902384231814151,0.893449572113168,0.8702256682324006,0.8094311115622917,0.7104195420478054,0.792493732638693,0.7668098359997729,0.9274550353932678,0.6905310009503266,0.7797515853352215
0.9459432705681584,0.6538045287510014,0.6868013169112014,0.8621849798914224,0.8701115634180177,0.0,0.9420410630100686,0.9233566269366489,0.9761800557543211,0.907580868905153,0.9389898666020439,0.8505968734935966,0.8251593367507443,0.7754335560895531,0.9895099526240742,1.0,0.7156732801182707,0.96793505515372,0.9870925595263164,0.9159131984457606,0.9618587007114943,0.952988766556162,0.9208452194764402,0.9747846752025902,0.8619982027195902,0.9359411634398713,0.8504433968014791,0.9286337424097626,0.9299299858945455,0.948400075472112,0.9514969529767877,0.8052829154488651,0.9298083218468951,0.9006451753966349,0.8641995653284575,0.9115853291533599,0.8247009582319171,0.8077265775403369,0.940932578971776,0.9884137117683575,0.9128901611553605,1.0,0.9237123228516608,0.9781471423701441,0.9171061294427557,0.8874835343663384,0.816388889257326,0.9939283727877531,0.9336804116810817,0.9157287608687901,0.8922640924671708,0.7407810607637547,0.8572412158659187,0.9169114960157195,0.9171995060850905,0.7988708044406303,0.8897920812562612
0.9781852516161175,0.6427307515719692,0.6700616888060168,0.8127232011866792,0.8589704030443067,0.9420410630100686,0.0,0.9302967173869753,0.9776528789239595,0.8871644355778685,0.9503516511057215,0.9411621059266394,0.937331719306081,0.8888788300711995,0.8434802320579721,1.0,0.9150815745895334,0.9865119012720598,0.9729961466645839,0.9335622950287695,0.9266730467080507,0.8976893763981307,0.925336740075592,0.9494656161143314,0.8656847709266622,0.8150260996245772,0.8732499617165337,0.8456810890348107,0.8641447875875472,0.9405295683862662,0.9348998436634265,0.6993435500975103,0.8475228903336716,0.956742465104903,0.8522051461838592,0.8673659828410993,0.8873056449430459,0.7626986816045013,0.8880229375888903,0.9282314568670391,0.8811460859500344,1.0,0.8336089920119487,0.8561504225708182,0.8899362989913099,0.8609067975013128,0.8529948737297407,0.9949622536878162,0.9982336686751618,0.9604386302713301,0.8463164810003804,0.7277196196389507,0.9380166553454239,0.9682386176296616,0.9273076469001675,0.9296259508719055,0.9065151538767625
0.891534780449726,0.5777397453819904,0.6772635651088267,0.7723827832040934,0.822214317910564,0.9233566269366489,0.9302967173869753,0.0,0.9349501275705805,0.7324643578978316,0.8538619194034021,0.8404852577983819,0.8588204206505838,0.7723591679097659,0.9186866926932832,0.9373687399577629,0.7379448761941636,0.8819929014214823,0.9223153395754705,0.8696917579360733,0.885637947739831,0.8224643760903583,0.8337746756454671,0.949488335490949,0.7159251799949519,0.8000435872983034,0.8083904178243406,0.8999308869228633,0.8665562329174124,0.8675868867680807,0.8719145829439939,0.7418966938755086,0.8545133477888354,0.869860204886286,0.8193800491563217,0.8913617444531831,0.702966513146948,0.771583542024186,0.904474632799713,0.9028926590702963,0.9394847632702592,0.924689287250811,0.8999256561402355,0.858187979298208,0.8682469969961581,0.8139163685890823,0.7923647422613154,0.9548048777385226,0.96398456666659,0.8745244589905633,0.7233984548699861,0.668587403154226,0.8134670656511069,0.8442337318001674,0.808201710704136,0.8164544946470407,0.8534021164337818
0.9535195600183434,0.5933363454258286,0.701985548326584,0.7624052417400461,0.930992627974767,0.9761800557543211,0.9776528789239595,0.9349501275705805,0.0,0.8531511313211788,0.9909708561983278,0.8501611106346012,0.9108853592685073,0.8580900602838919,0.9173495370888562,0.9897317959842441,0.8492476812863088,0.9800465913962658,0.936556602326153,0.9362225732757811,0.9097905922436222,0.8845273642387534,0.8941693979709806,0.981052657765796,0.7939301313848538,0.7943670680440723,0.8628895782986555,0.9198705785384907,0.8497355997235682,0.9098920337791724,0.975876606009247,0.801214075553348,0.8964505839756569,0.9512340248156904,0.9291671602622699,0.8284792499816184,0.8330857150182812,0.7865874837451309,0.9053249299738207,0.9320337087902986,0.899238738157523,0.9629962356759966,0.8517503107199461,0.9080981670370517,0.9437712317546088,0.8154753361892287,0.861192187132762,0.9856557512502403,0.9237704986672293,0.9787850682610776,0.8141560629694459,0.7661075563730771,0.919635968980382,0.9742702449064146,0.936602176011622,0.8560424251796246,0.8558037361876677
0.7767744133514953,0.6429569770357683,0.7007906401428754,0.7607609587185078,0.9144868286080445,0.907580868905153,0.8871644355778685,0.7324643578978316,0.8531511313211788,0.0,0.8136791217423781,0.6415393255409235,0.664462609489812,0.6061919991285402,0.9656024478922699,0.921076925406671,0.660253100741603,0.8798289507722721,0.9327181035144402,0.7759195661586992,0.9588895562510925,0.9717268189399577,0.9718740766474294,1.0,0.9255171514241911,0.9013349318994494,0.9229761673316631,0.8075952835954296,0.8580289186358938,0.8085619629196102,0.948351868746857,0.9953236580006981,0.9443098457444931,0.8018866026003398,0.8966722165059695,0.8285873837517624,0.7558461164182335,0.8491648700966525,0.9086133935369818,0.9485615926301885,0.8994205422287159,0.9629860025927209,0.9027167710774331,0.9188794576245838,0.9439304109816914,1.0,0.7237630566983261,0.8898904016950349,0.8176159047307705,0.8087929210601355,0.8475422115494082,0.8255626611931879,0.6531860262474085,0.7807470462278276,0.8280173163871043,0.6779620934200551,0.8762929296597215
0.8829954665356189,0.5440507385615067,0.6754111969136722,0.7431910718622248,0.8510609002925179,0.9389898666020439,0.9503516511057215,0.8538619194034021,0.9909708561983278,0.8136791217423781,0.0,0.8229363257814744,0.881843134902823,0.8296868086764759,0.9473031316426762,0.8904083064091971,0.8071305270985862,0.9782173736033063,0.9266604474803622,0.9446029590732832,0.8799524968303479,0.8319766834102006,0.9093976152814757,0.9541852091021392,0.7592463105449281,0.8550280587312108,0.8709412162020902,0.9351059373192587,0.8100972838178364,0.8655205110544577,0.9609707058961575,0.7821765222482618,0.9217859459345447,0.9372101537011338,0.8485929705730936,0.8661899171294247,0.7400206316281253,0.8199737413566723,0.9408267192855726,0.9321727932693377,0.8941498514304422,0.9615687470176103,0.8577130230809814,0.8896101583100975,0.9125954493788807,0.81290699316013,0.8610538736341353,0.9490549734041668,0.9560919989897345,0.9896635324945798,0.8243201450551372,0.8086727740355394,0.8480154315020673,0.8999013547217717,0.8579156255309823,0.8583843744651307,0.8088745581357527
0.8523885728806555,0.6432231862261073,0.532693480415846,0.6273400666318866,0.6773463561433221,0.8505968734935966,0.9411621059266394,0.8404852577983819,0.8501611106346012,0.6415393255409235,0.8229363257814744,0.0,0.9356634550250281,0.9002664518632322,0.7189434657502848,0.8138664790656928,0.9220445313368112,0.7854574128226531,0.7905751741194557,0.7529425414877963,0.7200673623695955,0.7478903408104729,0.7501277550307008,0.766948401419444,0.7252425557563635,0.7489233892736483,0.7928517677933404,0.7483602177363917,0.6508866235434311,0.8615642501588298,0.8215362264023922,0.5954641295638275,0.7666102229346138,0.962897417141227,0.7730198478838134,0.7089273027526726,0.8198827821062142,0.6679127237559392,0.738449972233885,0.8273271164775496,0.7623387405290286,0.7835541285509078,0.6462708433146186,0.8048890755007337,0.7090793454243798,0.6911161893055415,0.7833288935968593,0.838743669307234,0.8663224603334613,0.9012772574450258,0.7700735321645464,0.7039811275691825,0.9667072738546179,0.8787970436481929,0.8516649748489594,0.9975291456209078,0.8078498187421005
0.9354104628696474,0.5456549148336122,0.5753151808283202,0.6402119227154678,0.6629800408351115,0.8251593367507443,0.937331719306081,0.8588204206505838,0.9108853592685073,0.664462609489812,0.881843134902823,0.9356634550250281,0.0,0.9186677304788381,0.8230647655182832,0.8338849244080325,1.0,0.8652353237617474,0.7917645136162104,0.7796781059297343,0.7999467639272716,0.765173775752201,0.773916074026393,0.7995113572711018,0.7017527843929687,0.702853297411108,0.7956023486594437,0.9098885964764901,0.7289210831275513,0.8485085024766633,0.8735696602810159,0.6755166148892033,0.7540025154061857,0.9491542503933301,0.7523326305216914,0.73675278407453,0.758333429830878,0.7452317932481437,0.8378586525500374,0.8193518774927091,0.7654329552279171,0.9452059672803284,0.7546057124250322,0.7379517653377076,0.8177997512713916,0.6818334029306801,0.8992604122191358,0.9733803658904918,0.9002610650909182,0.8854802417308137,0.7571614774374015,0.807125460848666,0.9590760493650331,0.8863890935560313,0.8159508016334911,1.0,0.824666363850871
0.7579479758102673,0.46659647581972896,0.5468395617256356,0.6035067795362435,0.702618304510797,0.7754335560895531,0.8888788300711995,0.7723591679097659,0.8580900602838919,0.6061919991285402,0.8296868086764759,0.9002664518632322,0.9186677304788381,0.0,0.6907963617442606,0.7520149711724793,0.9598438977081091,0.7681061858675974,0.7141671856482403,0.8054876055977968,0.7427724683956956,0.7032849983704426,0.6978077075942392,0.7313998802726742,0.5849470557812876,0.6329342646608783,0.7275113172061902,0.84264821796674,0.6150016402753786,0.7472508623182038,0.8112439725691353,0.6177297077703108,0.7470330127824587,0.9036606296037433,0.7302783100035442,0.7164408244143398,0.7001023757526151,0.7006552272962632,0.7747417174487388,0.7516969229666616,0.7281849133074088,0.794088636786141,0.6686031389441116,0.7016042292651281,0.7150130690638405,0.603625156899981,0.8772855286042862,0.8412396417844324,0.8574697390264739,0.8595003569508606,0.7054348012764519,0.7787506806706042,0.9958562961214472,0.8114860571479634,0.8910213086650012,0.9473002831820384,0.6999954824499218
0.9223652121323593,0.6139158161938695,0.8205928852465606,0.8934672639863368,0.9728136300172964,0.9895099526240742,0.8434802320579721,0.9186866926932832,0.9173495370888562,0.9656024478922699,0.9473031316426762,0.7189434657502848,0.8230647655182832,0.6907963617442606,0.0,1.0,0.6724851985635596,0.9814629037789988,1.0,0.9724253921299499,0.9843151252386113,1.0,1.0,1.0,0.8740906148157452,0.9539617500542804,0.871472635059346,0.9395603973546764,1.0,0.915639643523482,0.9931882131920244,0.9594899583631439,0.9597057354451092,0.9071124174236606,0.9475646550471938,0.9369897650368166,0.8072072759146633,0.9296264992947462,0.9951725220407086,0.9857307742158805,0.9513739593506604,1.0,0.9971332544602842,0.9904504901803786,1.0,0.9792440651672548,0.83255674978828,0.9809340019233757,0.9442010733064714,0.9232314764721928,0.8840679292709688,0.7699126094706575,0.7758925934361918,0.8888426576377675,0.8526532915928265,0.7500667590201748,1.0
0.9775381392675433,0.6448538939960443,0.7259030986819492,0.8683262037022156,0.9346715861701889,1.0,1.0,0.9373687399577629,0.9897317959842441,0.921076925406671,0.8904083064091971,0.8138664790656928,0.8338849244080325,0.7520149711724793,1.0,0.0,0.770795147582104,0.9934126093588324,1.0,0.9214387003645672,0.9856281190154075,0.9842431343416909,0.9816881754106398,1.0,0.9304120818342367,0.9883955545130292,0.9144964850267394,0.933344312591975,0.9713085781937753,0.9506984988922309,1.0,0.9555523511091418,0.9460047386164075,0.9466856076882796,0.898640800482488,0.9168876112400794,0.8753444414305256,0.8647448508102265,0.9297604402049988,1.0,0.9344100512894056,1.0,0.9818047516970938,0.899889205591119,0.9559936818300407,0.9358101808223279,0.8103300462402045,1.0,0.9531394196231298,0.8897102265633863,0.9372650618566558,0.7720701323661381,0.8365908097543843,0.9267328512162061,0.8922658812038633,0.7907208775177227,0.9970926205198984
0.781843858228822,0.5759280100527718,0.47533358129574776,0.5518722624464177,0.6299694734245194,0.7156732801182707,0.9150815745895334,0.7379448761941636,0.8492476812863088,0.660253100741603,0.8071305270985862,0.9220445313368112,1.0,0.9598438977081091,0.6724851985635596,0.770795147582104,0.0,0.6958612478733989,0.7151988330596175,0.683785899221936,0.6721739450997082,0.6753049638426988,0.6792031499929045,0.7240484004381802,0.6516228273499953,0.656417199573116,0.7807838225591428,0.7272203382644922,0.5789696788886886,0.829925790022448,0.7912846181439052,0.5982115077406073,0.7308351073406711,0.851548005250843,0.7773449013850205,0.640126264181914,0.7709364280014065,0.6797518650542215,0.702186030013357,0.7319928356780818,0.6915798557638334,0.7961455291683737,0.6049524240526015,0.727871947977358,0.644991191453473,0.6396542118451626,0.8625687179278303,0.7685076363372212,0.8575462830365683,0.8266334863778165,0.7277376197184168,0.8004024422925753,0.9699796036124883,0.7979911626563394,0.8462301350393993,1.0,0.796515110811996
0.9142257374089406,0.5728827372366577,0.7184239075400559,0.7516726135733313,0.8590588687157434,0.96793505515372,0.9865119012720598,0.8819929014214823,0.9800465913962658,0.8798289507722721,0.9782173736033063,0.7854574128226531,0.8652353237617474,0.7681061858675974,0.9814629037789988,0.9934126093588324,0.6958612478733989,0.0,0.8908351002548139,0.9462280702598721,0.947467963913875,0.8658042863890196,0.8775922380168552,1.0,0.858817996116907,0.9360802037362703,0.8054178646768043,0.9370367340970637,0.8669798857564543,0.917504206405161,1.0,0.8886083388538527,0.8709740238741882,0.9475205471844529,0.9230763664713753,0.9602152771005765,0.7732955866817706,0.8302496804707347,0.9700179090181364,0.96907146719159,0.8725454793272732,0.9898657787788758,0.9603048799992391,0.9581548141437165,0.9907067470595575,0.8023637047001749,0.8274582304983354,0.9803586496388955,0.9102045460567869,0.8980896476072119,0.8248402433644444,0.7968423619380094,0.8276956124850593,0.847584583300195,0.9376821742952327,0.78974719071486,0.8662681625078579
0.9021817203706124,0.6577045730513974,0.7934595626254192,0.8853475644069768,0.9775629378231792,0.9870925595263164,0.9729961466645839,0.9223153395754705,0.936556602326153,0.9327181035144402,0.9266604474803622,0.7905751741194557,0.7917645136162104,0.7141671856482403,1.0,1.0,0.7151988330596175,0.8908351002548139,0.0,0.9380022763159398,0.9854823188258922,1.0,0.9667033045475504,0.9927255916695717,0.9384075233907089,0.9235273351943744,0.9824337476815398,0.86911071862065,0.9837453934870666,0.8922047572495135,0.9930853928540855,0.9159408914250922,0.9200841148177618,0.9123889386865155,0.9284581556579472,0.8922277523730562,0.7997421778180467,0.8665234926911642,0.9805176338872156,0.942392007981115,0.9348379756322447,0.9920527050556395,0.9714125549719558,0.9635023105330013,0.971632209774287,0.9694512709243022,0.8296918921357604,0.9286328741773439,0.9265257783060064,0.9309603564011253,0.8303876698783663,0.7885858442989536,0.7934556354404014,0.8949579901787564,0.9237281070457346,0.8019157769383781,0.9750129824818232
0.9070671259146499,0.4937643271751285,0.7407506394132801,0.8096958124295804,0.9177329327082089,0.9159131984457606,0.9335622950287695,0.8696917579360733,0.9362225732757811,0.7759195661586992,0.9446029590732832,0.7529425414877963,0.7796781059297343,0.8054876055977968,0.9724253921299499,0.9214387003645672,0.683785899221936,0.9462280702598721,0.9380022763159398,0.0,0.8877170519395301,0.8989464375400864,0.8225974214921696,0.9612680586324132,0.7289088503157656,0.8037167342556321,0.7719733444403175,0.9048266737564239,0.8256619197496836,0.8210119705136742,0.9670110975958438,0.7995668583680752,0.8290495864240836,0.8830281364204615,0.8525570077840989,0.9206487629349666,0.6599870258585779,0.7840801887464607,0.9467410851382791,0.8468791823791725,0.8856739769392638,0.9361106491384295,0.886213034745759,0.8663443188990172,0.9751174828677142,0.8322853243073464,0.8734711468585269,0.9328980927584443,0.8856668064279177,0.9850305381961236,0.7428148613424199,0.7437530442091287,0.7922949229559416,0.8357084774093776,0.8263553043235258,0.7558273726751777,0.7454456696035399
0.9114496019003038,0.6334657818813461,0.7131969544210077,0.858881930423697,0.9301948426098117,0.9618587007114943,0.9266730467080507,0.885637947739831,0.9097905922436222,0.9588895562510925,0.8799524968303479,0.7200673623695955,0.7999467639272716,0.7427724683956956,0.9843151252386113,0.9856281190154075,0.6721739450997082,0.947467963913875,0.9854823188258922,0.8877170519395301,0.0,0.9646744978266032,0.9081265081560553,0.998434639538593,0.8999312334357046,0.9172081661045319,0.8739893825264425,0.8839697200401506,0.9819938832165103,0.8754337266667411,0.9523085536172655,0.9235485335295059,0.9795718213891028,0.8868948199695373,0.9073474414664321,0.905239869046502,0.8354139424451388,0.8427440785533348,0.9405997381173286,0.9367195080004466,0.8792917442714102,0.990321979530566,0.9558058013741539,0.952697170289978,0.9764344770694329,0.9955489721339746,0.7947872629051179,0.9351077970429555,0.955970187216353,0.8591609377373096,0.8516989125198448,0.7486914651340437,0.7617718918471689,0.8373919938544923,0.9324493137004769,0.76603632857205,0.8945292020435713
0.8599580015037268,0.653128162204584,0.7541280972493688,0.8775932667939241,0.9169997454379781,0.952988766556162,0.8976893763981307,0.8224643760903583,0.8845273642387534,0.9717268189399577,0.8319766834102006,0.7478903408104729,0.765173775752201,0.7032849983704426,1.0,0.9842431343416909,0.6753049638426988,0.8658042863890196,1.0,0.8989464375400864,0.9646744978266032,0.0,0.9500480612285799,0.9802199747846372,0.9235674874679812,0.9175560932093387,0.92917903059137,0.8292944691463395,0.9124325088688721,0.8697323438184374,0.9692972992011772,0.8257064360060158,0.9027531670629237,0.9117915181992998,0.8725319422284912,0.873116600179085,0.7936355063476539,0.8230684792242831,0.9232798251385459,0.8833119537925278,0.9484655832240058,0.9792922846223245,0.9475674771369353,0.9383592921162893,0.9128774183849825,0.979769362552707,0.8167805421082871,0.9317458935416398,0.8818280330539688,0.8334088946594816,0.9032613941614526,0.7613370775339733,0.7599398575560516,0.8960660133229308,0.8887597147872321,0.769107898609929,0.8735084465999853
0.8543800134123288,0.6844044864958063,0.7634105456594658,0.7864917464627995,0.8536920908528087,0.9208452194764402,0.925336740075592,0.8337746756454671,0.8941693979709806,0.9718740766474294,0.9093976152814757,0.7501277550307008,0.773916074026393,0.6978077075942392,1.0,0.9816881754106398,0.6792031499929045,0.8775922380168552,0.9667033045475504,0.8225974214921696,0.9081265081560553,0.9500480612285799,0.0,1.0,0.9133966628852782,0.9274188074593845,0.9647814503947948,0.8801770795858421,0.8907217832557719,0.9718514216693441,0.9871384140889207,0.8520936717768977,0.9716391545146322,0.8982437297210084,0.89593238354624,0.893119435541696,0.9078909576598659,0.8271468226024237,0.9006744320671796,0.94332880410515,0.8872958038460962,0.9749910179901835,0.9656299156493549,0.9275797158850265,0.901433889859352,0.9195406510805152,0.7900057126238478,0.9562544461595824,0.9056958809436053,0.8691830409641993,0.9101841405785013,0.752693873360929,0.7763315022390517,0.8568541341270056,0.9336913933353912,0.7551310868405201,0.9256091334706544
0.8859902312432432,0.6183695507210113,0.7967617817702852,0.8638649748835545,0.9904908732314489,0.9747846752025902,0.9494656161143314,0.949488335490949,0.981052657765796,1.0,0.9541852091021392,0.766948401419444,0.7995113572711018,0.7313998802726742,1.0,1.0,0.7240484004381802,1.0,0.9927255916695717,0.9612680586324132,0.998434639538593,0.9802199747846372,1.0,0.0,0.9530104797584213,0.9368628337051531,0.9194527765316827,0.9166836844446523,0.9452697787390875,0.9784774021874366,1.0,0.9995403899324431,1.0,0.9158728093242284,0.9553167246858442,0.9508949297047278,0.8262647568258427,0.9496950362094077,0.9598530529045665,1.0,0.9915350000419157,1.0,1.0,0.9853964885300491,0.990448688601879,0.996533376635031,0.8684759571768468,1.0,0.948882401729245,0.9904901596485993,0.8583439623970582,0.8267587356545305,0.8512880206620616,0.9241031400668175,1.0,0.7945699449780314,0.9205689377900848
0.7909032625380313,0.7460521358973328,0.6498176074305496,0.7783877029331296,0.7993196263388679,0.8619982027195902,0.8656847709266622,0.7159251799949519,0.7939301313848538,0.9255171514241911,0.7592463105449281,0.7252425557563635,0.7017527843929687,0.5849470557812876,0.8740906148157452,0.9304120818342367,0.6516228273499953,0.858817996116907,0.9384075233907089,0.7289088503157656,0.8999312334357046,0.9235674874679812,0.9133966628852782,0.9530104797584213,0.0,0.9319222803965688,0.9182710784223354,0.7352024739179098,0.7927049230802804,0.906644373774737,0.8698496281520878,0.802686855217365,0.9201100123487056,0.8208333534055509,0.8187506999265235,0.7513189233957797,0.8667359292521161,0.7425447038905715,0.7659512040369092,0.9024205837058085,0.879250952581934,0.924313282675357,0.829739331000715,0.9128298183574604,0.7949127599321336,0.9484209071543963,0.6785957023737806,0.7653360581464891,0.8223444102201295,0.7826044426077766,0.8831326340452573,0.7067621029453415,0.68047314225026,0.80434207960604,0.8630073396637611,0.7327157499478635,0.9180858783075829
0.8195188094761365,0.6452027749064354,0.713445192986934,0.8022644253416302,0.8671684004030611,0.9359411634398713,0.8150260996245772,0.8000435872983034,0.7943670680440723,0.9013349318994494,0.8550280587312108,0.7489233892736483,0.702853297411108,0.6329342646608783,0.9539617500542804,0.9883955545130292,0.656417199573116,0.9360802037362703,0.9235273351943744,0.8037167342556321,0.9172081661045319,0.9175560932093387,0.9274188074593845,0.9368628337051531,0.9319222803965688,0.0,0.8170065207660757,0.7887305130462781,0.8903067699624791,0.892905550121455,0.9360625527214568,0.8683524343247083,0.9408384683745309,0.8088414797336848,0.9012342452635475,0.8392989903624785,0.8429068608769261,0.8178089275225614,0.9116688894520545,0.9261753511559354,0.8576164454935269,0.9756965134184181,0.9605739246660383,0.9751937629937305,0.8682355596054949,0.9279629172367972,0.721928904258698,0.8664750071665661,0.8628653624320137,0.7700223331935221,0.9411480176767854,0.7034026742909977,0.6745503979996572,0.7839763564749183,0.8658119849576738,0.6971025611172814,0.9102366191337102
0.8607648824067621,0.7589240097052465,0.6367134830792993,0.7061481158049776,0.8329929504924994,0.8504433968014791,0.8732499617165337,0.8083904178243406,0.8628895782986555,0.9229761673316631,0.8709412162020902,0.7928517677933404,0.7956023486594437,0.7275113172061902,0.871472635059346,0.9144964850267394,0.7807838225591428,0.8054178646768043,0.9824337476815398,0.7719733444403175,0.8739893825264425,0.92917903059137,0.9647814503947948,0.9194527765316827,0.9182710784223354,0.8170065207660757,0.0,0.7981608900473516,0.7790712619298805,0.886893977506146,0.9410572204101049,0.7911396251406715,0.8835169197152677,0.8497031407164463,0.8733540992541216,0.7902148193607047,0.9062762820073283,0.8069342119112793,0.8231840482510399,0.9534402794739644,0.8958476083829846,0.9283315585496811,0.7534347542239823,0.8820696208693913,0.7709624691643702,0.8141242555072307,0.8071984007293318,0.8852333797018006,0.8624127354082358,0.8580259909290108,0.7579795302651949,0.7837565588218618,0.7497542594363733,0.8668990461020752,0.9137102945221861,0.8096646957472489,0.962160789514558
0.9112430850617511,0.5021104068460516,0.7794024147168725,0.7727706108649599,0.836325939123079,0.9286337424097626,0.8456810890348107,0.8999308869228633,0.9198705785384907,0.8075952835954296,0.9351059373192587,0.7483602177363917,0.9098885964764901,0.84264821796674,0.9395603973546764,0.933344312591975,0.7272203382644922,0.9370367340970637,0.86911071862065,0.9048266737564239,0.8839697200401506,0.8292944691463395,0.8801770795858421,0.9166836844446523,0.7352024739179098,0.7887305130462781,0.7981608900473516,0.0,0.8812062098684773,0.8144960289859831,0.9218914016437569,0.8087212648876501,0.9094572449785471,0.8587214676857492,0.8760611158250592,0.9148695605598259,0.7594912059029487,0.8582946859588537,0.9189872085198985,0.890352544471367,0.8414121460078422,0.9490053681554185,0.925323166784675,0.8853556250304321,0.9691485281048067,0.83891968331381,0.8630692785871203,0.9685468214221817,0.9134669614559007,0.9209890480686291,0.8234713130943508,0.7429659129423758,0.9146473043272574,0.8306339510394369,0.8445521180245701,0.7918343111711048,0.8014866314426418
0.8771022212152108,0.5702293491897027,0.7670791602969175,0.8606647456820572,0.8833885636191343,0.9299299858945455,0.8641447875875472,0.8665562329174124,0.8497355997235682,0.8580289186358938,0.8100972838178364,0.6508866235434311,0.7289210831275513,0.6150016402753786,1.0,0.9713085781937753,0.5789696788886886,0.8669798857564543,0.9837453934870666,0.8256619197496836,0.9819938832165103,0.9124325088688721,0.8907217832557719,0.9452697787390875,0.7927049230802804,0.8903067699624791,0.7790712619298805,0.8812062098684773,0.0,0.9291449270343662,0.9512164058611087,0.9161450373735577,0.887374499940878,0.807915052000914,0.8729868503991316,0.8991883561757317,0.704781743730121,0.8416356360201604,0.9421650509651961,0.8474740924168799,0.902963997279224,0.9725571740816513,0.9976649180445715,0.8735169561115114,0.9111448611539387,0.8204495288822887,0.7283802172595224,0.9174254606361523,0.8791729838177832,0.8488938960370616,0.7743962846306176,0.6870266652293948,0.6870981765361055,0.8054755026159931,0.7416922715495088,0.6658810451799435,0.9097423189365157
0.8731439869071849,0.7755671080159133,0.6200773582045876,0.7625785375317427,0.8276452866220891,0.948400075472112,0.9405295683862662,0.8675868867680807,0.9098920337791724,0.8085619629196102,0.8655205110544577,0.8615642501588298,0.8485085024766633,0.7472508623182038,0.915639643523482,0.9506984988922309,0.829925790022448,0.917504206405161,0.8922047572495135,0.8210119705136742,0.8754337266667411,0.8697323438184374,0.9718514216693441,0.9784774021874366,0.906644373774737,0.892905550121455,0.886893977506146,0.8144960289859831,0.9291449270343662,0.0,1.0,0.7792581205194946,0.8787026979118606,0.9494852298179449,0.9621748528967288,0.8411920299778768,0.8944975097304411,0.8032000461251476,0.8901737940770842,0.929655233109633,0.873587211711595,0.9904515126230482,0.848381550193524,0.9091338654268122,0.8314921285082244,0.86917532839644,0.8046792858546509,0.8906747580689011,0.9080123496681586,0.8808889529994831,0.8558768121297655,0.7612866835091393,0.8623569651080775,0.8441215129458592,0.9255444218532487,0.8045978950065934,0.9218418281837223
0.8753311968668684,0.6491807327064638,0.813672378126596,0.8494803182563403,0.8960869178502291,0.9514969529767877,0.9348998436634265,0.8719145829439939,0.975876606009247,0.948351868746857,0.9609707058961575,0.8215362264023922,0.8735696602810159,0.8112439725691353,0.9931882131920244,1.0,0.7912846181439052,1.0,0.9930853928540855,0.9670110975958438,0.9523085536172655,0.9692972992011772,0.9871384140889207,1.0,0.8698496281520878,0.9360625527214568,0.9410572204101049,0.9218914016437569,0.9512164058611087,1.0,0.0,0.9096800537818064,0.9819800275182193,0.983807718666889,0.9707408562901364,0.9612585001255644,0.8326791404837615,0.9301580262684187,0.9695425202868553,1.0,0.933310041369483,0.9974135957633025,0.9818392478714734,0.9306512127305138,0.9756419903117625,0.9189190152939413,0.9197094845628774,0.9631878571008174,0.9896054314021502,0.9461419375930786,0.8915426747438548,0.831566747042109,0.8332866461353118,0.9653572610630116,0.9148042562100255,0.9102161296914326,0.9379354144208201
0.7536066702553266,0.5279233065313467,0.7215168543322932,0.7473231325682579,0.8930362413079134,0.8052829154488651,0.6993435500975103,0.7418966938755086,0.801214075553348,0.9953236580006981,0.7821765222482618,0.5954641295638275,0.6755166148892033,0.6177297077703108,0.9594899583631439,0.9555523511091418,0.5982115077406073,0.8886083388538527,0.9159408914250922,0.7995668583680752,0.9235485335295059,0.8257064360060158,0.8520936717768977,0.9995403899324431,0.802686855217365,0.8683524343247083,0.7911396251406715,0.8087212648876501,0.9161450373735577,0.7792581205194946,0.9096800537818064,0.0,0.9008361723725232,0.7728837679020311,0.8695196889875978,0.888104345781838,0.6917941505461217,0.8517030341848972,0.9338263841203618,0.8796986605601601,0.8559607169966293,0.954854323239201,0.9439048581400713,0.8424210536760314,0.9648213307539603,0.8993854773077289,0.7724657211989743,0.8830622657777195,0.7725036134676256,0.8007663681667767,0.7797243191203621,0.7955478144426144,0.6571410807583025,0.7644238401559486,0.7721809906448246,0.6779672103262568,0.7859632182068409
0.8569061413742309,0.6890203495783276,0.6783515161838839,0.7513050885265404,0.8413134409636444,0.9298083218468951,0.8475228903336716,0.8545133477888354,0.8964505839756569,0.9443098457444931,0.9217859459345447,0.7666102229346138,0.7540025154061857,0.7470330127824587,0.9597057354451092,0.9460047386164075,0.7308351073406711,0.8709740238741882,0.9200841148177618,0.8290495864240836,0.9795718213891028,0.9027531670629237,0.9716391545146322,1.0,0.9201100123487056,0.9408384683745309,0.8835169197152677,0.9094572449785471,0.887374499940878,0.8787026979118606,0.9819800275182193,0.9008361723725232,0.0,0.8797074927785449,0.8681865155995241,0.8689213787204306,0.8345156463617193,0.8246339329867759,0.9239051975195999,0.9444854636174931,0.910303494504196,0.9944002755895973,0.9430186209539142,1.0,0.8897859422937071,0.8864348783329015,0.7869710460649776,0.912246963157075,0.8933493103823118,0.8724324837365213,0.8413941771278937,0.815916025196436,0.8005435039774678,0.8601786888245507,0.847748949567213,0.7921750736041304,0.8942838049177644
0.9241813896064792,0.6347119907657532,0.6429761098667274,0.7466369442367331,0.8130716521717932,0.9006451753966349,0.956742465104903,0.869860204886286,0.9512340248156904,0.8018866026003398,0.9372101537011338,0.962897417141227,0.9491542503933301,0.9036606296037433,0.9071124174236606,0.9466856076882796,0.851548005250843,0.9475205471844529,0.9123889386865155,0.8830281364204615,0.8868948199695373,0.9117915181992998,0.8982437297210084,0.9158728093242284,0.8208333534055509,0.8088414797336848,0.8497031407164463,0.8587214676857492,0.807915052000914,0.9494852298179449,0.983807718666889,0.7728837679020311,0.8797074927785449,0.0,0.8341951275538373,0.8420184038755191,0.8999656673380737,0.8565991070298481,0.919518646985835,0.912049923829332,0.8855159333749975,0.986094113482872,0.8026260782773291,0.8911821719263189,0.8421672742944845,0.8272781409306449,0.891716665354333,0.9274617305959978,0.9361466994010786,0.9224128908709112,0.8543574668759732,0.844196283461248,0.9721642804455675,0.9121034271936926,0.982932190281622,0.9411982638897148,0.9185877403006316
0.871220190288746,0.638601004491499,0.6693204994616982,0.767058245141768,0.9397650894555748,0.8641995653284575,0.8522051461838592,0.8193800491563217,0.9291671602622699,0.8966722165059695,0.8485929705730936,0.7730198478838134,0.7523326305216914,0.7302783100035442,0.9475646550471938,0.898640800482488,0.7773449013850205,0.9230763664713753,0.9284581556579472,0.8525570077840989,0.9073474414664321,0.8725319422284912,0.89593238354624,0.9553167246858442,0.8187506999265235,0.9012342452635475,0.8733540992541216,0.8760611158250592,0.8729868503991316,0.9621748528967288,0.9707408562901364,0.8695196889875978,0.8681865155995241,0.8341951275538373,0.0,0.8195939213539694,0.7826168708428626,0.8191988752496543,0.942784584114054,0.9249626739418269,0.9040736036511041,0.958101221587994,0.895987580885236,0.9256270857068379,0.9726425634378657,0.8422424507286708,0.8251401496599882,0.8708885205086272,0.8838664572724476,0.8955097721793202,0.8476916972529944,0.7812567667622534,0.8350454540795905,0.8472260796006629,0.9220018718839896,0.7751849352380451,0.9138581640189146
0.8777498155445816,0.5215799903401749,0.803662457620481,0.8218482777293848,0.9095728557688629,0.9115853291533599,0.8673659828410993,0.8913617444531831,0.8284792499816184,0.8285873837517624,0.8661899171294247,0.7089273027526726,0.73675278407453,0.7164408244143398,0.9369897650368166,0.9168876112400794,0.640126264181914,0.9602152771005765,0.8922277523730562,0.9206487629349666,0.905239869046502,0.873116600179085,0.893119435541696,0.9508949297047278,0.7513189233957797,0.8392989903624785,0.7902148193607047,0.9148695605598259,0.8991883561757317,0.8411920299778768,0.9612585001255644,0.888104345781838,0.8689213787204306,0.8420184038755191,0.8195939213539694,0.0,0.7134444972085396,0.8465379928723088,0.9565556107241572,0.8559247987719251,0.8974782868401721,0.9151090119608949,0.9953067674249805,0.8054196262633952,0.9333790331301335,0.836738402207861,0.8239492229306566,0.9498387211553069,0.8911046080326318,0.8698704160750399,0.7483184802953687,0.7180361991236134,0.764553403813423,0.8123163852215944,0.795081988841125,0.7178348319722294,0.8035106947749634
