Cingulate area 2,Glomerular layer of the accessory olfactory bulb,Glomerular layer of the olfactory bulb,"Olfactory bulb, unspecified",Frontal association cortex,Cornu ammonis 3,Dentate gyrus,Cornu ammonis 2,Cornu ammonis 1,Fasciola cinereum,Subiculum,Postrhinal cortex,Presubiculum,Parasubiculum,Perirhinal area 35,Perirhinal area 36,Medial entorhinal cortex,Lateral entorhinal cortex,Primary auditory area,"Secondary auditory area, dorsal part","Secondary auditory area, ventral part","Piriform cortex, layer 1","Piriform cortex, layer 2","Piriform cortex, layer 3",Ventrolateral orbital area,Lateral orbital area,Ventral orbital area,Medial orbital area,Dorsolateral orbital area,Prelimbic area,Secondary motor area,Frontal association area 3,Primary motor area,"Agranular insular cortex, ventral area",Agranular insular cortex dorsal area,Cingulate area 1,Infralimbic area,Dysgranular insular cortex,Granular insular cortex,"Primary somatosensory area, forelimb representation","Primary somatosensory area, dysgranular zone","Primary somatosensory area, face representation",Secondary somatosensory area,"Primary somatosensory area, hindlimb representation","Agranular insular cortex, posterior area","Primary somatosensory area, barrel field",Retrosplenial dysgranular area,"Primary somatosensory area, trunk representation",Retrosplenial granular area,"Parietal association cortex, lateral area","Parietal association cortex, medial area","Parietal association cortex, posterior area",Primary visual area,"Secondary visual area, lateral part",Temporal association cortex,"Secondary visual area, medial part",Nucleus of the lateral olfactory tract
0.0,0.31048558157520606,0.28451536583276454,0.4011088620655931,0.4387826317151601,0.8761233824241339,0.7486339620900501,0.7109280940742705,0.7573604357902008,0.7742973097546546,0.7951936901089668,0.6861173210990407,0.8069405792345872,0.676523593262472,0.7878605908286497,0.7489905062886514,0.7274570891655278,0.8156798945963302,0.7285893072580527,0.7934023670880878,0.7378041044842732,0.8853739892614911,0.9285597863220872,0.8664209183938565,0.6598237803414688,0.6685121995637835,0.669725925525458,0.5509772764714257,0.7233083721493706,0.7734511477500715,0.8156932005479036,0.7514222051910826,0.8622369202813243,0.7923357724374307,0.8002861000228033,0.8228270824561811,0.7230766442193516,0.8954080550206669,0.8481993009206259,0.8175032645651098,0.841841581586945,0.8776000841784315,0.8133614190583601,0.6600701495033443,0.8184397543196568,0.8940148204796726,0.7361969329472794,0.7462723148606373,0.7471088893410538,0.7805526795354577,0.7341393466605475,0.7704684862337025,0.754220421018165,0.7975904255734709,0.7544940983135277,0.6814511498492853,0.7372280712242625
0.31048558157520606,0.0,0.7915677639416827,0.8048780432343993,0.7233537763473654,0.47829974084938615,0.4960297178350113,0.5728891254409303,0.5163416705453382,0.43020001039051914,0.48043902959879076,0.4313476348384605,0.4465210124364251,0.47053470585952006,0.395184415236515,0.4399732241785246,0.4764581566587525,0.4204332780168692,0.4817092247744469,0.5002071845733607,0.5261290877775748,0.4198542994259948,0.35393307690383435,0.41949588306509406,0.5216844719628768,0.5428193417046184,0.5481736510328113,0.7398087440365271,0.50075153946392,0.4675491046033328,0.430429486829016,0.38500271132197733,0.3904242244981652,0.3657949763570195,0.40052510511331113,0.36463287907175224,0.4849215109980985,0.40965035842322794,0.41681038779031254,0.4118812721292518,0.3788782514313923,0.3569749946295917,0.42826782229859117,0.4563491427119225,0.44313648905031144,0.4107061244100177,0.48572353215224495,0.5067869041973077,0.509028377421972,0.4170633980432797,0.46387270061549757,0.4934094916804613,0.505539649441093,0.4581304501910537,0.4147531415186853,0.525716141991034,0.5361868578473297
0.28451536583276454,0.7915677639416827,0.0,0.7463591661066636,0.5222209030492574,0.3912653416649043,0.39430357196799587,0.4395762310949158,0.4166097407953714,0.33818795307594757,0.3977007884947453,0.41945342957678267,0.43468959943322905,0.46774898428302447,0.341144904610157,0.3535843859814362,0.45932544900898314,0.38299594047667845,0.39206730321973726,0.39669573930293817,0.4224870893854535,0.3371314702228335,0.32155601211336127,0.3303693598123827,0.4137166531257518,0.4224119122998162,0.40194805485754737,0.5777991572435124,0.3705182228383212,0.4000658063542564,0.3447490315982367,0.3090816896756629,0.3091157078348736,0.30423614223070444,0.33105627897523726,0.30127807403620993,0.3952985334148975,0.3275095334052417,0.334893085390104,0.3188750551969206,0.301579804413304,0.2870514345415647,0.35291895846223137,0.33378270736910626,0.37431576465347505,0.3336511951946795,0.41852842432425086,0.38282652397481937,0.43020805439240495,0.3674743312141953,0.3807759353516709,0.3739754922119734,0.4584325538541787,0.3975571465451103,0.3728900041671941,0.4427235123683859,0.47794176421566625
0.4011088620655931,0.8048780432343993,0.7463591661066636,0.0,0.7243550862533429,0.595130969899758,0.5983646613563972,0.629886119229074,0.6152049585742102,0.48675358600619734,0.6070080474122601,0.6047797501347602,0.637084485661199,0.647995105916574,0.48821765256441896,0.5441117924242377,0.6047552213561477,0.5755216891358828,0.5876401378300133,0.6021076456902608,0.6226525267785938,0.5063789669643354,0.48474005637345174,0.5035134278414974,0.6502999964762922,0.6799197530908045,0.6368256432320977,0.8148840280346522,0.5826788826954055,0.6001955930671384,0.5371960786012979,0.4893178401266245,0.5106416452489098,0.47464804893570944,0.5234693534020833,0.44087849307703453,0.6060788707143816,0.5121172557818034,0.5329939411481558,0.5073158907090711,0.4549154821572023,0.44069229703817664,0.545818531220454,0.5257287246670627,0.5828524350226539,0.4982872835471436,0.6210488277514515,0.5867702088672344,0.6606436168569934,0.50699927571195,0.5856994125240402,0.5255012179320382,0.6664260653672885,0.5620293103221466,0.5436385370620505,0.6721559526892955,0.6840789236823277
0.4387826317151601,0.7233537763473654,0.5222209030492574,0.7243550862533429,0.0,0.6476668219237386,0.6925305260945082,0.7470406014582945,0.7413978159238721,0.5818018027807645,0.6702163584419667,0.5922910087649514,0.5617989291823385,0.6385550217125272,0.6034237826341867,0.6635803296387514,0.6628978058233536,0.6000603164101772,0.6824361682992868,0.6816401631612176,0.754467129433824,0.6542436119739437,0.5692222727310939,0.6192270330526054,0.7636206223423158,0.8204343379220507,0.7746032013896542,0.9141066871070512,0.7953298315137254,0.7015181602125661,0.6468167923392524,0.5779650200420255,0.5882852174133689,0.5610736339593725,0.596486188028582,0.5304971409644874,0.6488903969049754,0.5770609699100311,0.6227119780330309,0.6080669950988381,0.5545307808382959,0.5251054493993946,0.6551602503045514,0.6718860254323799,0.6692179866008093,0.5999782311430801,0.649652297822593,0.7126167504369229,0.697247346780683,0.6097619189670126,0.687279527839364,0.6813607287825356,0.6459776671338676,0.6130725706801623,0.5639686167643361,0.6829543526471371,0.7131031472255969
0.8761233824241339,0.47829974084938615,0.3912653416649043,0.595130969899758,0.6476668219237386,0.0,1.0,0.9637924579763171,0.9099592027629543,0.9561588422360735,0.9384931885737834,0.8626358024240705,1.0,0.8255092986003604,0.9138568125256197,0.9384711391837043,0.8439978140638582,0.9991711902582785,0.8921226980672445,0.9862787152547836,0.8790316675596476,0.984887138488251,0.9591961633825973,0.9291611204738488,0.8350398045519757,0.8700599735804452,0.8450333842338023,0.7833015042954127,0.8205586307998896,0.9139905604330829,0.8777032149489745,0.8028613254248035,0.9336376216595088,0.8519653990686613,0.8850717877534038,0.8041695991912251,0.8127087320278207,0.9500195085247508,0.9970732221135767,0.9161650599653374,0.8851405852248218,0.880589574889422,0.928125837071484,0.8210279782674186,0.9621534828988688,0.9938489314542686,0.9082112865113723,0.9597990175492384,0.9433367966522825,0.9302181497961924,0.881923941856579,0.9956070644001834,0.9848409493955143,0.9722293467644822,0.8732103715056923,0.7985982793171102,0.888630645474545
0.7486339620900501,0.4960297178350113,0.39430357196799587,0.5983646613563972,0.6925305260945082,1.0,0.0,0.9449321788699464,0.9866028332876353,0.8998431981613442,0.9601798827272595,0.8252149202142475,0.8887032259075525,0.7731730665808586,0.8876704389722619,0.8971021104807632,0.822547396390493,0.9567739780979337,0.8713920435458562,0.9386966618622559,0.8952524955984907,0.8961141340885197,0.9649411736637059,0.9031677390404864,0.9154459135254035,0.8918318316905658,0.9024356716511319,0.8305341169396109,0.9169356409406644,0.9986374709558152,0.9306365227066313,0.9005391672716762,0.9121056630820085,0.8431409618373853,0.9325124311242248,0.8035253186283315,0.9054203467197621,0.9475660621443899,0.8839134266423766,0.9484843235113586,0.8616101322621218,0.851527546432526,0.9425867605064416,0.9760232653173175,0.9912666748524908,1.0,0.9424114132610243,0.9355975901603724,0.9689187156630789,0.8244335525851322,0.9627313254568645,0.9343448620386355,0.9138936331835333,0.8764045835160466,0.830021886158874,0.8782264899883914,0.9912156356123003
0.7109280940742705,0.5728891254409303,0.4395762310949158,0.629886119229074,0.7470406014582945,0.9637924579763171,0.9449321788699464,0.0,0.8701075176435605,0.7991988016151214,0.8485111245131791,0.8320236480902446,0.8451183105337216,0.7883137745156944,0.7733178616277897,0.8731209230119901,0.8592659941020729,0.8559329710672382,0.9030327555260781,0.9052301939908257,0.8935836025755556,0.8036443617488044,0.8100523898710678,0.8271791029254797,0.8425654608282162,0.8887029462715602,0.8604932390335516,0.8980555400990873,0.8613791446195727,0.8714861062736183,0.8432479372157945,0.7452983714367589,0.787455403804013,0.713489828503353,0.7805411437756491,0.7164551593028721,0.8125208572946472,0.8612238211200853,0.857612682336288,0.8209705617829138,0.7872042544665316,0.7239240105492644,0.8682875773969458,0.7601522690204918,0.8626101071289752,0.8783614776719205,0.8984492959266186,0.8761265882952606,0.8923085257251571,0.7941836535302677,0.866119832986854,0.9091582380402865,0.8432644438458795,0.8786503345994305,0.7607310447512708,0.8275170488138544,0.8667074216137579
0.7573604357902008,0.5163416705453382,0.4166097407953714,0.6152049585742102,0.7413978159238721,0.9099592027629543,0.9866028332876353,0.8701075176435605,0.0,0.8532110609227554,0.9455254950562522,0.8517417026920618,0.8584306945640843,0.8232966516935096,0.9026015682516644,0.9516402834105628,0.8516956135704586,0.8859044425927003,0.9068241955471112,0.979466146222723,0.8972996221000971,0.8850721974009034,0.8912269649166508,0.9663112165345978,0.9152834643149601,0.9713521091997454,0.9392922296728942,0.8879858436643759,0.9541621336524686,0.8896750667804677,0.9135773595847864,0.8583708096661058,0.9224229514994652,0.8033255733561812,0.9262732050506839,0.7949975497420334,0.874566711273634,0.943772177057218,0.9181513024139357,0.9028108248584598,0.9038945302180744,0.885014833157761,0.9460629032007692,0.9208135763326563,0.9800883617600362,0.8788656038323927,0.9101249622349229,0.9839335222598967,0.9556294715878133,0.9322534181261528,0.9017672334817909,0.9335368285268109,0.9535222730367011,0.9114259625424493,0.8242979085186102,0.9577742603880076,0.9586849460368946
0.7742973097546546,0.43020001039051914,0.33818795307594757,0.48675358600619734,0.5818018027807645,0.9561588422360735,0.8998431981613442,0.7991988016151214,0.8532110609227554,0.0,0.9416026295323927,0.6777968321961297,0.8480147276702681,0.6942776611558075,0.8015625196640704,0.7649078469545143,0.713853937216934,0.8015786050347666,0.7489592186175199,0.8470960031396632,0.7493808068726595,0.8743753911507637,0.9191712479552833,0.8528899712803274,0.7588616973197451,0.8279144310170714,0.7819652521773162,0.70535158513853,0.8099064036834275,0.7837516648492595,0.883871070694315,0.7690742711497841,0.8714998521783986,0.8550811979247603,0.8080129749345167,0.8123812169013994,0.8056410167588266,0.9059516142861738,0.8515788279808851,0.9384921439640099,0.8313391946613028,0.8405650743124509,0.8778985433164713,0.808278979061158,0.8431582402297395,0.8619708533109038,0.7872744075558671,0.8313818846723641,0.8490514743474357,0.7600880890084208,0.7892977647130855,0.8684253983491464,0.8285099143957801,0.8476097584304865,0.7013355443857746,0.7631096552563972,0.7783310759240019
0.7951936901089668,0.48043902959879076,0.3977007884947453,0.6070080474122601,0.6702163584419667,0.9384931885737834,0.9601798827272595,0.8485111245131791,0.9455254950562522,0.9416026295323927,0.0,0.8447854236855169,0.9219053128859422,0.8567577461777761,0.9526535166714912,0.9611122771854291,0.8489432503381462,0.9531870312592041,0.9204399033069174,0.9145970166608757,0.8645719157135761,0.8938971299015116,0.9211245803579293,0.9490043797394841,0.84198949614112,0.9014380409496626,0.8260722205055573,0.8241664488124458,0.8351626852160919,0.9108975455430278,0.8648332435850152,0.828874670816575,0.8884799796082686,0.8725019203961578,0.8408981934093229,0.7618158541818683,0.8427205169578535,0.9585544429339147,0.9646843184218068,0.8481197196624461,0.8758364894754319,0.8026010657558468,0.8884638756392503,0.8446896681847128,0.9841695988764673,0.9247165226959395,0.89671427915128,0.9614620296435984,0.8719572713079475,0.87224100824356,0.8663511801952475,0.9102420396678721,0.9479434709658768,0.9345430776006234,0.8632782630406557,0.9172075188016626,0.9154518986559097
0.6861173210990407,0.4313476348384605,0.41945342957678267,0.6047797501347602,0.5922910087649514,0.8626358024240705,0.8252149202142475,0.8320236480902446,0.8517417026920618,0.6777968321961297,0.8447854236855169,0.0,0.9187058954749178,0.9323416903935716,0.8439605961707873,0.8570052384939671,1.0,0.9656421462403445,0.9157432394976618,0.9235409202671702,0.9224998110132737,0.7841792171400835,0.8562499314837714,0.751902766330366,0.7550117629802471,0.7577707546233671,0.7473338601501068,0.7093126823495782,0.7034599813424397,0.7792087374843426,0.7250799385054703,0.7603823039671722,0.6928283233638747,0.6862956208030285,0.7303713931465798,0.6070470787620943,0.7269079169548122,0.8106543768919089,0.7610219481986842,0.7203219263740774,0.7327057049266245,0.642934824990397,0.7631000517365918,0.7080005595903521,0.8432534303773614,0.8255021508092989,0.8416466158387164,0.8057645441329154,0.866486181735245,0.9559047732600043,0.9462568609795963,0.8061291798451566,0.9056196746098157,0.9135288979247111,0.945621250452129,0.8589455188617905,0.8345382541226046
0.8069405792345872,0.4465210124364251,0.43468959943322905,0.637084485661199,0.5617989291823385,1.0,0.8887032259075525,0.8451183105337216,0.8584306945640843,0.8480147276702681,0.9219053128859422,0.9187058954749178,0.0,0.898083187505112,0.8501128314718047,0.8342949637633787,0.9027215552720431,0.9786186007025082,0.883004548942193,0.899581449704086,0.8846848233826423,0.781471838708114,0.887046910022656,0.8697264056825621,0.7826738664655305,0.7597694850531038,0.7435865173673522,0.7361078671890658,0.7389665879060052,0.8817091875981342,0.7991099908605359,0.7299115272529939,0.7871458651768896,0.7545447820186361,0.8191999123039363,0.7283414469760272,0.7627917935033359,0.8408594072959709,0.8392217067846964,0.8595048258704721,0.8172954666915696,0.7424184882373432,0.8306243924016089,0.6889975186989995,0.8988077839528629,0.8733618776957779,0.9499888069079303,0.8269638555201547,0.8676347276608387,0.9033760712762777,0.8436553408076606,0.9282642930410667,0.976539409901066,0.9735623506539919,0.8867327065494558,0.8764975423407961,0.9166981730717495
0.676523593262472,0.47053470585952006,0.46774898428302447,0.647995105916574,0.6385550217125272,0.8255092986003604,0.7731730665808586,0.7883137745156944,0.8232966516935096,0.6942776611558075,0.8567577461777761,0.9323416903935716,0.898083187505112,0.0,0.7838485333816265,0.8384212222639089,0.9633412354504748,0.9820334410437096,0.8866506553168985,0.9003554420568809,0.8792246643455512,0.7573782167944701,0.7693454747020033,0.7377595816940903,0.7397218612146755,0.7318956411238525,0.7481606035114922,0.7271196147198035,0.6753433232269811,0.7948156204921607,0.7035646782019476,0.6815450172562213,0.6950336925918545,0.6620847979030591,0.7209062656935924,0.5861424016837017,0.7488630981678942,0.7585980897906993,0.7327457724377946,0.7144909850396106,0.7259706297027199,0.6401001923265323,0.7533799949845388,0.6603216213089079,0.7891827329760973,0.7656705074650026,0.8498905022440054,0.7657835956040713,0.8397096024646669,0.9010543685119502,0.830160333146221,0.8006022188587166,0.9308441437788972,0.8873173790698967,0.8889938474463791,0.8319410742917812,0.8787801749613643
0.7878605908286497,0.395184415236515,0.341144904610157,0.48821765256441896,0.6034237826341867,0.9138568125256197,0.8876704389722619,0.7733178616277897,0.9026015682516644,0.8015625196640704,0.9526535166714912,0.8439605961707873,0.8501128314718047,0.7838485333816265,0.0,0.9446941780204257,0.8502346905559715,0.9854284891756129,0.9052375803011506,0.9430373684409845,0.9122093153689645,0.94167349919643,0.90885687045098,0.9099570650193605,0.8278332478214311,0.8088343683810625,0.8042231157234121,0.7150147789914003,0.8644697933903637,0.8838615799693033,0.8335832800514551,0.8453706342870381,0.840516967341097,0.8499874791792594,0.9206198759944605,0.7603877166299877,0.844997808889294,0.9199619779314943,0.9625438080584772,0.8728420057456956,0.8782268686436803,0.8197121823699791,0.9260782166270788,0.8136853414445208,0.8925034778195314,0.9088966107662098,0.8373461301036982,0.9322538319986802,0.8853268696725152,0.9282364038034026,0.9578371912748367,0.8895385594837306,0.9292326557680544,0.8257749088070723,0.8475457344762382,0.8086053942817458,0.8257309360081526
0.7489905062886514,0.4399732241785246,0.3535843859814362,0.5441117924242377,0.6635803296387514,0.9384711391837043,0.8971021104807632,0.8731209230119901,0.9516402834105628,0.7649078469545143,0.9611122771854291,0.8570052384939671,0.8342949637633787,0.8384212222639089,0.9446941780204257,0.0,0.8707355548360267,0.9864074985041836,0.967067150748618,0.9173623350025748,0.9245081848447917,0.8832628120619535,0.8930927905193482,1.0,0.9294029601930779,0.8811670462701788,0.8732549243074218,0.7775104342794648,0.8950904143270578,0.8916661126701779,0.8092208916091881,0.8587461747721256,0.8588460580900968,0.8187331881137879,0.9253391612119549,0.7442011101508705,0.8639860752749534,0.9627622129264849,0.9230664722162659,0.9117653298262738,0.8642299865852209,0.873953245522409,0.945992284891314,0.8837412287253852,0.9870632537204256,0.8761503704090403,0.8596185488803746,0.9521749969240623,0.9172244821089778,0.8726265589818839,0.9633739158425043,0.8689554175507679,0.8912588508599029,0.8739165554408367,0.8833868723505002,0.8364921330981095,0.8376932855678477
0.7274570891655278,0.4764581566587525,0.45932544900898314,0.6047552213561477,0.6628978058233536,0.8439978140638582,0.822547396390493,0.8592659941020729,0.8516956135704586,0.713853937216934,0.8489432503381462,1.0,0.9027215552720431,0.9633412354504748,0.8502346905559715,0.8707355548360267,0.0,0.9693928873224911,0.9156278159213138,0.9888371853540823,0.9545378382149816,0.7626301764548997,0.8302905362692414,0.8103364812985159,0.747127234439447,0.7720016267575283,0.7495831490942999,0.7702966152473932,0.735060398357827,0.8231516196407521,0.694597455838843,0.7355543273198503,0.7061519904380309,0.7024729038411286,0.7798350087614497,0.6232308151961962,0.7273244908783837,0.7534960909346361,0.7723385466693827,0.778597910071438,0.7438753702653705,0.6444614968262555,0.798016273638181,0.7323014243561881,0.850706578634217,0.799153747078496,0.8672478555920543,0.824982907602351,0.8879580290468889,0.9425282067320181,0.9220168844842055,0.8053755384027028,0.9491239941243781,0.9652816230838526,0.9039723046380542,0.8235383724949598,0.8859082144616776
0.8156798945963302,0.4204332780168692,0.38299594047667845,0.5755216891358828,0.6000603164101772,0.9991711902582785,0.9567739780979337,0.8559329710672382,0.8859044425927003,0.8015786050347666,0.9531870312592041,0.9656421462403445,0.9786186007025082,0.9820334410437096,0.9854284891756129,0.9864074985041836,0.9693928873224911,0.0,0.9617150598409615,0.9355261863644946,0.9642857804678028,0.877951341796332,0.9581088334930661,0.9387766502252586,0.8540184010094274,0.8397428387496365,0.8151987670763862,0.6933686309836168,0.7698720715889652,0.8866928776387891,0.8536998767427576,0.8228698381716641,0.8547578670964774,0.7705773478435697,0.8984222455936537,0.7066497973897791,0.7689069288532223,0.8983202023655069,0.8796553444795997,0.883086527628736,0.8703028963065983,0.8349589579845116,0.8658490277204657,0.8190655675655377,0.9518185520904288,0.8987175350427219,0.923118687229027,0.9163582280156927,0.9620907186636505,0.9490077558543019,0.9105975182652375,0.8732109368673328,0.9887074183679524,0.9308396964600248,0.9308769063378424,0.8799345067294329,0.8712643528315456
0.7285893072580527,0.4817092247744469,0.39206730321973726,0.5876401378300133,0.6824361682992868,0.8921226980672445,0.8713920435458562,0.9030327555260781,0.9068241955471112,0.7489592186175199,0.9204399033069174,0.9157432394976618,0.883004548942193,0.8866506553168985,0.9052375803011506,0.967067150748618,0.9156278159213138,0.9617150598409615,0.0,0.9622339978034677,0.9515145808186861,0.8646441221804113,0.9319501978761958,0.9320969371183528,0.8653680722387612,0.8761651330934874,0.8546338066084627,0.7825423583541857,0.863274227976389,0.8840522197069602,0.8118312041024953,0.8462756232488508,0.8113803114533913,0.7995920628201245,0.9307367799968538,0.7149781930862211,0.852333542363506,0.9595541827150368,0.9486815012308124,0.8957023088339647,0.8666906819598617,0.7691444952724115,0.902443478084511,0.8668318037714041,0.9270729046471439,0.8598903512233771,0.8764687749459973,0.9536538304928235,0.8638909268973711,1.0,0.9700272046107271,0.9275737693790693,0.9040524355227658,0.876814750089903,0.905929212332467,0.843585810635849,0.8393077873314323
0.7934023670880878,0.5002071845733607,0.39669573930293817,0.6021076456902608,0.6816401631612176,0.9862787152547836,0.9386966618622559,0.9052301939908257,0.979466146222723,0.8470960031396632,0.9145970166608757,0.9235409202671702,0.899581449704086,0.9003554420568809,0.9430373684409845,0.9173623350025748,0.9888371853540823,0.9355261863644946,0.9622339978034677,0.0,0.9682896867966114,0.8808566576466819,0.8987644146947921,0.9094649504821773,0.8976134414284463,0.92037776752451,0.8311232570825653,0.8014473217139676,0.8602736338236662,0.8383466452831941,0.9010984406215135,0.8314749022202619,0.8169728675049381,0.8222359181480736,0.8875265549561756,0.6832395329273103,0.845334577572215,0.9014067457019833,0.9219418875850524,0.9117676453377804,0.8724284352253293,0.802105289655634,0.9258439479223727,0.8587988592835364,0.9213918348251757,0.9247904137658735,0.8899482193518443,0.9457220314379553,0.9118562046079101,0.9353346749612513,1.0,0.9133234395534411,0.9325133215850726,0.9357079772262479,0.9349343623577678,0.8881214413504056,0.8722011274227609
0.7378041044842732,0.5261290877775748,0.4224870893854535,0.6226525267785938,0.754467129433824,0.8790316675596476,0.8952524955984907,0.8935836025755556,0.8972996221000971,0.7493808068726595,0.8645719157135761,0.9224998110132737,0.8846848233826423,0.8792246643455512,0.9122093153689645,0.9245081848447917,0.9545378382149816,0.9642857804678028,0.9515145808186861,0.9682896867966114,0.0,0.872036191440604,0.8680520675044927,0.9482338502207456,0.9599483309755176,0.9949581314324027,0.9200197339380548,0.8733603630803481,0.8764449678022483,0.8864818808198214,0.8596811111460646,0.8226726678520974,0.8213423441410149,0.7938325908026383,0.8730324851693535,0.7098655727748406,0.8888157427158817,0.8898179270414825,0.9107558605262175,0.8055476070308539,0.8000200301707868,0.761233288035041,0.9426189756772875,0.9149271928758582,0.9146194759540803,0.8594290719659631,0.9153881302826148,0.9926492131107303,0.9089277635278427,0.9915700108924159,0.970541754287394,0.9154263813271584,0.9527404631134405,0.8720207995622427,0.864543100523386,0.8887789773056077,0.8573340571614292
0.8853739892614911,0.4198542994259948,0.3371314702228335,0.5063789669643354,0.6542436119739437,0.984887138488251,0.8961141340885197,0.8036443617488044,0.8850721974009034,0.8743753911507637,0.8938971299015116,0.7841792171400835,0.781471838708114,0.7573782167944701,0.94167349919643,0.8832628120619535,0.7626301764548997,0.877951341796332,0.8646441221804113,0.8808566576466819,0.872036191440604,0.0,0.965211869284829,0.9418121924772368,0.8403427560771829,0.9099740114975802,0.835674893640063,0.7239810166321277,0.8873818132549046,0.9069792262627087,0.9617880244181647,0.8606620313902519,0.9488502935918055,0.8992634413127084,0.9271561615719647,0.8892121129929003,0.8454950396446745,0.9723414157443647,1.0,0.9774103929319619,0.9412109268134033,0.951209651031992,0.9287674401436452,0.9072203486904403,0.9317177232441113,0.964359367906893,0.8561238237549753,0.9033233877695062,0.8443353873808632,0.8003011600911888,0.8397561158550195,0.95975849788694,0.8665885053938213,0.8698474005346469,0.8112545642765134,0.8214346105228614,0.847524473436554
0.9285597863220872,0.35393307690383435,0.32155601211336127,0.48474005637345174,0.5692222727310939,0.9591961633825973,0.9649411736637059,0.8100523898710678,0.8912269649166508,0.9191712479552833,0.9211245803579293,0.8562499314837714,0.887046910022656,0.7693454747020033,0.90885687045098,0.8930927905193482,0.8302905362692414,0.9581088334930661,0.9319501978761958,0.8987644146947921,0.8680520675044927,0.965211869284829,0.0,0.9939551467687665,0.8287113555570408,0.7959423416808612,0.8210353101237222,0.6458091787305235,0.8904326703169545,0.9039664198271266,0.9607228895286793,0.9687903218109157,1.0,0.9584359761318656,0.9315040498300601,0.8647494159686478,0.820187367611581,0.9981384917280833,1.0,0.957351419777741,1.0,0.9398971401110717,0.9585676727312463,0.8271399336497031,0.9904785365580446,0.9842492062208151,0.8793185109405062,0.8994928415493657,0.9686213783516765,0.8153670382637263,0.9141472724762923,0.8836902806875637,0.8652222251555706,0.8399824875552662,0.8340314574327103,0.8613508708028141,0.8785032780607627
0.8664209183938565,0.41949588306509406,0.3303693598123827,0.5035134278414974,0.6192270330526054,0.9291611204738488,0.9031677390404864,0.8271791029254797,0.9663112165345978,0.8528899712803274,0.9490043797394841,0.751902766330366,0.8697264056825621,0.7377595816940903,0.9099570650193605,1.0,0.8103364812985159,0.9387766502252586,0.9320969371183528,0.9094649504821773,0.9482338502207456,0.9418121924772368,0.9939551467687665,0.0,0.864058335590029,0.8721604977705063,0.8757440421546246,0.7094517913904779,0.9715086334514379,0.8743611779650563,0.9744385954566369,0.9326682034170724,0.9694085161949805,0.9321437202495501,0.9244581937988144,0.8502264076016004,0.9122119708234696,0.9902118323390515,0.9948569926140051,0.9229507975487459,0.9515634807533635,0.9744567003562363,0.9697958155906027,0.922881794308731,1.0,0.9639633727108959,0.9063090081155751,0.9577082345492507,0.8775986498670624,0.8733836369354195,0.9312987771842985,0.9218653156446178,0.9295096433082216,0.9014289592247465,0.8448670485097061,0.7958929314852992,0.826725137916741
0.6598237803414688,0.5216844719628768,0.4137166531257518,0.6502999964762922,0.7636206223423158,0.8350398045519757,0.9154459135254035,0.8425654608282162,0.9152834643149601,0.7588616973197451,0.84198949614112,0.7550117629802471,0.7826738664655305,0.7397218612146755,0.8278332478214311,0.9294029601930779,0.747127234439447,0.8540184010094274,0.8653680722387612,0.8976134414284463,0.9599483309755176,0.8403427560771829,0.8287113555570408,0.864058335590029,0.0,0.97678573264828,1.0,0.826042015445852,0.9688746794767552,0.9065795909706321,0.8427824701080263,0.8506023512534604,0.8841165032544304,0.8553583151568234,0.9483666149394552,0.7146904569554839,0.9927522798872002,0.8924729409767378,0.8637637128454578,0.8123971212133427,0.8229822489745829,0.751973092559828,0.861676608042853,0.969381985683936,0.9249342764189021,0.8284866346021084,0.9280645026450048,0.9528848168328222,0.9211865175803877,0.7616748824369877,0.9754355888653182,0.7808297232521818,0.8301852963454391,0.8181658585762228,0.7383250610148911,0.9453041355585624,0.8987246329049247
0.6685121995637835,0.5428193417046184,0.4224119122998162,0.6799197530908045,0.8204343379220507,0.8700599735804452,0.8918318316905658,0.8887029462715602,0.9713521091997454,0.8279144310170714,0.9014380409496626,0.7577707546233671,0.7597694850531038,0.7318956411238525,0.8088343683810625,0.8811670462701788,0.7720016267575283,0.8397428387496365,0.8761651330934874,0.92037776752451,0.9949581314324027,0.9099740114975802,0.7959423416808612,0.8721604977705063,0.97678573264828,0.0,0.9816678037176483,0.8307797583614857,0.9991165582131981,0.9479158395263008,0.9246054528704057,0.902215599327675,0.8899622729627675,0.8253978702212005,0.8833173787484724,0.733587452858755,0.9079464225863831,0.953985650806244,0.9002631976142864,0.9296380877134572,0.8563257846038215,0.8323064912575119,0.9930723463711684,1.0,0.8969926628033449,0.8632273995276762,0.8867315155954184,0.9582279616137322,0.9157994631989039,0.7842849158868476,0.935683416621714,0.9043880559822387,0.8610582822410935,0.7955470866558294,0.7245726264784305,0.9207701388642139,0.8864808506922145
0.669725925525458,0.5481736510328113,0.40194805485754737,0.6368256432320977,0.7746032013896542,0.8450333842338023,0.9024356716511319,0.8604932390335516,0.9392922296728942,0.7819652521773162,0.8260722205055573,0.7473338601501068,0.7435865173673522,0.7481606035114922,0.8042231157234121,0.8732549243074218,0.7495831490942999,0.8151987670763862,0.8546338066084627,0.8311232570825653,0.9200197339380548,0.835674893640063,0.8210353101237222,0.8757440421546246,1.0,0.9816678037176483,0.0,0.8771381930499316,0.9699419116883488,0.9037940614805399,0.893430662745127,0.8375560317853072,0.8678007129373795,0.8707496540070241,0.9341341837820137,0.764598897666278,0.955329668520316,0.8815621076886527,0.867384355179648,0.8661922708497413,0.8677894162879681,0.7716607103908546,0.8878757135467545,0.9677814540253402,0.8976376218555527,0.8840549409673524,0.8588105031823713,0.9744903190930183,0.8969146694511158,0.7516250060820823,0.8959099533043484,0.8357592501648198,0.8195869999954138,0.7760154305956697,0.7410344678822801,0.9206884966926655,0.8851020006366594
0.5509772764714257,0.7398087440365271,0.5777991572435124,0.8148840280346522,0.9141066871070512,0.7833015042954127,0.8305341169396109,0.8980555400990873,0.8879858436643759,0.70535158513853,0.8241664488124458,0.7093126823495782,0.7361078671890658,0.7271196147198035,0.7150147789914003,0.7775104342794648,0.7702966152473932,0.6933686309836168,0.7825423583541857,0.8014473217139676,0.8733603630803481,0.7239810166321277,0.6458091787305235,0.7094517913904779,0.826042015445852,0.8307797583614857,0.8771381930499316,0.0,0.8098746881521867,0.8494803423636341,0.7345941603990409,0.6615428007703229,0.7144229533278762,0.6554787547345524,0.7456451569876187,0.6307711233087464,0.7741355279759746,0.7087563193424901,0.7410040960113339,0.719981954435033,0.6818927960838556,0.6380761171164018,0.7700252646287767,0.7584015352320398,0.8119264220486861,0.7538670747258062,0.8042415962361767,0.805967443087875,0.8567137688788431,0.6704811326415218,0.8038411028701472,0.8142820611019432,0.8925666390638203,0.8028200439525596,0.6610230858982891,0.8433196548159703,0.9225769056361729
0.7233083721493706,0.50075153946392,0.3705182228383212,0.5826788826954055,0.7953298315137254,0.8205586307998896,0.9169356409406644,0.8613791446195727,0.9541621336524686,0.8099064036834275,0.8351626852160919,0.7034599813424397,0.7389665879060052,0.6753433232269811,0.8644697933903637,0.8950904143270578,0.735060398357827,0.7698720715889652,0.863274227976389,0.8602736338236662,0.8764449678022483,0.8873818132549046,0.8904326703169545,0.9715086334514379,0.9688746794767552,0.9991165582131981,0.9699419116883488,0.8098746881521867,0.0,0.9717665897310499,0.9845438918200814,0.9168474219641704,0.9073790944949686,0.8896039777892238,0.9158140841885932,0.7961561336850663,0.9140398549347712,0.8657935918738334,0.9734972549756253,0.9398758226744609,0.9123188159080808,0.8394497260847135,0.9744435453169907,1.0,0.96626749268254,0.8417979688454915,0.88646692299259,0.9524024465832458,0.8668160836037665,0.7543025483052399,0.892310362468788,0.9501449549515465,0.77999576743474,0.8210949207143577,0.7182629661633367,0.8755163845340118,0.8284147600456668
0.7734511477500715,0.4675491046033328,0.4000658063542564,0.6001955930671384,0.7015181602125661,0.9139905604330829,0.9986374709558152,0.8714861062736183,0.8896750667804677,0.7837516648492595,0.9108975455430278,0.7792087374843426,0.8817091875981342,0.7948156204921607,0.8838615799693033,0.8916661126701779,0.8231516196407521,0.8866928776387891,0.8840522197069602,0.8383466452831941,0.8864818808198214,0.9069792262627087,0.9039664198271266,0.8743611779650563,0.9065795909706321,0.9479158395263008,0.9037940614805399,0.8494803423636341,0.9717665897310499,0.0,0.9094744636581716,0.8844045069975788,0.9483721694367097,0.9158792057244707,0.9962696742403391,0.8322147572604508,0.8877071870176712,0.9317315879469024,0.9815481212043278,0.9145820687724064,0.8901638200463295,0.8091837016825222,0.9327063057807569,0.8844706440414711,0.926981835470663,0.9210924326558694,0.8690836175435476,0.9195188236069948,0.8684281227414246,0.7859567862695311,0.8859832871639219,0.9064531864118954,0.9454284130750025,0.851063228039568,0.8085098514399709,0.8792329129876391,0.9070006684310858
0.8156932005479036,0.430429486829016,0.3447490315982367,0.5371960786012979,0.6468167923392524,0.8777032149489745,0.9306365227066313,0.8432479372157945,0.9135773595847864,0.883871070694315,0.8648332435850152,0.7250799385054703,0.7991099908605359,0.7035646782019476,0.8335832800514551,0.8092208916091881,0.694597455838843,0.8536998767427576,0.8118312041024953,0.9010984406215135,0.8596811111460646,0.9617880244181647,0.9607228895286793,0.9744385954566369,0.8427824701080263,0.9246054528704057,0.893430662745127,0.7345941603990409,0.9845438918200814,0.9094744636581716,0.0,0.9193309306341477,0.9927957942406851,0.9593263918729797,0.9656512963108301,0.8624351239882538,0.9075084051953668,1.0,0.9495738904637179,0.9282059454234941,0.9518002840397413,1.0,0.9588790473689685,0.9662398244820246,0.9427519006889391,0.9633256848997809,0.8881641703359326,0.8944449892850693,0.9483320814113166,0.7386027268970035,0.9076657444452608,0.8499754888351727,0.8031165274681411,0.8207261762344386,0.7553111491875055,0.8618333443998675,0.864174401612627
0.7514222051910826,0.38500271132197733,0.3090816896756629,0.4893178401266245,0.5779650200420255,0.8028613254248035,0.9005391672716762,0.7452983714367589,0.8583708096661058,0.7690742711497841,0.828874670816575,0.7603823039671722,0.7299115272529939,0.6815450172562213,0.8453706342870381,0.8587461747721256,0.7355543273198503,0.8228698381716641,0.8462756232488508,0.8314749022202619,0.8226726678520974,0.8606620313902519,0.9687903218109157,0.9326682034170724,0.8506023512534604,0.902215599327675,0.8375560317853072,0.6615428007703229,0.9168474219641704,0.8844045069975788,0.9193309306341477,0.0,0.9942758394221461,0.9758627600350691,1.0,0.8319993965325257,0.8877256926351862,0.9192388592525312,0.9949451335207384,0.9477379256263142,0.9103037608585298,0.8946839124641651,0.935957258286985,0.9969106739761086,0.9515301729117965,0.8826868331202925,0.9309472117377154,0.8872156858466576,0.8576319483373323,0.7287335993874653,0.9820007660738732,0.7312254530134541,0.8164327167301972,0.8015109856252867,0.7625317712236686,0.8373933777029138,0.8528373384811775
0.8622369202813243,0.3904242244981652,0.3091157078348736,0.5106416452489098,0.5882852174133689,0.9336376216595088,0.9121056630820085,0.787455403804013,0.9224229514994652,0.8714998521783986,0.8884799796082686,0.6928283233638747,0.7871458651768896,0.6950336925918545,0.840516967341097,0.8588460580900968,0.7061519904380309,0.8547578670964774,0.8113803114533913,0.8169728675049381,0.8213423441410149,0.9488502935918055,1.0,0.9694085161949805,0.8841165032544304,0.8899622729627675,0.8678007129373795,0.7144229533278762,0.9073790944949686,0.9483721694367097,0.9927957942406851,0.9942758394221461,0.0,1.0,1.0,0.9697379895505261,0.9058371799589244,0.9952887366864617,0.9961580098374839,1.0,0.9544979697077145,0.9848206280177154,0.9568561979475853,0.9080052301166706,0.9305345498787395,0.9508217636773464,0.8912462235751177,0.8924371438090046,0.8517054245278074,0.7898957694887873,0.8786796771705931,0.8257221180464032,0.8074363678758706,0.852245865516882,0.7152765148446244,0.8625233315015258,0.8850298749383434
0.7923357724374307,0.3657949763570195,0.30423614223070444,0.47464804893570944,0.5610736339593725,0.8519653990686613,0.8431409618373853,0.713489828503353,0.8033255733561812,0.8550811979247603,0.8725019203961578,0.6862956208030285,0.7545447820186361,0.6620847979030591,0.8499874791792594,0.8187331881137879,0.7024729038411286,0.7705773478435697,0.7995920628201245,0.8222359181480736,0.7938325908026383,0.8992634413127084,0.9584359761318656,0.9321437202495501,0.8553583151568234,0.8253978702212005,0.8707496540070241,0.6554787547345524,0.8896039777892238,0.9158792057244707,0.9593263918729797,0.9758627600350691,1.0,0.0,0.9408824616828366,0.8710629209109815,0.8657827524512671,0.8986115161848542,1.0,0.9757526820933403,0.8697835833976566,0.9187993817033299,0.9970894930769695,0.9204118350791756,0.896713785578539,0.9165390763788732,0.852708083792811,0.8628187575673875,0.8327113754935186,0.7226825740250922,0.9132257470210396,0.7633396273179724,0.7419354589506437,0.7956692437725069,0.7140615876976976,0.7928648286034359,0.8247271285344372
0.8002861000228033,0.40052510511331113,0.33105627897523726,0.5234693534020833,0.596486188028582,0.8850717877534038,0.9325124311242248,0.7805411437756491,0.9262732050506839,0.8080129749345167,0.8408981934093229,0.7303713931465798,0.8191999123039363,0.7209062656935924,0.9206198759944605,0.9253391612119549,0.7798350087614497,0.8984222455936537,0.9307367799968538,0.8875265549561756,0.8730324851693535,0.9271561615719647,0.9315040498300601,0.9244581937988144,0.9483666149394552,0.8833173787484724,0.9341341837820137,0.7456451569876187,0.9158140841885932,0.9962696742403391,0.9656512963108301,1.0,1.0,0.9408824616828366,0.0,0.8286616993614033,0.9403964367971778,0.9996740135524057,0.987670588363794,0.9522265591528147,0.9194032551579421,0.9884823077023595,0.9585972829826536,0.9662759974974863,0.9713707433909583,0.9822903891238615,0.9570973468714782,0.9607110734116864,0.8761035000545441,0.8010317853649747,0.9658931592467069,0.8415466188919863,0.8136086266749794,0.8812961738168795,0.8104603560344756,0.8919760531573657,0.8872100465912026
0.8228270824561811,0.36463287907175224,0.30127807403620993,0.44087849307703453,0.5304971409644874,0.8041695991912251,0.8035253186283315,0.7164551593028721,0.7949975497420334,0.8123812169013994,0.7618158541818683,0.6070470787620943,0.7283414469760272,0.5861424016837017,0.7603877166299877,0.7442011101508705,0.6232308151961962,0.7066497973897791,0.7149781930862211,0.6832395329273103,0.7098655727748406,0.8892121129929003,0.8647494159686478,0.8502264076016004,0.7146904569554839,0.733587452858755,0.764598897666278,0.6307711233087464,0.7961561336850663,0.8322147572604508,0.8624351239882538,0.8319993965325257,0.9697379895505261,0.8710629209109815,0.8286616993614033,0.0,0.7425154900632204,0.9032827803812303,0.8576227554151039,0.927644715976896,0.8558726297029746,0.9286551319213294,0.7941908878016227,0.7538124514514218,0.8276360480554928,0.8465056807753558,0.7764181310938114,0.758061989952162,0.7661832678459151,0.6672609665677007,0.7021283200990793,0.7719586056648307,0.7142830315477278,0.7076702477088832,0.6438258391390097,0.7263085937115586,0.7613282284548653
