Cingulate area 2,Glomerular layer of the accessory olfactory bulb,Glomerular layer of the olfactory bulb,"Olfactory bulb, unspecified",Frontal association cortex,Cornu ammonis 3,Dentate gyrus,Cornu ammonis 2,Cornu ammonis 1,Fasciola cinereum,Subiculum,Postrhinal cortex,Presubiculum,Parasubiculum,Perirhinal area 35,Perirhinal area 36,Medial entorhinal cortex,Lateral entorhinal cortex,Primary auditory area,"Secondary auditory area, dorsal part","Secondary auditory area, ventral part","Piriform cortex, layer 1","Piriform cortex, layer 2","Piriform cortex, layer 3",Ventrolateral orbital area,Lateral orbital area,Ventral orbital area,Medial orbital area,Dorsolateral orbital area,Prelimbic area,Secondary motor area,Frontal association area 3,Primary motor area,"Agranular insular cortex, ventral area",Agranular insular cortex dorsal area,Cingulate area 1,Infralimbic area,Dysgranular insular cortex,Granular insular cortex,"Primary somatosensory area, forelimb representation","Primary somatosensory area, dysgranular zone","Primary somatosensory area, face representation",Secondary somatosensory area,"Primary somatosensory area, hindlimb representation","Agranular insular cortex, posterior area","Primary somatosensory area, barrel field",Retrosplenial dysgranular area,"Primary somatosensory area, trunk representation",Retrosplenial granular area,"Parietal association cortex, lateral area","Parietal association cortex, medial area","Parietal association cortex, posterior area",Primary visual area,"Secondary visual area, lateral part",Temporal association cortex,"Secondary visual area, medial part",Nucleus of the lateral olfactory tract
0,0.574893176,0.555000063,0.698169176,0.880266846,0.865270999,0.813381836,0.914646804,0.777834113,0.711052895,0.654595831,0.641400028,0.558639035,0.655580418,0.784022947,0.740756158,0.645446904,0.679732962,0.69008227,0.695627552,0.723847947,0.844790353,0.777011147,0.861157137,0.714818576,0.686063301,0.855675855,0.798875724,0.804294448,0.859000768,0.918479647,0.719503771,0.914364644,0.673645561,0.722692943,0.894485692,0.822619723,0.732382685,0.784711827,0.928582984,0.856909278,0.922449314,0.899861717,0.692240403,0.792167295,0.904819759,0.692604062,0.776601197,0.786787721,0.779374114,0.751661867,0.659821966,0.662245068,0.698890866,0.71987957,0.69394342,0.611564539
0.574893176,0,0.897137447,0.926357237,0.789270184,0.741988731,0.825996583,0.717497775,0.817898915,0.807957802,0.80379741,0.816841395,0.872383982,0.866765163,0.747981781,0.719482511,0.753246256,0.819197841,0.768458355,0.786965271,0.736974394,0.623007072,0.614159816,0.563821089,0.760171664,0.849081391,0.682833821,0.868170905,0.807872148,0.55378409,0.555554959,0.386699684,0.522385731,0.581027941,0.469177405,0.501532763,0.532718998,0.457937069,0.456259042,0.538359015,0.563688789,0.489867973,0.545238867,0.5021686,0.474846483,0.543731618,0.887171155,0.807569081,0.846477597,0.704257755,0.830669582,0.864993136,0.841243695,0.804496657,0.863705896,0.963825106,0.439780004
0.555000063,0.897137447,0,0.878035943,0.72462505,0.729023756,0.842362523,0.65312133,0.802310436,0.724063967,0.775731209,0.79822464,0.897285475,0.863410584,0.718217065,0.672246644,0.715978758,0.754112066,0.713714538,0.731669371,0.672041962,0.54426429,0.530453809,0.489153117,0.644232856,0.713377145,0.624227714,0.815219427,0.684098359,0.492667967,0.502262581,0.340543529,0.484248324,0.502712775,0.415460352,0.448008334,0.448314428,0.405530439,0.410951845,0.487290079,0.481642937,0.447654379,0.506223717,0.467892033,0.404619246,0.498782409,0.840647211,0.728838577,0.809532233,0.648630289,0.791600224,0.823334514,0.825417814,0.843593799,0.734814378,0.898857184,0.36679861
0.698169176,0.926357237,0.878035943,0,0.826466777,0.887765763,0.910463999,0.840020236,0.912523279,0.897026632,0.841990056,0.844594005,0.760198316,0.877904873,0.832011946,0.792996688,0.790124357,0.848459144,0.801520553,0.836589376,0.800419147,0.717355685,0.685786927,0.665049007,0.745202349,0.755273088,0.752690845,0.902053938,0.817265675,0.675206067,0.67353246,0.450982989,0.648817188,0.617423089,0.527330693,0.589307153,0.584625614,0.514702709,0.537893276,0.620900292,0.62264727,0.596788654,0.632481079,0.571846773,0.548524091,0.656893287,0.906258426,0.862762008,0.867507062,0.776422791,0.889032054,0.843817022,0.792778333,0.837833014,0.841684695,0.892307838,0.479026667
0.880266846,0.789270184,0.72462505,0.826466777,0,0.975777196,0.937950081,0.930742015,1,0.898847547,0.88064469,0.891286243,0.768928215,0.893631131,0.943734692,0.889986875,0.831471975,0.941304124,0.944945948,0.942872401,0.904195072,0.854183606,0.836561083,0.917546937,0.894583248,0.878305462,0.986674646,0.972071735,0.997716424,0.845039417,0.824078597,0.606814627,0.860721962,0.814541723,0.713343679,0.792375139,0.821565299,0.71069136,0.781960806,0.851619907,0.814862855,0.758325989,0.823058525,0.728850396,0.75762162,0.864363206,0.936789094,0.980908318,1,0.877270954,0.940208827,0.838253081,0.834883884,0.918411875,0.997982465,0.880478736,0.64710348
0.865270999,0.741988731,0.729023756,0.887765763,0.975777196,0,0.928289209,0.9833557,0.946446335,0.848791751,0.836005352,0.853679744,0.677500812,0.835468267,0.912846456,0.896084056,0.825345412,0.952971073,0.822128193,0.867290691,0.887973827,0.894800236,0.820194823,0.834954868,0.86650482,0.842241308,0.916358915,0.866523868,0.934783542,0.880651326,0.823022589,0.609062093,0.836216043,0.784961432,0.724457288,0.765243561,0.801762281,0.708213194,0.704201747,0.830560601,0.843301828,0.820954508,0.836854677,0.72600504,0.758213967,0.891547057,0.935850582,0.904110907,0.945594438,0.82407906,0.892073769,0.860305241,0.79914023,0.855062094,0.896475775,0.85016181,0.631730227
0.813381836,0.825996583,0.842362523,0.910463999,0.937950081,0.928289209,0,0.91778237,1,0.829886739,0.839702601,0.85360031,0.876411446,0.895851664,0.938816255,0.800154183,0.801668251,0.905912151,0.807945551,0.863689596,0.797700715,0.786278433,0.7528079,0.77984651,0.854021696,0.870429035,0.873320048,0.968285359,0.859860095,0.716744902,0.74190767,0.525445561,0.727979644,0.669641104,0.61325709,0.667103366,0.730513924,0.638554074,0.599442725,0.72988549,0.751063921,0.724132547,0.789079907,0.626987295,0.645074412,0.813176035,0.891928207,0.944867578,0.982521253,0.863135925,0.924926165,0.880345513,0.902389163,0.97628195,0.88440961,0.976532224,0.547517888
0.914646804,0.717497775,0.65312133,0.840020236,0.930742015,0.9833557,0.91778237,0,0.981711817,0.848716109,0.805140759,0.833190165,0.657334154,0.836226574,0.954760018,0.855245576,0.80589181,0.889250198,0.861052547,0.900631099,0.897064907,0.98967409,0.889213308,0.931991596,0.862513933,0.890533223,0.914138532,0.897904859,1,0.842454845,0.901856161,0.650215327,0.862652965,0.81943778,0.786047618,0.863796038,0.84933928,0.753527439,0.751413874,0.82776585,0.835205027,0.814450875,0.895437155,0.76461428,0.770763096,0.891989569,0.842713373,0.919995977,0.95630688,0.925979906,0.890225547,0.819708555,0.821934041,0.891695054,0.881720804,0.921018797,0.652203079
0.777834113,0.817898915,0.802310436,0.912523279,1,0.946446335,1,0.981711817,0,0.901491285,0.961337197,0.925146583,0.85313877,1,0.98403233,0.953016159,0.930013193,1,0.955278798,0.923698524,0.837481746,0.896015913,0.807991371,0.812271821,0.933048952,0.971281259,0.889896388,0.961252927,0.95239968,0.762826636,0.756830131,0.575045969,0.750560033,0.741838853,0.688831966,0.70022833,0.746079073,0.651531372,0.649608638,0.775089253,0.777605743,0.743641813,0.831832644,0.732200411,0.677710377,0.85142691,0.967904043,0.947104003,1,0.817201814,0.988072338,0.846077999,0.980378056,0.929241113,1,1,0.595177019
0.711052895,0.807957802,0.724063967,0.897026632,0.898847547,0.848791751,0.829886739,0.848716109,0.901491285,0,0.858972274,0.881666001,0.653817892,0.867114238,0.877697776,0.92134618,0.825328008,0.905376984,0.928103616,0.930823161,0.909428874,0.861112253,0.803423553,0.780732129,0.854542508,0.905199231,0.845088353,0.890802471,0.96721437,0.782602421,0.739815296,0.551287554,0.759323068,0.765018867,0.696428346,0.656871516,0.714281172,0.625079817,0.626529443,0.731285656,0.770887166,0.639148136,0.723296657,0.773933005,0.630012785,0.755921873,0.91771669,0.900654122,0.987889856,0.752654344,0.861156499,0.799379114,0.78607201,0.829503258,0.904572866,0.911911919,0.656512957
0.654595831,0.80379741,0.775731209,0.841990056,0.88064469,0.836005352,0.839702601,0.805140759,0.961337197,0.858972274,0,0.91039095,0.775085098,0.902475864,0.840502216,0.810020539,0.856409477,0.929841642,0.874975043,0.886316198,0.822650142,0.72413868,0.735096461,0.683088483,0.911556232,0.939776571,0.798502664,0.836869487,0.899042254,0.662128566,0.648079086,0.492894391,0.620848277,0.707034178,0.591977053,0.564401038,0.659211014,0.562318165,0.566898376,0.669801497,0.663611807,0.585117508,0.665769039,0.656073662,0.551103465,0.682462775,0.957207992,0.856197905,0.904317674,0.738212276,0.868392596,0.831827151,0.878127659,0.922465125,0.910767495,0.89421251,0.573942531
0.641400028,0.816841395,0.79822464,0.844594005,0.891286243,0.853679744,0.85360031,0.833190165,0.925146583,0.881666001,0.91039095,0,0.778103343,0.977262669,0.912200362,0.961043675,0.954379183,0.955504537,0.986059464,0.955983534,0.928985352,0.759817092,0.757923612,0.696722942,1,0.997498394,0.817024962,0.915862786,0.93706352,0.689895869,0.692508148,0.493618237,0.658562847,0.782106801,0.628577835,0.574653477,0.683115026,0.599031962,0.577747721,0.727111264,0.764165642,0.596611321,0.659160154,0.747245245,0.578280774,0.745653495,0.996696801,0.891828732,0.97179968,0.737937039,0.941930494,0.910278248,0.95977344,0.957317497,1,0.969144659,0.635849467
0.558639035,0.872383982,0.897285475,0.760198316,0.768928215,0.677500812,0.876411446,0.657334154,0.85313877,0.653817892,0.775085098,0.778103343,0,0.903486566,0.72317533,0.623364131,0.711499233,0.769310697,0.687356469,0.775835637,0.619676901,0.543430641,0.536198654,0.510554782,0.699928841,0.77022206,0.637458777,0.80815231,0.69252795,0.461362904,0.492934152,0.356267968,0.474982541,0.514865678,0.425415527,0.441412287,0.49981885,0.421283822,0.403161201,0.488943273,0.510880383,0.471849684,0.499212258,0.451547377,0.436962714,0.503011712,0.822162509,0.748048276,0.87689092,0.684799736,0.789271712,0.902271579,0.916397746,0.959128058,0.770924677,0.928550138,0.386273726
0.655580418,0.866765163,0.863410584,0.877904873,0.893631131,0.835468267,0.895851664,0.836226574,1,0.867114238,0.902475864,0.977262669,0.903486566,0,0.881552976,0.893677336,0.919537608,0.902673163,0.849918659,1,0.903858117,0.771906084,0.805895928,0.715300611,0.988789492,1,0.785610451,0.890563445,0.888035713,0.652408432,0.634293017,0.467431761,0.632884042,0.761598561,0.612683082,0.579419518,0.644993496,0.58981227,0.543219752,0.67996349,0.732785351,0.581703985,0.669320815,0.658006415,0.58065052,0.725725789,0.991791187,0.91857282,0.974053639,0.846797961,0.928819757,0.990347768,1,1,0.988885994,1,0.569173928
0.784022947,0.747981781,0.718217065,0.832011946,0.943734692,0.912846456,0.938816255,0.954760018,0.98403233,0.877697776,0.840502216,0.912200362,0.72317533,0.881552976,0,0.983586198,0.839328896,0.925672533,0.95221079,0.895451016,0.948744243,0.889715017,0.850005476,0.850588098,0.916579225,0.89996711,0.984468341,0.849532416,0.917902325,0.819330721,0.773218368,0.61672099,0.819611768,0.898963837,0.75085564,0.701657804,0.817179324,0.741427032,0.783213648,0.848744395,0.839491836,0.774400543,0.828537283,0.789958264,0.739634405,0.855167913,0.865317806,0.981393872,0.942391733,0.86248819,0.920635856,0.820800011,0.833714132,0.882668495,0.974534367,0.876673208,0.718535842
0.740756158,0.719482511,0.672246644,0.792996688,0.889986875,0.896084056,0.800154183,0.855245576,0.953016159,0.92134618,0.810020539,0.961043675,0.623364131,0.893677336,0.983586198,0,0.875122829,0.938419523,0.979412162,0.951166221,0.951465789,0.84590397,0.915245396,0.818771611,0.951799255,0.87380729,0.869510755,0.843972068,0.932170229,0.839377605,0.759000549,0.606724259,0.823490917,0.873796652,0.719838188,0.695556063,0.742849845,0.723279523,0.745939312,0.775700205,0.809529941,0.689620031,0.820546838,0.806987569,0.736005712,0.844798856,0.950830311,0.867322194,1,0.730658725,0.868048415,0.766145712,0.808396199,0.874330358,0.982363087,0.81547939,0.738805681
0.645446904,0.753246256,0.715978758,0.790124357,0.831471975,0.825345412,0.801668251,0.80589181,0.930013193,0.825328008,0.856409477,0.954379183,0.711499233,0.919537608,0.839328896,0.875122829,0,0.879550483,0.901185965,0.93066742,0.83110585,0.711769468,0.785444158,0.690428654,0.933095576,0.900841057,0.769075619,0.796839998,0.883611705,0.654538518,0.669212158,0.513719763,0.663812544,0.775649727,0.609471355,0.592789574,0.663998768,0.600415937,0.596199662,0.682229922,0.719570147,0.584538232,0.647185893,0.701302266,0.607141898,0.6962111,0.926844429,0.841071019,0.942160087,0.682565133,0.852244721,0.795253788,0.83167228,0.865049341,0.957466948,0.913102069,0.609960184
0.679732962,0.819197841,0.754112066,0.848459144,0.941304124,0.952971073,0.905912151,0.889250198,1,0.905376984,0.929841642,0.955504537,0.769310697,0.902673163,0.925672533,0.938419523,0.879550483,0,0.976406622,0.940568912,0.911170184,0.844229528,0.830362828,0.781102928,0.88763978,0.958432236,0.859711032,0.911693453,0.914010478,0.729764758,0.697956419,0.502900636,0.718815711,0.759197651,0.659153419,0.638714195,0.692222169,0.65477067,0.616210796,0.77662666,0.775352282,0.632136522,0.725671358,0.710778681,0.642873442,0.79029654,0.958281956,0.922409592,0.989082826,0.805237369,0.912056186,0.909179934,0.92647969,0.940922602,1,0.935329682,0.607762303
0.69008227,0.768458355,0.713714538,0.801520553,0.944945948,0.822128193,0.807945551,0.861052547,0.955278798,0.928103616,0.874975043,0.986059464,0.687356469,0.849918659,0.95221079,0.979412162,0.901185965,0.976406622,0,0.9523104,0.928476146,0.806240893,0.841920683,0.797980411,0.949094821,0.963220775,0.812438732,0.811404436,0.926254439,0.779595376,0.70283486,0.555823648,0.729227748,0.832633827,0.682999267,0.649724456,0.758606872,0.665909067,0.688026781,0.759935151,0.784875248,0.635919183,0.764782791,0.771526935,0.648929603,0.791201052,0.911039824,0.900416052,0.924226501,0.714606683,0.868620321,0.807767231,0.840113039,0.85064307,0.956268016,0.862096187,0.640620509
0.695627552,0.786965271,0.731669371,0.836589376,0.942872401,0.867290691,0.863689596,0.900631099,0.923698524,0.930823161,0.886316198,0.955983534,0.775835637,1,0.895451016,0.951166221,0.93066742,0.940568912,0.9523104,0,0.941121699,0.807234099,0.805113083,0.788954849,1,1,0.858257831,0.873910901,0.978422747,0.72428352,0.670672781,0.527733936,0.721588972,0.859900379,0.678988706,0.596492221,0.728279331,0.656928389,0.602579887,0.760558861,0.77211051,0.595702459,0.710652218,0.716493843,0.650194654,0.747092707,0.95608706,0.896767429,0.998008971,0.777875769,0.843472921,0.92993778,0.886595908,0.94309181,1,0.958866814,0.675647571
0.723847947,0.736974394,0.672041962,0.800419147,0.904195072,0.887973827,0.797700715,0.897064907,0.837481746,0.909428874,0.822650142,0.928985352,0.619676901,0.903858117,0.948744243,0.951465789,0.83110585,0.911170184,0.928476146,0.941121699,0,0.863551802,0.837886977,0.840940313,0.975199042,0.957093466,0.849117249,0.839911308,0.952133282,0.817607517,0.75765543,0.580154428,0.768271617,0.867332336,0.727053837,0.697207822,0.769024042,0.71931457,0.69090842,0.776527382,0.8231725,0.674967625,0.751701457,0.806676959,0.687359315,0.837600935,0.89654456,0.917182414,0.920566141,0.736505005,0.883796762,0.786032987,0.770225878,0.900969223,0.963868021,0.893312996,0.711169441
0.844790353,0.623007072,0.54426429,0.717355685,0.854183606,0.894800236,0.786278433,0.98967409,0.896015913,0.861112253,0.72413868,0.759817092,0.543430641,0.771906084,0.889715017,0.84590397,0.711769468,0.844229528,0.806240893,0.807234099,0.863551802,0,1,1,0.915538848,0.848423589,0.992587474,0.809471633,0.90259109,0.96885661,0.897456291,0.767640688,0.908644549,0.893097006,0.925385012,0.923608017,1,0.953426575,0.950911381,0.963198794,0.999176672,0.912016467,0.926731333,0.829195833,0.924253756,0.905237135,0.738922835,0.862069212,0.850349629,0.828022055,0.791837496,0.771522044,0.716093776,0.744533332,0.878963491,0.741763265,0.838013424
0.777011147,0.614159816,0.530453809,0.685786927,0.836561083,0.820194823,0.7528079,0.889213308,0.807991371,0.803423553,0.735096461,0.757923612,0.536198654,0.805895928,0.850005476,0.915245396,0.785444158,0.830362828,0.841920683,0.805113083,0.837886977,1,0,0.98974806,0.926819956,0.905114763,1,0.777111017,0.902451536,0.988859187,0.866014592,0.745853163,0.882744864,0.946373213,0.88266761,0.873185132,0.986022944,0.890603192,0.887419782,0.920672435,0.98278586,0.851617896,0.868166122,0.845501822,0.93194805,0.949157584,0.758881825,0.813478566,0.803839142,0.809465578,0.74923369,0.723974666,0.723477618,0.742607693,0.84888134,0.729276701,0.865873212
0.861157137,0.563821089,0.489153117,0.665049007,0.917546937,0.834954868,0.77984651,0.931991596,0.812271821,0.780732129,0.683088483,0.696722942,0.510554782,0.715300611,0.850588098,0.818771611,0.690428654,0.781102928,0.797980411,0.788954849,0.840940313,1,0.98974806,0,0.824122617,0.793493456,1,0.751336069,0.909246181,0.967206654,0.895249935,0.854410179,0.919659843,0.948334637,0.93407667,0.8746604,1,0.986282983,0.896987848,1,0.965538111,0.926800033,0.899328309,0.84390226,0.980258262,0.965878971,0.685375398,0.878337624,0.794506035,0.853573221,0.703720642,0.694231875,0.674597914,0.685626178,0.804463461,0.696090788,0.845754436
0.714818576,0.760171664,0.644232856,0.745202349,0.894583248,0.86650482,0.854021696,0.862513933,0.933048952,0.854542508,0.911556232,1,0.699928841,0.988789492,0.916579225,0.951799255,0.933095576,0.88763978,0.949094821,1,0.975199042,0.915538848,0.926819956,0.824122617,0,1,0.919120898,0.859248663,1,0.794700368,0.747126778,0.609069732,0.77761598,0.910042725,0.745257702,0.708127013,0.853803881,0.773157625,0.695117786,0.83312445,0.809916265,0.69970073,0.769258623,0.887465748,0.704654517,0.832841763,0.961638723,0.930956889,0.978153177,0.792817764,0.865650802,0.903009492,0.902784805,0.98193463,1,0.88467896,0.798633412
0.686063301,0.849081391,0.713377145,0.755273088,0.878305462,0.842241308,0.870429035,0.890533223,0.971281259,0.905199231,0.939776571,0.997498394,0.77022206,1,0.89996711,0.87380729,0.900841057,0.958432236,0.963220775,1,0.957093466,0.848423589,0.905114763,0.793493456,1,0,0.839436926,0.89453226,0.985633423,0.744451379,0.691745845,0.545461705,0.701768845,0.891753007,0.67771711,0.614409657,0.769879778,0.656922625,0.6189314,0.768833171,0.81755456,0.604756013,0.695354884,0.730318009,0.683388124,0.739463584,0.964804904,0.880291738,1,0.8236791,0.880531248,0.942602282,0.993540417,0.996792707,1,0.983652881,0.701164821
0.855675855,0.682833821,0.624227714,0.752690845,0.986674646,0.916358915,0.873320048,0.914138532,0.889896388,0.845088353,0.798502664,0.817024962,0.637458777,0.785610451,0.984468341,0.869510755,0.769075619,0.859711032,0.812438732,0.858257831,0.849117249,0.992587474,1,1,0.919120898,0.839436926,0,0.894559365,0.960304267,0.923639247,0.805380949,0.737503312,0.867137785,0.875384146,0.831066903,0.846759871,0.92270915,0.833616999,0.824889445,0.884679196,0.957787784,0.85114574,0.870706511,0.806813723,0.867124465,0.983852485,0.798700486,0.981552038,0.923608142,0.864489065,0.815793052,0.79381357,0.789580453,0.787284342,0.865159442,0.821451302,0.736803324
0.798875724,0.868170905,0.815219427,0.902053938,0.972071735,0.866523868,0.968285359,0.897904859,0.961252927,0.890802471,0.836869487,0.915862786,0.80815231,0.890563445,0.849532416,0.843972068,0.796839998,0.911693453,0.811404436,0.873910901,0.839911308,0.809471633,0.777111017,0.751336069,0.859248663,0.89453226,0.894559365,0,0.854910541,0.745162787,0.81116327,0.526508005,0.709948361,0.685636181,0.619271951,0.674148688,0.73515213,0.597918399,0.594097892,0.74336479,0.711253169,0.667237008,0.73094195,0.640779795,0.628788231,0.77687229,0.912092069,0.948455733,0.980533172,0.813492238,0.911741124,0.888323766,0.8457527,0.891481474,0.934849733,0.905421162,0.558910831
0.804294448,0.807872148,0.684098359,0.817265675,0.997716424,0.934783542,0.859860095,1,0.95239968,0.96721437,0.899042254,0.93706352,0.69252795,0.888035713,0.917902325,0.932170229,0.883611705,0.914010478,0.926254439,0.978422747,0.952133282,0.90259109,0.902451536,0.909246181,1,0.985633423,0.960304267,0.854910541,0,0.851901789,0.839354025,0.65961096,0.852844645,0.883653802,0.821054121,0.750653127,0.817349297,0.742651795,0.731900011,0.809531594,0.918970593,0.753420786,0.85651673,0.775014308,0.763512612,0.901290037,0.912149118,0.972648386,1,0.857379539,0.979439837,0.911925251,0.869608715,0.899148607,1,0.885918586,0.754353627
0.859000768,0.55378409,0.492667967,0.675206067,0.845039417,0.880651326,0.716744902,0.842454845,0.762826636,0.782602421,0.662128566,0.689895869,0.461362904,0.652408432,0.819330721,0.839377605,0.654538518,0.729764758,0.779595376,0.72428352,0.817607517,0.96885661,0.988859187,0.967206654,0.794700368,0.744451379,0.923639247,0.745162787,0.851901789,0,0.984039105,0.791769115,0.97419682,0.963100429,0.882017466,0.988610903,0.915742508,0.923159186,0.889216271,0.983350859,0.912034646,0.884938183,0.907491654,0.920998303,0.921440793,0.96101848,0.701759796,0.782103471,0.733930958,0.669549741,0.698471828,0.633645337,0.611879684,0.670514916,0.736652302,0.658646943,0.807419381
0.918479647,0.555554959,0.502262581,0.67353246,0.824078597,0.823022589,0.74190767,0.901856161,0.756830131,0.739815296,0.648079086,0.692508148,0.492934152,0.634293017,0.773218368,0.759000549,0.669212158,0.697956419,0.70283486,0.670672781,0.75765543,0.897456291,0.866014592,0.895249935,0.747126778,0.691745845,0.805380949,0.81116327,0.839354025,0.984039105,0,0.783758088,0.991642538,0.756699173,0.778760652,0.920332998,0.896576617,0.786497483,0.891276578,0.937216181,0.930344873,0.836947748,0.932839626,0.810271411,0.858904411,0.933184674,0.66751458,0.808845196,0.746405639,0.712888638,0.706855127,0.618299702,0.610199675,0.643598319,0.722690988,0.659075039,0.693164241
0.719503771,0.386699684,0.340543529,0.450982989,0.606814627,0.609062093,0.525445561,0.650215327,0.575045969,0.551287554,0.492894391,0.493618237,0.356267968,0.467431761,0.61672099,0.606724259,0.513719763,0.502900636,0.555823648,0.527733936,0.580154428,0.767640688,0.745853163,0.854410179,0.609069732,0.545461705,0.737503312,0.526508005,0.65961096,0.791769115,0.783758088,0,0.884606944,0.780963389,0.877836887,0.820736015,0.825315666,0.845740778,0.900511267,0.856137468,0.843336417,0.840378287,0.837518576,0.759424669,0.916468002,0.839222314,0.499781326,0.606588017,0.547509106,0.612935023,0.498008395,0.488757398,0.487320976,0.479705941,0.546504899,0.464172664,0.73153855
0.914364644,0.522385731,0.484248324,0.648817188,0.860721962,0.836216043,0.727979644,0.862652965,0.750560033,0.759323068,0.620848277,0.658562847,0.474982541,0.632884042,0.819611768,0.823490917,0.663812544,0.718815711,0.729227748,0.721588972,0.768271617,0.908644549,0.882744864,0.919659843,0.77761598,0.701768845,0.867137785,0.709948361,0.852844645,0.97419682,0.991642538,0.884606944,0,0.82538178,0.830736679,0.993943532,0.937427689,0.832595269,0.929121245,1,0.883409251,0.91225324,0.897364087,0.887716661,0.839684289,0.98100656,0.673887538,0.780420989,0.740233966,0.705408315,0.724274485,0.595540781,0.598205392,0.651278417,0.728818353,0.658387098,0.761284222
0.673645561,0.581027941,0.502712775,0.617423089,0.814541723,0.784961432,0.669641104,0.81943778,0.741838853,0.765018867,0.707034178,0.782106801,0.514865678,0.761598561,0.898963837,0.873796652,0.775649727,0.759197651,0.832633827,0.859900379,0.867332336,0.893097006,0.946373213,0.948334637,0.910042725,0.891753007,0.875384146,0.685636181,0.883653802,0.963100429,0.756699173,0.780963389,0.82538178,0,0.881505762,0.764666004,0.878624614,0.86763169,0.850552883,0.859111016,0.889967733,0.712570659,0.792985892,0.868768356,0.854587268,0.879955128,0.76044312,0.79795521,0.822065521,0.744282688,0.720224239,0.679131505,0.705412012,0.708537362,0.872933193,0.681094089,0.90987546
0.722692943,0.469177405,0.415460352,0.527330693,0.713343679,0.724457288,0.61325709,0.786047618,0.688831966,0.696428346,0.591977053,0.628577835,0.425415527,0.612683082,0.75085564,0.719838188,0.609471355,0.659153419,0.682999267,0.678988706,0.727053837,0.925385012,0.88266761,0.93407667,0.745257702,0.67771711,0.831066903,0.619271951,0.821054121,0.882017466,0.778760652,0.877836887,0.830736679,0.881505762,0,0.801086929,0.866172384,0.929826375,0.860922054,0.953724899,0.887500964,0.807585359,0.833863509,0.859320476,0.912522088,0.880188105,0.588569387,0.744097059,0.696882351,0.672187404,0.612940886,0.58644176,0.596321379,0.595480524,0.738543319,0.558309922,0.917096669
0.894485692,0.501532763,0.448008334,0.589307153,0.792375139,0.765243561,0.667103366,0.863796038,0.70022833,0.656871516,0.564401038,0.574653477,0.441412287,0.579419518,0.701657804,0.695556063,0.592789574,0.638714195,0.649724456,0.596492221,0.697207822,0.923608017,0.873185132,0.8746604,0.708127013,0.614409657,0.846759871,0.674148688,0.750653127,0.988610903,0.920332998,0.820736015,0.993943532,0.764666004,0.801086929,0,0.869422723,0.818533809,0.880222344,0.907333398,0.853714619,0.889570868,0.879202857,0.78515648,0.886277299,0.895094191,0.603731601,0.689284275,0.660694318,0.653867563,0.632263984,0.533675505,0.547672509,0.572316162,0.646895772,0.560680965,0.690962572
0.822619723,0.532718998,0.448314428,0.584625614,0.821565299,0.801762281,0.730513924,0.84933928,0.746079073,0.714281172,0.659211014,0.683115026,0.49981885,0.644993496,0.817179324,0.742849845,0.663998768,0.692222169,0.758606872,0.728279331,0.769024042,1,0.986022944,1,0.853803881,0.769879778,0.92270915,0.73515213,0.817349297,0.915742508,0.896576617,0.825315666,0.937427689,0.878624614,0.866172384,0.869422723,0,0.901292091,0.889663712,0.924240063,0.948902956,0.93645809,0.941550354,0.813516486,0.990297921,0.987568917,0.670100422,0.841163563,0.714249348,0.756599627,0.645612754,0.659611531,0.659787398,0.668681669,0.77193849,0.648716193,0.828377075
0.732382685,0.457937069,0.405530439,0.514702709,0.71069136,0.708213194,0.638554074,0.753527439,0.651531372,0.625079817,0.562318165,0.599031962,0.421283822,0.58981227,0.741427032,0.723279523,0.600415937,0.65477067,0.665909067,0.656928389,0.71931457,0.953426575,0.890603192,0.986282983,0.773157625,0.656922625,0.833616999,0.597918399,0.742651795,0.923159186,0.786497483,0.845740778,0.832595269,0.86763169,0.929826375,0.818533809,0.901292091,0,0.938556268,0.91219811,0.939282779,0.898665124,0.883790503,0.807799072,1,0.864565774,0.592071085,0.723963014,0.657705536,0.713143031,0.581154038,0.568593643,0.575886921,0.573934225,0.706643339,0.53451146,0.78526031
0.784711827,0.456259042,0.410951845,0.537893276,0.781960806,0.704201747,0.599442725,0.751413874,0.649608638,0.626529443,0.566898376,0.577747721,0.403161201,0.543219752,0.783213648,0.745939312,0.596199662,0.616210796,0.688026781,0.602579887,0.69090842,0.950911381,0.887419782,0.896987848,0.695117786,0.6189314,0.824889445,0.594097892,0.731900011,0.889216271,0.891276578,0.900511267,0.929121245,0.850552883,0.860922054,0.880222344,0.889663712,0.938556268,0,0.951662706,0.873735227,0.980147927,1,0.799914235,0.9411169,0.874987259,0.597786656,0.701033942,0.642838798,0.642723622,0.586650712,0.54419202,0.532017388,0.556384524,0.645522026,0.538692664,0.792963933
0.928582984,0.538359015,0.487290079,0.620900292,0.851619907,0.830560601,0.72988549,0.82776585,0.775089253,0.731285656,0.669801497,0.727111264,0.488943273,0.67996349,0.848744395,0.775700205,0.682229922,0.77662666,0.759935151,0.760558861,0.776527382,0.963198794,0.920672435,1,0.83312445,0.768833171,0.884679196,0.74336479,0.809531594,0.983350859,0.937216181,0.856137468,1,0.859111016,0.953724899,0.907333398,0.924240063,0.91219811,0.951662706,0,0.955520133,0.872750657,0.992908745,0.93545648,0.915567168,0.962001872,0.67890021,0.818286359,0.75707176,0.730198505,0.697115529,0.649828473,0.641146111,0.69185617,0.82506726,0.676011174,0.887913967
0.856909278,0.563688789,0.481642937,0.62264727,0.814862855,0.843301828,0.751063921,0.835205027,0.777605743,0.770887166,0.663611807,0.764165642,0.510880383,0.732785351,0.839491836,0.809529941,0.719570147,0.775352282,0.784875248,0.77211051,0.8231725,0.999176672,0.98278586,0.965538111,0.809916265,0.81755456,0.957787784,0.711253169,0.918970593,0.912034646,0.930344873,0.843336417,0.883409251,0.889967733,0.887500964,0.853714619,0.948902956,0.939282779,0.873735227,0.955520133,0,0.918041769,0.970284731,0.897639325,0.904769858,0.992227372,0.691961899,0.824461809,0.805392239,0.809431076,0.731068543,0.686354129,0.666448028,0.705540152,0.808548988,0.685853122,0.868420957
0.922449314,0.489867973,0.447654379,0.596788654,0.758325989,0.820954508,0.724132547,0.814450875,0.743641813,0.639148136,0.585117508,0.596611321,0.471849684,0.581703985,0.774400543,0.689620031,0.584538232,0.632136522,0.635919183,0.595702459,0.674967625,0.912016467,0.851617896,0.926800033,0.69970073,0.604756013,0.85114574,0.667237008,0.753420786,0.884938183,0.836947748,0.840378287,0.91225324,0.712570659,0.807585359,0.889570868,0.93645809,0.898665124,0.980147927,0.872750657,0.918041769,0,0.981951288,0.721705333,0.884155761,0.974926918,0.606087545,0.726951782,0.69229822,0.746905375,0.629083337,0.574844043,0.580682968,0.59486497,0.65282633,0.585378157,0.655643741
0.899861717,0.545238867,0.506223717,0.632481079,0.823058525,0.836854677,0.789079907,0.895437155,0.831832644,0.723296657,0.665769039,0.659160154,0.499212258,0.669320815,0.828537283,0.820546838,0.647185893,0.725671358,0.764782791,0.710652218,0.751701457,0.926731333,0.868166122,0.899328309,0.769258623,0.695354884,0.870706511,0.73094195,0.85651673,0.907491654,0.932839626,0.837518576,0.897364087,0.792985892,0.833863509,0.879202857,0.941550354,0.883790503,1,0.992908745,0.970284731,0.981951288,0,0.814201583,0.942622659,0.938113306,0.695464557,0.762569781,0.752488599,0.764978699,0.702519814,0.610562491,0.638599652,0.639342757,0.749301715,0.638778406,0.710913777
0.692240403,0.5021686,0.467892033,0.571846773,0.728850396,0.72600504,0.626987295,0.76461428,0.732200411,0.773933005,0.656073662,0.747245245,0.451547377,0.658006415,0.789958264,0.806987569,0.701302266,0.710778681,0.771526935,0.716493843,0.806676959,0.829195833,0.845501822,0.84390226,0.887465748,0.730318009,0.806813723,0.640779795,0.775014308,0.920998303,0.810271411,0.759424669,0.887716661,0.868768356,0.859320476,0.78515648,0.813516486,0.807799072,0.799914235,0.93545648,0.897639325,0.721705333,0.814201583,0,0.757118763,0.840703405,0.689518109,0.714476983,0.729720537,0.597134823,0.715306052,0.57882666,0.614055349,0.652086317,0.770585175,0.613991211,0.906933221
0.792167295,0.474846483,0.404619246,0.548524091,0.75762162,0.758213967,0.645074412,0.770763096,0.677710377,0.630012785,0.551103465,0.578280774,0.436962714,0.58065052,0.739634405,0.736005712,0.607141898,0.642873442,0.648929603,0.650194654,0.687359315,0.924253756,0.93194805,0.980258262,0.704654517,0.683388124,0.867124465,0.628788231,0.763512612,0.921440793,0.858904411,0.916468002,0.839684289,0.854587268,0.912522088,0.886277299,0.990297921,1,0.9411169,0.915567168,0.904769858,0.884155761,0.942622659,0.757118763,0,0.911879661,0.575327517,0.737696806,0.666226498,0.760262471,0.589572219,0.581394259,0.581121085,0.555202765,0.656028509,0.540560041,0.827036864
0.904819759,0.543731618,0.498782409,0.656893287,0.864363206,0.891547057,0.813176035,0.891989569,0.85142691,0.755921873,0.682462775,0.745653495,0.503011712,0.725725789,0.855167913,0.844798856,0.6962111,0.79029654,0.791201052,0.747092707,0.837600935,0.905237135,0.949157584,0.965878971,0.832841763,0.739463584,0.983852485,0.77687229,0.901290037,0.96101848,0.933184674,0.839222314,0.98100656,0.879955128,0.880188105,0.895094191,0.987568917,0.864565774,0.874987259,0.962001872,0.992227372,0.974926918,0.938113306,0.840703405,0.911879661,0,0.714554732,0.840097061,0.844507462,0.843705416,0.757834,0.681451216,0.684531842,0.726443578,0.799369021,0.693794502,0.799766814
0.692604062,0.887171155,0.840647211,0.906258426,0.936789094,0.935850582,0.891928207,0.842713373,0.967904043,0.91771669,0.957207992,0.996696801,0.822162509,0.991791187,0.865317806,0.950830311,0.926844429,0.958281956,0.911039824,0.95608706,0.89654456,0.738922835,0.758881825,0.685375398,0.961638723,0.964804904,0.798700486,0.912092069,0.912149118,0.701759796,0.66751458,0.499781326,0.673887538,0.76044312,0.588569387,0.603731601,0.670100422,0.592071085,0.597786656,0.67890021,0.691961899,0.606087545,0.695464557,0.689518109,0.575327517,0.714554732,0,0.872766722,0.958839803,0.749896189,0.983441512,0.834439924,0.921651458,0.98478273,1,1,0.577098012
0.776601197,0.807569081,0.728838577,0.862762008,0.980908318,0.904110907,0.944867578,0.919995977,0.947104003,0.900654122,0.856197905,0.891828732,0.748048276,0.91857282,0.981393872,0.867322194,0.841071019,0.922409592,0.900416052,0.896767429,0.917182414,0.862069212,0.813478566,0.878337624,0.930956889,0.880291738,0.981552038,0.948455733,0.972648386,0.782103471,0.808845196,0.606588017,0.780420989,0.79795521,0.744097059,0.689284275,0.841163563,0.723963014,0.701033942,0.818286359,0.824461809,0.726951782,0.762569781,0.714476983,0.737696806,0.840097061,0.872766722,0,0.978558195,0.920010006,0.926969097,0.942119929,0.867075555,0.877289883,0.931477218,0.887709456,0.613424963
0.786787721,0.846477597,0.809532233,0.867507062,1,0.945594438,0.982521253,0.95630688,1,0.987889856,0.904317674,0.97179968,0.87689092,0.974053639,0.942391733,1,0.942160087,0.989082826,0.924226501,0.998008971,0.920566141,0.850349629,0.803839142,0.794506035,0.978153177,1,0.923608142,0.980533172,1,0.733930958,0.746405639,0.547509106,0.740233966,0.822065521,0.696882351,0.660694318,0.714249348,0.657705536,0.642838798,0.75707176,0.805392239,0.69229822,0.752488599,0.729720537,0.666226498,0.844507462,0.958839803,0.978558195,0,0.842117725,0.980957964,0.948529439,1,0.998065594,1,0.9740285,0.607988599
0.779374114,0.704257755,0.648630289,0.776422791,0.877270954,0.82407906,0.863135925,0.925979906,0.817201814,0.752654344,0.738212276,0.737937039,0.684799736,0.846797961,0.86248819,0.730658725,0.682565133,0.805237369,0.714606683,0.777875769,0.736505005,0.828022055,0.809465578,0.853573221,0.792817764,0.8236791,0.864489065,0.813492238,0.857379539,0.669549741,0.712888638,0.612935023,0.705408315,0.744282688,0.672187404,0.653867563,0.756599627,0.713143031,0.642723622,0.730198505,0.809431076,0.746905375,0.764978699,0.597134823,0.760262471,0.843705416,0.749896189,0.920010006,0.842117725,0,0.7880023,0.830049268,0.81194649,0.831841061,0.858428457,0.774864923,0.566819663
0.751661867,0.830669582,0.791600224,0.889032054,0.940208827,0.892073769,0.924926165,0.890225547,0.988072338,0.861156499,0.868392596,0.941930494,0.789271712,0.928819757,0.920635856,0.868048415,0.852244721,0.912056186,0.868620321,0.843472921,0.883796762,0.791837496,0.74923369,0.703720642,0.865650802,0.880531248,0.815793052,0.911741124,0.979439837,0.698471828,0.706855127,0.498008395,0.724274485,0.720224239,0.612940886,0.632263984,0.645612754,0.581154038,0.586650712,0.697115529,0.731068543,0.629083337,0.702519814,0.715306052,0.589572219,0.757834,0.983441512,0.926969097,0.980957964,0.7880023,0,0.852095722,0.897264694,0.974186872,0.957983339,0.974178337,0.522642881
0.659821966,0.864993136,0.823334514,0.843817022,0.838253081,0.860305241,0.880345513,0.819708555,0.846077999,0.799379114,0.831827151,0.910278248,0.902271579,0.990347768,0.820800011,0.766145712,0.795253788,0.909179934,0.807767231,0.92993778,0.786032987,0.771522044,0.723974666,0.694231875,0.903009492,0.942602282,0.79381357,0.888323766,0.911925251,0.633645337,0.618299702,0.488757398,0.595540781,0.679131505,0.58644176,0.533675505,0.659611531,0.568593643,0.54419202,0.649828473,0.686354129,0.574844043,0.610562491,0.57882666,0.581394259,0.681451216,0.834439924,0.942119929,0.948529439,0.830049268,0.852095722,0,0.980988254,0.941516382,0.924399975,0.916549574,0.542306236
0.662245068,0.841243695,0.825417814,0.792778333,0.834883884,0.79914023,0.902389163,0.821934041,0.980378056,0.78607201,0.878127659,0.95977344,0.916397746,1,0.833714132,0.808396199,0.83167228,0.92647969,0.840113039,0.886595908,0.770225878,0.716093776,0.723477618,0.674597914,0.902784805,0.993540417,0.789580453,0.8457527,0.869608715,0.611879684,0.610199675,0.487320976,0.598205392,0.705412012,0.596321379,0.547672509,0.659787398,0.575886921,0.532017388,0.641146111,0.666448028,0.580682968,0.638599652,0.614055349,0.581121085,0.684531842,0.921651458,0.867075555,1,0.81194649,0.897264694,0.980988254,0,1,0.930839577,0.973761062,0.532545443
0.698890866,0.804496657,0.843593799,0.837833014,0.918411875,0.855062094,0.97628195,0.891695054,0.929241113,0.829503258,0.922465125,0.957317497,0.959128058,1,0.882668495,0.874330358,0.865049341,0.940922602,0.85064307,0.94309181,0.900969223,0.744533332,0.742607693,0.685626178,0.98193463,0.996792707,0.787284342,0.891481474,0.899148607,0.670514916,0.643598319,0.479705941,0.651278417,0.708537362,0.595480524,0.572316162,0.668681669,0.573934225,0.556384524,0.69185617,0.705540152,0.59486497,0.639342757,0.652086317,0.555202765,0.726443578,0.98478273,0.877289883,0.998065594,0.831841061,0.974186872,0.941516382,1,0,0.972152055,1,0.575937371
0.71987957,0.863705896,0.734814378,0.841684695,0.997982465,0.896475775,0.88440961,0.881720804,1,0.904572866,0.910767495,1,0.770924677,0.988885994,0.974534367,0.982363087,0.957466948,1,0.956268016,1,0.963868021,0.878963491,0.84888134,0.804463461,1,1,0.865159442,0.934849733,1,0.736652302,0.722690988,0.546504899,0.728818353,0.872933193,0.738543319,0.646895772,0.77193849,0.706643339,0.645522026,0.82506726,0.808548988,0.65282633,0.749301715,0.770585175,0.656028509,0.799369021,1,0.931477218,1,0.858428457,0.957983339,0.924399975,0.930839577,0.972152055,0,0.974231621,0.671303449
0.69394342,0.963825106,0.898857184,0.892307838,0.880478736,0.85016181,0.976532224,0.921018797,1,0.911911919,0.89421251,0.969144659,0.928550138,1,0.876673208,0.81547939,0.913102069,0.935329682,0.862096187,0.958866814,0.893312996,0.741763265,0.729276701,0.696090788,0.88467896,0.983652881,0.821451302,0.905421162,0.885918586,0.658646943,0.659075039,0.464172664,0.658387098,0.681094089,0.558309922,0.560680965,0.648716193,0.53451146,0.538692664,0.676011174,0.685853122,0.585378157,0.638778406,0.613991211,0.540560041,0.693794502,1,0.887709456,0.9740285,0.774864923,0.974178337,0.916549574,0.973761062,1,0.974231621,0,0.507914938
0.611564539,0.439780004,0.36679861,0.479026667,0.64710348,0.631730227,0.547517888,0.652203079,0.595177019,0.656512957,0.573942531,0.635849467,0.386273726,0.569173928,0.718535842,0.738805681,0.609960184,0.607762303,0.640620509,0.675647571,0.711169441,0.838013424,0.865873212,0.845754436,0.798633412,0.701164821,0.736803324,0.558910831,0.754353627,0.807419381,0.693164241,0.73153855,0.761284222,0.90987546,0.917096669,0.690962572,0.828377075,0.78526031,0.792963933,0.887913967,0.868420957,0.655643741,0.710913777,0.906933221,0.827036864,0.799766814,0.577098012,0.613424963,0.607988599,0.566819663,0.522642881,0.542306236,0.532545443,0.575937371,0.671303449,0.507914938,0