Cingulate area 2,Glomerular layer of the accessory olfactory bulb,Glomerular layer of the olfactory bulb,"Olfactory bulb, unspecified",Frontal association cortex,Cornu ammonis 3,Dentate gyrus,Cornu ammonis 2,Cornu ammonis 1,Fasciola cinereum,Subiculum,Postrhinal cortex,Presubiculum,Parasubiculum,Perirhinal area 35,Perirhinal area 36,Medial entorhinal cortex,Lateral entorhinal cortex,Primary auditory area,"Secondary auditory area, dorsal part","Secondary auditory area, ventral part","Piriform cortex, layer 1","Piriform cortex, layer 2","Piriform cortex, layer 3",Ventrolateral orbital area,Lateral orbital area,Ventral orbital area,Medial orbital area,Dorsolateral orbital area,Prelimbic area,Secondary motor area,Frontal association area 3,Primary motor area,"Agranular insular cortex, ventral area",Agranular insular cortex dorsal area,Cingulate area 1,Infralimbic area,Dysgranular insular cortex,Granular insular cortex,"Primary somatosensory area, forelimb representation","Primary somatosensory area, dysgranular zone","Primary somatosensory area, face representation",Secondary somatosensory area,"Primary somatosensory area, hindlimb representation","Agranular insular cortex, posterior area","Primary somatosensory area, barrel field",Retrosplenial dysgranular area,"Primary somatosensory area, trunk representation",Retrosplenial granular area,"Parietal association cortex, lateral area","Parietal association cortex, medial area","Parietal association cortex, posterior area",Primary visual area,"Secondary visual area, lateral part",Temporal association cortex,"Secondary visual area, medial part",Nucleus of the lateral olfactory tract
0.0,0.9403251059899717,0.511668614946667,0.7537519741330333,0.9500121661604978,0.9911174632512307,0.9856797888344323,0.8767889767073686,0.9466546841893352,0.9863756616662707,0.9720659534277587,0.8256668079970516,0.9335003088684792,0.9600645534434552,0.8108644110225811,0.7705692030240705,0.8242886527261226,0.8967733617506052,0.8151542116569999,0.8857573467319867,0.8053990730302951,0.8466849723837394,0.8511402552456441,0.9035073860430252,0.9535684029874304,0.97274329187073,0.980612116039223,0.8880818998356729,0.863217596763136,0.9643047014079209,1.0,0.8834696596590258,0.9865686862795419,0.8878625764550774,0.885691499131505,0.9724211683230782,0.8943628808141472,0.9134663623987549,0.9087377994844573,0.9082217560745786,0.9570463716142767,0.8059654425170617,0.9477064163599073,1.0,0.937382015270266,0.8335705598005219,0.8826568085451629,0.953540541396013,0.8026629465222881,0.8874633341930847,0.9811363747849626,0.8893660454701746,0.9835927823165824,0.8696833293399815,0.834745902152578,0.9601629144419993,0.7481552570213654
0.9403251059899717,0.0,0.3977367293817607,0.6180011426684544,0.9442914388581899,0.9658131825074807,0.8920227223656177,0.9192605874172564,0.9154989219432392,0.8261984344459632,0.9074618254800547,0.7100669656860304,0.7357315562752998,1.0,0.6858660669796331,0.6264374874984914,0.7341379100003119,0.7404810494056808,0.8448179042720434,0.8498729581724388,0.8020690501648866,0.8117222263328995,0.9542216897934837,0.907887691998302,0.8484523009230817,0.8401240587777642,0.8715140099649031,0.7202337626038108,0.7301801146708141,0.9335808023843086,0.9384975604306828,0.7850987589187479,0.8955107877532381,0.8572187349329965,0.7662454562057559,0.9469848728137596,0.980890334165749,0.8612935292012844,0.8708867326831318,0.8962204516148825,0.8507380690559435,0.7402000991825685,0.8763110055694315,0.9421503409804175,0.8605818108985431,0.8855238729985381,0.7439258516134925,0.948695755825123,0.6917119712776618,0.9913873919126525,0.9452458611397937,0.921322967020758,0.9052438254089042,0.8162426371565101,0.7033300783468853,0.7791936297286318,0.7564732935435137
0.511668614946667,0.3977367293817607,0.0,0.8485015527736626,0.5245280458523227,0.4306741710703728,0.5573091928712275,0.3678328610309519,0.5347371790141433,0.50692780841879,0.5840453296311169,0.6773111717481716,0.7160777060172674,0.4608464298002954,0.5268205319039826,0.44858044981401984,0.5034644529100841,0.5608185893571768,0.39554258864762776,0.4314846330460166,0.4025323656774768,0.3756758307380182,0.3515775457950206,0.37499991943556743,0.5243908284544945,0.5170032523759973,0.5286752792613107,0.7034187271165632,0.6187056487806156,0.45793128828700014,0.5050575533029963,0.4957418711246998,0.4818810656273938,0.4135039330368569,0.4356446471502585,0.48467125373671155,0.44808167596088816,0.4660814814978535,0.4344423161062094,0.40206587055082715,0.4225799594212456,0.44798460718130195,0.4144182861848233,0.47445988697606706,0.42735919969652364,0.32973814223988407,0.5580487627978852,0.5184427767060873,0.5905775505519923,0.4124488925107952,0.49195781334719346,0.5172135484907773,0.5430118249919886,0.5162569168075622,0.5528635625958827,0.5676965167096621,0.3037751353260386
0.7537519741330333,0.6180011426684544,0.8485015527736626,0.0,0.8515032130272312,0.6571447760000784,0.8443686017215426,0.5350278323076513,0.7694325201636951,0.7581018099593807,0.8588003279863194,0.8723709562196857,0.9358725219329911,0.6947006773126332,0.6868145401012284,0.6161757902964166,0.6825452061783888,0.746905074694936,0.5616878833364253,0.600632503690349,0.5685048017587288,0.5557997587202009,0.5631934528383795,0.6003128346106441,0.7863204358259791,0.8226199400817518,0.8282609094384195,0.9293803053294315,0.9989087935372513,0.7368017602432625,0.7767163849285365,0.7524822684930214,0.7496850694524237,0.649511763702192,0.6196489588021651,0.7202957026852203,0.6755950236054364,0.698784737851793,0.6469937907278057,0.6210376742281276,0.6431424562577435,0.6608081911757543,0.6597274701016459,0.7017520876622665,0.6183364308846874,0.5276704281772373,0.7253702345950503,0.7407040644198217,0.7437813475448329,0.6492332022859149,0.7082794694592168,0.7073089870529234,0.8168343660855517,0.7402671864244835,0.7328720979349681,0.7806277157656488,0.4847215181133465
0.9500121661604978,0.9442914388581899,0.5245280458523227,0.8515032130272312,0.0,0.9027053910496796,0.9023304816204597,0.7394471543668669,0.9803222625805034,0.8071905216069831,0.9789248828352645,0.7921836071643544,0.8722092052001141,0.9128614561638718,0.6834844662218652,0.6144858118594713,0.694466667412741,0.7568482269169298,0.670723831995572,0.7269310542625343,0.6935833804838403,0.7777721770959315,0.8461795984272916,0.8616690564245799,0.8348219138030036,0.8161175565384502,1.0,0.8854672278020304,0.8741374164913243,0.9019809289964779,0.9804408039955941,0.8934794600626664,0.9285376454757284,0.81971332074647,0.760722354463407,0.8431988191876216,0.8713360134781413,0.8459309092732132,0.8004370237637338,0.8353356188227701,0.8080235258619475,0.7632977464180467,0.8428421494659856,0.872788773098954,0.8057142607482249,0.7742390627654852,0.7390864572009042,0.9407384423893119,0.747039848169616,0.8554202700273379,0.9051113853716337,0.8845314546828223,0.8756204173952682,0.7744089544465764,0.7126919875524291,0.7611859786314104,0.7393529902720734
0.9911174632512307,0.9658131825074807,0.4306741710703728,0.6571447760000784,0.9027053910496796,0.0,0.9542583116368426,0.9203607590898415,1.0,0.9085705605914809,0.883746840635564,0.7287842550114555,0.8080078190623681,0.937502352014934,0.7660282802515282,0.7448169293237202,0.8247951594704761,0.8176311336223039,0.8510443016905375,0.9126449281815312,0.8159984772131584,0.8974974360459174,0.8993559077907657,0.9411903723434842,0.9227199089888822,0.9114206433883029,0.9340340470723478,0.7380677412744284,0.8229547153459384,0.9370647341212137,0.9891070934081987,0.81416988319643,0.9314477984962274,0.8971569567453889,0.8400263327930917,0.9069509075770551,0.8750712138001919,0.9176628367300863,0.9301331499046462,0.9517642422459726,0.9197606065312991,0.8132043857512816,0.8811370863892173,0.9094931841766221,0.8792113679613522,0.8359350361400955,0.8135976936864207,0.918312516450586,0.7535497261829642,0.9079643453829432,0.8684623444844003,0.8473275910385735,0.9056829614630024,0.848147292706133,0.7884025068027234,0.8673483664787702,0.7448721103841366
0.9856797888344323,0.8920227223656177,0.5573091928712275,0.8443686017215426,0.9023304816204597,0.9542583116368426,0.0,0.9142999517883106,0.993431978570049,0.9690487390554093,0.9602592215351307,0.8862960411949982,0.96836084460741,0.9461805476568415,0.9108155277946259,0.8312265934541496,0.9786768040160534,0.9453609475064169,0.8717546620434564,0.9748111305212791,0.8708942667467661,0.8510024878323375,0.8294325272249007,0.8958439849055253,0.9558955830627849,0.9550270086648294,0.9784091145822629,0.915580436740337,0.9549558857139656,0.9670953307443432,0.9917145595303682,0.8399711257719037,0.9959866639571898,0.8955942816345774,0.8545408727982472,0.966371849055489,0.9185893784555533,0.9523048051143786,0.9308878175953781,0.8441720593086571,0.9410407709428438,0.8438964734242537,0.9095923143946606,0.9657143070882604,0.9201072472503089,0.732291425231746,0.9347669544548861,0.976582747187197,0.9341273372047475,0.9071486588769049,0.951553877345391,0.8838151850609826,0.9781567593187724,0.9738886393488467,0.934721391223737,0.9872174393990926,0.6847651977745746
0.8767889767073686,0.9192605874172564,0.3678328610309519,0.5350278323076513,0.7394471543668669,0.9203607590898415,0.9142999517883106,0.0,0.8419459720489733,0.9056611897384449,0.7424390691685578,0.641639778396651,0.6995963675686172,0.8485997944976132,0.7799546026628699,0.7676644351897991,0.9008898090714741,0.7721013721367259,0.9530380187880813,0.9964192452111261,0.9194454896398864,0.9031073124856381,0.8776358737209338,0.9636654174633449,0.8328014302844362,0.8106229026005608,0.8251945085571728,0.6367664442237335,0.6838134165387835,0.8527086848723348,0.8822092767440501,0.7166749936603933,0.8316654061361731,0.8839951223645113,0.8455690795117865,0.895293474195407,0.8619825437675743,0.8598447609233028,0.90455988217558,0.8723684011841948,0.9024430627035006,0.8119476004243812,0.940863223563639,0.8860535822942959,0.8856368017997135,0.8258888047878249,0.7635303004977247,0.8574216828957637,0.7652890016068432,0.7667144923083207,0.7652505282338963,0.7084729740137222,0.8279582635901287,0.7955980442784365,0.7763960058795422,0.8171006047876551,0.699607954734451
0.9466546841893352,0.9154989219432392,0.5347371790141433,0.7694325201636951,0.9803222625805034,1.0,0.993431978570049,0.8419459720489733,0.0,0.9342905222412632,0.9392077205684216,0.8247736650039692,0.9164075572156994,0.9244161231612601,0.8784681753042604,0.8149424801091185,0.8899812501083547,0.8701503716016922,0.8695268650621446,0.8803547135492784,0.8501839610917518,0.8682865442901068,0.8342458787152329,0.8695757881879749,0.9595895675492463,1.0,0.9795471964466004,0.8549521846862962,0.9310592869110513,0.8795356829857229,0.9954385277503675,0.861894005682323,0.9519700536616045,0.9117105450747796,0.8747808650385379,0.9653925100542713,0.8617197876263502,0.9341252792295446,0.9103339614127053,0.8468965899148644,0.92097568460248,0.8485949554194523,0.9098594792601696,0.9491982230237032,0.9060532922517861,0.7988902036781773,0.9431332687080961,1.0,0.8876249145173355,0.8433051037823158,0.9554583111825558,0.8990934110755997,0.9944809275676203,0.9320589524430644,0.9017283104881437,0.9644213344688752,0.7000978163675033
0.9863756616662707,0.8261984344459632,0.50692780841879,0.7581018099593807,0.8071905216069831,0.9085705605914809,0.9690487390554093,0.9056611897384449,0.9342905222412632,0.0,0.847163376876312,0.8587988641355375,0.9093180272626696,0.873709424844773,0.9244021121855439,0.9489525648681589,1.0,0.9935408824431897,0.8627423092690979,1.0,0.9161232835331354,0.8148812994441855,0.7807379796624341,0.8188819199956627,0.9665137349099143,0.895390017524959,0.9515750842452194,0.8683062289252219,0.8479514637832556,0.9165341320672261,0.9443258087842533,0.7928099531548469,0.8839679786453257,0.8696442260888588,0.908063671801265,0.902726477822914,0.8485455887234833,0.9738196941245936,0.9067979434217647,0.815437502437897,0.9157050717589978,0.8719117451222631,0.9035900075976443,0.8763805248664475,0.8850272729877513,0.7390868570508125,0.9016683255753423,0.9745532864239711,0.9830829689395142,0.7550973614165082,0.8463495616330203,0.8035603346341641,0.9763295314222928,0.8978866031789143,0.9190804324155399,0.9980773179095864,0.5980093105840568
0.9720659534277587,0.9074618254800547,0.5840453296311169,0.8588003279863194,0.9789248828352645,0.883746840635564,0.9602592215351307,0.7424390691685578,0.9392077205684216,0.847163376876312,0.0,0.8614358679014019,0.9528653826017222,0.9600583969158485,0.7587330234518507,0.7269723876198312,0.8147184256406526,0.8878540517378675,0.7322250854972693,0.8254514786635799,0.7747707556242419,0.7158004163845791,0.7536818408285458,0.7495206260662332,0.8188408595193541,0.8252586360036129,0.8928726309687894,0.8996292683286861,0.8602699956978697,0.8459703416115193,0.8671317974660008,0.7857077933593004,0.798748040024989,0.7701192766779824,0.7893997295785481,0.8913525879388506,0.8850839106081589,0.8712425203679589,0.7953817131774445,0.7640713430816001,0.8073751350727371,0.7698544121861526,0.7742607443278643,0.8387943991991981,0.8219582675755999,0.6404433036308235,0.835345676040291,0.9296888644359699,0.8538734221443592,0.8346230671622129,0.9419807784945458,0.9588926888860627,1.0,0.9265769286571999,0.8821704982767333,0.921286893937184,0.610027855289363
0.8256668079970516,0.7100669656860304,0.6773111717481716,0.8723709562196857,0.7921836071643544,0.7287842550114555,0.8862960411949982,0.641639778396651,0.8247736650039692,0.8587988641355375,0.8614358679014019,0.0,0.913462139353941,0.7650969253836463,0.8384313096552083,0.7372249457357535,0.8450339980157839,0.8901948698012181,0.7025735243163542,0.7431749929935362,0.7019687786634363,0.631908661369532,0.5893789358213519,0.6354139462566804,0.7375780241538369,0.7871658793274965,0.795195961579658,0.8745166340320181,0.8296052632600099,0.7819667794189965,0.8006638023484716,0.6546433817998956,0.7791583510707178,0.6715402189390126,0.6840659746897422,0.7811917753912053,0.7771751682326298,0.783727359329679,0.6697550877236672,0.6481871741339972,0.7079469458179607,0.6756357553449824,0.6995776427873294,0.8067820733108806,0.7046150451243274,0.5241365621088444,0.8587607548573842,0.8335865777845851,0.8701620879586349,0.629131283831173,0.8091621164009224,0.7968531653600353,0.8453100408001203,0.8319290563379805,0.8329256488172722,0.9374035616442319,0.46605250498330214
0.9335003088684792,0.7357315562752998,0.7160777060172674,0.9358725219329911,0.8722092052001141,0.8080078190623681,0.96836084460741,0.6995963675686172,0.9164075572156994,0.9093180272626696,0.9528653826017222,0.913462139353941,0.0,0.7995185170894229,0.832195115323335,0.7474935116708993,0.8442261448245609,0.9220072474281689,0.7089861028458464,0.7937360868145488,0.7535023206889707,0.6398623048682215,0.6472632800452013,0.6870949892430915,0.8159395886625819,0.8396631021361599,0.8560512324984214,0.9660677652014218,0.8858668827379372,0.8133847726100488,0.870954952476393,0.7487309158626028,0.7746043241303139,0.7262581043004116,0.7556313445058002,0.8606973890782157,0.8352467999527263,0.8389071220583753,0.8087826949548655,0.7468012216393566,0.7514942568853503,0.7291022009251595,0.7144789918608216,0.8252615914421508,0.7261468249755004,0.565631522678638,0.8408137466542578,0.9064466322777227,0.8799573897278856,0.6981811504012093,0.8074465517510105,0.8731351066760294,0.9872598345334572,0.8731261415671858,0.9714050006560813,0.9053190344070623,0.5292988397050685
0.9600645534434552,1.0,0.4608464298002954,0.6947006773126332,0.9128614561638718,0.937502352014934,0.9461805476568415,0.8485997944976132,0.9244161231612601,0.873709424844773,0.9600583969158485,0.7650969253836463,0.7995185170894229,0.0,0.703093294637605,0.680304238394756,0.7296634175419092,0.8351126052857919,0.8276654434772897,0.8365350305603947,0.8110174010087147,0.8856077238571582,0.9850175950883563,0.9275796006828285,0.8883448362003603,0.9042484246732133,0.9698463593926129,0.8072985569074699,0.8274794071781222,0.938904241152088,0.9624936335231519,0.8095014158009703,0.9837058370031216,0.9319937492007723,0.7791034869381653,0.9249639373519053,0.9407012960126938,0.8615322285312235,0.828618338840161,0.8960865990355643,0.8397014611899898,0.7453442074379772,0.8661676009964079,0.9910408896681133,0.9468212687072101,0.8277508041273844,0.8502452285847993,0.9251464934920761,0.7844958978318726,0.9245897621263662,0.9627018521589233,0.9104274116202941,0.9557476200343616,0.8814818863130514,0.7076057571353264,0.840318503051847,0.7047372442810936
0.8108644110225811,0.6858660669796331,0.5268205319039826,0.6868145401012284,0.6834844662218652,0.7660282802515282,0.9108155277946259,0.7799546026628699,0.8784681753042604,0.9244021121855439,0.7587330234518507,0.8384313096552083,0.832195115323335,0.703093294637605,0.0,0.9262507880784686,0.9520729522398113,0.8685439973962613,0.8136408729844248,0.912365115399576,0.933950350454899,0.7171296768680501,0.6049269872955223,0.7013921362719634,0.8442265427274538,0.7959493525211297,0.765618813064197,0.7625503240688877,0.7334506850542619,0.7700952420594449,0.8145136021380284,0.7120246894716511,0.7612495968924862,0.7666167607905586,0.814830356333198,0.8480767777876642,0.7477397235299283,0.8882252398911441,0.817656914784338,0.7470053379838275,0.7917229574596513,0.8470891337890994,0.7257439625807515,0.7304666774161216,0.7678903201986967,0.5733005234572722,0.8909485512646418,0.8887453462383524,0.9391841238874423,0.6211403789076182,0.6937433376957572,0.7333605071168539,0.8756152233635113,0.9922845488038309,0.990634917103992,0.9520546531845144,0.5090823440146626
0.7705692030240705,0.6264374874984914,0.44858044981401984,0.6161757902964166,0.6144858118594713,0.7448169293237202,0.8312265934541496,0.7676644351897991,0.8149424801091185,0.9489525648681589,0.7269723876198312,0.7372249457357535,0.7474935116708993,0.680304238394756,0.9262507880784686,0.0,1.0,0.8385529421131602,0.8960558099416576,0.9470103035252376,0.8957422398519184,0.7347115748870195,0.62087031329952,0.6899840962410342,0.752883835401703,0.7416947462573895,0.6980230970900285,0.6731704668006816,0.6844860514880466,0.7627362335922105,0.7711119810106594,0.6387955020794777,0.6792485454450687,0.7541045824069438,0.8231879853641176,0.8220626125600833,0.6963343534431523,0.8370755531509337,0.779767652609174,0.6867963525588552,0.7924729200718541,0.8204657185663958,0.7179755716225692,0.732525646547938,0.7899661078171781,0.5651478572039182,0.9170905741452993,0.8037686940229604,0.8995123949671767,0.5681724530274637,0.6760962500486142,0.7021572333226712,0.8167204211342601,0.8397811143174952,0.9945394527096493,0.8772099861374443,0.4950059961177415
0.8242886527261226,0.7341379100003119,0.5034644529100841,0.6825452061783888,0.694466667412741,0.8247951594704761,0.9786768040160534,0.9008898090714741,0.8899812501083547,1.0,0.8147184256406526,0.8450339980157839,0.8442261448245609,0.7296634175419092,0.9520729522398113,1.0,0.0,0.957506532289184,0.9647226099427926,1.0,0.9551585677959642,0.767575671786416,0.6720629410473661,0.7586084981738442,0.8336610115175241,0.8257572512093966,0.7947375082788036,0.7964012546560177,0.7393267611409985,0.8527489715190513,0.8979187863553241,0.6545841937251731,0.825191343646318,0.7758423761015077,0.9320586922905666,0.8716200244841796,0.784391528570384,0.9118321442581077,0.8299320795872084,0.7171395705164328,0.8298797505301885,0.8262931034351864,0.8047113713769227,0.8105235097644902,0.8566915249041626,0.6045514111298314,0.9840889423170114,0.8446028465894949,0.9593885308741241,0.6504333896814759,0.7674249386641274,0.7654389344551582,0.9321107752634236,0.9690817892837963,0.992481118258795,1.0,0.5030229840731335
0.8967733617506052,0.7404810494056808,0.5608185893571768,0.746905074694936,0.7568482269169298,0.8176311336223039,0.9453609475064169,0.7721013721367259,0.8701503716016922,0.9935408824431897,0.8878540517378675,0.8901948698012181,0.9220072474281689,0.8351126052857919,0.8685439973962613,0.8385529421131602,0.957506532289184,0.0,0.8149000478728176,0.8748449208940035,0.8274013958038616,0.7540377786788354,0.7067586697921235,0.7276079305632486,0.8152044107832254,0.7952145645777335,0.8315648726229314,0.8194495015238186,0.824692594896378,0.8297454872268404,0.9085969732053465,0.68792652199466,0.8293770247670977,0.7588800332736293,0.7808512995472318,0.9185447239724523,0.8315139799105244,0.8667908031958172,0.8235215706282408,0.7479045051018668,0.7610328911648979,0.7871072725257757,0.7487397707931042,0.8716507152179068,0.8305170631251335,0.5904098963700449,0.9155957326392237,0.8498296699119642,0.9262431503451012,0.7000340748541454,0.8687756460753593,0.8078571767650665,0.8804111678688625,0.8908323894803515,0.9421670271846351,1.0,0.5306598256509979
0.8151542116569999,0.8448179042720434,0.39554258864762776,0.5616878833364253,0.670723831995572,0.8510443016905375,0.8717546620434564,0.9530380187880813,0.8695268650621446,0.8627423092690979,0.7322250854972693,0.7025735243163542,0.7089861028458464,0.8276654434772897,0.8136408729844248,0.8960558099416576,0.9647226099427926,0.8149000478728176,0.0,0.9865643612679659,0.9395621680287093,0.803490542842223,0.7608792746837805,0.8307553020908885,0.7737759313931653,0.7501220341196456,0.7713014732971367,0.659615347540641,0.6450968086143531,0.7989583810270574,0.8462642962988233,0.6708987830540535,0.7851354487509627,0.8282150124774893,0.8321319814371192,0.8107745034731653,0.8369740527302174,0.8796272600419998,0.8812808488952767,0.782640165918488,0.8568350225699655,0.8193051807894371,0.8258680421059281,0.7738759607114702,0.8079636775603267,0.6845303827707372,0.8170448373483328,0.8739111980038815,0.8209406858445583,0.6893154861530224,0.7446633410352852,0.728946343979683,0.809333692550842,0.8147214874294443,0.8972593928585662,0.8393507078994764,0.6198587086168856
0.8857573467319867,0.8498729581724388,0.4314846330460166,0.600632503690349,0.7269310542625343,0.9126449281815312,0.9748111305212791,0.9964192452111261,0.8803547135492784,1.0,0.8254514786635799,0.7431749929935362,0.7937360868145488,0.8365350305603947,0.912365115399576,0.9470103035252376,1.0,0.8748449208940035,0.9865643612679659,0.0,1.0,0.8431432038366029,0.7659346529954656,0.806515784336388,0.8713973279921319,0.8512854528319719,0.8303318842236432,0.6997635415877685,0.7359533193250903,0.8141516323230921,0.853856563999295,0.7055217462046112,0.7950025140397883,0.9205767702937419,0.9425276004711508,0.8871604963829789,0.8144683116647145,0.9177221326640433,0.8857794806891937,0.8509478123028491,0.915032430093482,0.8793435398934956,0.8785724194931588,0.9066439789657444,0.9135811262674458,0.6826464861021799,0.8750845887930181,0.8204711523781435,0.8868099369137891,0.6951206185152149,0.7753164262973276,0.7440426577947175,0.9545962131005327,0.9653083596084177,0.9797242213496284,0.9695757184646765,0.6201686046306267
0.8053990730302951,0.8020690501648866,0.4025323656774768,0.5685048017587288,0.6935833804838403,0.8159984772131584,0.8708942667467661,0.9194454896398864,0.8501839610917518,0.9161232835331354,0.7747707556242419,0.7019687786634363,0.7535023206889707,0.8110174010087147,0.933950350454899,0.8957422398519184,0.9551585677959642,0.8274013958038616,0.9395621680287093,1.0,0.0,0.8572541338069146,0.7849368422467375,0.8466043957681892,0.8186165583927414,0.8012405429295243,0.7785833729356503,0.688712104528236,0.6993647303196278,0.8242154070345359,0.8187428280706193,0.7062036167572302,0.7802673191825086,0.8890673918861086,0.9226790896236798,0.8855540202132193,0.8128689956872448,0.9290616736207534,0.9123853495544757,0.8352373716490263,0.9437184628371813,0.9307673063522184,0.8035232941229755,0.8559841538493858,0.9361015966456275,0.7157071903008297,0.8398340877748911,0.8429824827614325,0.8506928928656348,0.6865106914475783,0.7397380877017513,0.7487646744685051,0.8663462191800544,0.8416215404674746,0.9116335560525319,0.8943983598123499,0.6135055377524659
0.8466849723837394,0.8117222263328995,0.3756758307380182,0.5557997587202009,0.7777721770959315,0.8974974360459174,0.8510024878323375,0.9031073124856381,0.8682865442901068,0.8148812994441855,0.7158004163845791,0.631908661369532,0.6398623048682215,0.8856077238571582,0.7171296768680501,0.7347115748870195,0.767575671786416,0.7540377786788354,0.803490542842223,0.8431432038366029,0.8572541338069146,0.0,0.9593086057635983,0.9342847833212902,0.8483626338653972,0.8448368845932956,0.9576616266351009,0.683967214724846,0.7384206301846359,0.9195737278809821,0.9159235697400927,0.8112341849133533,0.8746686098668134,1.0,0.9328216674931611,0.8783376362329772,0.7481438581691936,0.8914925430012229,0.9390251579846092,0.9678170274831089,0.9583229930938133,0.8793114370796689,0.9297728445189081,0.8659615727665089,0.9799669612359913,0.8475489160180769,0.7612103916010704,0.8619706974137886,0.7377872523957442,0.7720631012056028,0.729708924564405,0.6670209242777476,0.7668707329889937,0.7412455052426089,0.727044100066846,0.762070144349352,0.8086819095695617
0.8511402552456441,0.9542216897934837,0.3515775457950206,0.5631934528383795,0.8461795984272916,0.8993559077907657,0.8294325272249007,0.8776358737209338,0.8342458787152329,0.7807379796624341,0.7536818408285458,0.5893789358213519,0.6472632800452013,0.9850175950883563,0.6049269872955223,0.62087031329952,0.6720629410473661,0.7067586697921235,0.7608792746837805,0.7659346529954656,0.7849368422467375,0.9593086057635983,0.0,0.9630054895537875,0.8611755935120032,0.7957284521997985,0.9210617892507992,0.6584613923480572,0.7294173918141749,0.9090643156139145,0.9392916370940527,0.8338126709880155,0.9512406721939616,0.9780336423261563,0.7805793294030473,0.8399913486558079,0.7725696384946658,0.8437417611203321,0.8774866628475263,0.9710090450014515,0.949905252373226,0.7848441006239076,0.9187763166668573,0.9091008310903933,0.8668177020423636,0.9714585835514441,0.6378691418006767,0.7740613960725161,0.6267533087308363,0.925994622957227,0.8326517597406391,0.6785743037936381,0.7958774896565606,0.7086885037669072,0.6226860534528967,0.689855914320717,0.8165528104693349
0.9035073860430252,0.907887691998302,0.37499991943556743,0.6003128346106441,0.8616690564245799,0.9411903723434842,0.8958439849055253,0.9636654174633449,0.8695757881879749,0.8188819199956627,0.7495206260662332,0.6354139462566804,0.6870949892430915,0.9275796006828285,0.7013921362719634,0.6899840962410342,0.7586084981738442,0.7276079305632486,0.8307553020908885,0.806515784336388,0.8466043957681892,0.9342847833212902,0.9630054895537875,0.0,0.8329435927874188,0.8733377920088693,0.926492504340757,0.6786509179475553,0.7875644098747226,0.9781458583413525,0.9259848101530159,0.8177954805328296,0.9662579126358121,0.9987959703595612,0.8635397929060782,0.8962563893575562,0.7979994298612036,0.9267246514357094,0.8884493753047652,0.9854904587662435,0.8967885483209994,0.8568223665287625,0.9429887849963993,0.9460676308637797,0.9266744351991699,0.9776653764530712,0.7007927603546223,0.8850593512930051,0.7110122544397538,0.9031922707924543,0.8506533648358986,0.7554008656143295,0.8348985899546738,0.7470911691064324,0.688488363520906,0.822202510791186,0.8623801128575271
0.9535684029874304,0.8484523009230817,0.5243908284544945,0.7863204358259791,0.8348219138030036,0.9227199089888822,0.9558955830627849,0.8328014302844362,0.9595895675492463,0.9665137349099143,0.8188408595193541,0.7375780241538369,0.8159395886625819,0.8883448362003603,0.8442265427274538,0.752883835401703,0.8336610115175241,0.8152044107832254,0.7737759313931653,0.8713973279921319,0.8186165583927414,0.8483626338653972,0.8611755935120032,0.8329435927874188,0.0,0.982712835768994,0.9780057504345875,0.8329822075230521,0.861890318608066,0.9191555939819139,1.0,0.8603298418885506,1.0,0.9456006697182381,0.8986382679188798,0.8842124299892947,0.7916810497434982,0.929840252172186,0.8796699122763006,0.9027419189737205,0.9267522540980097,0.9136735778475243,0.9229730911591165,0.9586891858808928,0.9278030452001954,0.7859271838384221,0.8664828372483444,0.9106077131705562,0.8321777868048373,0.7902453681519495,0.7845073412767547,0.7555726305489116,0.9218388967028539,0.8189486148182606,0.7870321916739507,0.9203139486986168,0.7339022811123768
0.97274329187073,0.8401240587777642,0.5170032523759973,0.8226199400817518,0.8161175565384502,0.9114206433883029,0.9550270086648294,0.8106229026005608,1.0,0.895390017524959,0.8252586360036129,0.7871658793274965,0.8396631021361599,0.9042484246732133,0.7959493525211297,0.7416947462573895,0.8257572512093966,0.7952145645777335,0.7501220341196456,0.8512854528319719,0.8012405429295243,0.8448368845932956,0.7957284521997985,0.8733377920088693,0.982712835768994,0.0,0.9992689318902046,0.866199082333337,0.9293953720774341,0.9375741207610239,1.0,0.9315988749465517,0.9781901811379072,0.9569455174819521,0.8851610388083775,0.9271270013203999,0.8045624761860201,0.8650812447542469,0.8950115228023194,0.9208062683432124,0.8523687966354404,0.8621497100526294,0.8873413841558053,0.9792630621924749,0.8976924419626179,0.7768026930129168,0.8249693492481167,0.9522712760173433,0.8451948917410964,0.8066344778762209,0.8605364430305718,0.7705404485847005,0.9090526800828953,0.8008597134526545,0.7472532267237422,0.883383988839127,0.677083029087284
0.980612116039223,0.8715140099649031,0.5286752792613107,0.8282609094384195,1.0,0.9340340470723478,0.9784091145822629,0.8251945085571728,0.9795471964466004,0.9515750842452194,0.8928726309687894,0.795195961579658,0.8560512324984214,0.9698463593926129,0.765618813064197,0.6980230970900285,0.7947375082788036,0.8315648726229314,0.7713014732971367,0.8303318842236432,0.7785833729356503,0.9576616266351009,0.9210617892507992,0.926492504340757,0.9780057504345875,0.9992689318902046,0.0,0.8935899610261915,0.9735556099753312,0.9958153009940731,1.0,0.9789596138027885,1.0,0.9895591705914836,0.8954431866446034,0.9907232955915729,0.84856147807139,0.9216774735872386,0.8937741763275006,0.9345955638163094,0.9326235469096993,0.9366189076493711,0.9234831211151533,0.9807854512854448,0.9106686546724643,0.8555025938185894,0.8164689040474942,0.9093323797110945,0.7919124726996231,0.8707845705094752,0.9308452048877133,0.7792649709583458,0.9240720845077157,0.809338886603189,0.7436876998823334,0.900972849364106,0.7949898055372759
0.8880818998356729,0.7202337626038108,0.7034187271165632,0.9293803053294315,0.8854672278020304,0.7380677412744284,0.915580436740337,0.6367664442237335,0.8549521846862962,0.8683062289252219,0.8996292683286861,0.8745166340320181,0.9660677652014218,0.8072985569074699,0.7625503240688877,0.6731704668006816,0.7964012546560177,0.8194495015238186,0.659615347540641,0.6997635415877685,0.688712104528236,0.683967214724846,0.6584613923480572,0.6786509179475553,0.8329822075230521,0.866199082333337,0.8935899610261915,0.0,0.9250856766331131,0.8560240180644051,0.8743358324380242,0.8076807859646463,0.8033887036632882,0.7292083760102781,0.7171210011800031,0.8440372431224994,0.7358308334711974,0.7729501803479228,0.7822014520341766,0.7457035560115902,0.7528932251071757,0.74261766123817,0.727781788185564,0.8021991507630222,0.7773062660592136,0.5988085367044442,0.7934562949377533,0.8298543215157491,0.786802855284158,0.72496720665614,0.7973131070998207,0.8045512727015214,0.89338190891233,0.7689969889771653,0.8156610787101494,0.8809607876083093,0.5674442137176692
0.863217596763136,0.7301801146708141,0.6187056487806156,0.9989087935372513,0.8741374164913243,0.8229547153459384,0.9549558857139656,0.6838134165387835,0.9310592869110513,0.8479514637832556,0.8602699956978697,0.8296052632600099,0.8858668827379372,0.8274794071781222,0.7334506850542619,0.6844860514880466,0.7393267611409985,0.824692594896378,0.6450968086143531,0.7359533193250903,0.6993647303196278,0.7384206301846359,0.7294173918141749,0.7875644098747226,0.861890318608066,0.9293953720774341,0.9735556099753312,0.9250856766331131,0.0,0.8334371239126119,0.8874499863910931,0.8776267311907348,0.8920786294908287,0.8229101832789977,0.7944182647598615,0.840284585592185,0.7316266330914074,0.8498237356790874,0.7850860206759922,0.8014755842264913,0.7951345775327827,0.7903522486110646,0.8060520727666685,0.8477251358983932,0.796405835654186,0.6827658195892288,0.7609898268788049,0.835968048418203,0.7625660127625286,0.8189165787626558,0.8431712942417795,0.7779025955912731,0.8615612915669976,0.7406251667460929,0.7601963979329723,0.8526304730172289,0.6315647566493711
0.9643047014079209,0.9335808023843086,0.45793128828700014,0.7368017602432625,0.9019809289964779,0.9370647341212137,0.9670953307443432,0.8527086848723348,0.8795356829857229,0.9165341320672261,0.8459703416115193,0.7819667794189965,0.8133847726100488,0.938904241152088,0.7700952420594449,0.7627362335922105,0.8527489715190513,0.8297454872268404,0.7989583810270574,0.8141516323230921,0.8242154070345359,0.9195737278809821,0.9090643156139145,0.9781458583413525,0.9191555939819139,0.9375741207610239,0.9958153009940731,0.8560240180644051,0.8334371239126119,0.0,1.0,0.8519717241381491,0.9508098789476724,0.9707657126708031,0.9335027093507271,0.9520606813418275,0.849104486681005,0.9064747498959914,0.9516146304157972,0.8987532968226974,0.9026763922391329,0.8559587324040596,0.906691110208684,0.9930562483530199,0.9724617286808398,0.85116066663217,0.809487678929871,0.9013237544876118,0.8090293561989935,0.8650845240705447,0.8430706980954782,0.8366400670115715,0.9134897603288475,0.8643996226676552,0.7952990499968924,0.9279099081152743,0.7458802143059546
1.0,0.9384975604306828,0.5050575533029963,0.7767163849285365,0.9804408039955941,0.9891070934081987,0.9917145595303682,0.8822092767440501,0.9954385277503675,0.9443258087842533,0.8671317974660008,0.8006638023484716,0.870954952476393,0.9624936335231519,0.8145136021380284,0.7711119810106594,0.8979187863553241,0.9085969732053465,0.8462642962988233,0.853856563999295,0.8187428280706193,0.9159235697400927,0.9392916370940527,0.9259848101530159,1.0,1.0,1.0,0.8743358324380242,0.8874499863910931,1.0,0.0,0.8707887222963792,0.9770537529995634,0.9718440995345667,0.8753039854721614,0.9711098579900225,0.9237781710403726,0.9775401778985995,0.9020994531988414,0.9102332938931855,0.9403843089336791,0.8504318037053745,0.9365180525998802,1.0,0.9070474626866717,0.830568981524805,0.8709645487034055,0.9786477417618852,0.8895888793441709,0.8964017145026711,0.8826383400880424,0.8520878678046315,0.8924317178547518,0.7820868827918075,0.848736066328411,0.9344783088090448,0.7506397435785025
0.8834696596590258,0.7850987589187479,0.4957418711246998,0.7524822684930214,0.8934794600626664,0.81416988319643,0.8399711257719037,0.7166749936603933,0.861894005682323,0.7928099531548469,0.7857077933593004,0.6546433817998956,0.7487309158626028,0.8095014158009703,0.7120246894716511,0.6387955020794777,0.6545841937251731,0.68792652199466,0.6708987830540535,0.7055217462046112,0.7062036167572302,0.8112341849133533,0.8338126709880155,0.8177954805328296,0.8603298418885506,0.9315988749465517,0.9789596138027885,0.8076807859646463,0.8776267311907348,0.8519717241381491,0.8707887222963792,0.0,0.9273227387939355,0.9912154468023088,0.8578489853622072,0.8568530144636721,0.6670673796751766,0.8558317581480445,0.9186695679959658,0.944755908277387,0.8906371588393187,0.8795010360529343,0.8637027353971979,0.8136912653456864,0.8478582500943458,0.7871797488847918,0.6762069737222219,0.8380135804205925,0.7025843833854347,0.7609703167095816,0.738784440102381,0.7242956785263027,0.8101213485073577,0.7352230567942903,0.7184868657589967,0.7724910697432485,0.794611031614787
0.9865686862795419,0.8955107877532381,0.4818810656273938,0.7496850694524237,0.9285376454757284,0.9314477984962274,0.9959866639571898,0.8316654061361731,0.9519700536616045,0.8839679786453257,0.798748040024989,0.7791583510707178,0.7746043241303139,0.9837058370031216,0.7612495968924862,0.6792485454450687,0.825191343646318,0.8293770247670977,0.7851354487509627,0.7950025140397883,0.7802673191825086,0.8746686098668134,0.9512406721939616,0.9662579126358121,1.0,0.9781901811379072,1.0,0.8033887036632882,0.8920786294908287,0.9508098789476724,0.9770537529995634,0.9273227387939355,0.0,0.9750964382586815,0.8273925710689647,0.9722281264417083,0.8325870209665608,0.9352470664469924,0.9252343009729336,0.9794600449182153,0.9210103631997979,0.8814967965937299,0.9288699921300914,1.0,0.9265324651185921,0.8999987064454601,0.7875640091142738,0.8988694736845847,0.7862126278435092,0.9110973269372464,0.838932251793653,0.7581667230190565,0.8547081988327005,0.7826949496162693,0.7630645038262699,0.8632528347424767,0.7429877311662172
0.8878625764550774,0.8572187349329965,0.4135039330368569,0.649511763702192,0.81971332074647,0.8971569567453889,0.8955942816345774,0.8839951223645113,0.9117105450747796,0.8696442260888588,0.7701192766779824,0.6715402189390126,0.7262581043004116,0.9319937492007723,0.7666167607905586,0.7541045824069438,0.7758423761015077,0.7588800332736293,0.8282150124774893,0.9205767702937419,0.8890673918861086,1.0,0.9780336423261563,0.9987959703595612,0.9456006697182381,0.9569455174819521,0.9895591705914836,0.7292083760102781,0.8229101832789977,0.9707657126708031,0.9718440995345667,0.9912154468023088,0.9750964382586815,0.0,0.9821317457166591,0.9202878193415356,0.7637081973287885,0.967176629301635,1.0,1.0,0.9945823536485776,0.9535721750715771,0.9351703112812184,0.9394796603908562,0.9586187989748198,0.8825317473445146,0.7449402319215992,0.8855181563861064,0.7606147800586291,0.800353483553644,0.7953037719099617,0.7214719537908337,0.8261001911319308,0.7598118153580125,0.7207976207696369,0.8312776783277496,0.8102247990273518
0.885691499131505,0.7662454562057559,0.4356446471502585,0.6196489588021651,0.760722354463407,0.8400263327930917,0.8545408727982472,0.8455690795117865,0.8747808650385379,0.908063671801265,0.7893997295785481,0.6840659746897422,0.7556313445058002,0.7791034869381653,0.814830356333198,0.8231879853641176,0.9320586922905666,0.7808512995472318,0.8321319814371192,0.9425276004711508,0.9226790896236798,0.9328216674931611,0.7805793294030473,0.8635397929060782,0.8986382679188798,0.8851610388083775,0.8954431866446034,0.7171210011800031,0.7944182647598615,0.9335027093507271,0.8753039854721614,0.8578489853622072,0.8273925710689647,0.9821317457166591,0.0,0.9544886097150543,0.7433870616682148,1.0,0.9631438172101482,0.856525328591804,1.0,0.9721191538219413,0.8984763310459919,0.8465153935304787,0.9846141311966102,0.7807380760566601,0.7752818907477946,0.8581571163538851,0.7738531455703108,0.7531861980327598,0.7587897432686821,0.7201605333280391,0.8650982581444736,0.7735167309247811,0.8232483050753904,0.9115640896947756,0.667949184249672
0.9724211683230782,0.9469848728137596,0.48467125373671155,0.7202957026852203,0.8431988191876216,0.9069509075770551,0.966371849055489,0.895293474195407,0.9653925100542713,0.902726477822914,0.8913525879388506,0.7811917753912053,0.8606973890782157,0.9249639373519053,0.8480767777876642,0.8220626125600833,0.8716200244841796,0.9185447239724523,0.8107745034731653,0.8871604963829789,0.8855540202132193,0.8783376362329772,0.8399913486558079,0.8962563893575562,0.8842124299892947,0.9271270013203999,0.9907232955915729,0.8440372431224994,0.840284585592185,0.9520606813418275,0.9711098579900225,0.8568530144636721,0.9722281264417083,0.9202878193415356,0.9544886097150543,0.0,0.8762240046172981,0.958887181530802,0.9158999297037618,0.8759771770931006,0.8948356317119789,0.8942390359397369,0.8844783680181488,0.9414173950079546,0.9091255106029537,0.7861518574132806,0.8580788797139852,0.9861274006847099,0.9270084367100571,0.8586645658867559,0.8782509198184547,0.8607563933562075,0.9789300253033739,0.8515131664518082,0.9015291894189876,0.9285152937447639,0.6718743301948064
