Cingulate area 2,Glomerular layer of the accessory olfactory bulb,Glomerular layer of the olfactory bulb,"Olfactory bulb, unspecified",Frontal association cortex,Cornu ammonis 3,Dentate gyrus,Cornu ammonis 2,Cornu ammonis 1,Fasciola cinereum,Subiculum,Postrhinal cortex,Presubiculum,Parasubiculum,Perirhinal area 35,Perirhinal area 36,Medial entorhinal cortex,Lateral entorhinal cortex,Primary auditory area,"Secondary auditory area, dorsal part","Secondary auditory area, ventral part","Piriform cortex, layer 1","Piriform cortex, layer 2","Piriform cortex, layer 3",Ventrolateral orbital area,Lateral orbital area,Ventral orbital area,Medial orbital area,Dorsolateral orbital area,Prelimbic area,Secondary motor area,Frontal association area 3,Primary motor area,"Agranular insular cortex, ventral area",Agranular insular cortex dorsal area,Cingulate area 1,Infralimbic area,Dysgranular insular cortex,Granular insular cortex,"Primary somatosensory area, forelimb representation","Primary somatosensory area, dysgranular zone","Primary somatosensory area, face representation",Secondary somatosensory area,"Primary somatosensory area, hindlimb representation","Agranular insular cortex, posterior area","Primary somatosensory area, barrel field",Retrosplenial dysgranular area,"Primary somatosensory area, trunk representation",Retrosplenial granular area,"Parietal association cortex, lateral area","Parietal association cortex, medial area","Parietal association cortex, posterior area",Primary visual area,"Secondary visual area, lateral part",Temporal association cortex,"Secondary visual area, medial part",Nucleus of the lateral olfactory tract
0.0,0.29361468835696564,0.20706040106830528,0.3100927876609507,0.3458170785760374,0.7536903275729093,0.7535210706573662,0.7927730984164257,0.7775022795288655,0.8137226919266133,0.6226383746107103,0.7685309338157077,0.5235643161378472,0.6929792970661139,0.6720983196928915,0.6221021875657653,0.7056257858443167,0.7121262570328789,0.7369064439000422,0.7171996162303719,0.6271367533858169,0.8173293845612908,0.8778313713096946,0.9385462215448612,0.7649142237489924,0.814274407928561,0.7225028937496342,0.6083178511671212,0.81487221279798,0.748643622291217,0.9013689544628923,0.788433212206934,0.9109678346334574,0.7925300037932904,0.7802987922990899,0.9448558117002599,0.7228054223465546,0.8987023771192822,0.8648439179182711,0.9057684644388654,0.8927835358559116,0.8863410586834216,0.7836677581273305,0.9494670824592123,0.8448921979701208,0.9020688340387816,0.8349500920959061,0.7392392955975968,0.7925813736265722,0.699777168515315,0.8772764079781808,0.6811154746293935,0.6615301249815011,0.6451588735880782,0.6171750579019322,0.711355034846807,1.0
0.29361468835696564,0.0,0.6148845513892967,0.7048801181234029,0.8045239234665478,0.4566929056823015,0.45601928440822376,0.4424719286914455,0.4521812441134701,0.41896384703808875,0.5582360308418534,0.49321755347094504,0.5924757694726391,0.3872162936813794,0.5494282101176919,0.5854529295719002,0.4889096515373946,0.530035724040293,0.5140726545172812,0.46531541200392873,0.6286478710911322,0.3549955012910784,0.36770170312288214,0.3506495894136105,0.4090012353734655,0.4371918523675807,0.37102970343900515,0.5410297077728224,0.47483854159861116,0.4454290851191884,0.37224514435900874,0.249036557336489,0.34953574905159696,0.33503273490774094,0.2871599381840053,0.3640601530569964,0.5209878141656509,0.36885172271391,0.42063215514325236,0.3394799198765591,0.3337646828533182,0.34211795754842045,0.4368128762576712,0.32637457844056544,0.3878250204706937,0.36073851309752153,0.4145812518616264,0.4418105225318013,0.4555964021228232,0.5531559619725904,0.26841591937668224,0.4435173686599877,0.5293750327858445,0.5310712415038222,0.607226981972864,0.5002796942502776,0.30818639503260026
0.20706040106830528,0.6148845513892967,0.0,0.767547131530442,0.6215100325995097,0.34555121223439816,0.36004276331003937,0.3123217487060106,0.31730881849324155,0.29387542525664895,0.42398623943525304,0.336083692665612,0.51221483712274,0.3437521051414383,0.3455125103202163,0.38481134658634103,0.3379079814635012,0.3766389381989148,0.3573740006385235,0.3202133644656813,0.4035049136348841,0.2796250816699853,0.26658720078054976,0.25626106312455227,0.30857202896025526,0.3310312084262246,0.2416005324546602,0.31508193580398286,0.35114766071315406,0.33037657543230414,0.2705102574367793,0.1856822546010877,0.2664845720055076,0.26774706678001114,0.23363836841631383,0.25552279023737595,0.33623329531372403,0.26273883663080483,0.2901280663204876,0.2608726739272227,0.24018711611013374,0.26188110718669494,0.30299516585912617,0.2355009842963746,0.2671053316698979,0.2818544933820844,0.3106739823002263,0.32854123868359364,0.31262531095934687,0.36762333119375595,0.2128173036092711,0.2740960581523033,0.4109477822607441,0.39893428653079904,0.38806177486306875,0.37898273058725285,0.21621301866614956
0.3100927876609507,0.7048801181234029,0.767547131530442,0.0,0.7295913202986712,0.5158664323334424,0.5050514679471149,0.5092489116200494,0.5115313809887648,0.4453719335965898,0.6262951104034495,0.48599014765348764,0.69401037054269,0.4867606725501949,0.5519299813600854,0.5916402286947323,0.5095827698554709,0.5641299624370182,0.5523319603254159,0.5125967662733822,0.6514396756684254,0.4226728946878902,0.4106969475508481,0.38908203297129706,0.4740037625476289,0.519327233964132,0.3735819193804117,0.48852339710074555,0.5285538539611125,0.5151650479760744,0.40658546283318153,0.2869043382904569,0.4211693377756687,0.4110011748887346,0.35221675841380107,0.4030190041454624,0.5303134197340825,0.4081411823942667,0.44161472663753243,0.4051360179212826,0.371606317434281,0.39410408866128754,0.4830932358312849,0.3714267553870549,0.41024154135734936,0.42270122484823075,0.4847932774178186,0.48371080653960635,0.4574369303618976,0.5697941935651605,0.31668947677633674,0.42175439420896627,0.5988244543996567,0.6107442521374912,0.6108639737744452,0.579538721369422,0.3240901964955745
0.3458170785760374,0.8045239234665478,0.6215100325995097,0.7295913202986712,0.0,0.5494031858071191,0.555208825194891,0.5548709441608126,0.5603451654779688,0.5295277558966803,0.6734556163745223,0.5724640851092941,0.7051293573766333,0.49356282904728205,0.693980548860973,0.6877474141384063,0.6539301600623524,0.6379799344148631,0.620667967836784,0.5239271057306865,0.744960621568592,0.41552520719986613,0.4344879562978558,0.419290106008922,0.46175477963868483,0.5119695955467797,0.41198647945063444,0.6229102704531976,0.5241647403385977,0.5272096734992601,0.4039030047113004,0.303194047943843,0.4149456862471892,0.3767943153508695,0.32259386194493056,0.4466695403290757,0.5199812569192255,0.4222509202994578,0.456060277100838,0.40560321831503665,0.38822529883252604,0.40404678882532513,0.5208691860644541,0.3710040714592888,0.4431195571511123,0.43953995327822387,0.5241390208569922,0.4812526908527109,0.5427257910336729,0.5902753771744074,0.33430371161213107,0.549549322896104,0.6098175237958058,0.6101473815007991,0.6537975156077133,0.6594850590737743,0.37189134126404944
0.7536903275729093,0.4566929056823015,0.34555121223439816,0.5158664323334424,0.5494031858071191,0.0,0.9543968757033933,0.957608111167491,0.987690658750854,1.0,0.9275788691590714,0.9549244866279528,0.8801090940747239,0.8993158313612365,0.9024851489902231,0.9192373752571051,0.9177669957323297,0.9027971927151556,0.8549909571420538,0.8881776749426901,0.9035138141658517,0.8595868073599667,0.8171882690974622,0.9192629836375273,0.8060003252088811,0.9175516831905519,0.6664660385223776,0.7519797427216391,0.9391574054140973,0.840333392927272,0.7934326464311762,0.6097406266287435,0.838982287331592,0.7354832318186867,0.6677892228090373,0.9206371035420156,0.8443842460369063,0.7916408735395436,0.8765063492773485,0.8882349253772998,0.8076895995167597,0.877928720616641,0.8444044412662559,0.766470672142915,0.8299330889498313,0.9424048776205056,0.9169714105910161,0.8740216293393919,0.9732193465265829,0.9612153432478059,0.7549331231611389,0.8540439551382462,0.9681876501782236,0.9364031894326178,0.8529254651680297,0.8789420765061337,0.8420122046245485
0.7535210706573662,0.45601928440822376,0.36004276331003937,0.5050514679471149,0.555208825194891,0.9543968757033933,0.0,0.8954176838309984,0.8944238227911194,0.896194601800832,0.9061992021322952,0.8728398828443611,0.8259272470426635,0.8027142844706558,0.8698076160169642,0.8334779848708932,0.9200306077544527,0.8558697555232521,0.8567236480879554,0.8533477083223306,0.8738158271122718,0.8163297262025401,0.8036199813813468,0.8611270036739102,0.8609981607356751,0.9404094111311734,0.6877210440807405,0.7299348999879368,0.9354851549061175,0.8533077064621537,0.8238218484195436,0.6369668469834628,0.8486686303745931,0.7276065781434913,0.630125233915639,0.8414721810678184,0.7965223789892123,0.7775811875638478,0.8136766545360786,0.8136445094622066,0.7447620445264526,0.8163733315531275,0.8138290958668796,0.796046025189616,0.7822426694496252,0.8120081019447647,0.9221573154161545,0.8539782985776474,0.9164141153098944,0.8757793001879648,0.6960243621446592,0.815386620672411,0.9155150050043068,0.913274800000828,0.8157289669301647,0.8899683973538758,0.8067588211044164
0.7927730984164257,0.4424719286914455,0.3123217487060106,0.5092489116200494,0.5548709441608126,0.957608111167491,0.8954176838309984,0.0,0.9081240664493963,1.0,0.9069482365019519,0.935086387718492,0.8158186004061238,0.8653488470134814,0.8588250941110557,0.8115891443631114,0.9038616669057502,0.8805983952560595,0.8457106025318383,0.806994492400241,0.8154787943284988,0.789085123440593,0.8509016782611056,0.8615123649228567,0.7328585592094352,0.88769689244746,0.6611933588003441,0.7471199812609932,0.8561413051906044,0.8538935780870912,0.760742024722924,0.6127499549269065,0.8277429888981721,0.7097068540501188,0.6208999952803944,0.9133875948261062,0.75498326595991,0.7807254947256275,0.8315532948763558,0.8357465168782405,0.7584103005622976,0.8080351093267402,0.8436658968258226,0.7878004622046763,0.7932339020995807,0.8288403420977708,0.9214856698326709,0.8063533817664009,0.9466801727570628,0.8117623777260604,0.777667061622567,0.8220103321294786,0.9418835027520321,0.8720204112399365,0.7763308696946946,0.9295925606103252,0.8554429730716504
0.7775022795288655,0.4521812441134701,0.31730881849324155,0.5115313809887648,0.5603451654779688,0.987690658750854,0.8944238227911194,0.9081240664493963,0.0,0.9601292187978689,0.8986063717497172,0.8720076354148636,0.7467103578696246,0.7562960451695115,0.8811127820106642,0.926493593129445,0.8375292206325864,0.9024135246595967,0.9114152901642607,0.9223867010482103,0.9272761365918015,0.8412643091951144,0.8656906601278553,0.8624555550346756,0.8538126630161154,0.9509584740606539,0.7484993498066363,0.8104134549512129,0.911241189971402,0.9369749883213624,0.8945306837981397,0.6536110790811125,0.8635207149269244,0.7952271285601438,0.6501469371192813,0.9212319325478882,0.8722501262675354,0.8242765983911646,0.8804253880006465,0.8877969000658833,0.8488083752231221,0.9176762265308955,0.8561153570773304,0.817094652147723,0.9332032033041681,0.8869154112717271,0.9396992699903362,0.8529661198561578,0.9108745827057703,0.9012367503450639,0.7076484376301099,0.8657948764405503,0.9215771636818132,0.9119633981735329,0.8838647860966432,0.9151790108998039,0.7986699464471735
0.8137226919266133,0.41896384703808875,0.29387542525664895,0.4453719335965898,0.5295277558966803,1.0,0.896194601800832,1.0,0.9601292187978689,0.0,0.8928928605987217,0.9760459248043654,0.7743822545839757,0.8801193096537546,0.8287881907958969,0.8394553137998157,0.8819525591002022,0.921782037345877,0.8790397487729413,0.8363044692663797,0.8421034970516108,0.8490468629885947,0.8867440612088034,0.9617377373695312,0.7989388617325699,0.8931852433144772,0.6831364772465187,0.7864986790923468,0.9127263250685328,0.8375603860205361,0.8313820729083881,0.6467268615800325,0.8242852163297788,0.7225822822018908,0.6581450205640181,0.9057880550991718,0.7724514762566335,0.8434007873242426,0.8803906953366705,0.8596233519140513,0.8094673151747039,0.9036934063632767,0.8741313462100356,0.8312327181137502,0.8609081899724472,0.8175751014790876,0.9478989724544964,0.7724760763861267,0.9918028338166673,0.8867353010736596,0.7928493875418999,0.8463666695941755,0.9298186989522546,0.8231986310606894,0.7579390290693877,0.8840108633088662,0.9382201003745739
0.6226383746107103,0.5582360308418534,0.42398623943525304,0.6262951104034495,0.6734556163745223,0.9275788691590714,0.9061992021322952,0.9069482365019519,0.8986063717497172,0.8928928605987217,0.0,0.9784725954199244,0.9954860310028697,0.8562559694352647,0.8664588843063202,0.8657848478281144,0.8739164276929616,0.9247472265599057,0.9065608861989565,0.8560513166201803,0.9356749237802024,0.7183453240945868,0.733540733173163,0.7313449546647683,0.7137901747696932,0.8242297716297053,0.5842638161849295,0.7257041388982215,0.8388419098336436,0.7333312183063708,0.7081470070891026,0.5084613000654639,0.6927526272793959,0.665630036263126,0.5625175922991542,0.7551287773691344,0.8412682008849536,0.6907881088601804,0.7897926274836032,0.7360938927170306,0.6945881853620672,0.7207244001148981,0.8001443049762583,0.6520973781432332,0.7869112739195672,0.7440859497473612,0.8251131024604271,0.8316983550091425,0.9205397849233539,0.9573910091331924,0.5874070003614781,0.7847819663239393,0.9840046027713244,0.8949086319730046,0.8277828564265806,0.894519538577892,0.7104279193400481
0.7685309338157077,0.49321755347094504,0.336083692665612,0.48599014765348764,0.5724640851092941,0.9549244866279528,0.8728398828443611,0.935086387718492,0.8720076354148636,0.9760459248043654,0.9784725954199244,0.0,0.8989622155003495,0.9045339629094433,0.8485044815693374,0.8870159073559554,0.8655762931379589,0.9133080123459345,0.8678896471317094,0.8573147309191146,0.8689601910647261,0.7662569905373825,0.7943658656061311,0.8243478020640665,0.7738454965394389,0.804840413418304,0.6043856536034115,0.7620660513581626,0.8517513666181178,0.7717793688770407,0.7296746701378322,0.5436154638583005,0.7059932398536402,0.6498311032539626,0.5405815776573559,0.8372878896765519,0.8519147177823755,0.7254962475075352,0.7742468760920493,0.7631474656173355,0.8155488107057512,0.7663078215159378,0.8181525116589421,0.7056971844859051,0.8035884992773537,0.7954739855243143,0.8302870739117502,0.8368024979535266,0.9882915824251558,0.8861077335318142,0.6654226111543498,0.8822903875555045,0.9746915996949853,0.8309054838899761,0.8250209439983783,0.8985306619027247,0.8115951574220872
0.5235643161378472,0.5924757694726391,0.51221483712274,0.69401037054269,0.7051293573766333,0.8801090940747239,0.8259272470426635,0.8158186004061238,0.7467103578696246,0.7743822545839757,0.9954860310028697,0.8989622155003495,0.0,0.8348352556956034,0.7022482741036499,0.8062439266030532,0.8055146422927235,0.8418012956060579,0.8061627994001814,0.6862343534526436,0.8743270508543877,0.6431835674158638,0.6153878618329564,0.6239911229863466,0.6527039609619464,0.6794935965440503,0.47141317701087854,0.6601923149611428,0.7644095778085845,0.6606714320975807,0.5708203792825369,0.4054806693581288,0.6006085140522112,0.5366147740567296,0.45680008710316855,0.614633765762551,0.6806860606294427,0.5914954265772836,0.6872995010076002,0.6155706285345798,0.594250758260631,0.6274179203044334,0.7043440515501203,0.548862908482283,0.6147981203873515,0.677437749469348,0.7398206813190698,0.6905399366122464,0.8552965573626683,0.8212954827664217,0.5232904005387337,0.6657397353189554,0.9980008490533552,0.8892809598718401,0.7722614569370042,0.8508817822066695,0.6141968538527763
0.6929792970661139,0.3872162936813794,0.3437521051414383,0.4867606725501949,0.49356282904728205,0.8993158313612365,0.8027142844706558,0.8653488470134814,0.7562960451695115,0.8801193096537546,0.8562559694352647,0.9045339629094433,0.8348352556956034,0.0,0.6687388304027141,0.689663930960031,0.7380127832256408,0.7661756574741448,0.73259070333203,0.6828874262479887,0.6994341733863468,0.7443238187473078,0.7275637822396914,0.7541919565153644,0.6223469712661958,0.7361228918155612,0.488428424756269,0.5688857923656572,0.7570281129913997,0.6677290192830583,0.6285294518367739,0.4949184811308471,0.6516271891335209,0.6180864677838245,0.5363035679139836,0.6941976061986775,0.5966174943621677,0.6907386971167551,0.6908201517868368,0.7467431145538482,0.7111409386193452,0.7224624935787745,0.7105922970100137,0.6459924701688625,0.7400288814719573,0.7907246872036734,0.8002069176096926,0.7128255585503521,0.8941594037751117,0.7134956383616231,0.6912082566436288,0.6369252271871696,0.8523785053867473,0.7663621833159314,0.6187490262668689,0.7756364103503232,0.8775482332247474
0.6720983196928915,0.5494282101176919,0.3455125103202163,0.5519299813600854,0.693980548860973,0.9024851489902231,0.8698076160169642,0.8588250941110557,0.8811127820106642,0.8287881907958969,0.8664588843063202,0.8485044815693374,0.7022482741036499,0.6687388304027141,0.0,1.0,0.9794045626200665,0.9340121103985339,0.9164860844649034,0.8911101272084606,0.9777446265957493,0.7697827256252939,0.747140237251493,0.7810578643117072,0.8212520988374675,0.8364638358279043,0.7064209797081299,0.8873923813051977,0.9197958797155754,0.8659045523935354,0.773046154442743,0.5706158180998299,0.799262635836313,0.7204534129108682,0.5842672354786479,0.8223443529512919,0.9080157156927295,0.7903087886189492,0.8024986634506781,0.7586082000915272,0.7563331293027181,0.7465683637896939,0.8446404864067142,0.7385825011566002,0.8342432656304454,0.7519869277999105,0.8701414533936439,0.7935809685765589,0.8965665383082052,0.9477241731333517,0.5870634431544999,0.9118239569532787,0.9197551697049487,0.8606202663952467,0.962208016037795,0.8997261094409176,0.6582157519189966
0.6221021875657653,0.5854529295719002,0.38481134658634103,0.5916402286947323,0.6877474141384063,0.9192373752571051,0.8334779848708932,0.8115891443631114,0.926493593129445,0.8394553137998157,0.8657848478281144,0.8870159073559554,0.8062439266030532,0.689663930960031,1.0,0.0,0.9223276034567096,0.9718863248849869,0.9624525961335719,0.950863403721334,1.0,0.8013873903454908,0.7878567153348779,0.7680568230286972,0.8503786675657456,0.8705562292844773,0.7034147302536846,0.8632231736686349,0.9616571563906362,0.866703211765696,0.7225466836580506,0.5621975683232955,0.7384234934066319,0.6780757258295046,0.5661749510599973,0.8375645555776443,0.945470682991853,0.775002487406112,0.8475226966130454,0.7437849422080731,0.7296854256689727,0.7411661428556877,0.8486168238390753,0.6753212256733564,0.8453901074946883,0.7170737719913017,0.880396298137869,0.8531081722857288,0.8708563261895693,0.9680979654348174,0.5820928050942025,0.8975932538095132,0.915540907732119,0.9054260119843289,1.0,0.9202250572815942,0.6426316179320191
0.7056257858443167,0.4889096515373946,0.3379079814635012,0.5095827698554709,0.6539301600623524,0.9177669957323297,0.9200306077544527,0.9038616669057502,0.8375292206325864,0.8819525591002022,0.8739164276929616,0.8655762931379589,0.8055146422927235,0.7380127832256408,0.9794045626200665,0.9223276034567096,0.0,0.9149774998604723,0.8946958619329081,0.8522497450396131,0.9111754501988367,0.7824559515921695,0.7706421246193227,0.8086109199499666,0.7922713353583033,0.8617063548864624,0.709072040646554,0.787186013828632,0.8598611557257285,0.8683638808118915,0.7588883091882764,0.5838504190540489,0.752155867097424,0.6657181540865963,0.5920636860742047,0.8578881919229994,0.8550936832326629,0.7458551479413686,0.8033464855862334,0.7667932389959803,0.7076178655424451,0.7290365783929912,0.8564220649826186,0.7051310179571194,0.8435816592528754,0.7904362846994789,0.902288107755861,0.7808686782027185,0.8837632683225283,0.9037427795651057,0.6583198935205263,0.8754535620110429,0.9040116648734307,0.8177328323971743,0.9158025268400858,0.9841270281214469,0.7164442294548298
0.7121262570328789,0.530035724040293,0.3766389381989148,0.5641299624370182,0.6379799344148631,0.9027971927151556,0.8558697555232521,0.8805983952560595,0.9024135246595967,0.921782037345877,0.9247472265599057,0.9133080123459345,0.8418012956060579,0.7661756574741448,0.9340121103985339,0.9718863248849869,0.9149774998604723,0.0,0.9733249597170771,0.8660137633395302,0.9603954740047809,0.7538459250871247,0.809823797860737,0.7893678109865799,0.8079725049009369,0.8518858517068294,0.684059528475808,0.7999207742254706,0.8445635427015248,0.8179886928812369,0.70851194323844,0.5641293055134537,0.7614828606074985,0.6762499425426977,0.5596814268240676,0.8090775554222771,0.8797171307199338,0.7429484496990345,0.8170940879249506,0.8076965426182214,0.7401901656422255,0.7751420731722448,0.8433750587178617,0.6967441517677626,0.8032226835165639,0.7549843087270134,0.8790775088561975,0.8321361515220407,0.9803890804353941,0.9097121582181028,0.6279280887946075,0.9165654762855385,0.921656845423269,0.8368485660370703,0.9521865257346411,0.9556377343740171,0.722230272197045
0.7369064439000422,0.5140726545172812,0.3573740006385235,0.5523319603254159,0.620667967836784,0.8549909571420538,0.8567236480879554,0.8457106025318383,0.9114152901642607,0.8790397487729413,0.9065608861989565,0.8678896471317094,0.8061627994001814,0.73259070333203,0.9164860844649034,0.9624525961335719,0.8946958619329081,0.9733249597170771,0.0,0.9565536201957731,0.9919316628178876,0.8474393453086099,0.8339320126882483,0.8244427034855343,0.8240599358204032,0.897385667865645,0.7671871035260235,0.8029973749635212,0.9373503167907372,0.9196751337924587,0.822412773446765,0.6307081048959187,0.7779850794397831,0.7286673428633181,0.6179281519342769,0.8742035138375694,0.9226035808967773,0.7991944454651865,0.8657806659442164,0.8148066422608977,0.8028845025180764,0.7696988457935056,0.8683919217587263,0.7355152461164304,0.8874286608618666,0.7951812076085047,0.8736457630080162,0.9430674877017443,0.8882472527321297,0.9605213012214442,0.6804002600489909,0.9225534881866856,0.925798256748247,0.9524649393241914,0.9296502362394823,0.9259606000889307,0.7105622810558693
0.7171996162303719,0.46531541200392873,0.3202133644656813,0.5125967662733822,0.5239271057306865,0.8881776749426901,0.8533477083223306,0.806994492400241,0.9223867010482103,0.8363044692663797,0.8560513166201803,0.8573147309191146,0.6862343534526436,0.6828874262479887,0.8911101272084606,0.950863403721334,0.8522497450396131,0.8660137633395302,0.9565536201957731,0.0,1.0,0.8876027238330416,0.9183572344216998,0.9185839028242974,0.9376398572505201,0.9810685387716533,0.8300268794125526,0.7919101293826054,0.9452895577068589,0.9303580725764935,0.8848535777899745,0.6736523352077421,0.8841988489661702,0.8634518882018671,0.7149048178649824,0.9644970039642549,0.9990048751453938,0.8885463499028328,0.9605539159301792,0.9126048314197653,0.9515072827096996,0.9140707958599361,0.8457879765956254,0.8242343335897009,0.9388916512985308,0.8919480494368346,0.8875061940402607,0.9427095359859025,0.9051699818517275,0.9437421840423824,0.727187054826121,0.8244801991372941,0.8162346765936671,0.8811931053005766,0.9478970985408116,0.8775192578461387,0.7362783914175004
0.6271367533858169,0.6286478710911322,0.4035049136348841,0.6514396756684254,0.744960621568592,0.9035138141658517,0.8738158271122718,0.8154787943284988,0.9272761365918015,0.8421034970516108,0.9356749237802024,0.8689601910647261,0.8743270508543877,0.6994341733863468,0.9777446265957493,1.0,0.9111754501988367,0.9603954740047809,0.9919316628178876,1.0,0.0,0.7706929996813591,0.7890948757619696,0.7453204313513352,0.8550340377985982,0.9122489850064056,0.6706211674303665,0.839082887372099,0.8933154967455749,0.8810405259118327,0.7441211958389563,0.5286460886842554,0.7379789659908209,0.727642690773429,0.5735120645930882,0.7890932600008862,0.9921060062053328,0.7690894467614766,0.818122317691976,0.7375945001848232,0.7146725711923447,0.7314843767426915,0.8595039256701984,0.6707778467684697,0.8353783061649082,0.7762420137367024,0.7977691203807645,0.8886998792943848,0.8831138301416641,1.0,0.5879210184430453,0.8538923238302721,0.9243218264854292,0.9651109857233788,1.0,0.9194238853306186,0.6475990265042626
0.8173293845612908,0.3549955012910784,0.2796250816699853,0.4226728946878902,0.41552520719986613,0.8595868073599667,0.8163297262025401,0.789085123440593,0.8412643091951144,0.8490468629885947,0.7183453240945868,0.7662569905373825,0.6431835674158638,0.7443238187473078,0.7697827256252939,0.8013873903454908,0.7824559515921695,0.7538459250871247,0.8474393453086099,0.8876027238330416,0.7706929996813591,0.0,0.9662330432482069,0.9038396865307494,0.9055174479445984,0.9555546285684771,0.790517717852144,0.6762753853867138,0.9528518363211997,0.8849979739156774,0.9812304441740083,0.7438341310930863,0.9498292933035618,0.9487233495212477,0.8485798173292237,1.0,0.8391448153456019,0.9141266025851925,0.969576786264472,1.0,0.9720169724751969,0.9233326258678171,0.8952964799611103,0.8996737864708013,0.9638031727299984,0.9612114848497819,0.9182926891640103,0.9436739414357829,0.8934221659731842,0.8826309366388142,0.8613087380860498,0.737481901116226,0.7841213001738847,0.8265456424356442,0.7712806627478835,0.7604993659019393,0.8334427358783952
0.8778313713096946,0.36770170312288214,0.26658720078054976,0.4106969475508481,0.4344879562978558,0.8171882690974622,0.8036199813813468,0.8509016782611056,0.8656906601278553,0.8867440612088034,0.733540733173163,0.7943658656061311,0.6153878618329564,0.7275637822396914,0.747140237251493,0.7878567153348779,0.7706421246193227,0.809823797860737,0.8339320126882483,0.9183572344216998,0.7890948757619696,0.9662330432482069,0.0,0.9409127232128007,0.8580961105579453,0.9563471182356298,0.8154984160405719,0.6903808697584715,0.9287291106644194,0.8510345023327066,0.9522782654484758,0.7554495533331597,0.9108368506425614,0.8694220957107438,0.7724972195561158,0.9315725989641028,0.9084030414628272,0.8867482226584623,0.984831581941341,0.9294084858148224,0.8915327848217827,0.880990072230247,0.8957531954108601,0.8717484506068945,0.9450832885787129,0.904597100499059,0.9027009889432236,0.8816811955438698,0.8565167009331295,0.844815026677208,0.8272126876524334,0.7781098146292784,0.7588449916580344,0.7587008353417697,0.7900526266038419,0.7859135349070784,0.8223649795016831
0.9385462215448612,0.3506495894136105,0.25626106312455227,0.38908203297129706,0.419290106008922,0.9192629836375273,0.8611270036739102,0.8615123649228567,0.8624555550346756,0.9617377373695312,0.7313449546647683,0.8243478020640665,0.6239911229863466,0.7541919565153644,0.7810578643117072,0.7680568230286972,0.8086109199499666,0.7893678109865799,0.8244427034855343,0.9185839028242974,0.7453204313513352,0.9038396865307494,0.9409127232128007,0.0,0.8723171776108896,0.9699279085360363,0.7588742806933918,0.6898546170459874,0.8691895980044163,0.8397985483801547,0.9427346545872299,0.8209931469500295,0.9297997688869792,0.9225661148994013,0.8130754325616003,1.0,0.7970024586623928,0.9339901578152826,0.9626901769763191,1.0,0.9568254030773021,0.9582318932687885,0.8634016148265903,0.9486184626384927,1.0,0.9911545091042631,0.9080820736990066,0.8020794757019315,0.8752159871740921,0.8336314085320766,0.931176112237278,0.786510320363227,0.7829350044424234,0.7810049749141742,0.7610238869320175,0.8162979024488124,0.8902285728794143
0.7649142237489924,0.4090012353734655,0.30857202896025526,0.4740037625476289,0.46175477963868483,0.8060003252088811,0.8609981607356751,0.7328585592094352,0.8538126630161154,0.7989388617325699,0.7137901747696932,0.7738454965394389,0.6527039609619464,0.6223469712661958,0.8212520988374675,0.8503786675657456,0.7922713353583033,0.8079725049009369,0.8240599358204032,0.9376398572505201,0.8550340377985982,0.9055174479445984,0.8580961105579453,0.8723171776108896,0.0,0.9772003519606891,0.8756566906687141,0.7499960067190933,0.935369832089521,0.9999676969040916,0.989256989238817,0.76887614868747,0.9267875263851566,0.8201670637083252,0.8312824584728769,0.9377176606565407,0.904234558602435,0.8422601727922056,0.8543301159472,0.9192930991810764,0.82241100999563,0.8737555707643034,0.8286512739557892,0.8668474033603069,0.8555830499666685,0.8229827241007386,0.8455556005110907,0.9155230448016402,0.7877591711897708,0.8506398341205557,0.752021878995774,0.7843724925895114,0.7331245970625865,0.7794082913639525,0.8456549300888276,0.8393699610577388,0.6790885800927536
0.814274407928561,0.4371918523675807,0.3310312084262246,0.519327233964132,0.5119695955467797,0.9175516831905519,0.9404094111311734,0.88769689244746,0.9509584740606539,0.8931852433144772,0.8242297716297053,0.804840413418304,0.6794935965440503,0.7361228918155612,0.8364638358279043,0.8705562292844773,0.8617063548864624,0.8518858517068294,0.897385667865645,0.9810685387716533,0.9122489850064056,0.9555546285684771,0.9563471182356298,0.9699279085360363,0.9772003519606891,0.0,0.8614536004497284,0.7816823692386091,0.992193841366115,1.0,1.0,0.7589213716010945,0.966649297394956,0.9061996903354942,0.8331180961716567,1.0,1.0,0.8800122970683788,0.964710319476043,0.9904415635216954,0.8958864383738576,0.9523627824573905,0.9259304285894671,0.9187725118287252,0.9352385516907181,0.9360468256083873,0.9569692794367239,0.9704270758402004,0.8782232898769801,0.8866157306486032,0.7964012878245005,0.8166265937801356,0.896649263075913,0.8459406045430783,0.9527424351443077,0.8759128081227712,0.7570968756398057
0.7225028937496342,0.37102970343900515,0.2416005324546602,0.3735819193804117,0.41198647945063444,0.6664660385223776,0.6877210440807405,0.6611933588003441,0.7484993498066363,0.6831364772465187,0.5842638161849295,0.6043856536034115,0.47141317701087854,0.488428424756269,0.7064209797081299,0.7034147302536846,0.709072040646554,0.684059528475808,0.7671871035260235,0.8300268794125526,0.6706211674303665,0.790517717852144,0.8154984160405719,0.7588742806933918,0.8756566906687141,0.8614536004497284,0.0,0.7237542869067428,0.8611028579523683,0.8560891500610712,0.9369550735142763,0.8096536469569704,0.830529265175624,0.7714785301319,0.7555346982601361,0.8945080330522043,0.8963676245010394,0.8157825654902376,0.8424300787806684,0.7930808940173291,0.7476179298749623,0.7797445106180263,0.7432324269019647,0.8186849641968703,0.7343042967296848,0.7006781841319657,0.7643070019255251,0.7517474797667595,0.682828472783973,0.7381024817263296,0.653658452908571,0.7575851773793835,0.6059889801296537,0.6635936136842149,0.7264080801977059,0.6448382004385524,0.610790295497085
0.6083178511671212,0.5410297077728224,0.31508193580398286,0.48852339710074555,0.6229102704531976,0.7519797427216391,0.7299348999879368,0.7471199812609932,0.8104134549512129,0.7864986790923468,0.7257041388982215,0.7620660513581626,0.6601923149611428,0.5688857923656572,0.8873923813051977,0.8632231736686349,0.787186013828632,0.7999207742254706,0.8029973749635212,0.7919101293826054,0.839082887372099,0.6762753853867138,0.6903808697584715,0.6898546170459874,0.7499960067190933,0.7816823692386091,0.7237542869067428,0.0,0.7919772205578691,0.8002494772787859,0.7007731123181783,0.5493225016432174,0.7256870015283474,0.6154995666280829,0.5382148720702992,0.730971953073795,0.8491912332006626,0.6810335418598239,0.7430202259781404,0.6593982674475882,0.6461037015917203,0.6868923978922808,0.7979341632375028,0.6204299420823614,0.7114557191718601,0.6592958909986881,0.78335231874517,0.7447752415931577,0.7894522927579192,0.738426686177378,0.5357604833681534,0.8270805655944283,0.770584843184702,0.7273086295756975,0.8314056919568378,0.7455613611658475,0.6171861903848515
0.81487221279798,0.47483854159861116,0.35114766071315406,0.5285538539611125,0.5241647403385977,0.9391574054140973,0.9354851549061175,0.8561413051906044,0.911241189971402,0.9127263250685328,0.8388419098336436,0.8517513666181178,0.7644095778085845,0.7570281129913997,0.9197958797155754,0.9616571563906362,0.8598611557257285,0.8445635427015248,0.9373503167907372,0.9452895577068589,0.8933154967455749,0.9528518363211997,0.9287291106644194,0.8691895980044163,0.935369832089521,0.992193841366115,0.8611028579523683,0.7919772205578691,0.0,0.9380389823414718,0.9983099987241181,0.7034628725605954,0.9256282442032427,0.8490585678882351,0.7606150136258689,0.9349874832031806,1.0,0.8812804279207469,0.900535850014129,0.9439140942216526,0.8941932555416539,0.9046534021316595,0.884723228272875,0.8782163941064581,0.9041955721681094,0.9142677007648273,0.9689721566343985,0.9643552285982177,0.8823942978382391,0.9534827741736412,0.7367753094275882,0.8296306926532129,0.9323529198554942,0.9426783046459887,0.9400701476007451,0.9283540956969534,0.7490317103818521
0.748643622291217,0.4454290851191884,0.33037657543230414,0.5151650479760744,0.5272096734992601,0.840333392927272,0.8533077064621537,0.8538935780870912,0.9369749883213624,0.8375603860205361,0.7333312183063708,0.7717793688770407,0.6606714320975807,0.6677290192830583,0.8659045523935354,0.866703211765696,0.8683638808118915,0.8179886928812369,0.9196751337924587,0.9303580725764935,0.8810405259118327,0.8849979739156774,0.8510345023327066,0.8397985483801547,0.9999676969040916,1.0,0.8560891500610712,0.8002494772787859,0.9380389823414718,0.0,0.8958543085811442,0.7582774010249599,0.9221176664731204,0.8000417278167068,0.7823659823466687,0.9471418809866687,0.9238191386745225,0.8377517446723498,0.9062233802676352,0.8673243763205848,0.814384886411022,0.8845717278748264,0.8303556067437152,0.8346501721156712,0.8681250808959008,0.8790176145679505,0.9064225229170246,0.9378605252421603,0.879425011380385,0.8826767074235575,0.7093917317481058,0.7958193164423621,0.8306594863009923,0.8384168213943157,0.9266370864945502,0.8814904254390242,0.6598932298544972
0.9013689544628923,0.37224514435900874,0.2705102574367793,0.40658546283318153,0.4039030047113004,0.7934326464311762,0.8238218484195436,0.760742024722924,0.8945306837981397,0.8313820729083881,0.7081470070891026,0.7296746701378322,0.5708203792825369,0.6285294518367739,0.773046154442743,0.7225466836580506,0.7588883091882764,0.70851194323844,0.822412773446765,0.8848535777899745,0.7441211958389563,0.9812304441740083,0.9522782654484758,0.9427346545872299,0.989256989238817,1.0,0.9369550735142763,0.7007731123181783,0.9983099987241181,0.8958543085811442,0.0,0.9109580271705366,0.9932072866046087,0.9294822415089851,1.0,1.0,0.9102931252296184,0.8991988702909738,0.9181049725013959,0.9561519174288591,0.8755399539396233,0.9436489592127493,0.8462720607422252,0.9695052472497945,0.8636395530382472,0.9166556393140793,0.9195274792724946,0.8692975276016526,0.8033245426526113,0.7925822675516567,0.8900957697110865,0.7092189973094454,0.7136572471201209,0.7543683639953092,0.7772579320700856,0.7642340485534477,0.7380877748791228
0.788433212206934,0.249036557336489,0.1856822546010877,0.2869043382904569,0.303194047943843,0.6097406266287435,0.6369668469834628,0.6127499549269065,0.6536110790811125,0.6467268615800325,0.5084613000654639,0.5436154638583005,0.4054806693581288,0.4949184811308471,0.5706158180998299,0.5621975683232955,0.5838504190540489,0.5641293055134537,0.6307081048959187,0.6736523352077421,0.5286460886842554,0.7438341310930863,0.7554495533331597,0.8209931469500295,0.76887614868747,0.7589213716010945,0.8096536469569704,0.5493225016432174,0.7034628725605954,0.7582774010249599,0.9109580271705366,0.0,0.8988072563508661,0.8001560908630335,0.8776738101694642,0.8263186999284162,0.6635869633293919,0.7880493871954694,0.7148756508566338,0.8058804542676475,0.7571204462953104,0.842340231674006,0.6461133140092137,0.879312101824139,0.7020921762222986,0.7585920171269427,0.7010963105555107,0.6432996254330585,0.6676095676755021,0.6009003038640762,0.817944841134322,0.5761289500305927,0.5289361414087896,0.5379953068250439,0.5662294269455308,0.5820574913672178,0.673742123365878
0.9109678346334574,0.34953574905159696,0.2664845720055076,0.4211693377756687,0.4149456862471892,0.838982287331592,0.8486686303745931,0.8277429888981721,0.8635207149269244,0.8242852163297788,0.6927526272793959,0.7059932398536402,0.6006085140522112,0.6516271891335209,0.799262635836313,0.7384234934066319,0.752155867097424,0.7614828606074985,0.7779850794397831,0.8841988489661702,0.7379789659908209,0.9498292933035618,0.9108368506425614,0.9297997688869792,0.9267875263851566,0.966649297394956,0.830529265175624,0.7256870015283474,0.9256282442032427,0.9221176664731204,0.9932072866046087,0.8988072563508661,0.0,0.8996609003152354,0.8356717597181209,0.9879377389014871,0.8112418038152586,0.902813745078455,0.9070313905133899,1.0,0.8970805988037568,0.9885359883180563,0.8347022600319173,0.9763271859455398,0.8169435111336365,0.9228759664863936,0.982292123023483,0.8109445320757576,0.8335062849710811,0.8077578431858116,0.8374420249548616,0.6996357148080342,0.7451593343414822,0.7677600285349724,0.768573706682142,0.7965211725675913,0.8213066142736648
0.7925300037932904,0.33503273490774094,0.26774706678001114,0.4110011748887346,0.3767943153508695,0.7354832318186867,0.7276065781434913,0.7097068540501188,0.7952271285601438,0.7225822822018908,0.665630036263126,0.6498311032539626,0.5366147740567296,0.6180864677838245,0.7204534129108682,0.6780757258295046,0.6657181540865963,0.6762499425426977,0.7286673428633181,0.8634518882018671,0.727642690773429,0.9487233495212477,0.8694220957107438,0.9225661148994013,0.8201670637083252,0.9061996903354942,0.7714785301319,0.6154995666280829,0.8490585678882351,0.8000417278167068,0.9294822415089851,0.8001560908630335,0.8996609003152354,0.0,0.8650439920307836,0.8892517330194336,0.767743221138139,0.933326436239137,0.9093857297243227,0.9783408245599504,0.8234395301564108,0.9054443587991776,0.8232331170940311,0.8341294987744723,0.8822986608594465,0.9082583882926976,0.8239944378455595,0.805283471139089,0.7461219774817921,0.771671205735303,0.8213417704372449,0.6378096052443386,0.6568820573015516,0.751303351057361,0.7233671183457603,0.7015657463802628,0.7165932008990356
0.7802987922990899,0.2871599381840053,0.23363836841631383,0.35221675841380107,0.32259386194493056,0.6677892228090373,0.630125233915639,0.6208999952803944,0.6501469371192813,0.6581450205640181,0.5625175922991542,0.5405815776573559,0.45680008710316855,0.5363035679139836,0.5842672354786479,0.5661749510599973,0.5920636860742047,0.5596814268240676,0.6179281519342769,0.7149048178649824,0.5735120645930882,0.8485798173292237,0.7724972195561158,0.8130754325616003,0.8312824584728769,0.8331180961716567,0.7555346982601361,0.5382148720702992,0.7606150136258689,0.7823659823466687,1.0,0.8776738101694642,0.8356717597181209,0.8650439920307836,0.0,0.8144726066469504,0.6813413751679238,0.757821169394626,0.7608946824088638,0.8313177964315682,0.7641616102085281,0.8079983960980255,0.6669709977108256,0.8909041899057834,0.785508188198771,0.8108796743039084,0.7081199743414094,0.6671248743730519,0.6402250057744492,0.6478283107163856,0.7559980882222559,0.52685395736869,0.5372918707815629,0.6155269571794643,0.6007870289559502,0.6263947085689106,0.6490648805571106
0.9448558117002599,0.3640601530569964,0.25552279023737595,0.4030190041454624,0.4466695403290757,0.9206371035420156,0.8414721810678184,0.9133875948261062,0.9212319325478882,0.9057880550991718,0.7551287773691344,0.8372878896765519,0.614633765762551,0.6941976061986775,0.8223443529512919,0.8375645555776443,0.8578881919229994,0.8090775554222771,0.8742035138375694,0.9644970039642549,0.7890932600008862,1.0,0.9315725989641028,1.0,0.9377176606565407,1.0,0.8945080330522043,0.730971953073795,0.9349874832031806,0.9471418809866687,1.0,0.8263186999284162,0.9879377389014871,0.8892517330194336,0.8144726066469504,0.0,0.8867819481225934,0.9533349283229499,0.9473992879088874,0.9709384034950336,0.9991165832164166,1.0,0.9093395441409236,0.9753549547183835,0.9573223386624536,0.941262872855531,0.9222537901356015,0.8446893891537542,0.9123640619308337,0.8655848198907302,0.862988624505514,0.8217024931229028,0.774219970012415,0.7769606326608738,0.8672272939102957,0.8333618087948838,0.8375271409341778
