Cingulate area 2,Glomerular layer of the accessory olfactory bulb,Glomerular layer of the olfactory bulb,"Olfactory bulb, unspecified",Frontal association cortex,Cornu ammonis 3,Dentate gyrus,Cornu ammonis 2,Cornu ammonis 1,Fasciola cinereum,Subiculum,Postrhinal cortex,Presubiculum,Parasubiculum,Perirhinal area 35,Perirhinal area 36,Medial entorhinal cortex,Lateral entorhinal cortex,Primary auditory area,"Secondary auditory area, dorsal part","Secondary auditory area, ventral part","Piriform cortex, layer 1","Piriform cortex, layer 2","Piriform cortex, layer 3",Ventrolateral orbital area,Lateral orbital area,Ventral orbital area,Medial orbital area,Dorsolateral orbital area,Prelimbic area,Secondary motor area,Frontal association area 3,Primary motor area,"Agranular insular cortex, ventral area",Agranular insular cortex dorsal area,Cingulate area 1,Infralimbic area,Dysgranular insular cortex,Granular insular cortex,"Primary somatosensory area, forelimb representation","Primary somatosensory area, dysgranular zone","Primary somatosensory area, face representation",Secondary somatosensory area,"Primary somatosensory area, hindlimb representation","Agranular insular cortex, posterior area","Primary somatosensory area, barrel field",Retrosplenial dysgranular area,"Primary somatosensory area, trunk representation",Retrosplenial granular area,"Parietal association cortex, lateral area","Parietal association cortex, medial area","Parietal association cortex, posterior area",Primary visual area,"Secondary visual area, lateral part",Temporal association cortex,"Secondary visual area, medial part",Nucleus of the lateral olfactory tract
0.0,0.9139845859553237,0.7082196391095857,0.8806816860143527,0.8695183230592394,0.7234242310926581,0.8843303750096956,0.7614704186053206,0.9272744648559039,1.0,0.8794590051751517,0.7792337927574082,0.8099991706658825,0.8271840372014626,0.861274104642201,0.8348888085372191,0.7581054289925042,0.8313280382795198,0.7498966886793722,0.7751961828148253,0.8339767279070452,0.942741364959967,0.968703205074771,0.9459939561116646,0.7786875564464077,0.9227953311412854,0.8031269524570241,0.840454652742433,0.8127853391458724,0.795135304347454,0.9933932442560652,0.8577331399512342,0.7585694846080814,1.0,0.8293809684704347,0.7630648581977092,0.6289425594703001,1.0,0.8834844217610931,0.7463195804741893,0.8397728293369096,0.9094002404207673,0.8403825819304485,0.8083305727126233,0.8441634965013349,0.9591981236734031,1.0,0.9567585931572288,0.9640402469007696,0.7275260751327082,0.9781834027341884,0.8125954465770381,0.8492625178927696,0.8342343545741642,0.759294240599284,1.0,1.0
0.9139845859553237,0.0,0.6186842237060423,0.7720826607639185,0.7825424229892408,0.5382054399277107,0.7077646730625831,0.620929131504388,0.6765723962844685,0.7796358520316188,0.7184430343736877,0.7423364658595064,0.7243039697377138,0.7335921450805344,0.6792894894410763,0.7256765725231142,0.6530760820152761,0.676895809197243,0.7167576748312805,0.708850195293364,0.8263981600981594,0.6662849210714537,0.6773078419472435,0.6476483424672743,0.5235228209784129,0.6525459396764082,0.5811723123720823,0.7536158365092566,0.5791385722791218,0.5147828988078689,0.6750754227408333,0.5284756077649465,0.5723331482553161,0.7134032828009835,0.5834651880898138,0.522220467689657,0.4393964374721556,0.7241640401101943,0.70562689249953,0.5786794006892448,0.6847263347174305,0.5823316014325816,0.7023791361112611,0.6110039773974084,0.6039329359592988,0.7429001245639708,0.8229684796295994,0.7085338740936733,0.7246004834441263,0.5850911184426203,0.633690764490037,0.7625414938314504,0.6976514415910872,0.807226996886771,0.750243054325708,0.7764333011978193,0.7823202140904979
0.7082196391095857,0.6186842237060423,0.0,0.9170263365179228,0.8173850920150864,0.8035552384325644,0.8570298105058665,0.7724350857904678,0.8439262232722939,0.5524042216582976,0.8567660305252502,0.906173736247595,0.9351771131999479,0.9635145391299242,0.9123563781473072,0.8962878833574054,0.8275438585818196,0.8912963540063301,0.903227396961369,0.8057307763692055,0.8599912862090398,0.5240236591296054,0.5099765680150682,0.5348813946824813,0.4139845607118648,0.4598445159163465,0.43198887571601996,0.43584753461120845,0.43974878934392747,0.45406483208923953,0.5779822848599614,0.39806079196662836,0.38635567065185705,0.5149245191636995,0.4362387720926843,0.389473679477808,0.6620130082323169,0.6519737710234705,0.7089339844855232,0.37885871352321165,0.4497749995367942,0.5483954696292831,0.8851810366020189,0.43799232133129257,0.657233321112752,0.8164064889013818,0.6803942706310032,0.6809526399592848,0.5732127391202004,0.5065585343087029,0.5426394339989027,0.7574757182845067,0.7756838810460144,0.94663935479453,0.9914277800644176,0.6622782303187951,0.6086499170346086
0.8806816860143527,0.7720826607639185,0.9170263365179228,0.0,1.0,0.7568686416732462,0.8229967771677138,0.7348454174330733,0.8119191310475581,0.7873281509992232,0.9396772844872585,0.9165675307544094,0.861753582091511,0.8158952193115984,0.8406632679833637,0.8688803178230567,0.8388896087430259,0.9068914697822651,0.8749749447126137,0.79531018233437,0.9083656712325295,0.7677967463987053,0.7130773845021661,0.7715584930111768,0.5019242083524255,0.6138310147406038,0.6227838976167627,0.5920286469366041,0.6001682187412578,0.5921555133715658,0.8177492951360579,0.546834990548052,0.5865990495097423,0.7271568819515893,0.6351602015840828,0.5610324272483781,0.6271627206944331,0.9063352968486547,0.909641260082183,0.5714840948441223,0.5887491366468262,0.7851352039486249,0.9722863685703266,0.609810807276119,0.8716357814574386,0.903549363520414,0.8843247783698006,0.7213565150584095,0.778206422841848,0.5173695999777476,0.7355305360464856,0.7793983316901543,0.7659392941795993,0.9240096025961634,0.8976456133294908,0.8380539561302647,0.7835428042416146
0.8695183230592394,0.7825424229892408,0.8173850920150864,1.0,0.0,0.6895413865975154,0.7573261615920805,0.6901495206996734,0.8137693588466267,0.6994482989262704,0.8578680149938376,0.8292049936375936,0.8049597007696496,0.8329283957213924,0.8200605846297373,0.8052921873774485,0.8742874112560055,0.8468843795208848,0.8210287137462945,0.7777910275532113,0.8566474726167449,0.6540870148345964,0.6458094021468755,0.6730193263705533,0.485091230454741,0.5992963591382163,0.527633434379102,0.5473790380426778,0.5502869594989223,0.5349772343204162,0.7674398390329883,0.5067515152420854,0.528388104077759,0.6689416408803248,0.5563109083047547,0.5300099810604173,0.5537750702625371,0.781314086280129,0.8191206764964405,0.5204626906607985,0.5898020260820707,0.6752916141284632,0.8421763461201134,0.6329612078433925,0.7472966106796267,0.8186489295789848,0.7534594442189476,0.6916723093859477,0.6770322635031052,0.5098730089671253,0.6560516635086727,0.7378347320224624,0.7081375879624782,0.9381016103151208,0.8784271695149921,0.7609818347075515,0.7020522982638042
0.7234242310926581,0.5382054399277107,0.8035552384325644,0.7568686416732462,0.6895413865975154,0.0,0.9880420401947251,0.9007624238461143,0.893859069331552,0.655810482130805,0.8643579095273626,0.7453439107973587,0.9093864554906756,0.867932443662964,0.9438174989984897,0.8895467728913483,0.6985150923295996,0.8803061121334391,0.7846751689736635,0.7212989428570699,0.8049865178958207,0.6129644721589856,0.6280552186417022,0.6092267272119568,0.628464774102769,0.6058294556202851,0.6074518719696974,0.4703198966542329,0.5770094217798998,0.6503756315725847,0.637796922329159,0.5571408456525178,0.47191608593842105,0.5802490256027836,0.5423611790324474,0.4915281689003757,0.9562714353733412,0.7501935047662766,0.7331094565806826,0.44912041676225695,0.5394830262775083,0.6565912973024164,0.826290373601114,0.5270548939727218,0.7713379316318897,0.8742398718083206,0.6956608320484254,0.7762017403190542,0.6573979050365341,0.6906730096862683,0.6749467649445099,0.7753923896332082,0.9544312269099485,0.7865129531727801,0.7757468424842014,0.7716698296114065,0.648378438867188
0.8843303750096956,0.7077646730625831,0.8570298105058665,0.8229967771677138,0.7573261615920805,0.9880420401947251,0.0,0.9332945821461062,1.0,0.7507046561928361,0.9611297585580888,0.9346734106759862,1.0,0.9917945190335459,0.9828556558994777,1.0,0.8755314734680556,0.9278036162379933,0.9358576627013565,0.837161789611207,0.8939463948450495,0.6470796488283278,0.6928065146738834,0.6586433779639594,0.6251455087101798,0.6644427849017152,0.6014278324529789,0.5521057719616798,0.6365864779036774,0.6173285486033304,0.7224975493066398,0.6072251181521028,0.5322526616203247,0.687383978640165,0.565859094682695,0.5420585809328778,0.710702183468937,0.756220497145775,0.75159260751429,0.5000536803062643,0.6313062926480509,0.6968618555366112,0.8069221599828761,0.5822881825549561,0.7241909203733226,0.9418357215769895,0.8100203051122677,0.9304216496114044,0.7180184410517101,0.7696542576967822,0.7465451249527019,0.9254584030932635,0.9970303701780563,0.9837481403949108,0.8779346778614007,0.9162924881291995,0.7893445885965862
0.7614704186053206,0.620929131504388,0.7724350857904678,0.7348454174330733,0.6901495206996734,0.9007624238461143,0.9332945821461062,0.0,0.8912779719636831,0.6690858869838233,0.8610755877829693,0.7866947763648365,0.9179899427401274,0.8813735871270048,0.8696552190627079,0.934338175615476,0.7200560862323785,0.8418093856411237,0.8016928430750339,0.8016235403983999,0.7989219174802893,0.5981083633712192,0.5923439367643447,0.6130988199586898,0.5932815751633744,0.5903230451071734,0.5594908151672294,0.4962828055585582,0.5803158879273326,0.5787723126110821,0.6259110218853354,0.5366096685433285,0.4684145289663264,0.5843114408318631,0.5060697351480052,0.49313311932444037,0.6869330700657662,0.7011569775652521,0.6581121889324925,0.44721884900148345,0.5850468491020486,0.6075383210520791,0.7568822181915286,0.5324321974420716,0.6921107139158386,0.8634643299691893,0.6985950541126112,0.8565079930878662,0.6364466002633956,0.8008735924487177,0.670653618151639,0.8414296221252648,0.9303608611522174,0.7904674339776762,0.7575049190515868,0.7576012495908845,0.6802198705603563
0.9272744648559039,0.6765723962844685,0.8439262232722939,0.8119191310475581,0.8137693588466267,0.893859069331552,1.0,0.8912779719636831,0.0,0.7667778205130327,0.974054094787799,0.9442594789344764,0.9560737663919928,0.91215141214823,0.8996779785585085,0.9636349737748385,0.8314014840284565,0.9162947277405985,0.9004587835256297,0.8382592427347384,0.9158064747695451,0.6692896724659783,0.7166325507861039,0.686180796034956,0.6154798172437228,0.6534112907542632,0.6105141631968037,0.5886501573530957,0.6397337271417399,0.6351542727606032,0.7627318340428889,0.6160392139734637,0.55644869407091,0.7158199441321751,0.6088422489533961,0.5575061707345237,0.732445232433356,0.7831638480287003,0.7956862836570353,0.5233702203038867,0.6450505433062719,0.6955247779405168,0.805569984912848,0.6665878203154648,0.7928488028560015,0.943928896020857,0.8275089017870412,0.908892544211985,0.7237927306382844,0.7661200118573541,0.7394414244093274,0.8666271734822346,0.9571297811983582,0.9128805975157003,0.8745963235028354,0.870930510716897,0.8015605488255071
1.0,0.7796358520316188,0.5524042216582976,0.7873281509992232,0.6994482989262704,0.655810482130805,0.7507046561928361,0.6690858869838233,0.7667778205130327,0.0,0.7611079161830816,0.665213683110048,0.7007100032957841,0.7114266593440446,0.6890222192926382,0.7407622217273755,0.6249031244510884,0.6942733343262426,0.6573307659240564,0.6193876163125382,0.7040872767685536,0.9161907769268531,0.9626994401739063,0.9517103079074931,0.7581731319545256,0.9381456287268086,0.798906959488643,0.8418676755877676,0.818634749542229,0.7840077137616459,0.905055249512393,0.8338101863617827,0.8381750214297135,1.0,0.8597495266231276,0.8359883189932226,0.612110326191532,0.9867461343958694,0.830849682114499,0.8023665389980085,0.9023773339643344,0.9098191990633445,0.7584164246663755,0.7734017063343227,0.8716730620300112,0.8469392813006038,0.9809363614479741,0.8464528094498296,0.8950248136378206,0.6399224344836529,0.8936654584109746,0.6887713132639984,0.7420049034150207,0.7468163363328154,0.659451255030774,0.9023029610724386,0.9999067692656194
0.8794590051751517,0.7184430343736877,0.8567660305252502,0.9396772844872585,0.8578680149938376,0.8643579095273626,0.9611297585580888,0.8610755877829693,0.974054094787799,0.7611079161830816,0.0,0.9226740869695961,0.9540167859198518,0.9501589864795799,0.9363193394667588,0.9728245590020855,0.8588167768378349,0.9729447679644014,0.9065453165159669,0.8053424294294605,0.8522086606647677,0.6887459425814765,0.7218678603342571,0.6677623707937332,0.5952391105573303,0.6430530961501582,0.616492810364715,0.5583644397731682,0.6236471086960882,0.5929407270661557,0.7993856276031592,0.5748179100477125,0.530616332765725,0.6991204325203115,0.6215017855598457,0.5665812740244898,0.7085673381934979,0.7610409130621919,0.801070233190955,0.5160390028105112,0.6437800521878333,0.691880007539968,0.7927311462493029,0.6145880003337096,0.7731008257448426,0.9407152450942102,0.8068290400806615,0.8522994736304783,0.7125769139017096,0.6974501684828718,0.744493093256001,0.8712185274115503,0.9342048404982134,0.9922490815665342,0.8505946667255165,0.8610116633081868,0.7620699252319013
0.7792337927574082,0.7423364658595064,0.906173736247595,0.9165675307544094,0.8292049936375936,0.7453439107973587,0.9346734106759862,0.7866947763648365,0.9442594789344764,0.665213683110048,0.9226740869695961,0.0,0.948923383460389,0.9874372176774772,0.9567652378684637,0.9813454228945497,0.8556701036456382,0.9130431248343414,0.9110543954005814,0.9181009234777011,0.9683611659938517,0.5775563922506601,0.589373095508202,0.5839812554497804,0.470884564176676,0.5403591589105591,0.5071426246974424,0.4918200924788165,0.5200871006941714,0.4582066088963571,0.6226694075577988,0.45764792561942724,0.450575237504742,0.6110163631233245,0.49550019989221245,0.44426589459331406,0.6021882471579153,0.6786045917736988,0.7214469295472858,0.4471494306734303,0.5317557143562768,0.5721054218657551,0.7637340359115924,0.5286751328743903,0.6730728692033769,0.8506495449497079,0.7413081882949546,0.7797267877105389,0.6205255992269155,0.5921378608627694,0.5904425028107192,0.9171596390239327,0.8149735189032945,1.0,1.0,0.7408135359867741,0.7184294871955049
0.8099991706658825,0.7243039697377138,0.9351771131999479,0.861753582091511,0.8049597007696496,0.9093864554906756,1.0,0.9179899427401274,0.9560737663919928,0.7007100032957841,0.9540167859198518,0.948923383460389,0.0,0.9742216974838639,1.0,1.0,0.8783135220247966,0.9281176484494124,0.9630896116205007,0.8438724754940485,1.0,0.5945436579394984,0.6041665096701136,0.6401453152230422,0.5475868483737362,0.5672828299938152,0.5844621995862175,0.5339667497250818,0.5351286666709485,0.5344826460174368,0.6479596581346134,0.49341969644974826,0.4556782888163829,0.6126424785385445,0.5056188375958727,0.4599412322217032,0.7442711439111245,0.7325336419684927,0.764381819373728,0.4317725230643052,0.5493840371805142,0.6254844060924745,0.8414865247740642,0.5262662067513761,0.7331513527196977,0.9086787037156914,0.7547228864283454,0.8471517987345063,0.6975482204489601,0.714530974297777,0.6277459532937318,0.9679622657010394,0.9538431603457822,0.9483316961891888,0.9926773051089788,0.8234774302131954,0.7290551236331545
0.8271840372014626,0.7335921450805344,0.9635145391299242,0.8158952193115984,0.8329283957213924,0.867932443662964,0.9917945190335459,0.8813735871270048,0.91215141214823,0.7114266593440446,0.9501589864795799,0.9874372176774772,0.9742216974838639,0.0,0.9947750434292539,1.0,0.8685220202088019,0.981269710778138,0.8860025619045123,0.9522476291906982,0.9885927502595848,0.5829220541013773,0.590069485666797,0.6093968398428699,0.5069972759212897,0.5645215525490548,0.5328874101801955,0.5226160439517844,0.5238560964248281,0.5276809177372893,0.6326186468084009,0.49979260502043693,0.4585567056023189,0.6237855243892199,0.5164006187790605,0.4601412336513829,0.7165957952360634,0.7694860652678982,0.7276713232448292,0.4464051856929028,0.5417417812474759,0.5950246402433487,0.8241959244598138,0.5218585232193431,0.7252853897040634,0.9245676807348608,0.741791819399951,0.8689866869775256,0.6399157371125711,0.6591955208058946,0.6201680473321616,0.9230178978627569,0.9214757273718259,1.0,1.0,0.7821942838429912,0.6878012473290174
0.861274104642201,0.6792894894410763,0.9123563781473072,0.8406632679833637,0.8200605846297373,0.9438174989984897,0.9828556558994777,0.8696552190627079,0.8996779785585085,0.6890222192926382,0.9363193394667588,0.9567652378684637,1.0,0.9947750434292539,0.0,1.0,0.835241830000786,0.9585296928914855,0.9900995642497977,0.880298156792317,0.9710380719308156,0.5908710974731018,0.6128830778557661,0.6077438232243835,0.5402863400622124,0.5778001669433069,0.576994286010071,0.5083142861698521,0.5334015986597375,0.5560282071825973,0.644161288763081,0.47734628890457814,0.4567532519479522,0.6226680607952423,0.5012279554816074,0.4668523379626362,0.7694952065377154,0.7131126219015238,0.8063263915529753,0.44138045234301765,0.514920290557165,0.6188596720116916,0.8371856646405668,0.5097806283502708,0.7851044926915898,0.8752250609257131,0.7232243831711993,0.7511336018168007,0.6574657051058795,0.6363722483337506,0.6571778811369439,0.9073391294055465,0.9129524339295713,0.936169271125337,0.9607835624872066,0.8212074333913602,0.6610343762560433
0.8348888085372191,0.7256765725231142,0.8962878833574054,0.8688803178230567,0.8052921873774485,0.8895467728913483,1.0,0.934338175615476,0.9636349737748385,0.7407622217273755,0.9728245590020855,0.9813454228945497,1.0,1.0,1.0,0.0,0.8259759172643498,0.9884930380678426,0.9822745667908019,0.8512414047977465,0.9827051731914238,0.6169259449622542,0.6465479213316949,0.6257692427799835,0.5693666967178119,0.628003692387923,0.5760445730376293,0.5646207630388111,0.5619875787789799,0.5460838170530525,0.6782892960008265,0.5377261394279077,0.49423116499804337,0.6383184136456114,0.5334176808020512,0.5042488007212522,0.7524634552574406,0.788990040142715,0.7905978882157462,0.4643524910784767,0.5744524574502675,0.6446558964040664,0.8048390759740481,0.588241788871927,0.7779709353261768,0.9471808329749529,0.7454967122384479,0.8736864555620151,0.6769256217962927,0.7169972125563342,0.646164495740122,0.9955344888637646,0.9966164992460019,0.9857401860741294,0.9437436017938725,0.8450202106159042,0.7416179328752083
0.7581054289925042,0.6530760820152761,0.8275438585818196,0.8388896087430259,0.8742874112560055,0.6985150923295996,0.8755314734680556,0.7200560862323785,0.8314014840284565,0.6249031244510884,0.8588167768378349,0.8556701036456382,0.8783135220247966,0.8685220202088019,0.835241830000786,0.8259759172643498,0.0,0.860975333755823,0.8526162579971097,0.7774720790063482,0.8823766885703088,0.5556508876515063,0.5784819085114506,0.5693199636340659,0.44123063932923084,0.5039255194076157,0.4634701610735552,0.4501448991427219,0.4868082298073122,0.4710187194876298,0.6847200906270738,0.4462473728938287,0.44708612405070997,0.5922062948634326,0.5069158202244517,0.4451325561899714,0.5820926481890376,0.668876393572266,0.7061520786109546,0.4367926771251909,0.5031549502216227,0.5658690628436006,0.688159525934346,0.5537121417542543,0.6566665348060271,0.7767760728676603,0.6985276221097899,0.6638811398809816,0.5949094744216004,0.4885467753504951,0.6036042825861524,0.7764163854427762,0.7201014527725482,0.9545172433400602,0.9070850855500427,0.6723638158376029,0.642674448689402
0.8313280382795198,0.676895809197243,0.8912963540063301,0.9068914697822651,0.8468843795208848,0.8803061121334391,0.9278036162379933,0.8418093856411237,0.9162947277405985,0.6942733343262426,0.9729447679644014,0.9130431248343414,0.9281176484494124,0.981269710778138,0.9585296928914855,0.9884930380678426,0.860975333755823,0.0,0.8515485439616126,0.8401754721683303,0.8863635879232931,0.6195487267526314,0.6377521746621152,0.6420318997943879,0.5379071044595254,0.6103319183534223,0.5604566805897295,0.4956866499999037,0.5686943957811064,0.5743061633766846,0.7223667446085944,0.5296693422650716,0.48382694474771093,0.6407535223844969,0.5552220978534471,0.5041480645337075,0.7108330001816076,0.77590437579252,0.7674506176158871,0.47741062911586807,0.5783611587826353,0.663278038772952,0.8194732353983635,0.5896834741900129,0.7211900487299642,0.9216649012722593,0.7065452194485853,0.8532908457981172,0.6380794492255477,0.6596778516267691,0.6739567881258522,0.8650436467540046,0.938555093384401,0.9784440197064617,0.960548545627227,0.7954952875850425,0.7075632399761183
0.7498966886793722,0.7167576748312805,0.903227396961369,0.8749749447126137,0.8210287137462945,0.7846751689736635,0.9358576627013565,0.8016928430750339,0.9004587835256297,0.6573307659240564,0.9065453165159669,0.9110543954005814,0.9630896116205007,0.8860025619045123,0.9900995642497977,0.9822745667908019,0.8526162579971097,0.8515485439616126,0.0,0.8992764824604731,0.9136589502899805,0.5829473902091312,0.5546871321728009,0.5829736829446684,0.4668014070717971,0.5416291066489815,0.5298717100807668,0.4955744687472024,0.49811734377077027,0.5217028352617405,0.6020176888042313,0.45173551824141644,0.4255048585184477,0.5711125768381391,0.4787606057021129,0.4446549605062471,0.6791908994330542,0.6922113597527498,0.7475521996715706,0.4301964083036801,0.4991031909798364,0.5869238723474198,0.833452782772548,0.4988631882025933,0.7149335609763423,0.8578802780355967,0.6680285751611117,0.724309670277488,0.6310003878379888,0.6026505999032862,0.5902103492237127,0.8674814344237917,0.7929605274530253,0.9586730620363982,1.0,0.7634162619759061,0.6914248782626768
0.7751961828148253,0.708850195293364,0.8057307763692055,0.79531018233437,0.7777910275532113,0.7212989428570699,0.837161789611207,0.8016235403983999,0.8382592427347384,0.6193876163125382,0.8053424294294605,0.9181009234777011,0.8438724754940485,0.9522476291906982,0.880298156792317,0.8512414047977465,0.7774720790063482,0.8401754721683303,0.8992764824604731,0.0,0.8471530844398146,0.5619576859015043,0.5742084066618129,0.5459702131854386,0.4689340681443498,0.5208683232802628,0.49858356559823613,0.49048330691178116,0.4805981120897642,0.46116199430345195,0.59823331133453,0.4463379607708882,0.4486296908658074,0.5739374769780252,0.47114770243501103,0.42791656732847905,0.5795599061996322,0.6462450034128132,0.6300109243257873,0.4347508384934077,0.5229872345587613,0.5550472020518407,0.6855587477572237,0.5368930718165246,0.5983881790550936,0.8255060433895084,0.6777406283516438,0.7531672271289844,0.5998743358571273,0.5872488113128959,0.5688498103919203,0.8694957201184055,0.7885355673146237,0.913424078512484,0.8975995827538713,0.7109748252674971,0.673597180554175
0.8339767279070452,0.8263981600981594,0.8599912862090398,0.9083656712325295,0.8566474726167449,0.8049865178958207,0.8939463948450495,0.7989219174802893,0.9158064747695451,0.7040872767685536,0.8522086606647677,0.9683611659938517,1.0,0.9885927502595848,0.9710380719308156,0.9827051731914238,0.8823766885703088,0.8863635879232931,0.9136589502899805,0.8471530844398146,0.0,0.618915424836134,0.624204421748741,0.6472209985822749,0.5259565399033138,0.5900052678202826,0.5682497785685138,0.5907481396632556,0.5349064309330394,0.5333612488027748,0.6785217625618095,0.4966391376159681,0.4860267285100962,0.6691559610638362,0.540981968718874,0.48985806378007013,0.6350361095918161,0.7741862567158478,0.801568299305798,0.48249679253230093,0.5651841090928331,0.6633821779384692,0.8694179287981079,0.5367928663280445,0.7469761488406473,0.9747677888607107,0.8219638233398368,0.8006321677307311,0.6768801361083936,0.645300102426684,0.6410624580504328,0.8706323441112368,0.8090071138696664,0.9442933021914036,0.9811712108663956,0.8536455989878362,0.7392953926994903
0.942741364959967,0.6662849210714537,0.5240236591296054,0.7677967463987053,0.6540870148345964,0.6129644721589856,0.6470796488283278,0.5981083633712192,0.6692896724659783,0.9161907769268531,0.6887459425814765,0.5775563922506601,0.5945436579394984,0.5829220541013773,0.5908710974731018,0.6169259449622542,0.5556508876515063,0.6195487267526314,0.5829473902091312,0.5619576859015043,0.618915424836134,0.0,0.9980956047383093,1.0,0.7808618044672794,0.9251669044316772,0.8835663890400932,0.7887519131113433,0.8990574452008132,0.8472071819139821,0.9477707824198249,0.8497514347324503,0.9309898612495271,0.9401354721837731,0.972594468328289,0.8730922895547146,0.5515741523670903,0.9913768703653194,0.7908885286184105,0.8798318945677914,0.9004415934759668,0.9454360869700797,0.705489092434865,0.8387756994991931,0.8322420885128075,0.7729968282962871,0.862269454011866,0.7773181149377751,0.8279965421601104,0.6046812212951505,0.8921900585753606,0.6212437307056289,0.6554992264728831,0.6408320574447238,0.5432268752106474,0.8206537849999003,0.9432874468347954
0.968703205074771,0.6773078419472435,0.5099765680150682,0.7130773845021661,0.6458094021468755,0.6280552186417022,0.6928065146738834,0.5923439367643447,0.7166325507861039,0.9626994401739063,0.7218678603342571,0.589373095508202,0.6041665096701136,0.590069485666797,0.6128830778557661,0.6465479213316949,0.5784819085114506,0.6377521746621152,0.5546871321728009,0.5742084066618129,0.624204421748741,0.9980956047383093,0.0,0.9693960528908504,0.8453826856939064,1.0,0.8745947233009401,0.8560324108341799,0.9469439630233939,0.8234343886091516,1.0,0.9685358506189197,0.8793399259299652,1.0,0.9854208898835126,0.8695557277096715,0.5403416563304618,0.9311133470277951,0.746209968093858,0.9285132533825635,0.9784707535043049,0.9218565712540541,0.674093284687308,0.9535095299436536,0.7700827215067784,0.7419934182761941,0.9623783970886494,0.8029613671010112,0.8698285287188846,0.6455783114526014,0.9933407735700652,0.6236949745343555,0.6945468784125076,0.6712393412963231,0.5468045023303478,0.8336095819086358,1.0
0.9459939561116646,0.6476483424672743,0.5348813946824813,0.7715584930111768,0.6730193263705533,0.6092267272119568,0.6586433779639594,0.6130988199586898,0.686180796034956,0.9517103079074931,0.6677623707937332,0.5839812554497804,0.6401453152230422,0.6093968398428699,0.6077438232243835,0.6257692427799835,0.5693199636340659,0.6420318997943879,0.5829736829446684,0.5459702131854386,0.6472209985822749,1.0,0.9693960528908504,0.0,0.7565630009163159,0.9416209160211925,0.8973339244806813,0.8515049680524981,0.8968864572510464,0.8941400511857754,0.9509847066519138,0.8507221720150064,0.8767621532425537,0.9819546214200814,0.922735177208034,0.81521380570374,0.610564166496039,0.9594864771837626,0.7904318010929252,0.942977007640337,0.9168769182082915,0.9273357972946263,0.7212632548817811,0.8663676685603076,0.8497388664833232,0.8027806097131337,0.9346533375498346,0.7789087827803237,0.8717330810796103,0.6263370005985096,0.9228303088779781,0.6483437738016843,0.7087442193880579,0.653774365302295,0.5652308025166253,0.8646099513816116,0.9240000358135384
0.7786875564464077,0.5235228209784129,0.4139845607118648,0.5019242083524255,0.485091230454741,0.628464774102769,0.6251455087101798,0.5932815751633744,0.6154798172437228,0.7581731319545256,0.5952391105573303,0.470884564176676,0.5475868483737362,0.5069972759212897,0.5402863400622124,0.5693666967178119,0.44123063932923084,0.5379071044595254,0.4668014070717971,0.4689340681443498,0.5259565399033138,0.7808618044672794,0.8453826856939064,0.7565630009163159,0.0,0.8647767916693655,0.8695855802710445,0.7559873990624464,0.8471882396462228,0.8820868390421707,0.7127548624711781,0.8388418158242128,0.7412272361724445,0.7327231576575418,0.731158831556374,0.7434217891557112,0.5802331448581772,0.7365814619974045,0.6705859641607265,0.6424214557011884,0.8562664274342245,0.7374967055259748,0.6011357324363895,0.6999025654705746,0.7699320142852625,0.6711186464165636,0.7605844314612537,0.7781072332121527,0.7859832957137569,0.7631878631655548,0.8473426878333059,0.5641133393015958,0.6915016421393988,0.5312717009261458,0.43528140768305196,0.7531767404229486,0.8329233863077654
0.9227953311412854,0.6525459396764082,0.4598445159163465,0.6138310147406038,0.5992963591382163,0.6058294556202851,0.6644427849017152,0.5903230451071734,0.6534112907542632,0.9381456287268086,0.6430530961501582,0.5403591589105591,0.5672828299938152,0.5645215525490548,0.5778001669433069,0.628003692387923,0.5039255194076157,0.6103319183534223,0.5416291066489815,0.5208683232802628,0.5900052678202826,0.9251669044316772,1.0,0.9416209160211925,0.8647767916693655,0.0,0.9736778223958186,0.8533918984940796,0.9759005363294717,0.8399413153121118,0.855196251763975,0.8716302762851461,0.889896707894887,0.9642201903595952,0.918313475472396,0.9137505916481606,0.559585575918679,0.8447464945889396,0.7454619594293835,0.8647492622394539,0.9483019370502519,0.8793462895639986,0.6680935393511868,0.8310536699660926,0.774825211664925,0.7311446905067841,0.8551384723116304,0.7840577704234976,0.848644938542775,0.6885963163932778,0.9145570066662634,0.6301393715971136,0.7119340032263102,0.5866680629226128,0.4993113682008767,0.8286842343927554,0.9442519810791307
0.8031269524570241,0.5811723123720823,0.43198887571601996,0.6227838976167627,0.527633434379102,0.6074518719696974,0.6014278324529789,0.5594908151672294,0.6105141631968037,0.798906959488643,0.616492810364715,0.5071426246974424,0.5844621995862175,0.5328874101801955,0.576994286010071,0.5760445730376293,0.4634701610735552,0.5604566805897295,0.5298717100807668,0.49858356559823613,0.5682497785685138,0.8835663890400932,0.8745947233009401,0.8973339244806813,0.8695855802710445,0.9736778223958186,0.0,0.839027712626326,0.8575662243022651,0.8871636902215613,0.7709154039586165,0.8482699257952652,0.8010325552507325,0.8609392719493966,0.8817542049285094,0.8049614713501574,0.5993411774141579,0.8774036145196809,0.7606595928359356,0.7663578773909849,0.8531819167099807,0.8678729662055941,0.6549242063339298,0.7263296187750216,0.8364466997136497,0.7366366695840535,0.9059019010566781,0.7218539729846347,0.8303527809902236,0.704122791190745,0.8418365507345721,0.5930580886438925,0.6671266890194083,0.5394390358253182,0.46285177234663766,0.7719470002535148,0.8871483656522149
0.840454652742433,0.7536158365092566,0.43584753461120845,0.5920286469366041,0.5473790380426778,0.4703198966542329,0.5521057719616798,0.4962828055585582,0.5886501573530957,0.8418676755877676,0.5583644397731682,0.4918200924788165,0.5339667497250818,0.5226160439517844,0.5083142861698521,0.5646207630388111,0.4501448991427219,0.4956866499999037,0.4955744687472024,0.49048330691178116,0.5907481396632556,0.7887519131113433,0.8560324108341799,0.8515049680524981,0.7559873990624464,0.8533918984940796,0.839027712626326,0.0,0.7882796491663565,0.7046150929146267,0.7030069370266353,0.7748847865722082,0.7961145232820079,0.8775157034497413,0.755051705618179,0.7157117125833331,0.42327123407089434,0.745522370972723,0.6574945772771326,0.7632963694598308,0.8428130531648228,0.731503870976279,0.6173210393020239,0.6355225186922404,0.6699293943696134,0.649637581215775,0.8482909267717533,0.7086908354324721,0.8430765214480488,0.6007785624492441,0.7495949260349021,0.5898776854808192,0.6049780399933334,0.5506492378756609,0.46937736599302865,0.748505190477712,0.8954375804272743
0.8127853391458724,0.5791385722791218,0.43974878934392747,0.6001682187412578,0.5502869594989223,0.5770094217798998,0.6365864779036774,0.5803158879273326,0.6397337271417399,0.818634749542229,0.6236471086960882,0.5200871006941714,0.5351286666709485,0.5238560964248281,0.5334015986597375,0.5619875787789799,0.4868082298073122,0.5686943957811064,0.49811734377077027,0.4805981120897642,0.5349064309330394,0.8990574452008132,0.9469439630233939,0.8968864572510464,0.8471882396462228,0.9759005363294717,0.8575662243022651,0.7882796491663565,0.0,0.8893866319624409,0.8473607008950995,0.9377528163138514,0.8390022507813477,0.9078493296893855,0.9486714766397251,0.9032419831795188,0.5275950119971928,0.7678596243772725,0.6407409687515363,0.7812452725013718,0.9263079137540582,0.8231068401276196,0.5844792352291599,0.7893521143052988,0.691770583915952,0.6663886331210703,0.786697052509224,0.7662488327785133,0.8234129962631777,0.6692005776485974,0.9676942183849415,0.5792721215633755,0.6564345553225147,0.5628457427353275,0.46200963949222895,0.8074375111535897,0.8766073080755155
0.795135304347454,0.5147828988078689,0.45406483208923953,0.5921555133715658,0.5349772343204162,0.6503756315725847,0.6173285486033304,0.5787723126110821,0.6351542727606032,0.7840077137616459,0.5929407270661557,0.4582066088963571,0.5344826460174368,0.5276809177372893,0.5560282071825973,0.5460838170530525,0.4710187194876298,0.5743061633766846,0.5217028352617405,0.46116199430345195,0.5333612488027748,0.8472071819139821,0.8234343886091516,0.8941400511857754,0.8820868390421707,0.8399413153121118,0.8871636902215613,0.7046150929146267,0.8893866319624409,0.0,0.749516832170323,0.8941330361590677,0.7606065092475179,0.808164101619053,0.8197818091535319,0.7521837779952412,0.6179814242824645,0.825431066457906,0.7287089914326284,0.7007087805983148,0.7743746039813796,0.8285010835771764,0.6879088651629309,0.6973460676675987,0.8044814644946622,0.7026552947726027,0.8137919701218754,0.6890811136383558,0.807026454489005,0.6428299812732112,0.8920127390569332,0.5235833308911423,0.6491594937169431,0.5186051674684317,0.4589208175364312,0.768717361502793,0.7768740634658508
0.9933932442560652,0.6750754227408333,0.5779822848599614,0.8177492951360579,0.7674398390329883,0.637796922329159,0.7224975493066398,0.6259110218853354,0.7627318340428889,0.905055249512393,0.7993856276031592,0.6226694075577988,0.6479596581346134,0.6326186468084009,0.644161288763081,0.6782892960008265,0.6847200906270738,0.7223667446085944,0.6020176888042313,0.59823331133453,0.6785217625618095,0.9477707824198249,1.0,0.9509847066519138,0.7127548624711781,0.855196251763975,0.7709154039586165,0.7030069370266353,0.8473607008950995,0.749516832170323,0.0,0.8583673550796003,0.9193237767456602,0.9791872736531411,0.9754319581261175,0.8308652348951147,0.5778557585452895,1.0,0.7896898446464424,0.880849299392407,0.9207723536297511,0.9397921801442575,0.74566054245754,0.9776200257215275,0.8323505110363045,0.8315721092205207,0.8795610702738073,0.7535135408097754,0.8044911983695336,0.5674215233930242,0.9136843176515211,0.6482174782029636,0.7010990258130936,0.7178902798235975,0.6053911187996965,0.8348153631556473,0.8419350407363401
0.8577331399512342,0.5284756077649465,0.39806079196662836,0.546834990548052,0.5067515152420854,0.5571408456525178,0.6072251181521028,0.5366096685433285,0.6160392139734637,0.8338101863617827,0.5748179100477125,0.45764792561942724,0.49341969644974826,0.49979260502043693,0.47734628890457814,0.5377261394279077,0.4462473728938287,0.5296693422650716,0.45173551824141644,0.4463379607708882,0.4966391376159681,0.8497514347324503,0.9685358506189197,0.8507221720150064,0.8388418158242128,0.8716302762851461,0.8482699257952652,0.7748847865722082,0.9377528163138514,0.8941330361590677,0.8583673550796003,0.0,0.9093747787642936,0.8490895849323986,0.9656840235689965,0.8880814294911032,0.4919596907576754,0.7383200882470822,0.603234393621502,0.8395652955496143,1.0,0.8092457492720294,0.5388506949961428,0.8661023052661776,0.6334347755447709,0.660204668854031,0.7608510385216345,0.7557241213698648,0.7995417377375605,0.660650747901278,0.9099548754252399,0.5546052973917569,0.65428260296322,0.5196277922306477,0.4172150167621429,0.7209632339809822,0.8590029569498763
0.7585694846080814,0.5723331482553161,0.38635567065185705,0.5865990495097423,0.528388104077759,0.47191608593842105,0.5322526616203247,0.4684145289663264,0.55644869407091,0.8381750214297135,0.530616332765725,0.450575237504742,0.4556782888163829,0.4585567056023189,0.4567532519479522,0.49423116499804337,0.44708612405070997,0.48382694474771093,0.4255048585184477,0.4486296908658074,0.4860267285100962,0.9309898612495271,0.8793399259299652,0.8767621532425537,0.7412272361724445,0.889896707894887,0.8010325552507325,0.7961145232820079,0.8390022507813477,0.7606065092475179,0.9193237767456602,0.9093747787642936,0.0,0.9745443604981864,1.0,0.9033569308972211,0.43808295261807945,0.788668631290141,0.6311458598662164,0.9977482543468388,0.9569465345094358,0.8945253436571242,0.5562444134083858,0.9599145791682236,0.6506953723966995,0.5940512389390364,0.7743095916827188,0.6434754619375093,0.7695777904207506,0.5065422220108436,0.847205646889146,0.5121443757229452,0.5365009111734704,0.5008388662974419,0.4211384135576658,0.6861867432871712,0.8212814330296782
1.0,0.7134032828009835,0.5149245191636995,0.7271568819515893,0.6689416408803248,0.5802490256027836,0.687383978640165,0.5843114408318631,0.7158199441321751,1.0,0.6991204325203115,0.6110163631233245,0.6126424785385445,0.6237855243892199,0.6226680607952423,0.6383184136456114,0.5922062948634326,0.6407535223844969,0.5711125768381391,0.5739374769780252,0.6691559610638362,0.9401354721837731,1.0,0.9819546214200814,0.7327231576575418,0.9642201903595952,0.8609392719493966,0.8775157034497413,0.9078493296893855,0.808164101619053,0.9791872736531411,0.8490895849323986,0.9745443604981864,0.0,0.9232316263090349,0.8670292740189932,0.5297934126538631,0.9177650862583978,0.749066496669023,0.9239113691985393,0.9487976045043759,0.9494945868639313,0.6606067262478833,0.8912856195879444,0.7403359843338521,0.7738312884053729,1.0,0.8134601936541749,0.8957803436004507,0.607435222652502,0.9092854535364943,0.6446604340143007,0.6849563769163307,0.7144108988719167,0.5744596307632605,0.8432953115046793,0.9485963265168214
0.8293809684704347,0.5834651880898138,0.4362387720926843,0.6351602015840828,0.5563109083047547,0.5423611790324474,0.565859094682695,0.5060697351480052,0.6088422489533961,0.8597495266231276,0.6215017855598457,0.49550019989221245,0.5056188375958727,0.5164006187790605,0.5012279554816074,0.5334176808020512,0.5069158202244517,0.5552220978534471,0.4787606057021129,0.47114770243501103,0.540981968718874,0.972594468328289,0.9854208898835126,0.922735177208034,0.731158831556374,0.918313475472396,0.8817542049285094,0.755051705618179,0.9486714766397251,0.8197818091535319,0.9754319581261175,0.9656840235689965,1.0,0.9232316263090349,0.0,0.9668414676593122,0.5032278205674455,0.8783691665606159,0.7142976913797798,0.9833740800099326,0.967314584807951,0.9217049244241953,0.6173761942088128,0.8781503089903854,0.7290998050778024,0.6622720698376207,0.8329707306628505,0.6888551810087784,0.786197944834983,0.5528099334977958,0.9082685471710907,0.5186845080044711,0.6173749615312649,0.5606872536931194,0.46715858503416885,0.7518446642298763,0.8815631531691206
0.7630648581977092,0.522220467689657,0.389473679477808,0.5610324272483781,0.5300099810604173,0.4915281689003757,0.5420585809328778,0.49313311932444037,0.5575061707345237,0.8359883189932226,0.5665812740244898,0.44426589459331406,0.4599412322217032,0.4601412336513829,0.4668523379626362,0.5042488007212522,0.4451325561899714,0.5041480645337075,0.4446549605062471,0.42791656732847905,0.48985806378007013,0.8730922895547146,0.8695557277096715,0.81521380570374,0.7434217891557112,0.9137505916481606,0.8049614713501574,0.7157117125833331,0.9032419831795188,0.7521837779952412,0.8308652348951147,0.8880814294911032,0.9033569308972211,0.8670292740189932,0.9668414676593122,0.0,0.49405321704765814,0.750853570302752,0.6513958401720494,0.8980649932659068,0.8978335447967223,0.8379092219475862,0.558034031533543,0.8361024714000025,0.6941908114909519,0.6111646416955475,0.7415972965783411,0.6512977611880846,0.7620507144325901,0.5232813576176889,0.8278912346848367,0.48458427324219905,0.5601224668399755,0.5023292028686919,0.4232497112743892,0.6517602825853458,0.8254729546682054
