Cingulate area 2,Glomerular layer of the accessory olfactory bulb,Glomerular layer of the olfactory bulb,"Olfactory bulb, unspecified",Frontal association cortex,Cornu ammonis 3,Dentate gyrus,Cornu ammonis 2,Cornu ammonis 1,Fasciola cinereum,Subiculum,Postrhinal cortex,Presubiculum,Parasubiculum,Perirhinal area 35,Perirhinal area 36,Medial entorhinal cortex,Lateral entorhinal cortex,Primary auditory area,"Secondary auditory area, dorsal part","Secondary auditory area, ventral part","Piriform cortex, layer 1","Piriform cortex, layer 2","Piriform cortex, layer 3",Ventrolateral orbital area,Lateral orbital area,Ventral orbital area,Medial orbital area,Dorsolateral orbital area,Prelimbic area,Secondary motor area,Frontal association area 3,Primary motor area,"Agranular insular cortex, ventral area",Agranular insular cortex dorsal area,Cingulate area 1,Infralimbic area,Dysgranular insular cortex,Granular insular cortex,"Primary somatosensory area, forelimb representation","Primary somatosensory area, dysgranular zone","Primary somatosensory area, face representation",Secondary somatosensory area,"Primary somatosensory area, hindlimb representation","Agranular insular cortex, posterior area","Primary somatosensory area, barrel field",Retrosplenial dysgranular area,"Primary somatosensory area, trunk representation",Retrosplenial granular area,"Parietal association cortex, lateral area","Parietal association cortex, medial area","Parietal association cortex, posterior area",Primary visual area,"Secondary visual area, lateral part",Temporal association cortex,"Secondary visual area, medial part",Nucleus of the lateral olfactory tract
0.0,0.25152984392392286,0.27630026931756124,0.3065187706018268,0.320082323063704,0.8943362411315012,0.8376738620749509,0.8670757720298018,0.8687093422123058,0.8884967577894193,0.8498837335432896,0.6624094424502217,0.6901822373820278,0.697731113941171,0.7472833357750615,0.7273989059840754,0.7024991703077333,0.7326380025908804,0.7952707300740175,0.8440458795258297,0.7390342012068394,0.8452863475612393,0.9450622029993123,0.8568373236395883,0.3781243533342355,0.480980459940825,0.317678333942917,0.28449254686247044,0.2861719761732257,0.3340718269107855,0.4494467747248551,0.4247335305502534,0.6804387302056943,0.8503250017103556,0.7413130257651867,0.8191683965798903,0.6971333993698174,0.8254779160313674,0.8319628941997532,0.9053766246325435,0.9596938825815399,0.7794974501614743,0.7751484585340899,0.9028575835988542,0.8604736770184628,0.8465928557068392,0.8476451150775628,0.8753399528009431,0.8284883066171179,0.7395188218211869,0.8603475960148571,0.7722846677367735,0.7856208450882401,0.7181088598229641,0.7333322793873767,0.867597137796507,0.9848244031373534
0.25152984392392286,0.0,0.39716976642040025,0.6575052240555866,0.7970944832292167,0.3045671131858769,0.33785382258143676,0.3089900025903676,0.3519590195257614,0.3472851237009079,0.32558640745248235,0.3079725517804674,0.347490416839537,0.33156433256213036,0.33982763679271705,0.3733491690568983,0.29787470798444743,0.3193688418886689,0.356143467159034,0.3475161876486653,0.34629876553724714,0.3382515297253211,0.3362233170281583,0.3154605808564406,0.715015039501442,0.6264070015551857,0.7693279542277308,0.8122490996150311,0.9051557776921361,0.7868536960080709,0.6592481311306976,0.6556628541228544,0.4474699083867468,0.3286415133011039,0.43796666298727394,0.3660961005839978,0.4507675260296063,0.35812605217876226,0.32463930055281837,0.3316848678844439,0.2929716438354361,0.3760992627660467,0.3405837270410613,0.2789627588709533,0.2814339655071787,0.31468910108779385,0.333829286699507,0.3268996235327373,0.32275714176792736,0.3362817974493445,0.3577223131756516,0.32085565596492177,0.38882186483610504,0.37229934942434617,0.30321538001906695,0.35437487995926387,0.26404173303929895
0.27630026931756124,0.39716976642040025,0.0,0.7448891025063401,0.4334571673948635,0.3382790491505448,0.36030422475299184,0.34454661609675474,0.37288614984873947,0.359323472697233,0.39528427087991375,0.42347192967741754,0.4787908280721596,0.4877124101392086,0.4066748909396427,0.45763815496035537,0.46992934280049753,0.42891142225338696,0.4071716601053563,0.3973211098415546,0.44289286333592215,0.3379017742074433,0.3219332065042558,0.30475621357351035,0.43728367752352904,0.4136703187099244,0.38415002764719675,0.4087788843227761,0.39754138141520173,0.3788521782390411,0.36234047434917066,0.4429997885550655,0.3297543173395202,0.34758410461339256,0.39458555341431606,0.30982462283946693,0.38774305188049385,0.38113906888896715,0.36818272832764953,0.3107274388198157,0.2793367804691709,0.35269736241610883,0.37748794407441705,0.2881281379626824,0.3203300551009817,0.3381793533247189,0.35210343435405517,0.32852324857201276,0.36615237746165286,0.4516230826098694,0.3636505993847847,0.41324630809236973,0.43241869638293756,0.4591515226324463,0.42635072278533337,0.3670660121450332,0.29478217294906794
0.3065187706018268,0.6575052240555866,0.7448891025063401,0.0,0.6400154766160437,0.3821715685807563,0.41969216475009075,0.3857816414659798,0.42632235302582006,0.4086196976871317,0.43435099927024157,0.4383497252876128,0.5104004991119487,0.4976050567323838,0.4556959742362643,0.5042447324542837,0.4587932549387046,0.44550487035355846,0.47370600965493626,0.45554860532194785,0.4860838997885554,0.3922326474386182,0.38438446812786303,0.35736546878871517,0.6757427400814575,0.6123013489946653,0.6282099563383542,0.6679994413438218,0.6801703896254656,0.6324233404628883,0.5618359063296486,0.6748242124487251,0.4547492299839568,0.4010619351044841,0.513438807715254,0.39333098704121555,0.5115509094909351,0.44464890411761704,0.4218697986562577,0.3776214336705692,0.3256295670945167,0.43562069834470535,0.4153108910826916,0.3326914874287855,0.352753640448436,0.3772257410937099,0.4212312271005782,0.3858752296451138,0.40600214395645695,0.4721482171867455,0.4349284040837353,0.42105099336823804,0.48932537420697375,0.5086065395131216,0.4571546499294131,0.42538677625903293,0.3197794325635498
0.320082323063704,0.7970944832292167,0.4334571673948635,0.6400154766160437,0.0,0.38672788226277166,0.42101195228546623,0.42547838773971275,0.44114632422368705,0.4651291383580646,0.4465498481553957,0.3919893837522751,0.46370153383551366,0.4371018120098843,0.45804889282294353,0.46103399098605635,0.38681827808416785,0.4117165761305679,0.45461311307167696,0.4448177840234101,0.4443670294119285,0.41322571890326104,0.42384950965492896,0.3931750600398575,0.7061665094123878,0.6657463319747199,0.6520957533647571,0.6708933736942879,0.7197995410411518,0.628661494492238,0.6889592653976204,0.6631591176127207,0.4958956083732387,0.4185664954314859,0.5305226514219684,0.4294471566694482,0.504358691658326,0.41568907871605926,0.37950661377945955,0.3724037916078207,0.3575747622292896,0.42964822443779366,0.39075077159948296,0.34801476479811155,0.3457814041609274,0.37655518176294744,0.42763729387365845,0.4199353930237748,0.4151515883482633,0.4175433416536504,0.453668817916637,0.44671603399996634,0.4892859195645388,0.47954538184156376,0.3966712038591303,0.4584544386326514,0.34072373626306
0.8943362411315012,0.3045671131858769,0.3382790491505448,0.3821715685807563,0.38672788226277166,0.0,0.9144622753231529,1.0,0.9677063552357538,0.9403597469454348,0.9211868286576063,0.8246384936404584,0.8544672340865946,0.8970528735575258,0.7879532426159709,0.8733385497603271,0.8027837771989826,0.9044773189746966,0.9487377342884757,0.9754703490901094,0.8254488760126759,0.9077974273249281,0.9252749809468563,0.9874955971612047,0.45608430789226473,0.5772375111449222,0.3781346085427776,0.3356770501210929,0.34350026908997844,0.3969989850102948,0.5156357093681649,0.5056180697523953,0.764837758743693,0.9801621344244096,0.8412324722616379,0.8361180754706875,0.7662101493874949,0.8981722348416121,0.9139511581452974,0.9372051614670793,0.9190653677128553,0.9019483777901262,0.8115146747475418,0.8708517974730058,0.867868747795149,0.8786128539512942,0.9594290163651173,1.0,0.9564710921902715,0.8496077194200424,0.9173554148817956,0.9472158234966764,0.9608666638011053,0.8551851591406182,0.8583150329753643,0.959985328834453,0.8883531636445926
0.8376738620749509,0.33785382258143676,0.36030422475299184,0.41969216475009075,0.42101195228546623,0.9144622753231529,0.0,0.9655575839295804,0.9491660947278131,0.9054809543838492,0.9421087201593215,0.8942422623776555,0.9147437105529925,0.8331728774283079,0.8665738563591097,0.9097229444724061,0.8223367985311869,0.9293681039656502,0.9388492853033864,0.945463141848054,0.848801926101843,0.8784007411064344,0.9634705946791194,0.8770149996457625,0.4891770202941504,0.6432368418063915,0.4146368997713621,0.36523108910728,0.37084375748671483,0.43301386457200625,0.5472720487453124,0.5649744997366383,0.7671142584880742,0.859493937322271,0.8782517242298,0.8076036642182319,0.8156614945565913,0.8792987194246912,0.8685608587981406,0.8917152072548065,0.8602344053026375,0.8931739527754159,0.85244642906898,0.8204111069165181,0.8731197438195566,0.8845738847875008,0.9127585356797052,0.8657741435424007,0.8650715563417603,0.8855437444166742,0.9065673502825492,0.9123926635855851,0.9906392999517809,0.8382607264068647,0.8435307800926343,0.8965106514555188,0.9122567229024978
0.8670757720298018,0.3089900025903676,0.34454661609675474,0.3857816414659798,0.42547838773971275,1.0,0.9655575839295804,0.0,0.9548044177670969,0.9702540488943211,0.9506301722127498,0.8845008807247621,0.9031110902766848,0.8813696983028017,0.9388705398133884,0.9100599947369092,0.8344506646821094,0.8913173757369219,0.9563518110732327,1.0,0.9523378023103207,0.9121234681174298,1.0,0.9142840276213101,0.4794618069595297,0.5818060081578003,0.38261341499713397,0.34328274393964153,0.3363162167209798,0.3893926340622299,0.5371340157622383,0.5116019820688532,0.7933055388370472,0.9431938321814317,0.8675204946762631,0.8535500385364766,0.7542889546092254,0.9586276889356462,0.927914276797003,0.9840442431208909,0.932080733233224,0.8281385080440525,0.8957126219474305,0.8701193189811434,0.885662996059141,0.9569938959568998,0.9724013965190221,1.0,0.9427877353035015,0.8962281645147007,0.8841845480016873,0.9588585629707711,0.9567646041609033,0.9142066622055736,0.9267947104839057,1.0,1.0
0.8687093422123058,0.3519590195257614,0.37288614984873947,0.42632235302582006,0.44114632422368705,0.9677063552357538,0.9491660947278131,0.9548044177670969,0.0,0.9823404539769317,0.9645930241348181,0.8464847677922434,0.909089412230708,0.8520970298842576,0.8950010902147681,0.9589986366903287,0.8755727369173716,1.0,0.9346661935854701,1.0,0.9235756018037861,0.9519930845001758,0.9571296505857186,0.9166974062519971,0.5387636443899358,0.6342150898143026,0.42283849424877645,0.36744561423116606,0.38985503230779284,0.44362490098798407,0.5864754163655779,0.5760428990476963,0.808514877253493,0.9792690511201619,0.8926580753362889,0.8141070404084175,0.8598289685657522,0.9401651099363298,0.8866979888326088,0.8991146746822266,0.9300459008636343,0.9103942611463409,0.8832531444538388,0.832227810681441,0.8871877305893272,0.8815453996432322,0.9237656551307291,0.9121802231041274,0.974230810109247,0.9024209005509513,0.9345020066211688,0.925431244088058,0.9824733069815988,0.9100625724772837,0.9441493179873778,0.9694219909584934,0.929185503647386
0.8884967577894193,0.3472851237009079,0.359323472697233,0.4086196976871317,0.4651291383580646,0.9403597469454348,0.9054809543838492,0.9702540488943211,0.9823404539769317,0.0,1.0,0.8349453176421536,0.8986592966969463,0.889004591763438,0.8425360085695552,0.9056986115109812,0.8729189399014883,0.8852848233095829,0.9235244465627623,0.9312529519884882,0.8955202408787899,0.9514392665572071,0.9783016910427422,0.9216724444049703,0.5070138044275418,0.6287174990582736,0.4077549978166154,0.3761214277826296,0.3653227257964886,0.43697886753823184,0.5622139770173684,0.5650676384401765,0.8041996418383156,0.9181450150893765,0.8749972220736527,0.9180564896563539,0.8065849083251582,0.8977988773230307,0.9272665325759489,0.873520597260895,0.9250266416992875,0.8900049696335924,0.8109914666151365,0.8319454554639204,0.8852629253863095,0.8257313766548018,0.8738347272256524,0.985670107776943,0.9641448468627534,0.8401221464249304,0.9140959612349504,0.9382706259383686,0.9514372276438061,0.8349682710742734,0.8541772276759265,0.9443970182405048,0.9136592833879441
0.8498837335432896,0.32558640745248235,0.39528427087991375,0.43435099927024157,0.4465498481553957,0.9211868286576063,0.9421087201593215,0.9506301722127498,0.9645930241348181,1.0,0.0,0.9655464122045772,0.968131659924214,0.9478684592093432,0.9742212792686546,0.9414369517323463,0.9386127360278641,1.0,0.9316357519635567,1.0,1.0,0.9182912328468443,0.9607137222544763,0.9029727885459894,0.4903289550020317,0.6121812309536073,0.40512686935017167,0.3618982469744985,0.35378420700653884,0.42244141961185616,0.5432477396743585,0.5606587801986757,0.7614400921155963,0.8657140348766555,0.8715031792197322,0.7777020197457635,0.7880446288355397,0.8853998025060169,0.8512752764981313,0.9303435466592453,0.9400573053058975,0.8544629470478047,0.8393765938453814,0.79844967187876,0.9155266126964998,0.9009318195771409,0.9195133046829488,0.9083456190301982,0.9124926496072048,0.9062026579023353,0.8951489893997148,0.9503133427927144,0.9768494574866946,0.9879028244618753,0.9836097312766252,1.0,0.9000621089904715
0.6624094424502217,0.3079725517804674,0.42347192967741754,0.4383497252876128,0.3919893837522751,0.8246384936404584,0.8942422623776555,0.8845008807247621,0.8464847677922434,0.8349453176421536,0.9655464122045772,0.0,0.9004542566609738,0.9042110413968361,0.8575443299879558,0.8801031347862233,0.927458788840155,0.9840740083664088,0.9130758886380537,0.9791773831843342,0.9077996300771359,0.7364300416266638,0.766522323942988,0.7325299548329463,0.4428457968720837,0.5367863091341207,0.36460255191420504,0.33806831805753845,0.3268314035692357,0.38099844532683164,0.4693682432977852,0.5120508890982469,0.6351637995306637,0.7333829937316326,0.7254215154724745,0.7040042249903757,0.7105374303831684,0.7713871995389256,0.7620840380485734,0.7580369396568057,0.7293780027074216,0.7481418687595353,0.7254483978668849,0.6399470578221067,0.749162665919166,0.7809004405465981,0.8265859579016738,0.7310972176554926,0.85071110007502,0.8345563122218586,0.7820432670972466,0.8593506727003468,0.9228660546035757,0.8935098355863186,0.9788787735647604,0.841516267383137,0.7224025536003903
0.6901822373820278,0.347490416839537,0.4787908280721596,0.5104004991119487,0.46370153383551366,0.8544672340865946,0.9147437105529925,0.9031110902766848,0.909089412230708,0.8986592966969463,0.968131659924214,0.9004542566609738,0.0,1.0,0.8346717687554726,0.9452313325629739,0.9212739677200713,0.9726607526622225,0.927015625076102,0.9595461613637061,0.9102575379933232,0.8391349062621325,0.8270945660197647,0.7575617674537893,0.5170683567016323,0.6124040945875207,0.405726132074826,0.37743611795013327,0.36289343193169815,0.4212279229487972,0.5134545117612449,0.5549648581953258,0.6950746137091293,0.8317596012705332,0.8292907916032629,0.7535787527890005,0.7321116736510846,0.841788679226624,0.8443421069482184,0.7854620889690092,0.7328922698411755,0.8564360619822348,0.8204413989879892,0.6927035949843157,0.807580262374408,0.7920737931233586,0.8733559494942383,0.8096983387231957,0.908534584857933,0.8884373606917526,0.837050661659767,0.9408057434290689,0.9649411231674994,0.9440051064113553,0.9434455551444103,0.8544964354726997,0.8172909150338067
0.697731113941171,0.33156433256213036,0.4877124101392086,0.4976050567323838,0.4371018120098843,0.8970528735575258,0.8331728774283079,0.8813696983028017,0.8520970298842576,0.889004591763438,0.9478684592093432,0.9042110413968361,1.0,0.0,0.8512947165872639,0.9642756589578111,0.9286070285465763,0.9662092146705477,0.9123755448186992,0.962309721137121,0.888470875169002,0.8053361314431207,0.81299333231716,0.818943071949013,0.49419201031224114,0.5921690227270585,0.395230969103529,0.3685330776927951,0.3494128149876169,0.40557824596645436,0.5013914224120808,0.5576108894665747,0.6386823124615004,0.8066884163190475,0.8051578051949465,0.6999072093905391,0.7519846649534836,0.8634015706084098,0.8294114658521513,0.7570184307227205,0.6756208664013724,0.7742450995113116,0.7944334147052561,0.6551017232750088,0.789453764678766,0.796395905682758,0.8124113906483,0.7910861111425225,0.8389165513424428,0.8871452967282666,0.7940893420627941,0.9716219296801688,0.9901576506982197,0.8956390026751413,0.9320298502721538,0.8166952063661399,0.7254918273576659
0.7472833357750615,0.33982763679271705,0.4066748909396427,0.4556959742362643,0.45804889282294353,0.7879532426159709,0.8665738563591097,0.9388705398133884,0.8950010902147681,0.8425360085695552,0.9742212792686546,0.8575443299879558,0.8346717687554726,0.8512947165872639,0.0,0.9682315495329236,0.7882593858011543,0.8968784209245453,0.9214824580408576,0.8990890256664038,0.9549568588171373,0.8306093363274973,0.832235349218325,0.7974777367858573,0.4808515386304206,0.5546319427171531,0.39799474891032893,0.3640467131787256,0.35595565666332324,0.40222889677698437,0.5247733256951079,0.5185491017860201,0.671551882547462,0.8176368065454703,0.7912582631533902,0.8046869272829329,0.7105840104048087,0.8142678663124171,0.8379452540857827,0.8045225680964627,0.802512904113271,0.7871155647750123,0.8531375090742688,0.7754632049357159,0.7893521677154614,0.8564650502434366,0.843687366043917,0.8195266026722587,0.886322557382135,0.8657376879995862,0.7939886828528255,0.8048618682076341,0.896486832962334,0.873517405546611,0.8658301044023846,0.856708830650656,0.8180997550164961
0.7273989059840754,0.3733491690568983,0.45763815496035537,0.5042447324542837,0.46103399098605635,0.8733385497603271,0.9097229444724061,0.9100599947369092,0.9589986366903287,0.9056986115109812,0.9414369517323463,0.8801031347862233,0.9452313325629739,0.9642756589578111,0.9682315495329236,0.0,0.9205740310842352,0.9489606559117622,0.9931792088066995,1.0,0.9985256048155083,0.8863287578502381,0.8691231434990664,0.8407307768696347,0.5575655270174711,0.6849323576320642,0.45708468582133044,0.4077857992212879,0.41179303765970565,0.4604197009854762,0.5967534477723871,0.6011641592084428,0.745518223675557,0.8571617402832854,0.8228650139859266,0.8119291654346309,0.7963551205211675,0.8696904765607342,0.8687250329856446,0.8849162677244121,0.7814740768863878,0.8351550484015023,0.8907477936693412,0.7688349347068831,0.8022196918666251,0.8505029586930091,0.909400464434703,0.8400996055511701,0.8506747131847765,0.8945126768407057,0.9149824896913945,0.916355258353365,0.9595350054870179,0.9605694588760777,0.8700639786444743,0.9612321713114012,0.8630035265737044
0.7024991703077333,0.29787470798444743,0.46992934280049753,0.4587932549387046,0.38681827808416785,0.8027837771989826,0.8223367985311869,0.8344506646821094,0.8755727369173716,0.8729189399014883,0.9386127360278641,0.927458788840155,0.9212739677200713,0.9286070285465763,0.7882593858011543,0.9205740310842352,0.0,1.0,0.8534347427256712,0.8938984703311968,0.9111374162821533,0.7726585262389003,0.7717463110195343,0.73924933007097,0.4331365771827048,0.5099310529133829,0.358425555978563,0.33366041609717106,0.31281574505826315,0.3600343459616886,0.44584592519036126,0.48266511399241385,0.604813189510412,0.8073854560135744,0.7188067039648552,0.6701982161026359,0.6697246743938021,0.8069781603083453,0.7833453131334159,0.722526214700335,0.7162730810038589,0.7448516425538306,0.743445814727506,0.6477665393044111,0.7845895069188852,0.794958859875859,0.778597160743758,0.7385127898602288,0.8304696819450699,0.9083128795651996,0.7427475830835041,1.0,0.9045465886195719,0.8983500043010861,0.9853133716001558,0.8331938281680975,0.7253450024518128
0.7326380025908804,0.3193688418886689,0.42891142225338696,0.44550487035355846,0.4117165761305679,0.9044773189746966,0.9293681039656502,0.8913173757369219,1.0,0.8852848233095829,1.0,0.9840740083664088,0.9726607526622225,0.9662092146705477,0.8968784209245453,0.9489606559117622,1.0,0.0,0.9620933996251297,0.9863897789026885,0.9787078912604822,0.8163358862879887,0.881524459545985,0.8432888340579894,0.4778622547434818,0.559256958568805,0.3932879007651961,0.34624337947730677,0.3481991144709538,0.39789521317809384,0.4973705915356323,0.5125449491125931,0.6703900696547241,0.8962629719790545,0.8428857578828567,0.7380026702820868,0.7358734212196337,0.8677528441848738,0.8484615627445349,0.8381423598939675,0.8340264427040532,0.8086924162668022,0.8105851903451897,0.7455879820340798,0.8468810359822052,0.8504161510632164,0.8679011745990076,0.8023011644516829,0.9155501024394557,0.90078405989641,0.8632792888505039,0.9436736037359961,0.9784590812825638,0.961666519572283,1.0,0.907398406412552,0.8359240567499272
0.7952707300740175,0.356143467159034,0.4071716601053563,0.47370600965493626,0.45461311307167696,0.9487377342884757,0.9388492853033864,0.9563518110732327,0.9346661935854701,0.9235244465627623,0.9316357519635567,0.9130758886380537,0.927015625076102,0.9123755448186992,0.9214824580408576,0.9931792088066995,0.8534347427256712,0.9620933996251297,0.0,0.9953228637128335,0.9935213413195965,0.8976248047495067,0.9382801497154858,0.8880027825012993,0.5566240629480089,0.6906426533529874,0.44104512897363507,0.40398701853563396,0.41201212189353464,0.46889834605583697,0.6087898598169939,0.6337978187601447,0.8450990256367,0.8454090442555133,0.8800114392901733,0.8633979198770801,0.8625995864102604,0.8859602474613907,0.9156959979116588,0.8925091371145862,0.8776591202929833,0.8843892603685691,0.8203332742669667,0.791708763267153,0.8078398332885215,0.8334026929056262,0.91463881913671,0.9449850494584001,0.9846947920753252,0.8700129555019003,0.9905975020549216,0.9474428148432947,1.0,0.9608254220989457,0.9631355123311508,0.9369505536194862,0.8839465497423665
0.8440458795258297,0.3475161876486653,0.3973211098415546,0.45554860532194785,0.4448177840234101,0.9754703490901094,0.945463141848054,1.0,1.0,0.9312529519884882,1.0,0.9791773831843342,0.9595461613637061,0.962309721137121,0.8990890256664038,1.0,0.8938984703311968,0.9863897789026885,0.9953228637128335,0.0,1.0,0.9379399593646989,0.9826937815646432,0.9158681924996254,0.5292404458145231,0.6620842012375184,0.43212459835093775,0.3830370032039145,0.38441435638410487,0.43793327739221144,0.5796391604732828,0.5904694373679388,0.7713908642592379,0.9261975511148266,0.8444438024651221,0.9003548736923955,0.8656661718694959,0.9656914899276327,0.9502147301560979,0.9300578982048271,0.913219478439527,0.8778893918960065,0.9038622204385076,0.8912749968908096,0.9163853343055168,0.9360976102200957,0.9764094717275194,0.983490526455557,0.9694369440252808,0.9012668047717745,0.986841434249753,0.9899432186787793,1.0,1.0,0.9947648899031518,1.0,0.9092245167963608
0.7390342012068394,0.34629876553724714,0.44289286333592215,0.4860838997885554,0.4443670294119285,0.8254488760126759,0.848801926101843,0.9523378023103207,0.9235756018037861,0.8955202408787899,1.0,0.9077996300771359,0.9102575379933232,0.888470875169002,0.9549568588171373,0.9985256048155083,0.9111374162821533,0.9787078912604822,0.9935213413195965,1.0,0.0,0.8650313585145771,0.9286067968913007,0.8195173694299427,0.5271624894731114,0.6332539985318739,0.42555627454192335,0.39156870487946066,0.3877957872207165,0.44004387368322895,0.5603126647177644,0.598668367241586,0.7750684972334203,0.8727335590764267,0.8138737405989314,0.8514782408905802,0.8016106628746446,0.8554802987020543,0.8535467192652673,0.8282139871925149,0.8048191676544955,0.8751962793211655,0.8285626436483488,0.8035337537228592,0.8256138673277937,0.8453046478574081,0.9019813616654151,0.880561502348611,0.8842165781836097,0.8874669292609385,0.926715942026371,0.9268719388706811,0.9537235412731774,1.0,0.9618365259739609,0.9349849425883415,0.8086209778502841
0.8452863475612393,0.3382515297253211,0.3379017742074433,0.3922326474386182,0.41322571890326104,0.9077974273249281,0.8784007411064344,0.9121234681174298,0.9519930845001758,0.9514392665572071,0.9182912328468443,0.7364300416266638,0.8391349062621325,0.8053361314431207,0.8306093363274973,0.8863287578502381,0.7726585262389003,0.8163358862879887,0.8976248047495067,0.9379399593646989,0.8650313585145771,0.0,0.9838857739163623,0.9101165658534206,0.4869297531078718,0.6187445291567548,0.4271418829079488,0.3657840814727556,0.37592626546724817,0.4396760014300929,0.5805322611931033,0.5504222501595185,0.7492854079224778,0.8656270493469231,0.8396842981232938,0.8969864499117435,0.7699310208753805,0.8901707731503192,0.8822516276618191,0.9489954953188136,0.869499368676977,0.9166602037891226,0.8672715344285684,0.8982322871793207,0.8506516931641982,0.8947318441045276,0.9329193697968767,0.9881687876124986,0.9751740334793689,0.8197434663129364,0.9311185265561218,0.8243949221757169,0.9127786501517808,0.8637715255639391,0.8159896014004041,0.9349378819210776,0.9429860903531071
0.9450622029993123,0.3362233170281583,0.3219332065042558,0.38438446812786303,0.42384950965492896,0.9252749809468563,0.9634705946791194,1.0,0.9571296505857186,0.9783016910427422,0.9607137222544763,0.766522323942988,0.8270945660197647,0.81299333231716,0.832235349218325,0.8691231434990664,0.7717463110195343,0.881524459545985,0.9382801497154858,0.9826937815646432,0.9286067968913007,0.9838857739163623,0.0,0.9568359846117352,0.4971808632405665,0.6358894344383733,0.41681633495761994,0.3665295753070603,0.38173851200798803,0.44123579097110505,0.5472922182121758,0.525205478063102,0.8290319706539327,0.9549994490224313,0.8304611541247973,0.9608509233259365,0.77987774477916,0.9348382771857814,0.8674366526058764,0.9514212938710691,0.9570334990960887,0.8820158039458582,0.8400090485513982,0.9515980199578769,0.9022467399162202,0.900034722094856,0.9870415794309232,0.9828909566510474,0.8813690209137846,0.8798539725573421,0.9720956824002777,0.8328239397082935,0.9539593755894963,0.866022552181483,0.8199619763130105,0.9626638684550274,0.9680371430961946
0.8568373236395883,0.3154605808564406,0.30475621357351035,0.35736546878871517,0.3931750600398575,0.9874955971612047,0.8770149996457625,0.9142840276213101,0.9166974062519971,0.9216724444049703,0.9029727885459894,0.7325299548329463,0.7575617674537893,0.818943071949013,0.7974777367858573,0.8407307768696347,0.73924933007097,0.8432888340579894,0.8880027825012993,0.9158681924996254,0.8195173694299427,0.9101165658534206,0.9568359846117352,0.0,0.4680212743686409,0.5727047552756568,0.39175502627140907,0.3411104274842498,0.35727001072014997,0.41482415585860094,0.5402628944937502,0.5032309038899779,0.7676136507489567,0.9386431659464245,0.8219503193983955,0.8876971855290526,0.7309712016648278,0.9277667257714522,0.8946727239174836,0.9228423970046866,0.9488754462398804,0.8812035808347192,0.814144325878119,0.9271916704471834,0.8644647281475433,0.8603424024182581,0.9563475682504085,0.9483255385624662,0.886713922157153,0.8364394270281638,0.8746299530199367,0.8253710568648106,0.8484583204127395,0.7757238485329337,0.7921694411294236,0.8925352101484403,0.9098899454556706
0.3781243533342355,0.715015039501442,0.43728367752352904,0.6757427400814575,0.7061665094123878,0.45608430789226473,0.4891770202941504,0.4794618069595297,0.5387636443899358,0.5070138044275418,0.4903289550020317,0.4428457968720837,0.5170683567016323,0.49419201031224114,0.4808515386304206,0.5575655270174711,0.4331365771827048,0.4778622547434818,0.5566240629480089,0.5292404458145231,0.5271624894731114,0.4869297531078718,0.4971808632405665,0.4680212743686409,0.0,0.9361841036184845,0.8674082599908389,0.8602508979826753,0.9258749660961242,0.9163158197582346,0.8886680455871538,0.8735482248202474,0.7114914669221837,0.4844076960700554,0.6709038116527927,0.5500109762048797,0.7221069005828162,0.5487613842475731,0.4922034402487795,0.5057636245597464,0.44040512048608405,0.6015343368574845,0.4788008533111533,0.4184531707537363,0.4083714282108398,0.461214915899451,0.5025729206353337,0.4895080922193834,0.4904355588260185,0.47577348036161404,0.5623489526496175,0.46635626451617224,0.5924623746899931,0.5783708576100506,0.46483936849366675,0.5281749806108551,0.40393519862217847
0.480980459940825,0.6264070015551857,0.4136703187099244,0.6123013489946653,0.6657463319747199,0.5772375111449222,0.6432368418063915,0.5818060081578003,0.6342150898143026,0.6287174990582736,0.6121812309536073,0.5367863091341207,0.6124040945875207,0.5921690227270585,0.5546319427171531,0.6849323576320642,0.5099310529133829,0.559256958568805,0.6906426533529874,0.6620842012375184,0.6332539985318739,0.6187445291567548,0.6358894344383733,0.5727047552756568,0.9361841036184845,0.0,0.8209392389234262,0.7139118287975365,0.7853409473239664,0.8424903527341361,0.967357761770065,0.9472176859224455,0.8568397434705269,0.5927874391801855,0.8083094359454837,0.6728141550269744,0.8535292964062207,0.6723128348744577,0.6116056587614846,0.6358644936237716,0.5398447439807653,0.7628799902486847,0.5641350707997004,0.5060446854281518,0.5149712654229301,0.5608168796868646,0.5936661560058445,0.6015072964672471,0.5932752108650112,0.5854996248989077,0.7132785585779615,0.5654908217877177,0.7322894667018517,0.7222640112078068,0.5594817827134679,0.6471470220889027,0.5046351067103882
0.317678333942917,0.7693279542277308,0.38415002764719675,0.6282099563383542,0.6520957533647571,0.3781346085427776,0.4146368997713621,0.38261341499713397,0.42283849424877645,0.4077549978166154,0.40512686935017167,0.36460255191420504,0.405726132074826,0.395230969103529,0.39799474891032893,0.45708468582133044,0.358425555978563,0.3932879007651961,0.44104512897363507,0.43212459835093775,0.42555627454192335,0.4271418829079488,0.41681633495761994,0.39175502627140907,0.8674082599908389,0.8209392389234262,0.0,0.8763546773342628,0.8672478292876954,0.9568927488441885,0.8798196001223043,0.8002293450975825,0.6223276937473775,0.3872021905827905,0.5769013057112923,0.4772765820757939,0.6016830547488072,0.48576175914274855,0.4097724319197584,0.43392955374855785,0.3726928773132601,0.486057605950728,0.3939922602893733,0.3355138765097993,0.34304121988185077,0.40620168949879704,0.40063621879051975,0.39983176949784527,0.40962124352907514,0.3876294555846552,0.42913822156158316,0.3894421012888272,0.47650537725659087,0.4447048617156129,0.3738673443755601,0.42274032433821274,0.3325691076038881
0.28449254686247044,0.8122490996150311,0.4087788843227761,0.6679994413438218,0.6708933736942879,0.3356770501210929,0.36523108910728,0.34328274393964153,0.36744561423116606,0.3761214277826296,0.3618982469744985,0.33806831805753845,0.37743611795013327,0.3685330776927951,0.3640467131787256,0.4077857992212879,0.33366041609717106,0.34624337947730677,0.40398701853563396,0.3830370032039145,0.39156870487946066,0.3657840814727556,0.3665295753070603,0.3411104274842498,0.8602508979826753,0.7139118287975365,0.8763546773342628,0.0,0.8992793957853576,0.9596535668476888,0.7589806008259978,0.7561238064566436,0.5338859594438521,0.34973516515021374,0.4915074819191133,0.4063746512643546,0.5410567218459251,0.41108963661289843,0.3659210020520969,0.36746553481809063,0.32841782596833674,0.4363976165400833,0.363895622527154,0.30946461291349203,0.31001132662552566,0.3581788124130462,0.3613212011654017,0.34725968886640823,0.35868014041016255,0.35175759079388413,0.38830306302708606,0.35569420917823674,0.41494585952648455,0.3969398282144824,0.3429664877152675,0.37131138980155914,0.29565533626671164
0.2861719761732257,0.9051557776921361,0.39754138141520173,0.6801703896254656,0.7197995410411518,0.34350026908997844,0.37084375748671483,0.3363162167209798,0.38985503230779284,0.3653227257964886,0.35378420700653884,0.3268314035692357,0.36289343193169815,0.3494128149876169,0.35595565666332324,0.41179303765970565,0.31281574505826315,0.3481991144709538,0.41201212189353464,0.38441435638410487,0.3877957872207165,0.37592626546724817,0.38173851200798803,0.35727001072014997,0.9258749660961242,0.7853409473239664,0.8672478292876954,0.8992793957853576,0.0,0.9824968351702089,0.8307857013800768,0.8168922460262424,0.5573701040857687,0.36394708478931936,0.5363709036535337,0.4198287356760955,0.5529397117176126,0.41926261548407096,0.3742558037887076,0.39758968560794267,0.32929051749591665,0.45610699994844545,0.37209090364195074,0.3188803984377849,0.3043856267753108,0.35153615923770115,0.36303398491543176,0.36277574651079414,0.3667735072883638,0.3575429463610394,0.4239292086382207,0.33751057279086655,0.4241123038006074,0.42820981128475893,0.3334178387564265,0.3869704788773294,0.29134256825016575
0.3340718269107855,0.7868536960080709,0.3788521782390411,0.6324233404628883,0.628661494492238,0.3969989850102948,0.43301386457200625,0.3893926340622299,0.44362490098798407,0.43697886753823184,0.42244141961185616,0.38099844532683164,0.4212279229487972,0.40557824596645436,0.40222889677698437,0.4604197009854762,0.3600343459616886,0.39789521317809384,0.46889834605583697,0.43793327739221144,0.44004387368322895,0.4396760014300929,0.44123579097110505,0.41482415585860094,0.9163158197582346,0.8424903527341361,0.9568927488441885,0.9596535668476888,0.9824968351702089,0.0,0.8792903739500237,0.8945566667871332,0.6946970653472607,0.4125428900279248,0.6157805708872287,0.5084423155023753,0.6712768832491924,0.5065557541559893,0.4372753878366554,0.4672192627890192,0.3935321820832972,0.5542960613431062,0.4183877025289154,0.3531657391972409,0.36033705340386846,0.42642136756103755,0.4241251951123841,0.40256190852909884,0.43017715779969473,0.4112797226980128,0.4572363217067734,0.39688243833662934,0.5146844394660378,0.4757130976091029,0.39200927383235024,0.439008436883314,0.3481507378651251
0.4494467747248551,0.6592481311306976,0.36234047434917066,0.5618359063296486,0.6889592653976204,0.5156357093681649,0.5472720487453124,0.5371340157622383,0.5864754163655779,0.5622139770173684,0.5432477396743585,0.4693682432977852,0.5134545117612449,0.5013914224120808,0.5247733256951079,0.5967534477723871,0.44584592519036126,0.4973705915356323,0.6087898598169939,0.5796391604732828,0.5603126647177644,0.5805322611931033,0.5472922182121758,0.5402628944937502,0.8886680455871538,0.967357761770065,0.8798196001223043,0.7589806008259978,0.8307857013800768,0.8792903739500237,0.0,0.908598260514052,0.8288764281608078,0.5441301993516299,0.7895754739736852,0.6398752425849005,0.8922435290665343,0.6542637264185011,0.5500943353159736,0.6005403298488077,0.516536595449216,0.7217219941230006,0.5143117035778466,0.4591688349068304,0.46823039236736824,0.5185544382413942,0.5219421336513856,0.5495232322945182,0.5327080331651579,0.49639805048578534,0.6031712337113205,0.5099463806775304,0.618266788113695,0.5817177332941298,0.4878818317953886,0.5910055842352557,0.4482273436163754
0.4247335305502534,0.6556628541228544,0.4429997885550655,0.6748242124487251,0.6631591176127207,0.5056180697523953,0.5649744997366383,0.5116019820688532,0.5760428990476963,0.5650676384401765,0.5606587801986757,0.5120508890982469,0.5549648581953258,0.5576108894665747,0.5185491017860201,0.6011641592084428,0.48266511399241385,0.5125449491125931,0.6337978187601447,0.5904694373679388,0.598668367241586,0.5504222501595185,0.525205478063102,0.5032309038899779,0.8735482248202474,0.9472176859224455,0.8002293450975825,0.7561238064566436,0.8168922460262424,0.8945566667871332,0.908598260514052,0.0,0.7814410093636037,0.5335557559417338,0.7503136007951606,0.6041601835025117,0.7938139164324204,0.6171619651203212,0.5599771248081115,0.5833285608468964,0.47207970015750106,0.6920766772347148,0.5134894364283256,0.4488261780163656,0.45919937894231466,0.5185253337171627,0.537815491510414,0.5412203623735201,0.5347048536553272,0.5348990586268825,0.6236384139970552,0.5364594991469984,0.6658629523754731,0.6502308157306793,0.5306616374513329,0.5703589013142721,0.4399787965925911
0.6804387302056943,0.4474699083867468,0.3297543173395202,0.4547492299839568,0.4958956083732387,0.764837758743693,0.7671142584880742,0.7933055388370472,0.808514877253493,0.8041996418383156,0.7614400921155963,0.6351637995306637,0.6950746137091293,0.6386823124615004,0.671551882547462,0.745518223675557,0.604813189510412,0.6703900696547241,0.8450990256367,0.7713908642592379,0.7750684972334203,0.7492854079224778,0.8290319706539327,0.7676136507489567,0.7114914669221837,0.8568397434705269,0.6223276937473775,0.5338859594438521,0.5573701040857687,0.6946970653472607,0.8288764281608078,0.7814410093636037,0.0,0.7454776633475532,0.9573809454684405,0.9432448726144359,0.9394233991509578,0.8417144105102798,0.7360922556704727,0.8522301571497879,0.7803693611278228,0.9393162035588488,0.6813990599227782,0.6979190191732952,0.6560474809621015,0.7189452621505255,0.7856166005705272,0.7884171111956988,0.7064494011408113,0.6603482331330703,0.8781376339426794,0.6646581377014308,0.8142201025565488,0.7796360228538967,0.6763368220056639,0.8474790880287323,0.6871240165587462
0.8503250017103556,0.3286415133011039,0.34758410461339256,0.4010619351044841,0.4185664954314859,0.9801621344244096,0.859493937322271,0.9431938321814317,0.9792690511201619,0.9181450150893765,0.8657140348766555,0.7333829937316326,0.8317596012705332,0.8066884163190475,0.8176368065454703,0.8571617402832854,0.8073854560135744,0.8962629719790545,0.8454090442555133,0.9261975511148266,0.8727335590764267,0.8656270493469231,0.9549994490224313,0.9386431659464245,0.4844076960700554,0.5927874391801855,0.3872021905827905,0.34973516515021374,0.36394708478931936,0.4125428900279248,0.5441301993516299,0.5335557559417338,0.7454776633475532,0.0,0.8459404848795044,0.8536465081251889,0.7945460806170229,0.9193267191252158,0.9468704821581987,0.8818909644032956,0.8929052746951759,0.8808525694406094,0.8237901847181444,0.8987004438677489,0.8691338399258949,0.908782841591945,0.9222816193247061,0.8841962016144773,0.8572424333018792,0.8578082201519582,0.9688835141994563,0.9008021783334521,0.8816153172063997,0.8368606872179766,0.8023885265407149,0.8760318297453216,0.9324581767341482
0.7413130257651867,0.43796666298727394,0.39458555341431606,0.513438807715254,0.5305226514219684,0.8412324722616379,0.8782517242298,0.8675204946762631,0.8926580753362889,0.8749972220736527,0.8715031792197322,0.7254215154724745,0.8292907916032629,0.8051578051949465,0.7912582631533902,0.8228650139859266,0.7188067039648552,0.8428857578828567,0.8800114392901733,0.8444438024651221,0.8138737405989314,0.8396842981232938,0.8304611541247973,0.8219503193983955,0.6709038116527927,0.8083094359454837,0.5769013057112923,0.4915074819191133,0.5363709036535337,0.6157805708872287,0.7895754739736852,0.7503136007951606,0.9573809454684405,0.8459404848795044,0.0,0.808002695184698,0.8914768915142759,0.8897760078992578,0.8826336477503679,0.9028384985834272,0.7435750751378487,0.8945974845406228,0.802437780876781,0.7339868857624103,0.7360141321210245,0.7662776763357038,0.8239654399807005,0.8529372895300606,0.8155123853009243,0.7319967130528199,0.9621164349416714,0.8521051103548982,0.8863324337244617,0.8733346643140592,0.7955713938664715,0.8426240174057479,0.7678764353051252
0.8191683965798903,0.3660961005839978,0.30982462283946693,0.39333098704121555,0.4294471566694482,0.8361180754706875,0.8076036642182319,0.8535500385364766,0.8141070404084175,0.9180564896563539,0.7777020197457635,0.7040042249903757,0.7535787527890005,0.6999072093905391,0.8046869272829329,0.8119291654346309,0.6701982161026359,0.7380026702820868,0.8633979198770801,0.9003548736923955,0.8514782408905802,0.8969864499117435,0.9608509233259365,0.8876971855290526,0.5500109762048797,0.6728141550269744,0.4772765820757939,0.4063746512643546,0.4198287356760955,0.5084423155023753,0.6398752425849005,0.6041601835025117,0.9432448726144359,0.8536465081251889,0.808002695184698,0.0,0.7740110433512116,0.9231287178943726,0.7984227113040665,0.9050065963817256,0.870029154595169,0.9236601765189417,0.7621639129226911,0.8572651285570113,0.7935750545485901,0.816932311297681,0.8872994091524453,0.9255017141042591,0.857081215641176,0.7282490285738482,0.9129844199412684,0.7509915707754895,0.8425171756484698,0.778400171567513,0.7491413029763793,0.8819193878800925,0.8907491060858492
