Cingulate area 2,Glomerular layer of the accessory olfactory bulb,Glomerular layer of the olfactory bulb,"Olfactory bulb, unspecified",Frontal association cortex,Cornu ammonis 3,Dentate gyrus,Cornu ammonis 2,Cornu ammonis 1,Fasciola cinereum,Subiculum,Postrhinal cortex,Presubiculum,Parasubiculum,Perirhinal area 35,Perirhinal area 36,Medial entorhinal cortex,Lateral entorhinal cortex,Primary auditory area,"Secondary auditory area, dorsal part","Secondary auditory area, ventral part","Piriform cortex, layer 1","Piriform cortex, layer 2","Piriform cortex, layer 3",Ventrolateral orbital area,Lateral orbital area,Ventral orbital area,Medial orbital area,Dorsolateral orbital area,Prelimbic area,Secondary motor area,Frontal association area 3,Primary motor area,"Agranular insular cortex, ventral area",Agranular insular cortex dorsal area,Cingulate area 1,Infralimbic area,Dysgranular insular cortex,Granular insular cortex,"Primary somatosensory area, forelimb representation","Primary somatosensory area, dysgranular zone","Primary somatosensory area, face representation",Secondary somatosensory area,"Primary somatosensory area, hindlimb representation","Agranular insular cortex, posterior area","Primary somatosensory area, barrel field",Retrosplenial dysgranular area,"Primary somatosensory area, trunk representation",Retrosplenial granular area,"Parietal association cortex, lateral area","Parietal association cortex, medial area","Parietal association cortex, posterior area",Primary visual area,"Secondary visual area, lateral part",Temporal association cortex,"Secondary visual area, medial part",Nucleus of the lateral olfactory tract
0.0,0.3352878602780497,0.1610690822009729,0.286130916038179,0.578449306487054,0.7676908488605808,0.675047690487979,0.771744633494088,0.7831451488986618,0.6347925595038147,0.6729726601207764,0.5762355604188227,0.47713404724124675,0.5386327215901036,0.6759381623696088,0.6032418766338886,0.6296913859007988,0.6873111672774952,0.6112677674428197,0.5874843890769742,0.668235228293726,0.9168017369714512,0.9788482111099048,0.8724938670473757,0.7594238976811719,0.8089576949590733,0.808663301330752,0.5431602016245873,0.8036312936977597,0.7856965560558249,0.8315247834107824,0.9591865670228007,0.8928509314927205,0.9239300395581005,0.9507768665596152,0.9549809255169583,0.7738602540181435,0.8181899103474268,0.8442803446809326,0.8738793732216259,0.8924555040660052,0.8832112959926102,0.7807208218555444,0.9707873658749544,0.7548490562501259,0.7255045489423972,0.6849726819276339,0.7485264485789873,0.7077627161716785,0.778710912838181,0.8364426887023291,0.8944592379797612,0.5892190552060742,0.5426541966409825,0.6228960075647763,0.6388030117150857,0.7460087429020654
0.3352878602780497,0.0,0.4442878365863384,0.8437130696575964,0.7441833632789533,0.5412053574913053,0.5795050128577713,0.4907160234331418,0.5304955465552479,0.5273543900165187,0.5880205065530771,0.612401645337493,0.7165714616422971,0.6795602915575256,0.6249632548523545,0.6191874606263731,0.6282540352972581,0.5777283493314551,0.6438225133215089,0.6553533122980962,0.5794533757905611,0.44353631349279776,0.43346397207145343,0.44580176878883476,0.4640382387062042,0.4689388583760053,0.5155793253603835,0.6353242741831401,0.5031393231667768,0.40863240278907015,0.460310888350135,0.39824455956611304,0.41361128739846514,0.3554657321544152,0.4315382286602716,0.3688703902612986,0.4296528572430092,0.4583264263984847,0.45267424646607146,0.38376381590174347,0.36445411920284637,0.40280560008184463,0.4948815476470762,0.397035909472965,0.555932014343906,0.5159771386435489,0.5955200702232317,0.5721355483168472,0.5533102537466505,0.5175693428398845,0.4605744322185354,0.4522034089603232,0.6163617255358907,0.653520075338832,0.6782198987013794,0.6139525937046172,0.43350053271719097
0.1610690822009729,0.4442878365863384,0.0,0.6653825291699276,0.2999365774933698,0.24354000697237593,0.2621504811395105,0.21530635605215187,0.23517454224162046,0.247424517278249,0.25509160467168424,0.28209740765428987,0.32605037360567785,0.31494875925918386,0.2670662108662686,0.28064881436657807,0.2736908963729145,0.25122205321780255,0.29564684265960645,0.2948254970909148,0.2559576326746554,0.1974210247415343,0.19591288698522413,0.20633744892291436,0.22437498622259314,0.2086420503992884,0.22986381020282706,0.26701303465701454,0.21385253379990204,0.18658322012844558,0.21428584742419068,0.1797225580790156,0.20661595794190066,0.1654396244401236,0.19381141871362623,0.18901642551176234,0.2010967302112819,0.21979906487810125,0.21510514548144452,0.19166133383273068,0.18067945210634545,0.19164981939928788,0.2220683431972069,0.19365923560180442,0.24941931612340243,0.23625043837717688,0.26394087313409903,0.25803672537890854,0.25655596558742805,0.2180776700291476,0.21207469128971096,0.20657536205961252,0.2758587590224446,0.2945501696703254,0.28704075116788297,0.2713499653334544,0.20960699480151754
0.286130916038179,0.8437130696575964,0.6653825291699276,0.0,0.6262002090531711,0.47512885416068273,0.5029843031322508,0.4119289168700484,0.45821692039690864,0.46546463831777685,0.5000253734151505,0.5369221172478708,0.6320849813963823,0.6095860846046585,0.5304723273990454,0.5539708827286387,0.5158621034093928,0.4902985778515423,0.569798600938253,0.5772127400872795,0.4808800185828037,0.3718973601400843,0.37459039013417217,0.39402757246310466,0.4211922576879674,0.395654149643515,0.45051290207784445,0.5217233752878706,0.4150547793814101,0.3410394393373208,0.41084754422728886,0.33671269280876387,0.38121077138626824,0.2989223746565302,0.3697123919168876,0.3454595624031673,0.3864113192213407,0.4206399883085548,0.41922624385362245,0.34783184968741254,0.3227382890160684,0.3603044679951192,0.43013917515165717,0.35561048183395794,0.4820458951560078,0.4495997302309418,0.5036515886680784,0.5197158425492918,0.4761777040883023,0.4137902855852968,0.39338703107357115,0.3912464838248985,0.5406887203829102,0.584650947259721,0.5471045975786933,0.5088059281905952,0.3850562796446525
0.578449306487054,0.7441833632789533,0.2999365774933698,0.6262002090531711,0.0,0.881196208729995,0.8078888731802147,0.8211411834113459,0.8054972119545719,0.8157858403147934,0.9230128177591871,0.8416155767485461,0.891764564661984,0.8779109702789467,0.9726354017882017,0.9619436457208067,0.8354579287942915,0.8572295118838521,0.9223589434305893,0.9539593049292033,0.8848308876336307,0.7274960470474202,0.7227750692445561,0.7342718896544491,0.7937425832670938,0.7708471676395143,0.8637630716460704,0.9221914639015086,0.8590784399397151,0.6865933068333573,0.7869970899666647,0.6734851484908602,0.6929234450605866,0.5944803796713162,0.7430060856374912,0.6028635909237147,0.7383979769279069,0.7423833047793478,0.7313985315143906,0.6334376010560685,0.5961685443634335,0.6396687153115818,0.812820235479733,0.6589060120371728,0.8187386005702199,0.7968250538193161,0.8716720053919964,0.930192925805322,0.8037071126293519,0.7445276147097274,0.7652993280686049,0.771257207987249,0.8586996161551578,0.961759687782638,0.9020308876575077,0.9664972006892042,0.6235565357379338
0.7676908488605808,0.5412053574913053,0.24354000697237593,0.47512885416068273,0.881196208729995,0.0,0.9651707557003247,1.0,0.998659893470088,0.9562512228722188,0.976824043040391,0.8827163108640609,0.8023372618865899,0.8076265553566883,1.0,0.9127971602392285,0.9844383032648178,0.9644565166998548,0.9428313060292369,0.9394453553902107,0.937537841177413,0.8897601624866501,0.9164301452840954,0.8953697994353087,0.9488447127461463,0.9712182689610686,0.999508119244833,0.8175357142815901,0.979910013353512,0.84486496997964,0.9298141317070276,0.8617111704913,0.9215654220820501,0.8105930626767194,0.9280428954305432,0.816324056755531,0.8089170105430584,0.9420388708564532,0.8828424848117967,0.9107720723251227,0.8646107377651365,0.8870062145446959,0.9634583398774933,0.9244770181474737,0.9553684015350307,0.9418709731743616,0.9870245615439188,1.0,0.997180582820742,0.9469580654014652,1.0,0.9704209765416155,0.9454602110240679,0.8262808391939656,0.864236354797067,1.0,0.8652830593356471
0.675047690487979,0.5795050128577713,0.2621504811395105,0.5029843031322508,0.8078888731802147,0.9651707557003247,0.0,0.9203374642645614,0.9159857443114543,0.7961579739376755,0.96349938087867,0.8683762484779217,0.779427067927409,0.8175695492145989,0.9563949013145736,0.8858184942798567,0.8990419210289463,0.8946261618751591,0.8816518167952848,0.9442287367813176,0.8906963670148158,0.8078073877964017,0.8754260849617989,0.8163328243330024,0.8212389716325945,0.8376560604509394,0.9229612325801423,0.820104499768065,0.9011376771115865,0.7580828331364392,0.8404200880602589,0.7788692609634903,0.7871185190989508,0.7148597055958303,0.8513707304429863,0.7413185698097835,0.7180711431444323,0.8002964227256455,0.792519174060729,0.7848239557840327,0.7278509599801255,0.7527388837409937,0.8802417116833803,0.7587129572036768,0.9317789120141307,0.8423451168195064,0.9680163614912446,0.9835778939205682,0.9617768958260086,0.9268579948998332,0.904925988692714,0.8371542939966266,0.8830722085043555,0.8391310945885471,0.9046822988837865,0.9523524230971193,0.7386909588293223
0.771744633494088,0.4907160234331418,0.21530635605215187,0.4119289168700484,0.8211411834113459,1.0,0.9203374642645614,0.0,0.9488477034534468,0.881619287237117,0.9405390103910609,0.8395204261713529,0.6970077786676377,0.7288000975530399,0.8964714559212317,0.8321428141541075,0.8952930825170651,0.8961832881675695,0.8606976271128335,0.8793356553556071,0.8631299099977123,0.8911074986035228,0.8546899201389447,0.9405586471997851,0.9190678247351828,0.9342988522503599,0.9473253003010629,0.8317306013943554,1.0,0.766571636636269,0.8818724078648278,0.9333618791349152,0.9006669245597216,0.8316154869473428,0.9112199169974263,0.8012241904951231,0.7591087218973536,0.8854358869864011,0.8679799678408646,0.8736796891697727,0.8525801595301957,0.8981427434041703,0.9103339174758316,0.9029834706404064,0.8916984940028987,0.8649678408102615,0.927680021072492,0.9832060079442538,0.9473945988221597,0.9098787149990716,0.9997155634205629,0.9333176091440447,0.846710776309264,0.7573933091518144,0.8414999623693109,0.8943933400476429,0.8104794935969841
0.7831451488986618,0.5304955465552479,0.23517454224162046,0.45821692039690864,0.8054972119545719,0.998659893470088,0.9159857443114543,0.9488477034534468,0.0,0.8963372548681264,0.9235308158804948,0.8929466896232185,0.7403246303981502,0.8228085506754285,0.9425178201956042,0.8580421729577113,0.9314363241994559,0.9407755147470994,0.9480133262337498,0.9261127749478683,0.9187978096869518,0.9125422352783191,0.9274865426552851,0.935143976897776,0.8740270915534681,0.8800622136681892,0.9458755474427551,0.803438803374219,0.9036907391414882,0.7650136548954135,0.868221513127837,0.8711487241043725,0.8084819588368322,0.8036593263380255,0.8716901227599366,0.7529953912240239,0.737504267022583,0.8890713832954242,0.835652347741837,0.8589776849022868,0.849351256038844,0.8198254882645497,0.9580122255439223,0.8430051927294534,0.9801637841861134,0.9094759834823135,0.98238218803929,1.0,1.0,0.9548774799850781,0.9885130666316123,0.8994862649759138,0.8891812800431333,0.7706785570048498,0.9197707322265152,0.959870760149428,0.795927115558241
0.6347925595038147,0.5273543900165187,0.247424517278249,0.46546463831777685,0.8157858403147934,0.9562512228722188,0.7961579739376755,0.881619287237117,0.8963372548681264,0.0,0.8847291499951611,0.7769111468475869,0.6541756627289579,0.6920602715333574,0.8945391584419963,0.767586894148318,0.8362489296592762,0.8267262915543008,0.8066380470011858,0.7834509937012248,0.8092885507016556,0.8029785272774811,0.7428711456383266,0.7971469369621537,0.8232120001550968,0.8540342802290811,0.764404339150099,0.7511039261137247,0.8644543958348756,0.5932754624531991,0.7525816212062494,0.803414130106652,0.8362505580796029,0.6470635668334433,0.8054818140271267,0.7003401972973735,0.6414130301318293,0.8037854244827335,0.7639152487838894,0.7529497984276995,0.7239936168447753,0.7771934972961291,0.9080457280243397,0.8441523811054559,0.8428625847684004,0.8311826183005105,0.9258077592043803,0.8703022297386261,0.8454040548594574,0.7689059525807078,0.8741364121778346,0.8124640052012776,0.7622060265325292,0.7007633922348666,0.7602647405629568,0.8324540878295575,0.8882438825077555
0.6729726601207764,0.5880205065530771,0.25509160467168424,0.5000253734151505,0.9230128177591871,0.976824043040391,0.96349938087867,0.9405390103910609,0.9235308158804948,0.8847291499951611,0.0,0.8927617603093613,0.8341097788459838,0.9145350674958785,0.9759186359081946,0.9391082445334432,1.0,0.9596956362110726,0.9212276544495941,0.9487717848221573,0.9648981071453329,0.8313679137383243,0.8122244616359043,0.8190722546991379,0.9219818491128715,0.8409288845678694,0.9571751798704845,0.9628368876520096,0.8902363291136018,0.7982472274416095,0.839404505342755,0.7739465106613805,0.7643651804753239,0.6955700860380377,0.840423845663341,0.6913580071121131,0.7362305292053529,0.8825309072616719,0.8114101395536075,0.7473949003172653,0.7340872374008498,0.7568838417758413,0.8732021783928445,0.7172048101610871,0.8979004925321907,0.8499524784723359,0.9106372546843994,1.0,0.9442686993969173,0.9584024319197588,0.9568377545829321,0.9008718479091322,0.9790583738728376,0.9329795474250879,0.9980152116277321,1.0,0.7383329802722939
0.5762355604188227,0.612401645337493,0.28209740765428987,0.5369221172478708,0.8416155767485461,0.8827163108640609,0.8683762484779217,0.8395204261713529,0.8929466896232185,0.7769111468475869,0.8927617603093613,0.0,0.8317695579888722,0.8566913558614675,0.8876031808891106,0.8794768776523219,0.9382932437542859,0.9021912933060858,0.9319558570537188,0.9214085328186081,0.9082421024200787,0.7142569581540884,0.7151255923860702,0.7506668703086153,0.7817942567563118,0.6863409014190405,0.8128109343953621,0.8476741259555927,0.7755872336778314,0.6564462540449002,0.6801722873768299,0.6513175918714967,0.6490095539061252,0.585047609520558,0.7120214224732133,0.602158848212797,0.6194226183052267,0.734845189964113,0.6690137808780227,0.6591949639822609,0.6044826917706587,0.6392357791162316,0.7461708913522264,0.6842114819451346,0.805088937084312,0.7632266855971114,0.9280470876760962,0.8870094140869484,0.9252860411660699,0.8432503363254383,0.8197708521366481,0.7756067852615086,0.8957262202019775,0.8696503010361029,0.9773229331486455,0.9739982342672006,0.6632204582385061
0.47713404724124675,0.7165714616422971,0.32605037360567785,0.6320849813963823,0.891764564661984,0.8023372618865899,0.779427067927409,0.6970077786676377,0.7403246303981502,0.6541756627289579,0.8341097788459838,0.8317695579888722,0.0,0.9301891180189847,0.8600179608160307,0.8802450678766008,0.8245866295135403,0.7420262432188509,0.8776184046964833,0.9099468553994259,0.7876392789106651,0.6050080631427368,0.6101918335315925,0.6294848550646888,0.7338836586673387,0.6393215762175624,0.7767860311217453,0.8838460882759169,0.7033757235072513,0.6354023249059964,0.6738564820936307,0.5616875900118002,0.5965621246739173,0.5274251882143293,0.6121098256223716,0.5491868872774691,0.6462466845080113,0.6685432332597446,0.614062353817978,0.5733481443860295,0.5126828409943864,0.5580095882227757,0.6518320832944032,0.5570038110693515,0.7014146576572734,0.6403994868164822,0.7667714029683944,0.8125918148296073,0.7324167022887917,0.7057366339654291,0.6683056294562,0.6612096293937602,0.8694782973778452,0.9265177381185034,0.8648031797864231,0.8360313868109508,0.5287964325297799
0.5386327215901036,0.6795602915575256,0.31494875925918386,0.6095860846046585,0.8779109702789467,0.8076265553566883,0.8175695492145989,0.7288000975530399,0.8228085506754285,0.6920602715333574,0.9145350674958785,0.8566913558614675,0.9301891180189847,0.0,0.8521033129266419,0.9006477238270928,0.8954150787672983,0.8076828381301666,0.9612842497622062,0.9685080711301974,0.8108951098078252,0.6289387446008762,0.6435410642840967,0.6233359199435692,0.7497141863451088,0.6442401781569984,0.8274464962648695,0.8900285879049775,0.7270285200631086,0.6574381111764757,0.6787512042044702,0.5952806301985015,0.6522597480692165,0.5436713358472277,0.6387409901210692,0.5604150793775191,0.6576671081192133,0.6750491256142381,0.6629011612940486,0.5810315965494096,0.5703759011441015,0.5955756625644246,0.6972641237989244,0.5970641964763933,0.7619805160191068,0.7062552937727568,0.8138834980341718,0.9010480461560765,0.8354192770149528,0.7739467798779889,0.7350461137708302,0.6796686641328187,0.8352999148234339,0.9135654951340654,0.9527139062803602,0.8960786738013312,0.5648211599215113
0.6759381623696088,0.6249632548523545,0.2670662108662686,0.5304723273990454,0.9726354017882017,1.0,0.9563949013145736,0.8964714559212317,0.9425178201956042,0.8945391584419963,0.9759186359081946,0.8876031808891106,0.8600179608160307,0.8521033129266419,0.0,0.9520325475807765,0.9193820762262105,0.9358983375253869,0.9847919549158781,0.994375617817682,0.9071874627578156,0.8987325457307426,0.8804190233027883,0.8341213035591616,0.9344728700535839,0.9328922525213866,0.9847325595419963,0.9202415594997356,0.965720140404271,0.8203751692658026,0.8572061853779127,0.8666863597862011,0.851789171293058,0.7385300626403783,0.8785919730137842,0.7833018177165024,0.8337928216123894,0.9370646513888674,0.8618951608903769,0.8311638441102988,0.7631182566926562,0.7897338367194935,0.9222117704348958,0.8266361475462093,0.9660254833761525,0.8943965242968693,0.9260550921114857,1.0,0.9396133396729932,0.9007446042713172,0.9511337633927736,0.9167272039682296,0.9059104449685256,0.8767956825451267,0.9240384564026585,0.9858282910601843,0.7786618083071762
0.6032418766338886,0.6191874606263731,0.28064881436657807,0.5539708827286387,0.9619436457208067,0.9127971602392285,0.8858184942798567,0.8321428141541075,0.8580421729577113,0.767586894148318,0.9391082445334432,0.8794768776523219,0.8802450678766008,0.9006477238270928,0.9520325475807765,0.0,0.96103952595135,0.9149102376578299,0.9151868041721283,0.9585817358216263,0.8607212252602722,0.7463508165676768,0.8295671958595495,0.7696209085313598,0.8280252080030418,0.7892668097625679,0.8989194613677347,0.8118816710243784,0.8363192719448277,0.7422891775101128,0.7860511612771593,0.7216751601360967,0.6953637722966362,0.6438157045365664,0.7643373473897263,0.6808999929424586,0.7488387274068302,0.7904992538748487,0.7742134134935887,0.7125206217994039,0.6537621012938278,0.6712077351760927,0.8214077551876318,0.6789977248993537,0.8558810275214702,0.8685138064089174,0.9198510596667562,0.923543847924016,0.8843704535146885,0.8359882104450875,0.7948057889939907,0.7726101625651212,0.9369436697534457,0.9104897069723175,0.9736709476277471,0.9657369827598087,0.6600698797880448
0.6296913859007988,0.6282540352972581,0.2736908963729145,0.5158621034093928,0.8354579287942915,0.9844383032648178,0.8990419210289463,0.8952930825170651,0.9314363241994559,0.8362489296592762,1.0,0.9382932437542859,0.8245866295135403,0.8954150787672983,0.9193820762262105,0.96103952595135,0.0,0.9897283123635467,0.9439229873467536,0.9647692847523017,0.923220940895449,0.7647431182992354,0.7944059419809727,0.8179974169321322,0.8026557192566699,0.8004815887504595,0.8427208883219741,0.832702101706141,0.8024062763064103,0.6845256463599242,0.7660654138197519,0.7234986068032436,0.7069304508478553,0.6710132895385417,0.769034847229799,0.6464599112353262,0.6755048833947443,0.8214150482837481,0.748467065705176,0.7264411262624852,0.6873158754533176,0.7027844878453132,0.912281540078038,0.7150921898823206,0.8666203962090073,0.8395804845904387,0.9173149030694714,0.9316798016747238,0.9919017160604228,0.8727763341474868,0.9198279793955922,0.8019417717827201,0.9040402211192992,0.8546806899321435,0.9362097590827343,0.9624907601764476,0.7867182127848712
0.6873111672774952,0.5777283493314551,0.25122205321780255,0.4902985778515423,0.8572295118838521,0.9644565166998548,0.8946261618751591,0.8961832881675695,0.9407755147470994,0.8267262915543008,0.9596956362110726,0.9021912933060858,0.7420262432188509,0.8076828381301666,0.9358983375253869,0.9149102376578299,0.9897283123635467,0.0,0.9077471108318853,0.9131842260153137,0.844271192399721,0.7928736788135998,0.8429812046696173,0.8897002159122364,0.8503898019729733,0.8376958708031004,0.8577839332903263,0.7834094442535627,0.8683771851931404,0.7125080042655468,0.7883662330676424,0.7778416146774877,0.7890349325369314,0.7209729314411121,0.8241127224188916,0.72667971418267,0.7217166484905323,0.8831712608135032,0.8400282384995917,0.7821656620073572,0.7851490265665414,0.8006971795351955,0.8711943365338272,0.8590101941637514,0.9734785230006073,0.8347481617252168,0.9435607524299494,0.9858000685815227,0.9713473695396768,0.9089277355004458,0.9775684491384533,0.8672678713796642,0.8743186407619539,0.8162026897441624,0.9147158100748183,0.9247385649625088,0.7999347088485644
0.6112677674428197,0.6438225133215089,0.29564684265960645,0.569798600938253,0.9223589434305893,0.9428313060292369,0.8816518167952848,0.8606976271128335,0.9480133262337498,0.8066380470011858,0.9212276544495941,0.9319558570537188,0.8776184046964833,0.9612842497622062,0.9847919549158781,0.9151868041721283,0.9439229873467536,0.9077471108318853,0.0,1.0,0.9065917474612222,0.7372281826901975,0.7593263692804161,0.7692954463672287,0.831984136578901,0.7777491175459299,0.8922420909289014,0.8485817491772573,0.7936269550887143,0.6744443172719455,0.7734228476025222,0.7074340869741655,0.7027002753360171,0.6234535244514213,0.7423937697467472,0.6439608485693237,0.6601481744828234,0.8296921587699053,0.7159434142122784,0.7002116232628346,0.6581611158528883,0.7095887550481315,0.8115848555066414,0.7125509373120468,0.859569423544277,0.8440103411056864,0.9309737422712806,1.0,0.9753303500152775,0.8822958709789785,0.8924483631664093,0.8172766873765102,0.9089782921549747,0.9808269874370042,0.9986820294317043,1.0,0.7266754249982769
0.5874843890769742,0.6553533122980962,0.2948254970909148,0.5772127400872795,0.9539593049292033,0.9394453553902107,0.9442287367813176,0.8793356553556071,0.9261127749478683,0.7834509937012248,0.9487717848221573,0.9214085328186081,0.9099468553994259,0.9685080711301974,0.994375617817682,0.9585817358216263,0.9647692847523017,0.9131842260153137,1.0,0.0,0.8874982192553151,0.7396490831650427,0.7641547479088515,0.7489550631329254,0.8373788695194826,0.7589956399182798,0.928358232670462,0.9884339622873223,0.8615489124245709,0.7534910210588872,0.8148937017818263,0.6640570047966661,0.7371411653185215,0.6804647789551928,0.7874539471457241,0.667062276832854,0.7019655922169522,0.7873772319907635,0.7608610782981576,0.7012897265584633,0.6828387844726497,0.7003768154230663,0.8187460232184579,0.687776649017579,0.887719148161853,0.8603660588001316,0.9412991876204576,1.0,0.9351487090997233,0.8825207030081899,0.8574315430583499,0.8014179415200292,0.8898542740980121,0.9265544303504138,1.0,1.0,0.6635952952144802
0.668235228293726,0.5794533757905611,0.2559576326746554,0.4808800185828037,0.8848308876336307,0.937537841177413,0.8906963670148158,0.8631299099977123,0.9187978096869518,0.8092885507016556,0.9648981071453329,0.9082421024200787,0.7876392789106651,0.8108951098078252,0.9071874627578156,0.8607212252602722,0.923220940895449,0.844271192399721,0.9065917474612222,0.8874982192553151,0.0,0.7845532060278512,0.8017596643270388,0.7888277188295554,0.8683204590447112,0.8086037563570251,0.901607936242591,0.8190866370073416,0.8748538836160897,0.7339652015452244,0.8061819931539681,0.72971017110241,0.7486005280093295,0.6978580078174424,0.8327098682123282,0.7017952241258656,0.6820521786124517,0.7913162093149547,0.7745812954676052,0.7563510980947198,0.7225664614973778,0.7737071415799649,0.8278238046951104,0.7569708115493634,0.8737491357440833,0.8461860229984917,0.9204712299326585,0.9483422592336757,0.9213779118374936,0.8865634575377874,0.8742879544480462,0.8808991772930789,0.9591211891331893,0.8756069959615085,0.9518710237635493,0.926815307801657,0.7389225042865143
0.9168017369714512,0.44353631349279776,0.1974210247415343,0.3718973601400843,0.7274960470474202,0.8897601624866501,0.8078073877964017,0.8911074986035228,0.9125422352783191,0.8029785272774811,0.8313679137383243,0.7142569581540884,0.6050080631427368,0.6289387446008762,0.8987325457307426,0.7463508165676768,0.7647431182992354,0.7928736788135998,0.7372281826901975,0.7396490831650427,0.7845532060278512,0.0,0.9656937015394551,0.8815829530420423,0.8275207077031554,0.9198356652671807,0.8690157600046916,0.6703844525614665,0.8782461932369334,0.7735441701843458,0.8348132918370886,0.9222325859863165,0.8867549865374187,0.9092278048059678,0.9376872509616528,0.8548559419594138,0.825395969009794,0.9137546584931177,0.8928447091224148,0.9481750630129934,0.877562344085508,0.8938062256270296,0.9510250041606635,0.9153370010707497,0.9180197291918768,0.8165802667460605,0.8140018037226029,0.9245246183448549,0.8678693258034629,0.8785158978334144,0.963669870731994,0.905322694160281,0.7510153408223705,0.6904481055165137,0.7623253032923653,0.8698360553489282,0.7808786981178016
0.9788482111099048,0.43346397207145343,0.19591288698522413,0.37459039013417217,0.7227750692445561,0.9164301452840954,0.8754260849617989,0.8546899201389447,0.9274865426552851,0.7428711456383266,0.8122244616359043,0.7151255923860702,0.6101918335315925,0.6435410642840967,0.8804190233027883,0.8295671958595495,0.7944059419809727,0.8429812046696173,0.7593263692804161,0.7641547479088515,0.8017596643270388,0.9656937015394551,0.0,0.9628477300794527,0.8088331172529807,0.9300517652590043,0.9076856294826517,0.654730893368664,0.9704324694411953,0.879666329215374,0.9356214059218717,0.9362986212508152,0.9584325427593318,0.9850760329179408,1.0,0.9146600798773025,0.8660130905239637,0.9547044988366808,0.9334874686401736,0.9061020367686126,0.9193703839678043,0.9224823999565592,0.975034648425711,0.9613319078981729,0.9541316115154364,0.9071852491205142,0.8512922945548436,0.8991352938853767,0.8639109674232505,0.8637492904746066,0.8901631584432882,0.9838900778874441,0.7753171044284537,0.6880904249591686,0.7903865357037397,0.8048655060529489,0.809210019157333
0.8724938670473757,0.44580176878883476,0.20633744892291436,0.39402757246310466,0.7342718896544491,0.8953697994353087,0.8163328243330024,0.9405586471997851,0.935143976897776,0.7971469369621537,0.8190722546991379,0.7506668703086153,0.6294848550646888,0.6233359199435692,0.8341213035591616,0.7696209085313598,0.8179974169321322,0.8897002159122364,0.7692954463672287,0.7489550631329254,0.7888277188295554,0.8815829530420423,0.9628477300794527,0.0,0.8207722138175375,0.8779927020913889,0.9014241893559681,0.6347073575495566,0.9682039641163271,0.8186479993424172,0.8967471091594106,0.9143896956095195,0.9543585832265302,0.8618744863380218,0.9717072652659312,0.9179499230733649,0.7855324531966715,0.9115724008701686,0.9008037038132332,0.8546518186512337,0.833826545929067,0.9073031284407143,0.9535112846190114,0.9166679142455367,0.9616081966081582,0.9523859919828105,0.8671786994493471,0.9614741974573938,0.8992615074325417,0.8823378051863844,0.956459112295248,0.9274982812921916,0.7603346013894368,0.6742868734150638,0.7699002842359866,0.7953702095307869,0.8434362791366418
0.7594238976811719,0.4640382387062042,0.22437498622259314,0.4211922576879674,0.7937425832670938,0.9488447127461463,0.8212389716325945,0.9190678247351828,0.8740270915534681,0.8232120001550968,0.9219818491128715,0.7817942567563118,0.7338836586673387,0.7497141863451088,0.9344728700535839,0.8280252080030418,0.8026557192566699,0.8503898019729733,0.831984136578901,0.8373788695194826,0.8683204590447112,0.8275207077031554,0.8088331172529807,0.8207722138175375,0.0,0.8829620679872636,0.9684249918111407,0.7955562417884487,0.8926438890109939,0.8689548720388207,0.8967309571344005,0.849293862363863,0.8626356844790591,0.8020975786598128,0.9223354574033338,0.8236101759359531,0.7951768805875675,0.8830139209725146,0.7992852698736984,0.8517742315700099,0.8608538660675771,0.8317315188142663,0.8349919974977653,0.826188260085419,0.8651302185176653,0.8518087818256285,0.9137165598019023,0.9479643544900749,0.8786457876635309,0.8488195254915011,0.9453217138524086,0.9555121152912144,0.8530869387228054,0.7454653397460036,0.8196652954921504,0.8697047500385189,0.718580821864766
0.8089576949590733,0.4689388583760053,0.2086420503992884,0.395654149643515,0.7708471676395143,0.9712182689610686,0.8376560604509394,0.9342988522503599,0.8800622136681892,0.8540342802290811,0.8409288845678694,0.6863409014190405,0.6393215762175624,0.6442401781569984,0.9328922525213866,0.7892668097625679,0.8004815887504595,0.8376958708031004,0.7777491175459299,0.7589956399182798,0.8086037563570251,0.9198356652671807,0.9300517652590043,0.8779927020913889,0.8829620679872636,0.0,0.9553356132743269,0.7506976079758497,0.9424501242371015,0.8277528535307459,0.9378895374759979,0.9266763423236983,0.9596101193195844,0.8244245808063967,0.9584971420478852,0.8959181126451824,0.8454938769071929,0.8913626569752735,0.883015168340023,0.8917192621583838,0.8315531276107716,0.8699471931241833,0.9383223742028393,0.9289701116576621,0.8429728615182578,0.8991052442944723,0.8376508807222705,0.9465994590208651,0.858109447703409,0.8249919820472575,0.9219534682825118,0.9396954868167446,0.7782328168907422,0.7017499424395822,0.7394475955944273,0.8297024476141962,0.8144930656481266
0.808663301330752,0.5155793253603835,0.22986381020282706,0.45051290207784445,0.8637630716460704,0.999508119244833,0.9229612325801423,0.9473253003010629,0.9458755474427551,0.764404339150099,0.9571751798704845,0.8128109343953621,0.7767860311217453,0.8274464962648695,0.9847325595419963,0.8989194613677347,0.8427208883219741,0.8577839332903263,0.8922420909289014,0.928358232670462,0.901607936242591,0.8690157600046916,0.9076856294826517,0.9014241893559681,0.9684249918111407,0.9553356132743269,0.0,0.9271925070204868,0.9944261147133672,0.9840216707014419,0.9755299236433582,0.8958429377056801,0.9514496607742327,0.8363042787084483,0.9559605717874894,0.8256579593398599,0.9513906427474008,0.8813905848817828,0.875711742939447,0.8133185532650603,0.7707342600911588,0.8613195121700408,0.906847413703445,0.83002281659075,0.8834714400638973,0.8656698986919613,0.9387248040888786,0.9542643915691494,0.9140353170781557,0.906106989463976,0.9899112535544831,0.9332518589525228,0.8594218061667944,0.8519633955392713,0.8470512265337671,0.9155293856302692,0.6734547421611932
0.5431602016245873,0.6353242741831401,0.26701303465701454,0.5217233752878706,0.9221914639015086,0.8175357142815901,0.820104499768065,0.8317306013943554,0.803438803374219,0.7511039261137247,0.9628368876520096,0.8476741259555927,0.8838460882759169,0.8900285879049775,0.9202415594997356,0.8118816710243784,0.832702101706141,0.7834094442535627,0.8485817491772573,0.9884339622873223,0.8190866370073416,0.6703844525614665,0.654730893368664,0.6347073575495566,0.7955562417884487,0.7506976079758497,0.9271925070204868,0.0,0.8166770973070128,0.7339344961200237,0.7495252031992972,0.637901900196506,0.6392470981019925,0.5677912558175813,0.6820632028934661,0.5506525541502482,0.6702552727519018,0.6736741472519125,0.6533557360733184,0.6013948169123421,0.55233601913882,0.5978420633240392,0.7264567856926856,0.5984367227924499,0.7386151914095346,0.6835687600136201,0.792716965982945,0.9222647825398677,0.7951844283148309,0.7864277899759577,0.7414828266073596,0.6703319438329844,0.8304543961662947,0.9065200945774177,0.9680269560391316,0.9516197066019644,0.5765452870810981
0.8036312936977597,0.5031393231667768,0.21385253379990204,0.4150547793814101,0.8590784399397151,0.979910013353512,0.9011376771115865,1.0,0.9036907391414882,0.8644543958348756,0.8902363291136018,0.7755872336778314,0.7033757235072513,0.7270285200631086,0.965720140404271,0.8363192719448277,0.8024062763064103,0.8683771851931404,0.7936269550887143,0.8615489124245709,0.8748538836160897,0.8782461932369334,0.9704324694411953,0.9682039641163271,0.8926438890109939,0.9424501242371015,0.9944261147133672,0.8166770973070128,0.0,0.8541620396425261,0.9151893104856678,0.9473975405531646,0.9491407689310681,0.92198696484053,0.9634078503180938,0.8371826877661124,0.8880277329009848,0.8569151175209466,0.8948674016158544,0.8681626026639924,0.8714710194143596,0.8418293349270926,0.9978493897346388,0.8332897134072728,0.924988904038856,0.8995870375876316,0.8700992530223854,0.9990081999175966,0.8905282575389842,0.9065549756020077,0.9243053909170927,0.9237839539118647,0.8317517201180874,0.7932230801728715,0.8200608607497535,0.9213968219062069,0.7739139387489984
0.7856965560558249,0.40863240278907015,0.18658322012844558,0.3410394393373208,0.6865933068333573,0.84486496997964,0.7580828331364392,0.766571636636269,0.7650136548954135,0.5932754624531991,0.7982472274416095,0.6564462540449002,0.6354023249059964,0.6574381111764757,0.8203751692658026,0.7422891775101128,0.6845256463599242,0.7125080042655468,0.6744443172719455,0.7534910210588872,0.7339652015452244,0.7735441701843458,0.879666329215374,0.8186479993424172,0.8689548720388207,0.8277528535307459,0.9840216707014419,0.7339344961200237,0.8541620396425261,0.0,0.835606277666236,0.81775425426731,0.8661291809184323,0.8497077110170013,0.9370450176756727,0.8105264357319482,0.9074550100700518,0.8183273603514207,0.7249875676558711,0.7914956562672897,0.7480095319036332,0.7938186169097649,0.8057571799054608,0.7373646321937443,0.7699502849996142,0.771378390932736,0.7417030827300667,0.7946244689826338,0.7382709215854022,0.7834762578607457,0.7748121488908039,0.845121201049645,0.7159292562137238,0.7260587860966345,0.7209957338442858,0.7505335734119569,0.5904314216112831
0.8315247834107824,0.460310888350135,0.21428584742419068,0.41084754422728886,0.7869970899666647,0.9298141317070276,0.8404200880602589,0.8818724078648278,0.868221513127837,0.7525816212062494,0.839404505342755,0.6801722873768299,0.6738564820936307,0.6787512042044702,0.8572061853779127,0.7860511612771593,0.7660654138197519,0.7883662330676424,0.7734228476025222,0.8148937017818263,0.8061819931539681,0.8348132918370886,0.9356214059218717,0.8967471091594106,0.8967309571344005,0.9378895374759979,0.9755299236433582,0.7495252031992972,0.9151893104856678,0.835606277666236,0.0,0.9161255929895148,0.9672259437560969,0.895858477094748,0.9474074312886095,0.8755821071929581,0.9039079415473352,0.9053647090001335,0.882456036898611,0.867192789200033,0.770173277264581,0.8433083375384688,0.8862737003922921,0.8722301513800894,0.8274014759897621,0.8401421535634687,0.8366015932628567,0.9089864439632185,0.8133649648405368,0.8120699324004854,0.8212508614774322,0.9063669814967464,0.726618074541826,0.7075304886149045,0.7293424951168592,0.8068258014300647,0.683634138995494
0.9591865670228007,0.39824455956611304,0.1797225580790156,0.33671269280876387,0.6734851484908602,0.8617111704913,0.7788692609634903,0.9333618791349152,0.8711487241043725,0.803414130106652,0.7739465106613805,0.6513175918714967,0.5616875900118002,0.5952806301985015,0.8666863597862011,0.7216751601360967,0.7234986068032436,0.7778416146774877,0.7074340869741655,0.6640570047966661,0.72971017110241,0.9222325859863165,0.9362986212508152,0.9143896956095195,0.849293862363863,0.9266763423236983,0.8958429377056801,0.637901900196506,0.9473975405531646,0.81775425426731,0.9161255929895148,0.0,0.8614412705424483,1.0,1.0,0.8929212853083722,0.8375310041199592,0.8968459728814584,0.8381170216244117,0.9199731495569533,0.8586238509185193,0.939181216049504,0.892714883855779,0.9225939346722892,0.8317074249891667,0.8538886231771907,0.804398959886053,0.9344661557471662,0.8033085422494615,0.8409263762644973,0.8837203830260907,0.9295359530912762,0.6927001099357379,0.6275486973595799,0.693609837637331,0.6955482647027331,0.7968866153585641
0.8928509314927205,0.41361128739846514,0.20661595794190066,0.38121077138626824,0.6929234450605866,0.9215654220820501,0.7871185190989508,0.9006669245597216,0.8084819588368322,0.8362505580796029,0.7643651804753239,0.6490095539061252,0.5965621246739173,0.6522597480692165,0.851789171293058,0.6953637722966362,0.7069304508478553,0.7890349325369314,0.7027002753360171,0.7371411653185215,0.7486005280093295,0.8867549865374187,0.9584325427593318,0.9543585832265302,0.8626356844790591,0.9596101193195844,0.9514496607742327,0.6392470981019925,0.9491407689310681,0.8661291809184323,0.9672259437560969,0.8614412705424483,0.0,0.9349117015848298,1.0,0.9895693401918784,0.8448906493511231,0.980643029969013,0.9100533840003125,0.9275034802356144,0.9009428734869692,0.9893897196688392,0.898019968407861,1.0,0.9305645287622772,0.853499821322326,0.8562069737852406,0.8988819142510278,0.8352972591109656,0.7398671220863322,0.8915307084689768,0.8821484847290934,0.7030182452365517,0.6658384486952914,0.6827533674349195,0.7288205364272962,0.8097672797317584
0.9239300395581005,0.3554657321544152,0.1654396244401236,0.2989223746565302,0.5944803796713162,0.8105930626767194,0.7148597055958303,0.8316154869473428,0.8036593263380255,0.6470635668334433,0.6955700860380377,0.585047609520558,0.5274251882143293,0.5436713358472277,0.7385300626403783,0.6438157045365664,0.6710132895385417,0.7209729314411121,0.6234535244514213,0.6804647789551928,0.6978580078174424,0.9092278048059678,0.9850760329179408,0.8618744863380218,0.8020975786598128,0.8244245808063967,0.8363042787084483,0.5677912558175813,0.92198696484053,0.8497077110170013,0.895858477094748,1.0,0.9349117015848298,0.0,1.0,0.9129976622036616,0.8209864044001822,0.8768979652838537,0.8397300421694702,0.901495903573548,0.8566463588430969,0.943963861453892,0.8860587348428074,0.8879033309814259,0.7809300481707149,0.8019302004694756,0.718115818023677,0.7900511292097078,0.7476554617120534,0.7847412349934699,0.8426673264993316,0.8804663589356013,0.589642810474948,0.5730180805801595,0.646645832678584,0.6568702855214663,0.742075215758336
0.9507768665596152,0.4315382286602716,0.19381141871362623,0.3697123919168876,0.7430060856374912,0.9280428954305432,0.8513707304429863,0.9112199169974263,0.8716901227599366,0.8054818140271267,0.840423845663341,0.7120214224732133,0.6121098256223716,0.6387409901210692,0.8785919730137842,0.7643373473897263,0.769034847229799,0.8241127224188916,0.7423937697467472,0.7874539471457241,0.8327098682123282,0.9376872509616528,1.0,0.9717072652659312,0.9223354574033338,0.9584971420478852,0.9559605717874894,0.6820632028934661,0.9634078503180938,0.9370450176756727,0.9474074312886095,1.0,1.0,1.0,0.0,0.9731440743609989,0.8815682225477504,0.9536940496015617,0.879921978304048,0.9586078962152713,0.9371976185627093,0.9621531674867057,0.9834833199637348,0.94976609745198,0.8788311291678823,0.8953621459998693,0.8891808742595019,0.869479504117753,0.9156490095709602,0.922432512139123,0.9456509297470115,0.9563369754811978,0.7910871237765812,0.6788043236865327,0.7693592938817815,0.8011908598466067,0.8755569445516861
0.9549809255169583,0.3688703902612986,0.18901642551176234,0.3454595624031673,0.6028635909237147,0.816324056755531,0.7413185698097835,0.8012241904951231,0.7529953912240239,0.7003401972973735,0.6913580071121131,0.602158848212797,0.5491868872774691,0.5604150793775191,0.7833018177165024,0.6808999929424586,0.6464599112353262,0.72667971418267,0.6439608485693237,0.667062276832854,0.7017952241258656,0.8548559419594138,0.9146600798773025,0.9179499230733649,0.8236101759359531,0.8959181126451824,0.8256579593398599,0.5506525541502482,0.8371826877661124,0.8105264357319482,0.8755821071929581,0.8929212853083722,0.9895693401918784,0.9129976622036616,0.9731440743609989,0.0,0.7937727141171979,0.9592601737344214,0.8372102997123172,0.9757000888960368,0.8268950394611341,0.9036184662007266,0.9184603922283953,0.8935223547367394,0.8112030349358536,0.821919315707397,0.7361656555273786,0.7744757525571928,0.7352056508674903,0.7683595493043134,0.8417598470323764,0.8921583295143075,0.6684936653852747,0.5772127794117129,0.6483400583132162,0.6784471736663786,0.7751339838586457
