Cingulate area 2,Glomerular layer of the accessory olfactory bulb,Glomerular layer of the olfactory bulb,"Olfactory bulb, unspecified",Frontal association cortex,Cornu ammonis 3,Dentate gyrus,Cornu ammonis 2,Cornu ammonis 1,Fasciola cinereum,Subiculum,Postrhinal cortex,Presubiculum,Parasubiculum,Perirhinal area 35,Perirhinal area 36,Medial entorhinal cortex,Lateral entorhinal cortex,Primary auditory area,"Secondary auditory area, dorsal part","Secondary auditory area, ventral part","Piriform cortex, layer 1","Piriform cortex, layer 2","Piriform cortex, layer 3",Ventrolateral orbital area,Lateral orbital area,Ventral orbital area,Medial orbital area,Dorsolateral orbital area,Prelimbic area,Secondary motor area,Frontal association area 3,Primary motor area,"Agranular insular cortex, ventral area",Agranular insular cortex dorsal area,Cingulate area 1,Infralimbic area,Dysgranular insular cortex,Granular insular cortex,"Primary somatosensory area, forelimb representation","Primary somatosensory area, dysgranular zone","Primary somatosensory area, face representation",Secondary somatosensory area,"Primary somatosensory area, hindlimb representation","Agranular insular cortex, posterior area","Primary somatosensory area, barrel field",Retrosplenial dysgranular area,"Primary somatosensory area, trunk representation",Retrosplenial granular area,"Parietal association cortex, lateral area","Parietal association cortex, medial area","Parietal association cortex, posterior area",Primary visual area,"Secondary visual area, lateral part",Temporal association cortex,"Secondary visual area, medial part",Nucleus of the lateral olfactory tract
0.0,0.47965041417596055,0.28573213725149604,0.4603414816756495,0.6681563534620804,0.883215744316551,0.9345778579709532,0.9895933942012591,0.8883000577177972,0.9748816545471441,0.8745640714220507,0.8265084458168491,0.8462503702088899,0.8028580145614729,0.8885795300980525,0.8249551535535263,0.8217529362483617,0.8343879039040754,0.8475113226354105,0.8616689221665819,0.8630621702244748,0.9070529872155341,0.8667003916593305,0.9198823836713127,0.7490734601104475,0.7668820763129649,0.7023492794100207,0.39515387103748795,0.7076270887069152,0.8083912557727323,0.8577353567526753,0.7589766953489127,0.9240226053285524,0.8313484712026319,0.815590302876759,0.9888170274752219,0.8350645859269625,0.8952140835366095,0.9009748037893358,0.9782401816849623,0.8931510967691524,0.9531570402232142,0.9483089701686797,0.9486442540427603,0.8419178423176711,0.9069665921773374,0.8098659058747038,0.787276132856882,0.9901369095349534,0.8858741449408137,0.8351458278912895,0.8546764346304029,0.864628786547671,0.8457776847153113,0.8932348920170139,0.811011383728989,0.7686347083834896
0.47965041417596055,0.0,0.4216853679941454,0.6702690928750578,0.8624666336655559,0.4917533980846301,0.4818900009524506,0.5303085422585271,0.5064642983874147,0.5117204304461825,0.5671301410493189,0.6614389578674557,0.5899158756198967,0.6389469389241059,0.6607088486102317,0.6368797917849416,0.7866795061885192,0.6704127021271948,0.6037978541276351,0.5220634068682255,0.659385919692319,0.6528273842422793,0.6422578398609018,0.5669459884227501,0.8174142410842287,0.8579582247451918,0.8707859917270847,0.9107224473238943,0.7506084859225055,0.7361347017153486,0.6848843411228978,0.6229529249824884,0.5491836976715984,0.6489739668568336,0.5790767707155896,0.48926841983498454,0.6840586870335325,0.6570202128079483,0.6119169017372902,0.4821676089510477,0.5154434171938349,0.6152798864553325,0.6125872395076486,0.4471620500911468,0.5454602921514534,0.4889172154152448,0.5865369008656923,0.43509645306636696,0.5344119172456339,0.42346632087338587,0.5016037403973622,0.49789495632769204,0.6316945248313244,0.6471214042593862,0.6338206139377129,0.5949737643113376,0.3181946262944202
0.28573213725149604,0.4216853679941454,0.0,0.7927471471722105,0.42010615676119417,0.2312577563684013,0.25299048467886237,0.2738432947743634,0.2570488865082833,0.2768905359127216,0.2997782848944423,0.38872627550111977,0.2868572001070612,0.4179121172348943,0.2905281118112142,0.2847962711600169,0.40248041272618146,0.3006483863517201,0.2754849191781424,0.2728541752662029,0.312708471746249,0.29601691962588167,0.2975556115377494,0.2649978564809731,0.37719840887962286,0.3724727823541014,0.3590351437120434,0.3880523678082838,0.34044229203730464,0.3207298622735737,0.29431167327535845,0.2575981776763553,0.26141126881117943,0.2800254778315951,0.27013592929482844,0.27105322446089547,0.3431431950753939,0.3030155845049396,0.28591107704234203,0.2343186378299137,0.22799337765833685,0.2781020264867186,0.3084571858635881,0.24106669199624273,0.2874023176456327,0.244636497322333,0.3282517969978452,0.21741783316919083,0.31901097653868027,0.23196813189805846,0.2826298054150357,0.26316092885989606,0.3304739417287906,0.29942878925344046,0.3303240188215496,0.30303468074262924,0.18607861539786305
0.4603414816756495,0.6702690928750578,0.7927471471722105,0.0,0.7248200441148397,0.36261520139398035,0.3921791631400595,0.4193129013797791,0.40606298546002484,0.43521482970286257,0.45669939189457887,0.6134338895918852,0.45793189813084706,0.6479015347655054,0.4816074708729704,0.46811434801377233,0.6639122295994909,0.48659165426470413,0.45364036117834283,0.427085164073492,0.497173331774604,0.47508712837563244,0.48834280815706405,0.42524046134624643,0.5827641147909907,0.6120016363547628,0.6073785701944308,0.6303535957680095,0.5548347103179302,0.5174763648774429,0.4734775051682921,0.42056139685790306,0.4124627883039084,0.46232505597694395,0.4378675100606725,0.39701062793325315,0.5969734226132447,0.496002165503645,0.45615971704696695,0.3684601426471028,0.3639725399633486,0.45217225021879504,0.5028212195901717,0.36318795542091803,0.45161614707115993,0.3894877171953811,0.5021787059218725,0.33393832917335176,0.5132058770228696,0.3458338118073665,0.42779791709355486,0.4110192722852363,0.5333179411111694,0.47077708693556947,0.5100604430035404,0.48154379287724114,0.2747030176595121
0.6681563534620804,0.8624666336655559,0.42010615676119417,0.7248200441148397,0.0,0.6768057503974597,0.6845470600429636,0.6629982216003548,0.7028879759346477,0.7048224845474055,0.7905226890505338,0.9146364443898771,0.8183846240386276,0.9017811496955943,0.8355907797613231,0.8566741046662654,0.8998940723555718,0.8524628974327445,0.8021488351741308,0.7517834596270913,0.8737909651036427,0.8801961905307891,0.8120668095334046,0.7353264511999114,0.8934850443589333,0.9284421082756394,0.9517222403873759,0.7217570743241728,0.8909943569869141,0.896398424396429,0.8460447658369358,0.7964275257535823,0.7386639708000271,0.8305153847147014,0.7659533134312706,0.6823366008763367,0.8929348300784894,0.8091235752025239,0.7494768102645329,0.6376018790103549,0.6641910242532796,0.7736257544249899,0.7806887460782916,0.6192091846152562,0.7157051664294494,0.6806375379735463,0.8051180226401478,0.6042557006637331,0.7640394443523891,0.5370424208752991,0.6537554191354451,0.7665164834666452,0.8742726471518302,0.745509361291728,0.8508530372177325,0.8164771614362452,0.46770856309605496
0.883215744316551,0.4917533980846301,0.2312577563684013,0.36261520139398035,0.6768057503974597,0.0,1.0,0.8722467235718718,0.9578667598906252,0.9066343129137001,0.9373932962841639,0.7834040369460088,0.9773583974131944,0.7287810878335703,0.9626727699971337,0.9079408613679145,0.7242245537713676,0.8674653173598554,0.9096456255422495,0.9029369669620392,0.8290547408724283,0.9710817417310433,0.9567054047573259,0.9945055034370079,0.699991872510828,0.7668440555529021,0.7098671408310532,0.4106585621889198,0.7371309591289298,0.8411402628347929,0.9415305361642214,0.908791828633621,0.9971442601694949,0.9220126011694423,0.9015990536647387,0.9387576176714039,0.8012996049825059,0.9249691958623554,0.8324067646067597,0.9981653215021737,1.0,0.9513435344093704,0.882140611415527,0.8808183297196576,0.9049127642980362,0.9942670785048748,0.8215114581522579,0.9008668311274168,0.8478549398650369,0.7945987553760114,0.9109185590374889,0.932688869477334,0.8657886846390221,0.7661573635399844,0.7823095059060801,0.8943154792868593,0.8818872023272222
0.9345778579709532,0.4818900009524506,0.25299048467886237,0.3921791631400595,0.6845470600429636,1.0,0.0,0.8696423612946804,0.9908348750947864,0.8511901053098201,0.9125549223843401,0.7730068378029363,0.898749596210969,0.7554754093447389,0.8760821196347631,0.8713874232184184,0.7083810376857465,0.8634676403751422,0.8565851122900617,0.8479610157664127,0.8621833572581094,0.9032832544775751,0.9095589089338797,0.9278245741538907,0.729785697266812,0.7848598429497629,0.7559098241441883,0.4213233846563709,0.7912020259844952,0.8097116630656888,0.8898138442096065,0.9300745659475639,0.9525414161375205,0.8150525994853188,0.9129318101919104,0.9889194991940286,0.8226707639795834,0.9134231831943181,0.8622706902387993,0.991440009732768,0.8874407244565172,0.9666675281754522,0.8480889374094372,0.9092745722316973,0.9752465300521995,0.9543880999858871,0.8232689230887423,0.934499904927764,0.9697328411449054,0.7556493372731659,0.8743604259873624,0.8944005048669911,0.8744985447428193,0.8205008963708019,0.7713859999428819,0.8927788337023783,0.9050712092873197
0.9895933942012591,0.5303085422585271,0.2738432947743634,0.4193129013797791,0.6629982216003548,0.8722467235718718,0.8696423612946804,0.0,0.9420345235007824,0.9442218648191124,0.9119458299643791,0.8676866969762425,0.9137612544461943,0.8134650901481756,0.9233393519119131,0.8497986470110804,0.7733888268965012,0.9194562485229212,0.8689012720454157,0.8912053891957835,0.856241947552737,0.9354270883848379,0.9189978940480013,0.960910636680683,0.7437575980136891,0.7637621095140861,0.7630963257024537,0.4314304345969998,0.7260583063910985,0.8523251397229313,0.8804731984676185,0.7939790131013418,0.9118836236395159,0.8067067446063438,0.8740623082997867,0.900020213418086,0.9046597846900424,0.8753138867220605,0.9184383268882518,0.9066574607437674,0.8508896720930011,0.9794449905255821,0.965864420467538,0.8778122142718251,0.9264950019445211,0.9086875000097656,0.7788596575404472,0.8131901412953174,0.9003458824821261,0.9632904449117418,0.8168083599914441,0.8420967422495232,0.845505698869462,0.8652147031816161,0.8354517772167753,0.7993177445866227,0.7213213721320737
0.8883000577177972,0.5064642983874147,0.2570488865082833,0.40606298546002484,0.7028879759346477,0.9578667598906252,0.9908348750947864,0.9420345235007824,0.0,0.9334822369565784,0.9206140693216439,0.7971801693939703,0.9908315428134458,0.7797965958169967,0.9298992246570139,0.9321398154360915,0.7950208316502752,0.8453176152068602,0.9018390117231342,0.9542918085093703,0.9511348718520006,0.9272750079705867,0.9342570987621573,0.900034242007903,0.7671774488855028,0.7820083744112037,0.8000167999145895,0.42204514667665854,0.7784083003846642,0.8662352032264543,0.9204671336810748,0.869755885684654,0.9511492207738671,0.8761882650077693,0.9455249480250317,0.9670024809639646,0.8866985358586457,0.895654051963197,0.9625087117756375,0.946575468477449,0.9170001890104166,0.9470211645015538,0.9875081802298439,0.8916313461081137,0.892856660865896,0.9778192125796825,0.8103133506494155,0.8624972055987284,0.906970853675814,0.7989011244800532,0.7991198356787218,0.9664166303641775,0.8966571887598748,0.8683214531422071,0.8555184602955729,0.8287487483286083,0.7907587495318792
0.9748816545471441,0.5117204304461825,0.2768905359127216,0.43521482970286257,0.7048224845474055,0.9066343129137001,0.8511901053098201,0.9442218648191124,0.9334822369565784,0.0,0.8733434710067015,0.8709435741792072,0.9464730128462067,0.7908809463996747,0.9219217722028706,0.9308904110700248,0.8314571031313803,0.8537170879668287,0.9217762821250817,0.988450087283531,0.9084888590059792,0.9472762979159185,0.9390355523317333,0.8738918943848054,0.7855421674912817,0.774891828838614,0.7524525701498832,0.41816740865607155,0.7710153202956228,0.8643777040868983,0.9361792004831474,0.8019047021566014,0.9687397676707347,0.8772977963003576,0.8665755027719165,0.9404693870520444,0.8893141569884925,0.8683568312434231,0.8981744333576199,0.8792156997705637,0.845273920665101,0.911960819327465,0.9113837513227013,0.902453492904699,0.8272478652298796,0.9299392959186974,0.8083940910069147,0.7865536988734334,0.9201990419804776,0.8447421377024281,0.7752332153149973,0.935380837588319,0.8812453905042926,0.8524996319943984,0.8614904100279378,0.8915269366940202,0.7328495548916292
0.8745640714220507,0.5671301410493189,0.2997782848944423,0.45669939189457887,0.7905226890505338,0.9373932962841639,0.9125549223843401,0.9119458299643791,0.9206140693216439,0.8733434710067015,0.0,0.9004466439433674,0.922879218033958,0.8726788928620502,0.9280538915809216,0.9487064873403777,0.8140548373316381,0.9581257409785803,0.9539291202785976,0.9146394550686887,0.9333584238758001,0.920593541181818,0.9172198330482688,0.9824139246663389,0.8316821750532479,0.8788273639004778,0.8372813661797137,0.5019474590165985,0.8483057268078107,0.9246848589713808,0.9733566208854335,0.8925041936818273,0.8871288536615904,0.8980984221435968,0.9410477419766432,0.931562191980909,0.8643226673803376,0.8635618618818506,0.8921595878502815,0.8651440404227002,0.814552765548297,0.9312696279456927,0.9175341849258469,0.843390338498391,0.8441931504624108,0.8900486055583982,0.7973381690413736,0.8482978039321397,0.9144770913291947,0.7527879307261898,0.7727397204762296,0.8896668609025571,0.9283174200574573,0.8417606580718837,0.8729469473738074,0.9387394843999183,0.7242664319172694
0.8265084458168491,0.6614389578674557,0.38872627550111977,0.6134338895918852,0.9146364443898771,0.7834040369460088,0.7730068378029363,0.8676866969762425,0.7971801693939703,0.8709435741792072,0.9004466439433674,0.0,0.8965233862213425,1.0,0.910511873423704,0.9245942953741112,0.9367860181026803,0.9608052574971029,0.8832810218810202,0.8804478042281058,0.927627806266849,0.9616166711803888,0.9026748694934568,0.8078794943894424,0.8845029067875078,0.9100873551465551,0.8576389180879798,0.5607269568835195,0.8439218502835093,0.8622906881480878,0.9409905462018443,0.7348975259027494,0.7763523315116234,0.8237536976404877,0.7808289247537906,0.8131572169374142,0.870483158868511,0.8493816535647849,0.8060026206140809,0.7434931980747743,0.7180464726652696,0.8841192015375894,0.878910237649149,0.7313278175962674,0.8310058009063553,0.7749548477215544,0.8115044448574815,0.6670161193026316,0.9167595948379278,0.71220478532141,0.7458047048244424,0.7867620768703646,0.9362872888788912,0.8895535181451235,0.91367647609155,0.8228162076408053,0.5777099341130624
0.8462503702088899,0.5899158756198967,0.2868572001070612,0.45793189813084706,0.8183846240386276,0.9773583974131944,0.898749596210969,0.9137612544461943,0.9908315428134458,0.9464730128462067,0.922879218033958,0.8965233862213425,0.0,0.8709907288366816,1.0,1.0,0.8627847075007147,0.9361594016459072,1.0,0.9438975978919436,0.9848800036347959,1.0,1.0,0.8937945922657483,0.8751314075110556,0.8399961047771806,0.8284756572158635,0.5040631578579855,0.8999118897734351,0.92541422836258,0.9145806707479196,0.9764723085964161,0.9229811443286089,0.9199604668540963,0.965381129418237,0.8967556146354517,0.9113799729003308,0.9218260636321504,0.9148405712623087,0.8460244807080838,0.8580439578452688,0.9266552285012605,0.9312200727220025,0.8347348044781059,0.901745768041302,0.9514305172536993,0.8179334368841567,0.850082293385161,0.9159205371391645,0.7381347908945077,0.82094673217168,0.9241801945284975,0.9821819759275134,0.8802722699574342,0.9184422845441844,0.9155528263808587,0.7101546839858088
0.8028580145614729,0.6389469389241059,0.4179121172348943,0.6479015347655054,0.9017811496955943,0.7287810878335703,0.7554754093447389,0.8134650901481756,0.7797965958169967,0.7908809463996747,0.8726788928620502,1.0,0.8709907288366816,0.0,0.8989555962479813,0.8931531016060226,0.9318084179389217,0.9125426353260675,0.8629499601793622,0.8351704782975984,0.9454018882403836,0.898723887327857,0.9301667206880007,0.7506138212500457,0.8693856007984899,0.8864561104613078,0.9154608811226693,0.556494086064104,0.8916956280262638,0.8040261686692173,0.8632359245984355,0.7492133868140903,0.7561975152353911,0.8082737254926018,0.811271538284614,0.7826348317544686,0.9146247975938795,0.934348701143722,0.8598326490116233,0.6779158268458227,0.6756059014454525,0.8269365807517526,0.910334651786503,0.6858278006185128,0.8202690557004063,0.7728633579313733,0.8660588006427401,0.6711499624009638,0.8506458044572702,0.6342773124152389,0.7225961109457106,0.8031016792399023,0.9388442092497201,0.8268783541197475,0.9389504825425581,0.8512843273525326,0.5310312918256066
0.8885795300980525,0.6607088486102317,0.2905281118112142,0.4816074708729704,0.8355907797613231,0.9626727699971337,0.8760821196347631,0.9233393519119131,0.9298992246570139,0.9219217722028706,0.9280538915809216,0.910511873423704,1.0,0.8989555962479813,0.0,1.0,0.852194996230974,0.9947459962232074,1.0,1.0,0.9729801685900415,1.0,0.9974187231851243,0.9163135144915231,0.911448763129082,0.8789799314886981,0.9290788190224234,0.5556607507490323,0.8829986195650609,0.9034338420642604,0.9631349922523531,1.0,0.8948570642203839,0.9189568721522695,0.9234723184456826,0.8694346427786198,0.9211330550212363,0.9595938215348631,0.8759407682685537,0.8205619673543637,0.9183079191217491,0.9194436335290257,0.9479502624748389,0.8069474515840503,0.8306172542842502,0.8857172350188167,0.8535510547658326,0.8665577905474087,0.8723530331063922,0.7320081437665651,0.783228914637381,0.9958249696256578,0.9430462047411307,0.9293658579480284,0.9749056580478851,0.8621667657149867,0.669532473420972
0.8249551535535263,0.6368797917849416,0.2847962711600169,0.46811434801377233,0.8566741046662654,0.9079408613679145,0.8713874232184184,0.8497986470110804,0.9321398154360915,0.9308904110700248,0.9487064873403777,0.9245942953741112,1.0,0.8931531016060226,1.0,0.0,0.8539156482925873,0.9523956690568597,0.9871535399139683,1.0,0.9628709092082566,0.9576039422093411,0.9994132300378766,0.893610483388794,0.8219273017645445,0.8902250114661504,0.8481425707628912,0.5569292868101515,0.9500003906513075,0.9408147812135524,0.983247154720894,0.9475930942536744,0.9361490503389094,0.9392824285957861,0.9660664642692014,0.8969163864827617,0.8737923265384133,0.9039577049622666,0.9174170069397687,0.788593437316639,0.828471268065324,0.9422535609718995,0.9416692972153563,0.7507486730506859,0.8336873564430426,0.8757903157527703,0.8146305307960005,0.8100938078334506,0.8803758253855158,0.7511782405707761,0.7184452798198333,0.9877353538783898,0.9252055445175394,0.8946463327394473,0.9236902702595318,0.8870599347538731,0.6663875621139542
0.8217529362483617,0.7866795061885192,0.40248041272618146,0.6639122295994909,0.8998940723555718,0.7242245537713676,0.7083810376857465,0.7733888268965012,0.7950208316502752,0.8314571031313803,0.8140548373316381,0.9367860181026803,0.8627847075007147,0.9318084179389217,0.852194996230974,0.8539156482925873,0.0,0.8578566091687904,0.8410478459582114,0.85584301920015,0.8637554510110822,0.8840963675269786,0.8894914877456561,0.8045216212334036,0.8661475791882974,0.9200319175319409,0.8992495905478638,0.6080155401143118,0.8708700011195024,0.8770915365473665,0.9205093940056935,0.777249746778987,0.7529411971657345,0.818281050248146,0.781804035563217,0.7933430512819233,0.9333632709701498,0.9090295839489082,0.8208386084791274,0.707610290646455,0.6985465672031015,0.8334193646634136,0.8625362188480683,0.7046223146235044,0.7485131088577044,0.7491033563940731,0.8131280245836624,0.64542796144687,0.8688754737867085,0.7069298956001233,0.7050767492678152,0.8017407628813634,0.856791713253131,0.8358133216412253,0.952927369252361,0.801780450389213,0.5112670075254631
0.8343879039040754,0.6704127021271948,0.3006483863517201,0.48659165426470413,0.8524628974327445,0.8674653173598554,0.8634676403751422,0.9194562485229212,0.8453176152068602,0.8537170879668287,0.9581257409785803,0.9608052574971029,0.9361594016459072,0.9125426353260675,0.9947459962232074,0.9523956690568597,0.8578566091687904,0.0,0.975109200718166,0.9117040074138374,0.9078506421419661,0.9789409733338924,0.9716721242122864,0.8724124121449987,0.869127842026198,0.9371554972642376,0.8837608400306138,0.5858609995831674,0.9215719067016633,0.8803257306070834,0.9309100501967714,0.8641343921364886,0.8425711074373105,0.8994386514821487,0.8682433080186867,0.8482006938643002,0.8960389181229524,0.9231105018153073,0.8961464115591736,0.8262945820863508,0.8631575267347161,0.9022512648456721,0.9069702391451245,0.7640167182645795,0.8715049958668011,0.9036418121942004,0.7814551681721202,0.8182062442247308,0.8908681955293932,0.7236687886340125,0.7262805283953092,0.8535820984109496,0.9455148930899919,0.8681276224521765,0.9439603088798085,0.8371869898929917,0.6692176947174939
0.8475113226354105,0.6037978541276351,0.2754849191781424,0.45364036117834283,0.8021488351741308,0.9096456255422495,0.8565851122900617,0.8689012720454157,0.9018390117231342,0.9217762821250817,0.9539291202785976,0.8832810218810202,1.0,0.8629499601793622,1.0,0.9871535399139683,0.8410478459582114,0.975109200718166,0.0,0.9575806254599329,0.9717063184258904,0.9687846937353808,0.9901590296763955,0.9038173936133979,0.8770800531811257,0.8284616538912144,0.8876879634877598,0.5349763395548187,0.8758586260981418,0.918372942212576,0.9545618663995518,0.9041236750136319,0.9154005440462251,0.9392791276315113,0.9116398564695215,0.888276513536651,0.9209122015381819,0.9142320869431501,0.925936774499201,0.8684746963301881,0.8759114394995721,0.9372996919665253,0.9151781505457632,0.7855302594734955,0.8659399479152985,0.8984838953278013,0.8272699621085247,0.867277210179603,0.9386462830685735,0.7841819580385478,0.728884456958343,0.9234729878641296,0.9426934023624892,0.9360338365466793,0.9113132867794783,0.8584482377781919,0.6912246815582287
0.8616689221665819,0.5220634068682255,0.2728541752662029,0.427085164073492,0.7517834596270913,0.9029369669620392,0.8479610157664127,0.8912053891957835,0.9542918085093703,0.988450087283531,0.9146394550686887,0.8804478042281058,0.9438975978919436,0.8351704782975984,1.0,1.0,0.85584301920015,0.9117040074138374,0.9575806254599329,0.0,0.9302466309642827,0.8754462822971012,0.9469659013371055,0.8882063428561708,0.7297151383131507,0.7819469646988665,0.7888566501525351,0.44076629264823247,0.793613187713703,0.8151270827503537,0.9120029778966686,0.8142199647559248,0.8591633107109937,0.8630354424212883,0.8434980315654274,0.8975353977677848,0.8334109546312408,0.8900873631815907,0.80897017623719,0.8453396955781489,0.800921140273721,0.8279395672943402,0.8390486293671368,0.8391154616788348,0.799475093330662,0.8567934988458757,0.7752225078510105,0.7970302134201496,0.8715708260677784,0.860806540941149,0.6812019418151349,0.9610292810226809,0.8510424053019342,0.9463208449754409,0.8880050428754107,0.7887334241766051,0.6749720760729353
0.8630621702244748,0.659385919692319,0.312708471746249,0.497173331774604,0.8737909651036427,0.8290547408724283,0.8621833572581094,0.856241947552737,0.9511348718520006,0.9084888590059792,0.9333584238758001,0.927627806266849,0.9848800036347959,0.9454018882403836,0.9729801685900415,0.9628709092082566,0.8637554510110822,0.9078506421419661,0.9717063184258904,0.9302466309642827,0.0,0.9382531712457892,0.958884049408778,0.8582558502782861,0.8515652551020244,0.90034693936179,0.9003463646444502,0.5614461954427511,0.9220236175255613,0.942454029396328,0.9520936199170345,0.8976850885658666,0.8686444407915453,0.8752240233794387,0.8698889696846874,0.8094915697523299,0.9199869696268709,0.9084477796535456,0.9075804116629614,0.8474735923144605,0.9137391757496899,0.8840374713619995,0.9519729424689609,0.7807545595423,0.8212830703041039,0.8453732163833941,0.8121040713017128,0.7961786930892774,0.8931657943530522,0.7302087185746949,0.7385797076717248,0.8552277396688799,0.96333038781364,0.8907899723222881,0.9033784905248874,0.8734929234718604,0.6431959869511159
0.9070529872155341,0.6528273842422793,0.29601691962588167,0.47508712837563244,0.8801961905307891,0.9710817417310433,0.9032832544775751,0.9354270883848379,0.9272750079705867,0.9472762979159185,0.920593541181818,0.9616166711803888,1.0,0.898723887327857,1.0,0.9576039422093411,0.8840963675269786,0.9789409733338924,0.9687846937353808,0.8754462822971012,0.9382531712457892,0.0,1.0,1.0,0.94541444408903,0.9341483668920313,0.8826934043298235,0.5542832051836081,0.8659438335561831,0.9749030323296083,1.0,0.992784613066378,0.9955131824250971,0.989915183982786,1.0,0.9687162795684323,0.9666213404422656,1.0,0.9658484262964554,0.9501895308254592,1.0,1.0,1.0,0.8917306712346827,0.9510333355871736,0.98393636243314,0.9017228127290976,0.8470382511475946,0.985169628189597,0.8123457754306391,0.9634302629425915,0.9736705552998423,0.9593707803375232,0.8548284595278746,0.8594857091057622,0.9574085939074826,0.7127762603548629
0.8667003916593305,0.6422578398609018,0.2975556115377494,0.48834280815706405,0.8120668095334046,0.9567054047573259,0.9095589089338797,0.9189978940480013,0.9342570987621573,0.9390355523317333,0.9172198330482688,0.9026748694934568,1.0,0.9301667206880007,0.9974187231851243,0.9994132300378766,0.8894914877456561,0.9716721242122864,0.9901590296763955,0.9469659013371055,0.958884049408778,1.0,0.0,1.0,0.88654360101302,0.9494230831864595,0.9449855532792412,0.569412018501936,0.8704837475711316,0.9819829743066689,1.0,0.9224624268239708,0.9823811919917106,0.9981841454903877,1.0,0.9118412444475508,0.9393118642318602,1.0,0.9581477921096114,0.9537237820153402,0.8685016619737305,0.9886630152670277,0.9916754764065181,0.8491422643192806,0.9378051300590632,0.9544769500708744,0.8822177612253372,0.8585703144374937,0.9077933766268743,0.7576855136277744,0.9127988740358853,0.8702953765069723,0.9652952753275895,0.8870065266628555,0.8757788738567347,0.9795815495296417,0.6935077286561988
0.9198823836713127,0.5669459884227501,0.2649978564809731,0.42524046134624643,0.7353264511999114,0.9945055034370079,0.9278245741538907,0.960910636680683,0.900034242007903,0.8738918943848054,0.9824139246663389,0.8078794943894424,0.8937945922657483,0.7506138212500457,0.9163135144915231,0.893610483388794,0.8045216212334036,0.8724124121449987,0.9038173936133979,0.8882063428561708,0.8582558502782861,1.0,1.0,0.0,0.773490477520617,0.8180487242387654,0.7868955399471323,0.4829349258233139,0.7419468142220158,0.9444302580996652,1.0,0.9399703988191083,1.0,0.92801297628722,0.9544803375917008,0.9504396646281208,0.8521436393942489,0.9944397253993985,0.9169007635397183,0.9931643803651462,0.9830410005904276,1.0,0.9611969993813396,0.9246168961204955,0.9584655936284424,1.0,0.8191035729906619,0.8298809783135578,0.8325948863397569,0.8155431179661695,0.9498662365971245,0.869878520759081,0.9386352057419105,0.9279553013602563,0.820777878886053,0.8778726398932365,0.8360490530590321
0.7490734601104475,0.8174142410842287,0.37719840887962286,0.5827641147909907,0.8934850443589333,0.699991872510828,0.729785697266812,0.7437575980136891,0.7671774488855028,0.7855421674912817,0.8316821750532479,0.8845029067875078,0.8751314075110556,0.8693856007984899,0.911448763129082,0.8219273017645445,0.8661475791882974,0.869127842026198,0.8770800531811257,0.7297151383131507,0.8515652551020244,0.94541444408903,0.88654360101302,0.773490477520617,0.0,0.960650555065456,0.8979914095313913,0.7019525913789144,0.8842442416952654,0.907153520920597,0.9164866294407502,0.8435314512768592,0.8039700521954267,0.9295023617284361,0.8598130365059505,0.7178263650156523,0.9208834570539796,0.8282845890757851,0.8489685835293748,0.7162419285382191,0.716893693261708,0.8751122481388433,0.8433360659325897,0.6696626688694213,0.7695157307070769,0.7454173954945336,0.7721963979286647,0.6848625528458087,0.8207167894449677,0.5935143929619645,0.7136587964550175,0.7823730244145847,0.8699468177120239,0.8545819396133219,0.8026662196819092,0.8251846848917415,0.5122247978771584
0.7668820763129649,0.8579582247451918,0.3724727823541014,0.6120016363547628,0.9284421082756394,0.7668440555529021,0.7848598429497629,0.7637621095140861,0.7820083744112037,0.774891828838614,0.8788273639004778,0.9100873551465551,0.8399961047771806,0.8864561104613078,0.8789799314886981,0.8902250114661504,0.9200319175319409,0.9371554972642376,0.8284616538912144,0.7819469646988665,0.90034693936179,0.9341483668920313,0.9494230831864595,0.8180487242387654,0.960650555065456,0.0,0.9059621374930716,0.7071796618702317,0.9099763564093417,0.9776453956102062,0.9877764249941843,0.8408977146096304,0.7837587494874868,0.9205993836272722,0.8350710772464124,0.7296724738997552,0.9146901519877946,0.9516711371662676,0.9178443157939914,0.7428910220898951,0.7534925240417206,0.8881911160164325,0.8837677550619597,0.7156612706357562,0.7898829986098509,0.7439659634935063,0.8604985040443789,0.6784558813394342,0.8370439521950355,0.620682871588977,0.7695549307693186,0.791843776131404,0.8891130927951377,0.8025771360270746,0.8347341262578356,0.8790211494306869,0.5289485907473723
0.7023492794100207,0.8707859917270847,0.3590351437120434,0.6073785701944308,0.9517222403873759,0.7098671408310532,0.7559098241441883,0.7630963257024537,0.8000167999145895,0.7524525701498832,0.8372813661797137,0.8576389180879798,0.8284756572158635,0.9154608811226693,0.9290788190224234,0.8481425707628912,0.8992495905478638,0.8837608400306138,0.8876879634877598,0.7888566501525351,0.9003463646444502,0.8826934043298235,0.9449855532792412,0.7868955399471323,0.8979914095313913,0.9059621374930716,0.0,0.6927739246700283,0.9040723615051895,0.901142136002127,0.9140572137120514,0.8500789384382702,0.7565807399260964,0.8326001233913205,0.8467146191905776,0.6933025518895416,0.88419437136378,0.883237152519478,0.8395649292645511,0.725541377316056,0.7213858803728174,0.7871840302507602,0.834112118446476,0.6524506544082826,0.7808798553957824,0.7396038359683277,0.7864935348120562,0.6592671624274491,0.7909350591544897,0.5911780885733574,0.726106330203764,0.7682206828235592,0.8186297418938256,0.8544284235286534,0.8804308556153572,0.7881258649099419,0.4906038335889405
0.39515387103748795,0.9107224473238943,0.3880523678082838,0.6303535957680095,0.7217570743241728,0.4106585621889198,0.4213233846563709,0.4314304345969998,0.42204514667665854,0.41816740865607155,0.5019474590165985,0.5607269568835195,0.5040631578579855,0.556494086064104,0.5556607507490323,0.5569292868101515,0.6080155401143118,0.5858609995831674,0.5349763395548187,0.44076629264823247,0.5614461954427511,0.5542832051836081,0.569412018501936,0.4829349258233139,0.7019525913789144,0.7071796618702317,0.6927739246700283,0.0,0.690946457947174,0.6433897589481616,0.555796620716478,0.5418569734286474,0.45951394578962146,0.5791369468777471,0.530293988126936,0.4245337884654194,0.5674447202386115,0.5677062814195748,0.5312492233109786,0.42090408765225706,0.44764114824352447,0.5141197504590299,0.5172385668678873,0.38097944916555015,0.4716564531301099,0.44688099275154647,0.4769162932007282,0.38361462520296286,0.4439523816532475,0.33502680335679663,0.4382828626775542,0.44216282619195724,0.5558481451593276,0.5232269678474524,0.5358895642546329,0.4937161028575152,0.2794883494058204
0.7076270887069152,0.7506084859225055,0.34044229203730464,0.5548347103179302,0.8909943569869141,0.7371309591289298,0.7912020259844952,0.7260583063910985,0.7784083003846642,0.7710153202956228,0.8483057268078107,0.8439218502835093,0.8999118897734351,0.8916956280262638,0.8829986195650609,0.9500003906513075,0.8708700011195024,0.9215719067016633,0.8758586260981418,0.793613187713703,0.9220236175255613,0.8659438335561831,0.8704837475711316,0.7419468142220158,0.8842442416952654,0.9099763564093417,0.9040723615051895,0.690946457947174,0.0,0.8649657669358807,0.8292601441658366,0.8706466172276763,0.7305061356952683,0.87839379970364,0.798574013238011,0.7053143792249459,0.8656861431210926,0.7926911868643485,0.7945699548961198,0.6970343457137373,0.7188238661132976,0.8259469397768482,0.8235201519258515,0.6318211399501863,0.7132318636531769,0.7464223744611607,0.7377578356684691,0.6772126857139193,0.7842827706875264,0.588866497365745,0.6808250827362465,0.7737648253809302,0.9105518823559492,0.8613635566102713,0.8706442654312342,0.7875079285311551,0.5190102116491943
0.8083912557727323,0.7361347017153486,0.3207298622735737,0.5174763648774429,0.896398424396429,0.8411402628347929,0.8097116630656888,0.8523251397229313,0.8662352032264543,0.8643777040868983,0.9246848589713808,0.8622906881480878,0.92541422836258,0.8040261686692173,0.9034338420642604,0.9408147812135524,0.8770915365473665,0.8803257306070834,0.918372942212576,0.8151270827503537,0.942454029396328,0.9749030323296083,0.9819829743066689,0.9444302580996652,0.907153520920597,0.9776453956102062,0.901142136002127,0.6433897589481616,0.8649657669358807,0.0,0.9772262180979159,0.8802495320190397,0.867591356768315,0.9145148103851739,0.8985997737209995,0.8834703347332442,0.9870374121569161,0.9164350844421059,0.916682093591134,0.8336485388712707,0.8562134565778524,0.885221471547086,0.9445350180424795,0.7934828416842361,0.8343427312457331,0.8292268260912229,0.8644058969685702,0.7586007790117419,0.8673883940128243,0.6899672246603383,0.8232897128631286,0.8265295072280592,0.9281093196994409,0.8631217051163753,0.8451036530858922,0.8744560682226531,0.6105125478102363
0.8577353567526753,0.6848843411228978,0.29431167327535845,0.4734775051682921,0.8460447658369358,0.9415305361642214,0.8898138442096065,0.8804731984676185,0.9204671336810748,0.9361792004831474,0.9733566208854335,0.9409905462018443,0.9145806707479196,0.8632359245984355,0.9631349922523531,0.983247154720894,0.9205093940056935,0.9309100501967714,0.9545618663995518,0.9120029778966686,0.9520936199170345,1.0,1.0,1.0,0.9164866294407502,0.9877764249941843,0.9140572137120514,0.555796620716478,0.8292601441658366,0.9772262180979159,0.0,0.9452660328340593,1.0,1.0,1.0,0.8934445551520969,0.9470212065292318,0.9600239557736163,0.9478220567764734,0.9742692454119184,0.9567086559929225,1.0,0.9721564957306517,0.886860773823805,0.9429801260821248,0.9854190518614766,0.9552663690994273,0.8839082416306037,0.9030204608854396,0.7398929215961391,0.9684719504956444,0.9042667821497775,0.9332364568589853,0.852106441312371,0.8747800686721194,0.9250953920300437,0.7280598079622754
0.7589766953489127,0.6229529249824884,0.2575981776763553,0.42056139685790306,0.7964275257535823,0.908791828633621,0.9300745659475639,0.7939790131013418,0.869755885684654,0.8019047021566014,0.8925041936818273,0.7348975259027494,0.9764723085964161,0.7492133868140903,1.0,0.9475930942536744,0.777249746778987,0.8641343921364886,0.9041236750136319,0.8142199647559248,0.8976850885658666,0.992784613066378,0.9224624268239708,0.9399703988191083,0.8435314512768592,0.8408977146096304,0.8500789384382702,0.5418569734286474,0.8706466172276763,0.8802495320190397,0.9452660328340593,0.0,0.8529620376571964,0.9384692692995626,0.9702167996625907,0.8133245889332951,0.8488233608715765,1.0,0.9238419238322042,0.8123235947954573,0.9191681213472117,0.9093324843914429,0.8908450489842181,0.7048479674961097,0.8400327553784929,0.8899968085771441,0.8463376431062127,0.8663964828789978,0.834729487698389,0.6172281735017789,0.8114643480499232,0.8680247587575326,0.8588584536218586,0.8121816198090722,0.8346071495799308,0.8393479391894106,0.7084856023338418
0.9240226053285524,0.5491836976715984,0.26141126881117943,0.4124627883039084,0.7386639708000271,0.9971442601694949,0.9525414161375205,0.9118836236395159,0.9511492207738671,0.9687397676707347,0.8871288536615904,0.7763523315116234,0.9229811443286089,0.7561975152353911,0.8948570642203839,0.9361490503389094,0.7529411971657345,0.8425711074373105,0.9154005440462251,0.8591633107109937,0.8686444407915453,0.9955131824250971,0.9823811919917106,1.0,0.8039700521954267,0.7837587494874868,0.7565807399260964,0.45951394578962146,0.7305061356952683,0.867591356768315,1.0,0.8529620376571964,0.0,0.9215453658142538,1.0,1.0,0.8718343347273982,0.9003701395924166,0.9283356534328893,0.9922056297948278,0.975851127904804,1.0,0.9562101527283862,0.9787154352808956,0.9903367546438061,0.9884689864618158,0.9462799686496473,0.8908074657571214,0.9234627034800665,0.7455933952166197,0.9877463821278979,0.8803856105518932,0.9916394607688936,0.8304183345431695,0.8508569686249501,0.98456922400002,0.8682755242311994
0.8313484712026319,0.6489739668568336,0.2800254778315951,0.46232505597694395,0.8305153847147014,0.9220126011694423,0.8150525994853188,0.8067067446063438,0.8761882650077693,0.8772977963003576,0.8980984221435968,0.8237536976404877,0.9199604668540963,0.8082737254926018,0.9189568721522695,0.9392824285957861,0.818281050248146,0.8994386514821487,0.9392791276315113,0.8630354424212883,0.8752240233794387,0.989915183982786,0.9981841454903877,0.92801297628722,0.9295023617284361,0.9205993836272722,0.8326001233913205,0.5791369468777471,0.87839379970364,0.9145148103851739,1.0,0.9384692692995626,0.9215453658142538,0.0,0.9569397842009779,0.8484595262579616,0.8989132545289341,0.9440955030297687,0.9327437185665373,0.8878509835868285,0.8975762033421045,0.9918292786639524,0.950012424523869,0.7859547225080564,0.8795019998582992,0.8770741522740098,0.8438053700838942,0.8054015270518117,0.8387406498433193,0.7098557626202424,0.7907859053443522,0.9173227239104983,0.9174098719683762,0.8155940160114714,0.872235491626978,0.9018619279772044,0.6769417321566936
0.815590302876759,0.5790767707155896,0.27013592929482844,0.4378675100606725,0.7659533134312706,0.9015990536647387,0.9129318101919104,0.8740623082997867,0.9455249480250317,0.8665755027719165,0.9410477419766432,0.7808289247537906,0.965381129418237,0.811271538284614,0.9234723184456826,0.9660664642692014,0.781804035563217,0.8682433080186867,0.9116398564695215,0.8434980315654274,0.8698889696846874,1.0,1.0,0.9544803375917008,0.8598130365059505,0.8350710772464124,0.8467146191905776,0.530293988126936,0.798574013238011,0.8985997737209995,1.0,0.9702167996625907,1.0,0.9569397842009779,0.0,0.9155971009247847,0.8865556360502087,0.9974818739042414,0.9377258496263073,0.934871405445747,0.9251437182063399,0.9428162325362505,0.9208341125532857,0.8416640258971976,0.91908526716765,0.9327670435892315,0.8661013034470932,0.8630448953328236,0.8768416210990694,0.6891215614770351,0.9433017007941342,0.8650624324914162,0.9234437379663013,0.8106735121903677,0.8299818195290655,0.9398721093639282,0.8107493486873977
0.9888170274752219,0.48926841983498454,0.27105322446089547,0.39701062793325315,0.6823366008763367,0.9387576176714039,0.9889194991940286,0.900020213418086,0.9670024809639646,0.9404693870520444,0.931562191980909,0.8131572169374142,0.8967556146354517,0.7826348317544686,0.8694346427786198,0.8969163864827617,0.7933430512819233,0.8482006938643002,0.888276513536651,0.8975353977677848,0.8094915697523299,0.9687162795684323,0.9118412444475508,0.9504396646281208,0.7178263650156523,0.7296724738997552,0.6933025518895416,0.4245337884654194,0.7053143792249459,0.8834703347332442,0.8934445551520969,0.8133245889332951,1.0,0.8484595262579616,0.9155971009247847,0.0,0.8504420127498191,0.8516672863088128,0.8819423359340267,0.9353253737726509,0.8887402164702383,0.9247063144558336,0.9158884627870796,0.9835549624314289,0.8983547642244136,0.9000125267421646,0.8181807447306078,0.8343046323205752,0.9570843208213946,0.7736218455605277,0.8640995567445547,0.9017357118160008,0.8573158362398337,0.8471137244682813,0.8039321686660447,0.8938711796928883,0.8546603912756157
