Cingulate area 2,Glomerular layer of the accessory olfactory bulb,Glomerular layer of the olfactory bulb,"Olfactory bulb, unspecified",Frontal association cortex,Cornu ammonis 3,Dentate gyrus,Cornu ammonis 2,Cornu ammonis 1,Fasciola cinereum,Subiculum,Postrhinal cortex,Presubiculum,Parasubiculum,Perirhinal area 35,Perirhinal area 36,Medial entorhinal cortex,Lateral entorhinal cortex,Primary auditory area,"Secondary auditory area, dorsal part","Secondary auditory area, ventral part","Piriform cortex, layer 1","Piriform cortex, layer 2","Piriform cortex, layer 3",Ventrolateral orbital area,Lateral orbital area,Ventral orbital area,Medial orbital area,Dorsolateral orbital area,Prelimbic area,Secondary motor area,Frontal association area 3,Primary motor area,"Agranular insular cortex, ventral area",Agranular insular cortex dorsal area,Cingulate area 1,Infralimbic area,Dysgranular insular cortex,Granular insular cortex,"Primary somatosensory area, forelimb representation","Primary somatosensory area, dysgranular zone","Primary somatosensory area, face representation",Secondary somatosensory area,"Primary somatosensory area, hindlimb representation","Agranular insular cortex, posterior area","Primary somatosensory area, barrel field",Retrosplenial dysgranular area,"Primary somatosensory area, trunk representation",Retrosplenial granular area,"Parietal association cortex, lateral area","Parietal association cortex, medial area","Parietal association cortex, posterior area",Primary visual area,"Secondary visual area, lateral part",Temporal association cortex,"Secondary visual area, medial part",Nucleus of the lateral olfactory tract
0.0,0.25205996738233355,0.20229202248225261,0.33131088972735917,0.4800392712169347,0.8600114852092162,0.9429698194484007,0.8687621955996008,0.884058402557682,0.7996724154755713,0.9373516436945376,0.7168940602283403,0.8528029346658275,0.6392124834506079,0.72093168790749,0.7521658429680108,0.6534257656175202,0.8207939062983054,0.7635661226841688,0.7925901289750945,0.7221099089616968,0.8910471466826476,0.9654069721045255,0.904249429295561,0.8116062960352562,0.8348951587097272,0.8929844878023282,0.4264903304707186,0.8494618329221381,0.93841180863346,0.871373664210725,0.9053887215642574,0.9822516149872519,0.8442154079163122,0.9274883061461875,0.9987260636820436,0.8625600808942038,0.8357465832857908,0.8762103961765977,0.8697483030452926,0.9746273791738962,0.8414508286916849,0.7597689647733359,0.8675667039802695,0.8689989626450522,0.99317144962784,0.8028538119044126,0.9395482674738709,0.8494784505044146,0.9071531761759547,0.7567083729192423,0.7763180325342333,0.7782326983717018,0.7805977608269098,0.7225612230899272,0.8052366523034187,0.881638511232662
0.25205996738233355,0.0,0.6126733486237329,0.7939459905368178,0.6320103932724597,0.3382345459130574,0.3571230559485304,0.3422046012041417,0.3523367767355051,0.338914552452754,0.32988726750909503,0.3625162158615253,0.2819993996334081,0.49018706599424133,0.36268734277873327,0.39427802832601877,0.43723219650419637,0.3224639243659483,0.3877504151998944,0.40398793192201893,0.3726419937059715,0.3313493960488223,0.33640082928988335,0.32917678167360925,0.33979455588726043,0.34991408767471943,0.3759692437921688,0.533806981010676,0.3277718156370182,0.3007135371527853,0.3529111497493772,0.31771011568402974,0.2991038208950611,0.3501816914114274,0.30051673543956026,0.2427493848124189,0.18275896007783643,0.38167587146647963,0.3508448274198384,0.2623738156535528,0.2667716511808681,0.32697383144812175,0.38323610211472076,0.3020086884463227,0.31091256190772215,0.30672569496320473,0.3464260841704373,0.27495367755006483,0.36606908464001464,0.25754066924721014,0.2610706106633126,0.2799678130793256,0.3882176482934299,0.3477294178078767,0.3726881169816434,0.3655853900271042,0.2628265920039632
0.20229202248225261,0.6126733486237329,0.0,0.7619046474205992,0.35669380168732134,0.24728388008049182,0.26370455665974984,0.25503306106217855,0.2648305877285344,0.2662887315273792,0.24881247396748885,0.3134492153698814,0.24472905100657172,0.3814181729675066,0.28515048571001667,0.30680267630301816,0.3384348549208731,0.2534380252393144,0.29267749572012347,0.30542967882865146,0.2736441016867986,0.2524424071072172,0.2530219904554611,0.25453365894925056,0.22506201516509214,0.23327479040077326,0.25877867508872304,0.29316250559338164,0.22822729658303764,0.21135283717374376,0.24494244449111885,0.2267871797966146,0.2145786407312193,0.24563134658429084,0.218761801374501,0.19109343993618183,0.15415211541590312,0.2799198773845965,0.2717008887851724,0.20522198478623008,0.21707703041040585,0.25113975351330947,0.30916560797523557,0.2307472770593706,0.24626767744213798,0.23652344136261494,0.2939921900144946,0.21832290347809816,0.289659863035746,0.20468746782810607,0.24270749274249057,0.22983840645821216,0.3157337162135359,0.2866322189833165,0.283193573822529,0.2900645337522714,0.21828879436943108
0.33131088972735917,0.7939459905368178,0.7619046474205992,0.0,0.6412101282722423,0.4281081146391444,0.4523355424242345,0.4236715004998732,0.45556609472171405,0.44764510421972203,0.4203376267841172,0.5256825044045876,0.3952747803759818,0.6487779826780747,0.4781021632216711,0.5200290632968222,0.5527257835809157,0.4227404433978246,0.48747152282963196,0.5231421144581397,0.43486281136605864,0.4384323472590964,0.42787824100404676,0.42634692426218285,0.3973978507449832,0.41477999299399154,0.45308639459539507,0.48171666974991606,0.39450688594453637,0.3634263349787048,0.4211777976419828,0.3933953463814179,0.36571525907729385,0.4260322732614751,0.3610189157524014,0.3151868355421913,0.23675412533227774,0.49504079460378236,0.4587404583159886,0.3336442142214383,0.3447541598690586,0.4334029993665741,0.5283223526246273,0.3822117835803842,0.4086571063797942,0.3935110804075153,0.5025799523004403,0.3539473993393848,0.5070053124976224,0.3327641681801646,0.3747633459526602,0.3646649527656877,0.5320731304876797,0.4792104003550579,0.47255869473951134,0.48537996139760814,0.3581508872315388
0.4800392712169347,0.6320103932724597,0.35669380168732134,0.6412101282722423,0.0,0.6740784898081004,0.6846442168135238,0.6517248964948782,0.6930376685037632,0.6472753505011632,0.6658181021924199,0.6451192314272082,0.5480920384029317,0.8047519895529944,0.6882864412939486,0.7242288551353735,0.7715118866661942,0.6052619070749361,0.7015810167764982,0.7175486551747967,0.6929248399190424,0.6244200916539205,0.65108704917132,0.6156961456235698,0.6531577324425769,0.7335426287685163,0.7377379463079071,0.828054940227176,0.6894928393333555,0.6129691319565714,0.6235456120349052,0.6450538518269865,0.582939175779061,0.6920359616239744,0.6233131112291921,0.4769855062846118,0.33476343545222853,0.7549869787531822,0.6388022573306106,0.5083069454064789,0.5288219797713252,0.645612943213545,0.664594784604898,0.570360897341115,0.5920916712381975,0.6001937543129326,0.6246475766349985,0.5681695291158539,0.6698001087387672,0.5244589129196188,0.4574866694123704,0.5312619215901981,0.7069825909420532,0.6443860025770761,0.7176547636188687,0.645647093713864,0.5000290766602881
0.8600114852092162,0.3382345459130574,0.24728388008049182,0.4281081146391444,0.6740784898081004,0.0,1.0,0.9085421778662633,0.9674307057326806,0.890074123643267,0.9519402081930411,0.822621623130402,0.9623078846501188,0.8025010738395494,0.8837082538569645,0.8666877993950699,0.8000113734087044,0.9198591428085263,0.8529715849562296,0.9393991291358595,0.8629692358502066,0.9799844577114163,0.9566799347151879,0.9582667654634226,0.9204480484108608,0.9601623358112521,0.9343463713078715,0.5569461461010226,0.8797119482918313,0.9119290793726083,0.9491456240112464,0.9408006942128591,0.9057394960754928,0.958100125140628,0.885922925068624,0.8671385464391341,0.680878624198223,0.9349507161633716,0.9321651712670834,0.8664953129822791,0.927627012910747,0.9213988119450146,0.8174504993380395,0.9070985855223883,0.9782416253077088,0.9211174186304993,0.906488085648012,1.0,0.9884714154238611,0.8798922564882913,0.8542216267559324,0.8723266991336577,0.83871576897747,0.8955896588862634,0.8353965578541719,0.8862706529578819,0.9156885584874243
0.9429698194484007,0.3571230559485304,0.26370455665974984,0.4523355424242345,0.6846442168135238,1.0,0.0,1.0,1.0,0.9538292603102705,0.9912705055084827,0.9400117048106422,1.0,0.8341533197658345,0.9626733898999433,0.9484660511856416,0.9095499639713431,0.9974845087533066,0.9557312010142577,0.9368894687160043,0.9687223001869356,1.0,1.0,1.0,0.9648284882910969,0.9815293805889537,1.0,0.606367359001088,0.944393695465388,0.9142342863065588,0.9326761328586167,0.9695891334009611,0.9263461844830321,0.9550786802726359,0.9669229759253125,0.9017636327323371,0.720997173603072,0.9891543474747136,0.9995713669223449,0.8760665584009298,1.0,0.9628048022631367,0.9538309121509584,0.9714010500808794,1.0,1.0,0.9978135766541816,0.9816529595819022,0.9522478992291944,0.9825051956596115,0.9131436749363185,0.873531012567331,0.9973673682735765,0.8564684080409769,0.956157726796626,0.9753776789019881,1.0
0.8687621955996008,0.3422046012041417,0.25503306106217855,0.4236715004998732,0.6517248964948782,0.9085421778662633,1.0,0.0,1.0,0.8789509814755849,0.9993181881947673,0.8699983196792287,0.949009530341851,0.8753422744679275,0.9165528424469959,0.9469744765531978,0.8470724109151636,0.9281998054171852,0.9937477910113377,0.9915767701019361,0.9104178407378702,0.9349902252982253,0.9553055540898916,1.0,0.8786441772816955,0.9215833731233912,0.9626757389396,0.6252661007744944,0.9398765133171604,0.8162447976831358,0.8134722675008234,0.8968886755687274,0.8742747719595549,0.9590325755093698,0.9346731373383496,0.8603334880388754,0.6227707125626714,0.9605054740816998,0.9580514394961934,0.8239040479544385,0.8679610349637249,0.8840176505956122,0.9256621891862907,0.867383561730323,1.0,0.994136601517728,0.9689987492105295,0.9627523932126594,0.9654641405203002,0.8979406718630161,0.8372887538878555,0.9309479498321481,0.9280795895873369,0.9908572720706614,0.9017891704311438,0.9258093769424799,0.9277829435191994
0.884058402557682,0.3523367767355051,0.2648305877285344,0.45556609472171405,0.6930376685037632,0.9674307057326806,1.0,1.0,0.0,0.8750566553883579,1.0,0.9139759997128933,0.9840964281686809,0.8349209518397621,0.9048951448019552,0.9669399826397698,0.8250752257537677,0.9307427971983202,0.9747031045811201,0.9933980175907825,0.9191757796761743,1.0,1.0,0.9954445994586781,0.9785220540867576,0.947239932504649,0.9887584425793514,0.6038874529440625,0.9510183300303553,0.8780048462708365,0.9655391695811306,0.9434889990164097,0.9794520006857413,0.9648319472533848,0.9267486133033562,0.8918664703599495,0.6803319201633605,0.9845105456832731,1.0,0.9362190943268265,0.9353571334293203,1.0,0.9723767137752714,0.9649626101585538,0.9777304234038059,1.0,0.9612989944319604,1.0,0.986659183360436,0.9802457175910163,0.8837233462798924,0.8516882635758595,0.9567146580037342,0.9234902367880988,0.9037017693018384,0.9867915561083739,0.9608000872946743
0.7996724154755713,0.338914552452754,0.2662887315273792,0.44764510421972203,0.6472753505011632,0.890074123643267,0.9538292603102705,0.8789509814755849,0.8750566553883579,0.0,0.8552602644168043,0.8097931278884299,0.8312151742054551,0.8150164970043531,0.819887040451082,0.9028845981331111,0.8173910055494561,0.9003082044898915,0.8367819176166149,0.9074335751619115,0.7871480067593963,0.8652760421458671,0.9040205617484149,0.8208057161795815,0.8054028466248994,0.8444537548837073,0.8376358771561268,0.543750659959708,0.8540921581032187,0.7921639869489119,0.7920773195684482,0.86345608826056,0.774763949402424,0.8531092835942735,0.8185205024072443,0.7585445344172282,0.5719841723098843,0.8858903962246032,0.8977967434771633,0.7254660025770789,0.8378225369285225,0.8157778662574083,0.856309439361457,0.7530511152881011,0.8857908387163378,0.844655733645458,0.9135337632248485,0.8431995866931759,0.9316714922574867,0.7999530968896036,0.7475690137143791,0.786467452381061,0.883713928276528,0.8733078083520026,0.817498990497287,0.884051654990856,0.7765241414410263
0.9373516436945376,0.32988726750909503,0.24881247396748885,0.4203376267841172,0.6658181021924199,0.9519402081930411,0.9912705055084827,0.9993181881947673,1.0,0.8552602644168043,0.0,0.8383599139183016,0.9433238917732156,0.782327495893615,0.8542527042152741,0.9459790202632288,0.7824610133162916,0.9263645145316921,0.9014445320619164,0.8838074083606151,0.8922200606106212,0.9586623348210133,0.9468727883336866,0.9604487658631295,0.8826382391283202,0.9358742458180048,0.9429012773606439,0.5403510308174808,0.8524138388695296,0.8539790403394388,0.918096705565791,0.9707021988311474,0.9290666556894405,1.0,0.9393033099839031,0.8636563593725843,0.7092775893341732,0.979952578072976,0.9897546414379909,0.8616807944813265,0.9086219273568701,0.8439017341045836,0.8210516516681677,0.8828721333466424,0.941441888050947,0.8945057408477158,0.9143465278874994,0.9889364740578506,0.9447855733996123,0.9601767485871666,0.8637042825394432,0.9106702099734371,0.8844963172155474,0.9085223977156553,0.8318450146025386,0.9469109501348351,0.958881907700286
0.7168940602283403,0.3625162158615253,0.3134492153698814,0.5256825044045876,0.6451192314272082,0.822621623130402,0.9400117048106422,0.8699983196792287,0.9139759997128933,0.8097931278884299,0.8383599139183016,0.0,0.9457473142314564,0.9969639411045781,0.9531361432412704,0.9786682871397931,0.9810186965733313,0.9235329889253628,0.970925134533469,0.9152129694636413,0.9187519488311555,0.8409780059661838,0.8589102173369233,0.8858037787164318,0.7005012017095262,0.7296818171814212,0.8061384305724308,0.5703576339143294,0.7191545155278053,0.6602584762674434,0.7047962282409993,0.7254992772169695,0.6944464567027092,0.7606991243099986,0.736419473790853,0.6506363245187037,0.5206683262489967,0.8882066029540635,0.9516032561658195,0.6811285651384129,0.819290214300887,0.8115715432679375,0.9395313735119549,0.77450457707642,0.9246828014975629,0.8068959413149579,0.9468055854256391,0.8423730158767228,0.998831301663073,0.764206557195545,0.9386211192229161,0.9162760280424166,0.999949384246232,0.9182729603820498,0.9772162913653422,0.9816779318330171,0.9114261593278912
0.8528029346658275,0.2819993996334081,0.24472905100657172,0.3952747803759818,0.5480920384029317,0.9623078846501188,1.0,0.949009530341851,0.9840964281686809,0.8312151742054551,0.9433238917732156,0.9457473142314564,0.0,0.8043071155544864,0.9131830894041064,0.9421453855272347,0.855385894287167,0.9704370798727779,0.907804797635111,0.9019730160280341,0.9001737700318605,0.9428057842034265,0.9608953202386638,0.9429546611687821,0.7911994588091757,0.8349554746319595,0.9214574695086235,0.501723796237963,0.7677574615495746,0.7353593575647654,0.7961292657546932,0.825109166839237,0.8329302816930511,0.831574446203534,0.8358518291703338,0.8007128916875598,0.6868547604459497,0.9075507817157515,0.9799408726314187,0.8066563474421343,0.9774984315110474,0.9187991553850735,0.9832698031284537,0.8961732741982751,0.9369726039258713,0.9231314557281155,0.9771706180198542,0.8747503288797808,0.9759888458931996,0.8998279041438265,0.9708007332360783,0.9049343233040084,0.9514593185961564,0.9407686785758356,0.9889390140844101,0.9529838568057084,0.9899395479627072
0.6392124834506079,0.49018706599424133,0.3814181729675066,0.6487779826780747,0.8047519895529944,0.8025010738395494,0.8341533197658345,0.8753422744679275,0.8349209518397621,0.8150164970043531,0.782327495893615,0.9969639411045781,0.8043071155544864,0.0,0.9294484148182642,0.937212193903126,0.9779321156350556,0.8539078046734714,0.9210113800058143,0.8907442731544055,0.8992904514363552,0.7504302430717287,0.7893175502945154,0.8050750455718352,0.6814513478364511,0.7291524665859747,0.7974684890584853,0.6862370491598372,0.6911521607425056,0.6245186723941484,0.6778498450960226,0.718661897900811,0.6527524587986533,0.6888893242207209,0.6679687355608083,0.5736575910489625,0.443406891202716,0.9018549408972614,0.8301135275330802,0.5647814292800456,0.6995592353637801,0.7365496405368671,0.8685952166663424,0.700225903697544,0.7646522009727794,0.7148965938071921,0.8551167691979692,0.678171125696466,0.8862989179098544,0.6681197982015359,0.7713545698370086,0.7831473966437295,0.9590943702422555,0.8215326944970012,0.97707954788539,0.9007620539786518,0.7362713171808677
0.72093168790749,0.36268734277873327,0.28515048571001667,0.4781021632216711,0.6882864412939486,0.8837082538569645,0.9626733898999433,0.9165528424469959,0.9048951448019552,0.819887040451082,0.8542527042152741,0.9531361432412704,0.9131830894041064,0.9294484148182642,0.0,0.9999410846580576,0.896031141213349,0.9360297944376061,0.9642209800945164,0.9538618831299277,0.9427389852760799,0.8818666937317172,0.9115756283589121,0.9420173139461945,0.7888210502587026,0.850530266252849,0.894284689620546,0.6428195244042915,0.7333557930195781,0.7284291869109234,0.7963328965893911,0.7897275026201591,0.7462977302147743,0.8232920309017924,0.7474294662170206,0.7010526479705571,0.49444248433343063,0.905871109310429,0.9109017600641877,0.7083826702026541,0.7845636516671034,0.8596465831845164,0.9169257733416563,0.7977615272478519,0.8904733000338004,0.8505570198552993,0.8978878412288713,0.8452401022396614,0.90069536457087,0.7873277272967544,0.7925045515903429,0.8971975811387364,0.9146491489158355,0.8138271476209659,0.8785309883838366,0.9366416823873119,0.8369253724820983
0.7521658429680108,0.39427802832601877,0.30680267630301816,0.5200290632968222,0.7242288551353735,0.8666877993950699,0.9484660511856416,0.9469744765531978,0.9669399826397698,0.9028845981331111,0.9459790202632288,0.9786682871397931,0.9421453855272347,0.937212193903126,0.9999410846580576,0.0,0.9353032655447102,0.9106505412844476,0.9752214609619579,0.939411394240862,0.9621395001587837,0.9237103689826351,0.9326819327200562,0.8856134434038653,0.8230055914599775,0.8529025761689535,0.904911150560137,0.6469615269202558,0.8054829042376951,0.6982090832837003,0.7847118957775449,0.7882667937173509,0.751701610554359,0.8499486601824465,0.7640823660971188,0.7229777709806685,0.5135406197505525,1.0,0.96502245818565,0.7466081204261492,0.8335424474780527,0.8813941073276019,0.9817585592045114,0.8669189027409229,0.9769507482913098,0.852839336189808,1.0,0.8136006613493054,0.993628782131091,0.8063948529083569,0.8827427927684492,0.8965600577370273,0.9984576833439537,0.9526668428785076,0.9680334990917148,0.9984701358890007,0.8511509654787298
0.6534257656175202,0.43723219650419637,0.3384348549208731,0.5527257835809157,0.7715118866661942,0.8000113734087044,0.9095499639713431,0.8470724109151636,0.8250752257537677,0.8173910055494561,0.7824610133162916,0.9810186965733313,0.855385894287167,0.9779321156350556,0.896031141213349,0.9353032655447102,0.0,0.8795887378207611,0.9500374135017092,0.8737394072846336,0.8905176510666497,0.7450323198837271,0.8316553382518795,0.7996521214111418,0.6931111709550493,0.7444442085344759,0.8103828797280838,0.6444593736769804,0.6795552980969342,0.6202728869533396,0.6482597438203114,0.6617642219867856,0.6377388551130676,0.7373449287738688,0.6908831730893934,0.6050149770073918,0.4543621898588693,0.858085063810531,0.8610725218630548,0.6022675619768475,0.73093788592,0.7295902765225719,0.8245100151590541,0.7045906764733939,0.8009726402062435,0.7522379976948119,0.9086063196423333,0.7364675162486359,0.8583018048714605,0.7069107026982301,0.7523574537586541,0.823804335198287,0.9030280611332366,0.8428414431047401,0.9466163749123071,0.9427762662364207,0.7772821691876648
0.8207939062983054,0.3224639243659483,0.2534380252393144,0.4227404433978246,0.6052619070749361,0.9198591428085263,0.9974845087533066,0.9281998054171852,0.9307427971983202,0.9003082044898915,0.9263645145316921,0.9235329889253628,0.9704370798727779,0.8539078046734714,0.9360297944376061,0.9106505412844476,0.8795887378207611,0.0,0.9562235036131933,0.9624900938098447,0.9416038143374289,0.909332393848228,0.908214403796726,0.9298131810062091,0.8596741059488682,0.8443352243865884,0.9369861484712005,0.5837759165654827,0.8159675019982283,0.7998658712707317,0.8127694150539578,0.8407152695560901,0.822346886572832,0.9056171898499022,0.8614068456841094,0.7692044824094852,0.6251949374287237,0.9061097845185375,0.9428650003357385,0.7933827487665234,0.9464693715895918,0.8920446700619424,0.8885600228393222,0.8579422717743016,0.9898371356130857,0.931283501783179,0.8996166293571206,0.8603550958000387,0.9499394484152274,0.8715626258196867,0.9224516542420635,0.9566961004729386,0.9214282134296101,0.8644390462601725,0.9474293362914601,0.9825895496289242,0.9420694520397437
0.7635661226841688,0.3877504151998944,0.29267749572012347,0.48747152282963196,0.7015810167764982,0.8529715849562296,0.9557312010142577,0.9937477910113377,0.9747031045811201,0.8367819176166149,0.9014445320619164,0.970925134533469,0.907804797635111,0.9210113800058143,0.9642209800945164,0.9752214609619579,0.9500374135017092,0.9562235036131933,0.0,0.9801141407497348,0.9533074052857069,0.9655350375507243,0.9509951939285547,0.9955441894517028,0.8442810600836792,0.8282124927395452,0.99372028761555,0.667166763926919,0.8635375895415114,0.7373147410639496,0.7896482311748866,0.812772437669439,0.7951448035614802,0.8739930719275775,0.7866605442732213,0.698335547950193,0.5186568000161847,0.9674164072587674,0.9364031409348084,0.7307332110113625,0.8294790161057567,0.8616149018097983,0.9361957248908793,0.8601464258890796,0.9701375137696734,0.8913514136727263,0.9282646837244338,0.855281380089009,0.9007146364651805,0.8511558902492331,0.8822600799276153,0.8984927209752106,0.9006210628914411,0.8901693451886651,0.9826770990592321,0.9174011819056256,0.9306621951454798
0.7925901289750945,0.40398793192201893,0.30542967882865146,0.5231421144581397,0.7175486551747967,0.9393991291358595,0.9368894687160043,0.9915767701019361,0.9933980175907825,0.9074335751619115,0.8838074083606151,0.9152129694636413,0.9019730160280341,0.8907442731544055,0.9538618831299277,0.939411394240862,0.8737394072846336,0.9624900938098447,0.9801141407497348,0.0,0.9371953083991582,0.9568673121809447,0.9350903305168321,0.9426433180224882,0.8429006732326024,0.8752785624977217,0.9208459524148914,0.6557422075636142,0.8226369592725609,0.7746759184438314,0.8025741267331372,0.8088140466304097,0.7986276806851081,0.8269505649545761,0.8790193158370525,0.7252136881813133,0.5765512998100772,0.9446978684051348,1.0,0.7583069662781546,0.8539651993790168,0.8797579073331198,0.9856912460527808,0.8232621513407856,0.9763683345121592,0.8653074737476445,0.9243773120022938,0.8567821397621407,0.926115756464608,0.8116589486498719,0.8615994062245015,0.8960149474516047,0.9425865213768109,0.8895761124953555,0.8648785709708086,0.990793152600607,0.8323490256302569
0.7221099089616968,0.3726419937059715,0.2736441016867986,0.43486281136605864,0.6929248399190424,0.8629692358502066,0.9687223001869356,0.9104178407378702,0.9191757796761743,0.7871480067593963,0.8922200606106212,0.9187519488311555,0.9001737700318605,0.8992904514363552,0.9427389852760799,0.9621395001587837,0.8905176510666497,0.9416038143374289,0.9533074052857069,0.9371953083991582,0.0,0.8691421576974957,0.8882852176173958,0.884475892212593,0.8447027018567883,0.8351005804882008,0.9430750089230403,0.6799791136290295,0.8419615486331694,0.7081557696676235,0.7526361780194751,0.7905755267587943,0.7863700652325061,0.7830002990171662,0.7557338516787376,0.6836154091096784,0.5052654611866757,0.8984189435797932,0.9380673248508801,0.6896436523713696,0.8155221978234152,0.8094960512529636,0.903893569280295,0.8095941306344653,0.8862747984309262,0.8689735038929098,0.8508799713899405,0.8576991797258984,0.8985580775764835,0.8142739453507107,0.8420344760995301,0.9050637930469989,0.9216916125697583,0.8623324392456864,0.9657045632234698,0.9250305387214407,0.8783266506178109
0.8910471466826476,0.3313493960488223,0.2524424071072172,0.4384323472590964,0.6244200916539205,0.9799844577114163,1.0,0.9349902252982253,1.0,0.8652760421458671,0.9586623348210133,0.8409780059661838,0.9428057842034265,0.7504302430717287,0.8818666937317172,0.9237103689826351,0.7450323198837271,0.909332393848228,0.9655350375507243,0.9568673121809447,0.8691421576974957,0.0,0.9731395294716022,1.0,0.9192113665684357,0.9487637916943902,0.9972645948992136,0.5713942978919582,0.80794575296297,0.862439067110623,0.9319539192822236,0.9130459754623005,0.9121204755800535,0.9572379133209408,0.9096132175357061,0.8912177409292414,0.6672379654361072,0.9614258501365899,1.0,0.8799538326645729,0.9066329637033883,0.9875137405343551,0.9491384272302201,0.9068698171925785,0.9956768219726495,1.0,0.9079935498252139,0.9571583055377065,1.0,0.891287378967454,0.8731463276758668,0.8552861102180992,0.8674715136429868,0.8312704097214749,0.8098483927210351,0.9183011672896866,0.9222794630273419
0.9654069721045255,0.33640082928988335,0.2530219904554611,0.42787824100404676,0.65108704917132,0.9566799347151879,1.0,0.9553055540898916,1.0,0.9040205617484149,0.9468727883336866,0.8589102173369233,0.9608953202386638,0.7893175502945154,0.9115756283589121,0.9326819327200562,0.8316553382518795,0.908214403796726,0.9509951939285547,0.9350903305168321,0.8882852176173958,0.9731395294716022,0.0,1.0,0.9072994386184152,0.930670230982722,0.9611601809784953,0.5437808780668065,0.813906034447211,0.8724304965914478,0.8803564214456736,0.9483681221820279,0.931362040358588,0.9243485752613476,0.9284027774863095,0.8888947968534373,0.6819977044167541,0.9536878338137184,1.0,0.8637337852222294,0.9664290633484736,0.9425785483446457,0.912117157564473,0.9674063530170284,1.0,1.0,0.9049221039636857,0.9889653966307931,0.9890615791835798,0.938648912392467,0.9711253897771367,0.8659459639861151,0.868894333821827,0.9097167608039959,0.8980014038194294,0.9768767635383803,0.9924601813345919
0.904249429295561,0.32917678167360925,0.25453365894925056,0.42634692426218285,0.6156961456235698,0.9582667654634226,1.0,1.0,0.9954445994586781,0.8208057161795815,0.9604487658631295,0.8858037787164318,0.9429546611687821,0.8050750455718352,0.9420173139461945,0.8856134434038653,0.7996521214111418,0.9298131810062091,0.9955441894517028,0.9426433180224882,0.884475892212593,1.0,1.0,0.0,0.9150551335966736,0.9271003708912589,0.9622669969962241,0.5715947604895496,0.8709177243347739,0.8826505031858787,0.9240797551644981,0.9009598297266157,0.9390150457786858,0.8926544309245626,0.9122400777102215,0.8887620237363864,0.690079277500729,0.9175073976464115,0.9761311364585817,0.8772089461473384,0.9675738255916289,0.9653545656887206,0.9932631180605233,0.9427120220575514,1.0,1.0,0.9377471366541743,0.9917503668441282,0.9821593833794674,0.9036863661453005,0.962451041785079,0.8723747091148842,0.8744877250694355,0.8350768829090754,0.8583804037792951,0.9230208783794499,0.9196960586743363
0.8116062960352562,0.33979455588726043,0.22506201516509214,0.3973978507449832,0.6531577324425769,0.9204480484108608,0.9648284882910969,0.8786441772816955,0.9785220540867576,0.8054028466248994,0.8826382391283202,0.7005012017095262,0.7911994588091757,0.6814513478364511,0.7888210502587026,0.8230055914599775,0.6931111709550493,0.8596741059488682,0.8442810600836792,0.8429006732326024,0.8447027018567883,0.9192113665684357,0.9072994386184152,0.9150551335966736,0.0,1.0,0.9645701860496853,0.6109293387232628,0.9087359444238532,0.9895434721777652,0.9356226087671915,0.8981713877148246,0.9186683168300845,0.9779943873202018,0.9094592156596218,0.8478440691978795,0.6831870111409869,0.9329598458751942,0.8709534067792974,0.8429365765096428,0.9176570979985682,0.8582497502464425,0.7406463993072864,0.8392375745212775,0.9248804429392237,0.8999419739351147,0.79464364558614,0.8855948449554291,0.8464850869990299,0.9089806904946188,0.7273068958203233,0.7477165180217533,0.7676970800612751,0.7515149984741848,0.7394791106346755,0.814021054158411,0.8184243724890918
0.8348951587097272,0.34991408767471943,0.23327479040077326,0.41477999299399154,0.7335426287685163,0.9601623358112521,0.9815293805889537,0.9215833731233912,0.947239932504649,0.8444537548837073,0.9358742458180048,0.7296818171814212,0.8349554746319595,0.7291524665859747,0.850530266252849,0.8529025761689535,0.7444442085344759,0.8443352243865884,0.8282124927395452,0.8752785624977217,0.8351005804882008,0.9487637916943902,0.930670230982722,0.9271003708912589,1.0,0.0,1.0,0.6194716057221914,0.9672128840907814,0.9835640086432386,0.9266634091438933,0.8805903921314537,0.9509295240978912,0.9770619911798819,0.9389803944296555,0.9058192389608417,0.634576957272068,0.9792328651249039,0.8647548443808092,0.833048701304579,0.9139052290090453,0.9330099033771119,0.7668467572858079,0.9405967940521195,0.9470453302467883,0.9531130397635597,0.8241537628382186,0.9221394420752491,0.9174142726784462,0.8654102775313662,0.7295617233382666,0.8002341311660008,0.7614577404235754,0.7666590007911611,0.8222218274456481,0.9117548237977009,0.8895331456470256
0.8929844878023282,0.3759692437921688,0.25877867508872304,0.45308639459539507,0.7377379463079071,0.9343463713078715,1.0,0.9626757389396,0.9887584425793514,0.8376358771561268,0.9429012773606439,0.8061384305724308,0.9214574695086235,0.7974684890584853,0.894284689620546,0.904911150560137,0.8103828797280838,0.9369861484712005,0.99372028761555,0.9208459524148914,0.9430750089230403,0.9972645948992136,0.9611601809784953,0.9622669969962241,0.9645701860496853,1.0,0.0,0.6712797996356463,0.9629385979435496,0.9491296387447847,0.9630340819587242,0.9662812392365369,0.9632192958578124,0.9632303529751034,0.9973740779491617,0.8853802606964745,0.6632819326264405,0.9869513261556062,0.9680712955294043,0.8467065154262894,0.9442490896826654,0.9044219279584559,0.8954766627866463,0.957512921864651,0.9800949908217755,0.9841198980874111,0.9247838370293222,0.9576616996286567,0.9705952574149617,0.9633696850176705,0.7902448002741392,0.8285603261670597,0.8870588042824963,0.8427297119652556,0.8849034083002106,0.8906737032937677,0.896927560274164
0.4264903304707186,0.533806981010676,0.29316250559338164,0.48171666974991606,0.828054940227176,0.5569461461010226,0.606367359001088,0.6252661007744944,0.6038874529440625,0.543750659959708,0.5403510308174808,0.5703576339143294,0.501723796237963,0.6862370491598372,0.6428195244042915,0.6469615269202558,0.6444593736769804,0.5837759165654827,0.667166763926919,0.6557422075636142,0.6799791136290295,0.5713942978919582,0.5437808780668065,0.5715947604895496,0.6109293387232628,0.6194716057221914,0.6712797996356463,0.0,0.6052016544932973,0.5143602839338918,0.530677880278552,0.5691240104944706,0.49945368859057493,0.5798096518287391,0.5423872214736374,0.42478372063662245,0.2977429382645652,0.638364039251087,0.5779305651193412,0.42363725768448574,0.47029361882174925,0.5365469669471074,0.5993007535098724,0.5211236506316599,0.5310567247673992,0.5422939760723124,0.5199592333604821,0.5016075272499582,0.5893442373001267,0.4621513965174474,0.43253556151543243,0.5442534570186002,0.6026080257566975,0.5437880422454799,0.6665131336741756,0.57681345011582,0.4711729596264319
0.8494618329221381,0.3277718156370182,0.22822729658303764,0.39450688594453637,0.6894928393333555,0.8797119482918313,0.944393695465388,0.9398765133171604,0.9510183300303553,0.8540921581032187,0.8524138388695296,0.7191545155278053,0.7677574615495746,0.6911521607425056,0.7333557930195781,0.8054829042376951,0.6795552980969342,0.8159675019982283,0.8635375895415114,0.8226369592725609,0.8419615486331694,0.80794575296297,0.813906034447211,0.8709177243347739,0.9087359444238532,0.9672128840907814,0.9629385979435496,0.6052016544932973,0.0,0.8974606416654327,0.8719367536217323,0.8845090631532238,0.8870142757419807,0.9403998245043776,0.9439155537902456,0.8432359367981314,0.6097041184083604,0.9127562091625318,0.8090305987761764,0.8165858301872021,0.8826296359886102,0.8409495566720111,0.7311731730249085,0.8028149497449047,0.8926688419643528,0.8574039367935387,0.7997350443306646,0.8584913329925931,0.8375734423622468,0.8357953374408428,0.6894661275763462,0.7358119288155237,0.7955649303476543,0.7480815960533937,0.7952625503841075,0.8324564284530702,0.7861604768546498
0.93841180863346,0.3007135371527853,0.21135283717374376,0.3634263349787048,0.6129691319565714,0.9119290793726083,0.9142342863065588,0.8162447976831358,0.8780048462708365,0.7921639869489119,0.8539790403394388,0.6602584762674434,0.7353593575647654,0.6245186723941484,0.7284291869109234,0.6982090832837003,0.6202728869533396,0.7998658712707317,0.7373147410639496,0.7746759184438314,0.7081557696676235,0.862439067110623,0.8724304965914478,0.8826505031858787,0.9895434721777652,0.9835640086432386,0.9491296387447847,0.5143602839338918,0.8974606416654327,0.0,0.958495379952364,0.9249876292467191,0.9968393207457839,0.9007768062401622,0.9588440850356449,0.9224149106671872,0.7685146050365168,0.8500101791493915,0.8315741413193879,0.867524261788525,0.9187679725641984,0.8954206248975543,0.7242304201807277,0.8512815844692709,0.8592133156997611,0.8403850437573961,0.7466225267582487,0.9330988513921026,0.7918657690349666,0.8663782770205849,0.6756923862318132,0.7544469679856428,0.7055833629478773,0.7075106256821775,0.6898482266161042,0.7471606894452549,0.8164060776228824
0.871373664210725,0.3529111497493772,0.24494244449111885,0.4211777976419828,0.6235456120349052,0.9491456240112464,0.9326761328586167,0.8134722675008234,0.9655391695811306,0.7920773195684482,0.918096705565791,0.7047962282409993,0.7961292657546932,0.6778498450960226,0.7963328965893911,0.7847118957775449,0.6482597438203114,0.8127694150539578,0.7896482311748866,0.8025741267331372,0.7526361780194751,0.9319539192822236,0.8803564214456736,0.9240797551644981,0.9356226087671915,0.9266634091438933,0.9630340819587242,0.530677880278552,0.8719367536217323,0.958495379952364,0.0,0.9151592740750212,0.95546027818473,0.94709490095995,0.967817564359765,0.934780526989155,0.7373943484744001,0.8912314756117881,0.8744196761684105,0.8489431468302371,0.8475548081327889,0.9113029186143251,0.779543457757898,0.8937338867504109,0.9369324528751551,0.9284962949836452,0.8081898039986685,0.923198065296306,0.9041137184211666,0.8319288724055545,0.7626770491946635,0.6898805238282574,0.7800321287761774,0.7898700791060062,0.7167127487820677,0.8265930888709231,0.8414950713850711
0.9053887215642574,0.31771011568402974,0.2267871797966146,0.3933953463814179,0.6450538518269865,0.9408006942128591,0.9695891334009611,0.8968886755687274,0.9434889990164097,0.86345608826056,0.9707021988311474,0.7254992772169695,0.825109166839237,0.718661897900811,0.7897275026201591,0.7882667937173509,0.6617642219867856,0.8407152695560901,0.812772437669439,0.8088140466304097,0.7905755267587943,0.9130459754623005,0.9483681221820279,0.9009598297266157,0.8981713877148246,0.8805903921314537,0.9662812392365369,0.5691240104944706,0.8845090631532238,0.9249876292467191,0.9151592740750212,0.0,0.8940796791275507,0.9211473938986953,0.9796512088992858,0.8634439570872715,0.7021909027440306,0.9323503482138478,0.8431890923337012,0.8578637115920822,0.9175244105617798,0.8530937251728035,0.7653194330612249,0.8172079597852488,0.8767944298103189,0.9319088135246582,0.8227037344338114,0.876047931891346,0.8318401534489381,0.81771188562904,0.6965633226977846,0.8091941285348444,0.7716400412735318,0.8680343393777629,0.7574045321275018,0.7839877973559713,0.8005030215680148
0.9822516149872519,0.2991038208950611,0.2145786407312193,0.36571525907729385,0.582939175779061,0.9057394960754928,0.9263461844830321,0.8742747719595549,0.9794520006857413,0.774763949402424,0.9290666556894405,0.6944464567027092,0.8329302816930511,0.6527524587986533,0.7462977302147743,0.751701610554359,0.6377388551130676,0.822346886572832,0.7951448035614802,0.7986276806851081,0.7863700652325061,0.9121204755800535,0.931362040358588,0.9390150457786858,0.9186683168300845,0.9509295240978912,0.9632192958578124,0.49945368859057493,0.8870142757419807,0.9968393207457839,0.95546027818473,0.8940796791275507,0.0,0.9320606393913273,0.9354517950106531,1.0,0.7925985546119843,0.8620548331274689,0.8918673327448677,0.8833261793241246,0.942418317865499,0.9038570785664011,0.7804165322220923,0.8893116742175117,0.933121277288309,0.9372527409403216,0.8242318076506432,0.9534948267356304,0.8616397549747524,0.9051078739184651,0.7638711362262323,0.7346076838501646,0.7303675275047965,0.7305699590757142,0.7187496166249439,0.8247021913013284,0.9324956581776321
0.8442154079163122,0.3501816914114274,0.24563134658429084,0.4260322732614751,0.6920359616239744,0.958100125140628,0.9550786802726359,0.9590325755093698,0.9648319472533848,0.8531092835942735,1.0,0.7606991243099986,0.831574446203534,0.6888893242207209,0.8232920309017924,0.8499486601824465,0.7373449287738688,0.9056171898499022,0.8739930719275775,0.8269505649545761,0.7830002990171662,0.9572379133209408,0.9243485752613476,0.8926544309245626,0.9779943873202018,0.9770619911798819,0.9632303529751034,0.5798096518287391,0.9403998245043776,0.9007768062401622,0.94709490095995,0.9211473938986953,0.9320606393913273,0.0,0.8998938951953275,0.8531110793518083,0.6558262710402449,0.9292275721484448,0.8712891690935289,0.8643966504486215,0.8836057092121476,0.9207203512176094,0.7939779959287689,0.8202436455286538,0.8923061118832707,0.8769012815117242,0.8790776627542117,0.9300923892143532,0.9311250047053411,0.8634525638732643,0.7101788155832395,0.748121841314831,0.8183201344578424,0.7995579129481107,0.7961665730252845,0.8624516447697653,0.8530952011186753
0.9274883061461875,0.30051673543956026,0.218761801374501,0.3610189157524014,0.6233131112291921,0.885922925068624,0.9669229759253125,0.9346731373383496,0.9267486133033562,0.8185205024072443,0.9393033099839031,0.736419473790853,0.8358518291703338,0.6679687355608083,0.7474294662170206,0.7640823660971188,0.6908831730893934,0.8614068456841094,0.7866605442732213,0.8790193158370525,0.7557338516787376,0.9096132175357061,0.9284027774863095,0.9122400777102215,0.9094592156596218,0.9389803944296555,0.9973740779491617,0.5423872214736374,0.9439155537902456,0.9588440850356449,0.967817564359765,0.9796512088992858,0.9354517950106531,0.8998938951953275,0.0,0.9607142363777025,0.7908280961130114,0.9362407199776464,0.8694547666201609,0.8447033235243115,0.9320274617844811,0.8871480682125092,0.7512941652147956,0.8706904381913027,0.913401510070098,0.9608037779979716,0.7798881678205856,0.9534257747743836,0.9064833912390119,0.9274949582875156,0.725497325515322,0.7599398111555168,0.7879922325155828,0.8299919899434002,0.7332941581057477,0.768321059277584,0.8683267437840932
0.9987260636820436,0.2427493848124189,0.19109343993618183,0.3151868355421913,0.4769855062846118,0.8671385464391341,0.9017636327323371,0.8603334880388754,0.8918664703599495,0.7585445344172282,0.8636563593725843,0.6506363245187037,0.8007128916875598,0.5736575910489625,0.7010526479705571,0.7229777709806685,0.6050149770073918,0.7692044824094852,0.698335547950193,0.7252136881813133,0.6836154091096784,0.8912177409292414,0.8888947968534373,0.8887620237363864,0.8478440691978795,0.9058192389608417,0.8853802606964745,0.42478372063662245,0.8432359367981314,0.9224149106671872,0.934780526989155,0.8634439570872715,1.0,0.8531110793518083,0.9607142363777025,0.0,0.8808537389137824,0.8023601342106459,0.8203584776675164,0.8741703193855799,0.972358865147077,0.8846468604283357,0.710628107153158,0.8548068944242507,0.824771188099219,0.9118747101656112,0.7692207388548005,0.9451547066941277,0.8021586061748709,0.9254323758359007,0.7572018884810714,0.6944765410712688,0.690800338465268,0.7311606685275381,0.6654018320101747,0.72919906212106,0.8824254354651616
