Cingulate area 2,Glomerular layer of the accessory olfactory bulb,Glomerular layer of the olfactory bulb,"Olfactory bulb, unspecified",Frontal association cortex,Cornu ammonis 3,Dentate gyrus,Cornu ammonis 2,Cornu ammonis 1,Fasciola cinereum,Subiculum,Postrhinal cortex,Presubiculum,Parasubiculum,Perirhinal area 35,Perirhinal area 36,Medial entorhinal cortex,Lateral entorhinal cortex,Primary auditory area,"Secondary auditory area, dorsal part","Secondary auditory area, ventral part","Piriform cortex, layer 1","Piriform cortex, layer 2","Piriform cortex, layer 3",Ventrolateral orbital area,Lateral orbital area,Ventral orbital area,Medial orbital area,Dorsolateral orbital area,Prelimbic area,Secondary motor area,Frontal association area 3,Primary motor area,"Agranular insular cortex, ventral area",Agranular insular cortex dorsal area,Cingulate area 1,Infralimbic area,Dysgranular insular cortex,Granular insular cortex,"Primary somatosensory area, forelimb representation","Primary somatosensory area, dysgranular zone","Primary somatosensory area, face representation",Secondary somatosensory area,"Primary somatosensory area, hindlimb representation","Agranular insular cortex, posterior area","Primary somatosensory area, barrel field",Retrosplenial dysgranular area,"Primary somatosensory area, trunk representation",Retrosplenial granular area,"Parietal association cortex, lateral area","Parietal association cortex, medial area","Parietal association cortex, posterior area",Primary visual area,"Secondary visual area, lateral part",Temporal association cortex,"Secondary visual area, medial part",Nucleus of the lateral olfactory tract
0.0,0.7490165303624646,0.6036116411739537,0.6630249270292591,0.6906398146403524,0.9771798332437759,0.9388046413998808,1.0,0.991534073763151,0.8376401241728402,0.9308518811919434,0.9084046083091322,0.9115612635740179,0.9410202574817744,0.8769774250965046,0.8191757129079619,0.9034558921082075,0.9438890267175909,0.6668552191357692,0.8262905484108449,0.6749815524461765,0.9804133963449232,0.9516845305684676,0.944337379608081,0.706707201546545,0.737073736618798,0.7965503763835609,0.6937412210616412,0.6354888873093689,0.7042928915445463,0.7271379751368332,0.5942932508291381,0.8300872153589792,0.8311742079769503,0.762402758543824,0.8538781746199553,0.8862978320635726,0.9311385113065566,0.9231609152117126,0.9333178577902197,0.9603411883043695,0.775438739985948,0.9474892417823849,0.9479563362368515,0.9995448111436832,0.9644312666416885,0.9697279144450706,0.9930186922631898,0.9701252417387188,0.7692011099846093,0.8203605647415132,1.0,0.9938770174812377,0.9334191203619799,0.8365086302438921,0.9458782003326931,0.9480246989033609
0.7490165303624646,0.0,0.894989131448854,0.9464565927230818,0.9655183637781135,0.692669325958781,0.6855121720104321,0.7249460237671532,0.7182401295931878,0.619574119628187,0.639365133382433,0.7602101119870082,0.6851116775471339,0.7188442417297027,0.8951251570574832,0.7851689741058798,0.7786000504731703,0.6816599700685029,0.6585680260882609,0.6907389012133002,0.7509801095228631,0.8656039926399924,0.813965762543934,0.7525617207913932,0.999774810612933,0.9425170450827209,0.9042510659704994,0.9509878786977038,0.8870780669561978,0.9221134633704745,0.9678250664113945,0.867783669558054,0.9063524732250128,0.844460153615917,0.8758326043563593,0.8684908975276782,0.8869582129687045,0.8273073103246501,0.8578188631905738,0.8447752826775011,0.9206045379757378,0.9011856583569471,0.8589105718150466,0.7748221530572068,0.823620987413973,0.7891974947484464,0.7125361644960307,0.7992943712123229,0.6598854832106689,0.8547393154232176,0.7391469905103812,0.8261211735839734,0.6891424903254966,0.6101659109348271,0.7465014218202576,0.6945762791315636,0.6816161324835472
0.6036116411739537,0.894989131448854,0.0,0.9060146800712882,0.9294324912296233,0.5685038129235088,0.555955490903173,0.5671429058432649,0.6242815795531064,0.5402944968407918,0.5016626365200928,0.6677097390156427,0.6038745752372932,0.5858513658684196,0.7573956116639213,0.6896801189354209,0.5940022540550851,0.5713033043628295,0.5992680903846291,0.5579819910283379,0.6703127525038298,0.7045186197018023,0.6882724842943734,0.6311188465204187,0.885916583020309,0.8607872665100866,0.7778314716808709,0.9663261387074793,0.8787199846359153,0.9099159024218099,0.92965417972301,0.9409645256070182,0.8236835960403076,0.744838887988399,0.7803315265638991,0.7354199858608338,0.741910165556791,0.7005289584095606,0.7362240667871532,0.7445864249461528,0.7419440973471078,0.7995270652142303,0.8097114780003741,0.6818190875216208,0.641578316815432,0.6673279175487218,0.6179640724449067,0.6423014139732596,0.5587595500214108,0.7208441537215731,0.5995113355863897,0.6547532319565544,0.556250509582885,0.5252443801017185,0.6556860154570603,0.5764498999051014,0.5320870291589711
0.6630249270292591,0.9464565927230818,0.9060146800712882,0.0,0.8985204912291141,0.603964271616425,0.5777791022220927,0.5902786347034857,0.5985107580031646,0.5590542737089819,0.5057155512298664,0.7065545312254006,0.5999527733441805,0.6342341842046131,0.7399944269308333,0.714092869395191,0.6210693830522204,0.6210275150282065,0.5890917443229045,0.6054925453708917,0.6957940477629113,0.6764528779550815,0.7133041345501068,0.672332656349643,0.8929418142923489,0.8550650684281358,0.8115280907511302,0.915872393583011,0.8938094241139641,0.8682079059196953,0.9487264002092666,0.8848757301875743,0.7967371925649436,0.7565839047288633,0.7932437623989546,0.765455912759499,0.779219978949775,0.7177047109670965,0.7412331743772433,0.7838769873742633,0.7327781975842438,0.8659719671326165,0.7893314885875954,0.682696848463981,0.6713173533852811,0.6949831076794055,0.6468752763138866,0.677633576466613,0.5777534014306838,0.7238667018206575,0.5777373978119095,0.678760280024211,0.5926253204731046,0.5502833611481738,0.7088230546560034,0.6111124509377234,0.5538296103062781
0.6906398146403524,0.9655183637781135,0.9294324912296233,0.8985204912291141,0.0,0.6597694813241569,0.64280102802302,0.66178196706558,0.7093790128421912,0.603015840661711,0.577185285337548,0.807627470549195,0.6723131349205569,0.7281948303541712,0.8705460272391871,0.8614819245918275,0.6915332769797198,0.6853241392323244,0.7075305183695118,0.6794450287852681,0.7700575882746946,0.8225785856085338,0.850149006389348,0.7601050021359856,0.9865618950570811,0.8892977175550804,0.8819418766476798,0.9500654011051857,0.8792023239377184,0.8560833573043327,0.9551207338291771,0.9194003618697139,0.8873262952783959,0.8097499736294129,0.8732210507457544,0.7968740944638867,0.9029015907705921,0.7952608411417702,0.8482863967018462,0.793859984978171,0.8272545121310602,0.8687371034123734,0.9448901078546764,0.764174976629199,0.7597927638639212,0.7904058076237667,0.704635039467218,0.7757523681746326,0.6328787365859131,0.8185069369029655,0.667747294249369,0.7481547374841523,0.6751549551460945,0.6213537789049218,0.7976555116728771,0.6819142597764533,0.6251850897151363
0.9771798332437759,0.692669325958781,0.5685038129235088,0.603964271616425,0.6597694813241569,0.0,1.0,0.9823629887370703,0.9233963570581237,0.8435037366893847,0.8892836393430466,0.8236853462530833,0.7705183196101738,0.9139588634029367,0.8479715341879615,0.8394414087024241,0.8961808078578597,0.8866380044308647,0.7274202926753237,0.7994374308067014,0.7152488738273234,0.9062967301699966,0.8689173889112909,0.9603204231249617,0.6764110024973392,0.6533798941345098,0.744135136053883,0.6208987650299571,0.6303035708783707,0.6740933792359732,0.7049205031976704,0.5633040796791001,0.8578878952264996,0.7294439275661334,0.7294725399370579,0.8112860727291423,0.7751423759115179,0.8904038515638806,0.8721164702013164,0.8429191362935962,0.8861510639609608,0.7956533979290064,0.9058662351580609,0.8762823150208026,0.9464550582577169,0.9260966310793112,1.0,0.9577237981283157,0.9090310268222566,0.7602457009933415,0.7346934782876536,0.9496700655673367,1.0,0.8529303442449482,0.7812171223912519,0.8492834182949806,0.8644280189331983
0.9388046413998808,0.6855121720104321,0.555955490903173,0.5777791022220927,0.64280102802302,1.0,0.0,1.0,1.0,0.8402311502571282,1.0,0.8454761341608087,0.9116432942927837,0.8468988346062296,0.8220343627785464,0.7667902072646112,0.8978986248004883,0.893138348146224,0.7430138684083418,0.8362241992395729,0.6893609209342297,1.0,0.9161530276573847,0.952713228998529,0.6496912571311719,0.7013288677709,0.7115110930545161,0.6566296060322113,0.6122498335951926,0.6768017750806822,0.6840316749007621,0.5600679656342551,0.8170001052100705,0.7976988933706801,0.7832140570759482,0.8393138397171076,0.7933321332417032,0.8711700204972415,0.8552005703460153,0.9155224451849648,0.9299561166039942,0.7790215112352576,0.8765160785894531,0.9575797345416841,0.9397260983188983,0.9600350215950242,1.0,0.9959220251203137,1.0,0.743084959657646,0.849584064656733,0.9822367802398089,1.0,0.924085349768502,0.8159839501529105,1.0,0.9888442928825144
1.0,0.7249460237671532,0.5671429058432649,0.5902786347034857,0.66178196706558,0.9823629887370703,1.0,0.0,1.0,0.8313716502784416,0.9683828692233577,0.8624643184547194,0.9372587092605105,0.9966765760465541,0.8373827463472477,0.7783229946560325,0.9018335851123312,0.9236777230374679,0.6968925980177755,0.778712044135109,0.6606533415950484,0.9734165358302418,0.8946834763482691,0.9277644022321241,0.659678340087005,0.6714096418684355,0.7438547376158606,0.6347218219256624,0.5938163515713867,0.6731099383014112,0.66025612201331,0.5588150601563918,0.8421128046246508,0.7782569799809768,0.7619617882229344,0.8347537995202807,0.7891748559956063,0.9028208672588217,0.8452879332705171,0.8539307048798711,0.8609946310560174,0.7792168279098253,0.947412904275265,0.8505293994944128,0.9030787346110732,0.9832139960213407,0.9970638056325701,0.9766443719055925,0.9439369831949528,0.7559021548690964,0.856148512524354,0.9615268788661149,0.9474151514155492,1.0,0.8419277198252665,0.9193751147563977,0.9833174053591468
0.991534073763151,0.7182401295931878,0.6242815795531064,0.5985107580031646,0.7093790128421912,0.9233963570581237,1.0,1.0,0.0,0.8246033609555123,0.9931231575145181,0.9121515049268157,0.8227146897453598,0.8905565112796902,0.8549789461950267,0.8261079921698734,0.8478754649388195,0.8814472409970789,0.7763018607491817,0.8668967504253235,0.7415130200750295,0.9399747349653815,0.9067057523440318,0.886119187808769,0.6716899535811719,0.6801365209600531,0.7418046686162706,0.6670112352994244,0.6414187493349458,0.736270249574047,0.7198809987818049,0.5659211801258909,0.859252761824781,0.7883971839906986,0.8223407806720875,0.7934767267980906,0.8301264296264533,0.8707808562158331,0.8683457234596654,0.942645662830128,0.9243533905857929,0.7830904093778891,0.9025542555266701,0.9493506533075102,0.9641595698632197,0.9244013820212191,1.0,0.9663823196153332,1.0,0.7796761953366859,0.8015386166123891,0.9750683837695909,1.0,0.9509776861397881,0.8044040906942257,0.9594000428640822,0.910667471735918
0.8376401241728402,0.619574119628187,0.5402944968407918,0.5590542737089819,0.603015840661711,0.8435037366893847,0.8402311502571282,0.8313716502784416,0.8246033609555123,0.0,0.7988472490926302,0.7241093333954478,0.7743943488373707,0.8043750337508405,0.6357610245357747,0.6220708082407201,0.7688324264947474,0.7278080713082992,0.6031139971516954,0.641567381357069,0.5663391092909319,0.732764188582647,0.7197248899979485,0.7404567058175512,0.589009023737551,0.567937578762999,0.6553755129715592,0.5423678726351702,0.5226244011143735,0.6026949673217737,0.6051637238747825,0.5170707825674098,0.747854532080854,0.5810175804846173,0.6032662563164609,0.6950562954717299,0.6405496114280715,0.7203765900597059,0.7154583504520443,0.7117988015231625,0.7516138797016713,0.6301073009202441,0.7336448643516447,0.8650962334597218,0.7727383131349592,0.7767606090268486,0.8156878740696422,0.7976445152760253,0.8708640516613186,0.5330191317816358,0.5724818914351225,0.8283657401405622,0.848195949503695,0.7150354309033687,0.6273707508428239,0.7795774281503169,0.7796643884395753
0.9308518811919434,0.639365133382433,0.5016626365200928,0.5057155512298664,0.577185285337548,0.8892836393430466,1.0,0.9683828692233577,0.9931231575145181,0.7988472490926302,0.0,0.8516747421059737,0.8799015141870541,0.863829048950942,0.7847984198490974,0.7934950064632181,0.9272663200001371,0.9083394069400742,0.7090964496564617,0.8293459174031886,0.6818256893992871,0.9362762564609142,0.8688152241113093,0.8912934528349196,0.5819022677386981,0.6072218738775974,0.6681985501092645,0.553347194719562,0.5205474082873847,0.5945949127354488,0.588414934802932,0.4832916828867215,0.7196060046068083,0.7342913130920462,0.6912913640875716,0.7119789876910603,0.7624687601196798,0.836502024758773,0.8102236828196918,0.7682983009332658,0.8384556653314359,0.6588838074418227,0.774495211670322,0.8557050792564949,0.9280302035983693,0.9317619007377403,0.9950769038416643,0.9841083665641007,0.980224848316272,0.7213754966891145,0.819269607470552,0.9288588005477698,0.9787123205158228,1.0,0.8086313679397584,0.9341038779501576,0.8953920614961081
0.9084046083091322,0.7602101119870082,0.6677097390156427,0.7065545312254006,0.807627470549195,0.8236853462530833,0.8454761341608087,0.8624643184547194,0.9121515049268157,0.7241093333954478,0.8516747421059737,0.0,0.8667767051656035,0.9069776811342873,0.905595950606616,0.8961213426153591,0.931294561141168,0.9163323558769875,0.7595823785217957,0.8773919163989223,0.815681686559348,0.9530178027866045,0.9830399795708014,0.9284326547403651,0.7521065730816654,0.7651647756405905,0.7339616230450441,0.7320828016048947,0.6490697246070706,0.7034954310975458,0.7475191876359341,0.5926624921987595,0.8027269281865185,0.7855275336090103,0.7934669160594321,0.7817289780558363,0.819598641487144,0.8671017945813745,0.9091970033193194,0.8258745681027225,0.867533928404786,0.780498614103978,0.9009507794771571,0.9146840222969872,0.9535037425168764,0.8952212365376923,0.8924146063431083,0.952473868214164,0.8031563076879913,0.8228238301222769,0.7980797951213302,0.9758338898717849,0.8993004945497531,0.8833103759442443,0.9527898515706308,0.8393313113785315,0.8616351666526245
0.9115612635740179,0.6851116775471339,0.6038745752372932,0.5999527733441805,0.6723131349205569,0.7705183196101738,0.9116432942927837,0.9372587092605105,0.8227146897453598,0.7743943488373707,0.8799015141870541,0.8667767051656035,0.0,0.8962529268900937,0.7366488861895887,0.8050095512909532,0.8821652959734232,0.8327865589439754,0.7482649709667577,0.8062082543086388,0.7314685998957772,0.8901434345678964,0.8948397840099845,0.8624281972130904,0.6436306767418234,0.6602018742681144,0.6895578267328664,0.6346030362142085,0.6090590468640358,0.6747578033953757,0.6565474532063691,0.535812358825005,0.751549439536007,0.6882937281273895,0.7069074147269949,0.7320995788917637,0.7353938946209361,0.7523808698809057,0.8351295860917429,0.7896250804743157,0.8583692308230149,0.7332314750369597,0.8822833617011394,0.8660410924084114,0.8764228346702864,0.8627635542553258,0.8630989782996623,0.8673684695676198,0.878435490078729,0.7009033578101098,0.7611445024650945,0.9128235271765881,0.905413427063649,0.8580422899909573,0.7626596911500179,0.8778914598844606,0.8297007640359928
0.9410202574817744,0.7188442417297027,0.5858513658684196,0.6342341842046131,0.7281948303541712,0.9139588634029367,0.8468988346062296,0.9966765760465541,0.8905565112796902,0.8043750337508405,0.863829048950942,0.9069776811342873,0.8962529268900937,0.0,0.7517522665763742,0.786410608103193,0.9907501880441374,0.8702097334729525,0.6724872638525556,0.7526990021555152,0.6594573410329231,0.9140676797572505,0.9307263562172645,0.9119949500649557,0.6659810996934378,0.6566661292864141,0.6871549609151412,0.6695204427199203,0.5806813146496516,0.6434379988658435,0.6688129107496856,0.5452068013157031,0.7408287495897476,0.7477597604717955,0.718211794159086,0.6967608545724466,0.798008137476807,0.8161647150729601,0.9054313132450056,0.774333079012868,0.814495910779893,0.6855103250287129,0.8525305420992663,0.8909609075652618,0.936548747437075,0.8185194517792648,0.9052888333431535,0.9459251579566502,0.9561540897663519,0.7593416406064113,0.784803646601457,0.9390169612245828,0.8715597916342557,0.9027806897219764,0.8043466892565638,0.8986392498974053,0.9165235820244716
0.8769774250965046,0.8951251570574832,0.7573956116639213,0.7399944269308333,0.8705460272391871,0.8479715341879615,0.8220343627785464,0.8373827463472477,0.8549789461950267,0.6357610245357747,0.7847984198490974,0.905595950606616,0.7366488861895887,0.7517522665763742,0.0,0.983051659361769,0.8362026140452035,0.8521834705997059,0.7316424328889977,0.8414557766148897,0.8053299182336748,0.9691711460394046,0.9427790600057019,0.8882090078680601,0.8284147262398958,0.81289743107692,0.8402855984019842,0.7631687020491915,0.7445991207128149,0.8049038964924641,0.8872240095905148,0.6876142987985515,0.9213290177125866,0.8380282549278653,0.8848894971194681,0.9128057401915064,0.9590751749383785,0.9470145918460338,0.9801533191995742,0.9137063838391688,0.9311953175442268,0.8726446070724343,0.9704306434965058,0.8843387181576351,0.9163428600113781,0.9802808970319896,0.8747906151833365,0.9662459061211676,0.7549395395586433,0.9388992917201576,0.8240507254338748,0.9634232252763802,0.8587920610804844,0.796765489924702,0.9431472732472639,0.8119125197667338,0.7193153081195381
0.8191757129079619,0.7851689741058798,0.6896801189354209,0.714092869395191,0.8614819245918275,0.8394414087024241,0.7667902072646112,0.7783229946560325,0.8261079921698734,0.6220708082407201,0.7934950064632181,0.8961213426153591,0.8050095512909532,0.786410608103193,0.983051659361769,0.0,0.8733845102513328,0.928867662203206,0.871889419316908,0.922308539326992,0.9263919058328756,0.9555652049745105,0.9015171127795707,0.9965267375621755,0.778902195832134,0.776732864374332,0.8096957732674206,0.73203138744949,0.6897947188592175,0.7835300851345229,0.7956629877714949,0.5939401066256279,0.8470658302182741,0.7700852900482125,0.7948002347086865,0.8036684671920112,0.8578962932924317,0.8937240161902403,0.9007201399733443,0.8211536512333357,0.7760418824342362,0.8395236658708669,0.9307285842806523,0.832957064342558,0.9088095926077462,0.9391023399555133,0.8358597689936064,0.8878425346173456,0.7971764802642887,0.9383000807777322,0.8002250180817844,0.8766928621115152,0.820131597538489,0.8268865060345562,0.9298661496221847,0.789821797353882,0.7427201307330235
0.9034558921082075,0.7786000504731703,0.5940022540550851,0.6210693830522204,0.6915332769797198,0.8961808078578597,0.8978986248004883,0.9018335851123312,0.8478754649388195,0.7688324264947474,0.9272663200001371,0.931294561141168,0.8821652959734232,0.9907501880441374,0.8362026140452035,0.8733845102513328,0.0,0.9001193437489535,0.722244526061278,0.8228921388877305,0.7125756641651481,0.879856030585186,0.9087803246761724,0.8851628696240187,0.6939645621978111,0.6709600954131719,0.7070969051591189,0.6493270572520722,0.5967793212366581,0.677520489487387,0.6437792294606168,0.5420594231442842,0.7687914115191512,0.7077499972376603,0.7844650546762368,0.707084950692429,0.7450765010551802,0.8347935375082105,0.8770039263111802,0.7890148752606636,0.8548770474757584,0.7241025995028527,0.890102224947437,0.8534515966025654,1.0,0.8551333364684897,0.8671336746568166,0.9597866927233765,0.9586167578340746,0.7374539982836161,0.8072751642308408,0.9309040502654626,0.9544777933035388,0.9187858516454118,0.838574951322153,0.8538706443758479,0.848015622312917
0.9438890267175909,0.6816599700685029,0.5713033043628295,0.6210275150282065,0.6853241392323244,0.8866380044308647,0.893138348146224,0.9236777230374679,0.8814472409970789,0.7278080713082992,0.9083394069400742,0.9163323558769875,0.8327865589439754,0.8702097334729525,0.8521834705997059,0.928867662203206,0.9001193437489535,0.0,0.6938677636736731,0.8080565131375761,0.7303255545702673,0.9429686562332965,0.9179319863567661,0.9015218883316554,0.6456800966675368,0.6708022975871356,0.7158835148778581,0.6053373887299968,0.5788969589152698,0.6521424799641402,0.7128089655967346,0.5250735666293708,0.8197717895504778,0.7048923249863416,0.7138677034115771,0.7369253903723929,0.8073890456500518,0.8098787403098807,0.9439870502345459,0.8233855853280996,0.8477397107154978,0.7550096925968269,0.8544824765968855,0.9043872912504746,0.9916026868613227,0.9031051141879388,0.8790418182818869,0.907697340269588,0.8926515993084477,0.8170601064297343,0.8628100813934765,0.8415126089809745,0.9815638926317178,0.968898349328915,0.8317162726091741,0.8565437505214173,0.8296689629402147
0.6668552191357692,0.6585680260882609,0.5992680903846291,0.5890917443229045,0.7075305183695118,0.7274202926753237,0.7430138684083418,0.6968925980177755,0.7763018607491817,0.6031139971516954,0.7090964496564617,0.7595823785217957,0.7482649709667577,0.6724872638525556,0.7316424328889977,0.871889419316908,0.722244526061278,0.6938677636736731,0.0,0.9178514358592506,0.8882327059782789,0.8943998702241983,0.8164274007527994,0.9474186945908571,0.6975789242733397,0.6055115779970273,0.6078343272870667,0.6052179176086273,0.6313593042288863,0.669800267088281,0.6717196604117208,0.5346676557122457,0.7055723598060989,0.6373371342765739,0.7249117706808724,0.6454936694769724,0.6484797289121949,0.6457934469077052,0.7586197785951634,0.636849473405656,0.6880708154712804,0.6677093762436317,0.8425858513274279,0.7200158422506053,0.772086043812378,0.7859732969626027,0.8103714405338355,0.7642629071747963,0.7474481627138652,0.7544837886813422,0.6812998005189168,0.7237997464427782,0.7506000960407703,0.6941942371558005,0.9051896384713322,0.775190352891216,0.709127448005361
0.8262905484108449,0.6907389012133002,0.5579819910283379,0.6054925453708917,0.6794450287852681,0.7994374308067014,0.8362241992395729,0.778712044135109,0.8668967504253235,0.641567381357069,0.8293459174031886,0.8773919163989223,0.8062082543086388,0.7526990021555152,0.8414557766148897,0.922308539326992,0.8228921388877305,0.8080565131375761,0.9178514358592506,0.0,0.8961611104277819,0.960203368167497,0.9210069315150752,0.9305933722479164,0.6839305999566048,0.6583791454062428,0.6850750822467607,0.649008797714236,0.6503474266131641,0.7042405096740384,0.6892753806948712,0.5353082497323266,0.756799361990978,0.7337334561134699,0.7304078276201348,0.6850496434491405,0.7364348210764579,0.7869232119399253,0.7862903638291995,0.789977331848126,0.7465729805629696,0.70466612457022,0.897448136099897,0.7842189871118032,0.945693356236718,0.8574257584880612,0.8944995616845455,0.883286341144525,0.787391355231409,0.8125730690977963,0.7650157995837148,0.839451248102133,0.828896278702684,0.8094926385865494,0.8983746441560174,0.8648105202581723,0.7832943360597978
0.6749815524461765,0.7509801095228631,0.6703127525038298,0.6957940477629113,0.7700575882746946,0.7152488738273234,0.6893609209342297,0.6606533415950484,0.7415130200750295,0.5663391092909319,0.6818256893992871,0.815681686559348,0.7314685998957772,0.6594573410329231,0.8053299182336748,0.9263919058328756,0.7125756641651481,0.7303255545702673,0.8882327059782789,0.8961611104277819,0.0,0.9362829474830997,0.8735723866095365,0.878187217543383,0.7899638181625159,0.7388437439631607,0.693688724233752,0.7462787956898526,0.7360825934614849,0.7795596527223856,0.7567226452245629,0.6118820856207752,0.7657984245148921,0.7224859591898353,0.8042931545439072,0.6823067001736509,0.7711564380990122,0.7077607697212561,0.8150677557826814,0.714812886917254,0.7138761322229633,0.7319335987839211,0.8797421825175543,0.7324947665629475,0.806817724272067,0.7735720304486617,0.7731437062358113,0.813528053243978,0.7241493654031711,0.9002149195609565,0.7272811239065128,0.7416003114748363,0.7422538492250591,0.6964435065961747,0.9425610456432187,0.7152507767042632,0.6892763352984669
0.9804133963449232,0.8656039926399924,0.7045186197018023,0.6764528779550815,0.8225785856085338,0.9062967301699966,1.0,0.9734165358302418,0.9399747349653815,0.732764188582647,0.9362762564609142,0.9530178027866045,0.8901434345678964,0.9140676797572505,0.9691711460394046,0.9555652049745105,0.879856030585186,0.9429686562332965,0.8943998702241983,0.960203368167497,0.9362829474830997,0.0,0.9982202192264839,1.0,0.827048548946611,0.826915272542175,0.8412258808321373,0.7614365507998071,0.7242250636348221,0.8755556846203418,0.8264534078160695,0.6636239673055114,0.9767064990030645,0.9292949992994352,0.8993559392261892,0.902292469112599,0.9118403943656901,0.9334427679375741,0.9968454586348907,0.9144700565790049,0.8984740221906481,0.954748708977871,0.9980606295865657,0.9816606828118994,0.9443824910000913,1.0,0.960621484119979,1.0,0.9637491862403312,0.9882809156231261,0.9378373662107662,0.9737718611991313,0.9853030552539694,0.9413620040923141,0.984087976829494,0.9733578320644545,0.8502075077936829
0.9516845305684676,0.813965762543934,0.6882724842943734,0.7133041345501068,0.850149006389348,0.8689173889112909,0.9161530276573847,0.8946834763482691,0.9067057523440318,0.7197248899979485,0.8688152241113093,0.9830399795708014,0.8948397840099845,0.9307263562172645,0.9427790600057019,0.9015171127795707,0.9087803246761724,0.9179319863567661,0.8164274007527994,0.9210069315150752,0.8735723866095365,0.9982202192264839,0.0,0.9716919061171893,0.7700249534940361,0.8142273852430483,0.836091451804125,0.7358982314805946,0.7209344549263249,0.7747552844456859,0.7593133422110081,0.6162386894927556,0.886355637935533,0.8502197899656186,0.8321896503694044,0.820841078574348,0.8916761552281456,0.9545590327708183,0.9694010302350319,0.8592191778903594,0.938537610194135,0.827592436151628,0.9589737568866855,0.9012692508246738,0.9779106890747634,1.0,0.9454084317856771,0.970020611441641,0.891009648989143,0.8644282397998037,0.8626660451197872,0.9366304838816651,0.901028011382515,0.8878216676864416,0.9425181085703095,0.8924416676461846,0.9350296628082175
0.944337379608081,0.7525617207913932,0.6311188465204187,0.672332656349643,0.7601050021359856,0.9603204231249617,0.952713228998529,0.9277644022321241,0.886119187808769,0.7404567058175512,0.8912934528349196,0.9284326547403651,0.8624281972130904,0.9119949500649557,0.8882090078680601,0.9965267375621755,0.8851628696240187,0.9015218883316554,0.9474186945908571,0.9305933722479164,0.878187217543383,1.0,0.9716919061171893,0.0,0.7598082391045935,0.7209441755710749,0.769439145969799,0.6826543452810043,0.6902972276413462,0.754130805469601,0.794261141204742,0.586332225204389,0.8398384647876659,0.8007365818285115,0.7930285135967841,0.8234324431140663,0.8529531368535055,0.8831385589703217,0.9580378982410861,0.9007423820892732,0.8817293576202413,0.8094264981958929,0.9793578289964847,0.9003867056461281,0.9748014893162091,0.9488506730853087,0.9386810964721586,0.9944984091544953,0.9331602474174702,0.8492196509001723,0.8588849318895663,0.9552959435077457,0.9411057700881598,0.9210565945835398,0.9235462268809774,0.8704384439564831,0.872387676606192
0.706707201546545,0.999774810612933,0.885916583020309,0.8929418142923489,0.9865618950570811,0.6764110024973392,0.6496912571311719,0.659678340087005,0.6716899535811719,0.589009023737551,0.5819022677386981,0.7521065730816654,0.6436306767418234,0.6659810996934378,0.8284147262398958,0.778902195832134,0.6939645621978111,0.6456800966675368,0.6975789242733397,0.6839305999566048,0.7899638181625159,0.827048548946611,0.7700249534940361,0.7598082391045935,0.0,0.9833231176573706,0.9279185641258361,0.9686415992093916,0.9777825044768563,0.9764989106808107,1.0,0.9529222572887106,0.9365159447664826,0.9303043802176331,0.8834109328271488,0.8358932287969335,0.8356052336150213,0.8010578335982165,0.9169495728705409,0.8668979936836019,0.8356522191045387,0.993685476696554,0.8553674541172057,0.7742971477270055,0.7307332486937461,0.8002830368459185,0.7002912374234206,0.7799348669786716,0.6410263697922118,0.8296015319831328,0.6800817193066357,0.7781198335034543,0.6488687604195701,0.6272837604917659,0.7334781768100382,0.6608973452588102,0.5974386231572212
0.737073736618798,0.9425170450827209,0.8607872665100866,0.8550650684281358,0.8892977175550804,0.6533798941345098,0.7013288677709,0.6714096418684355,0.6801365209600531,0.567937578762999,0.6072218738775974,0.7651647756405905,0.6602018742681144,0.6566661292864141,0.81289743107692,0.776732864374332,0.6709600954131719,0.6708022975871356,0.6055115779970273,0.6583791454062428,0.7388437439631607,0.826915272542175,0.8142273852430483,0.7209441755710749,0.9833231176573706,0.0,0.9223906915071407,0.962424693712272,1.0,0.9678529238246728,1.0,0.9388616859277457,0.9395237843091693,0.9003103152486388,0.9814650476788652,0.9466420747526147,0.865534456808837,0.8432139057260216,0.9013493252083964,0.9154113385518348,0.8287411793545404,0.9420770632786558,0.8879097953890603,0.7833080181851958,0.7374220671480374,0.7915364033880363,0.6834458476299279,0.8069068358521242,0.6438727075267306,0.8533532578194685,0.7311724051332791,0.8093820175230165,0.6680291072165098,0.6210598456517241,0.7238510768068104,0.7175051675624066,0.6147350803694308
0.7965503763835609,0.9042510659704994,0.7778314716808709,0.8115280907511302,0.8819418766476798,0.744135136053883,0.7115110930545161,0.7438547376158606,0.7418046686162706,0.6553755129715592,0.6681985501092645,0.7339616230450441,0.6895578267328664,0.6871549609151412,0.8402855984019842,0.8096957732674206,0.7070969051591189,0.7158835148778581,0.6078343272870667,0.6850750822467607,0.693688724233752,0.8412258808321373,0.836091451804125,0.769439145969799,0.9279185641258361,0.9223906915071407,0.0,0.8777525035917432,0.9422173055349752,0.9948957252627068,0.9692721847767112,0.8344092036754965,0.9556708852527633,0.9248931498932143,0.9726899855932171,0.9120279963323153,0.9075379440473668,0.9020760041861856,0.9455359446822232,0.9200624152032321,0.9344330999970468,0.972227515921477,0.9220927143038178,0.852565863186018,0.7876578051410804,0.8924892972033802,0.8166768083926251,0.8931507812482565,0.7076451728064718,0.8411753856542931,0.7199583798845781,0.8616064345690411,0.7227848530875263,0.672780919229415,0.6807250351641069,0.7111017296203821,0.6300898300872299
0.6937412210616412,0.9509878786977038,0.9663261387074793,0.915872393583011,0.9500654011051857,0.6208987650299571,0.6566296060322113,0.6347218219256624,0.6670112352994244,0.5423678726351702,0.553347194719562,0.7320828016048947,0.6346030362142085,0.6695204427199203,0.7631687020491915,0.73203138744949,0.6493270572520722,0.6053373887299968,0.6052179176086273,0.649008797714236,0.7462787956898526,0.7614365507998071,0.7358982314805946,0.6826543452810043,0.9686415992093916,0.962424693712272,0.8777525035917432,0.0,0.9961185387776453,0.9451682424526819,0.9669296919751167,0.9297137135910097,0.8276766854992765,0.8574406062766068,0.9260462547770527,0.8692643992051052,0.7730998620168853,0.779308123606554,0.7934066000523031,0.8073411372095928,0.7824153705061221,0.9042089587178693,0.8974333029855379,0.7337458472883465,0.6973358401203851,0.7624995570683634,0.6960974667813785,0.7410192003588152,0.5975221162557853,0.8079554174158745,0.6803007113076432,0.7608279468931417,0.6144382974417003,0.5956753744622781,0.7246760122452351,0.6494106469633334,0.5850729166629364
0.6354888873093689,0.8870780669561978,0.8787199846359153,0.8938094241139641,0.8792023239377184,0.6303035708783707,0.6122498335951926,0.5938163515713867,0.6414187493349458,0.5226244011143735,0.5205474082873847,0.6490697246070706,0.6090590468640358,0.5806813146496516,0.7445991207128149,0.6897947188592175,0.5967793212366581,0.5788969589152698,0.6313593042288863,0.6503474266131641,0.7360825934614849,0.7242250636348221,0.7209344549263249,0.6902972276413462,0.9777825044768563,1.0,0.9422173055349752,0.9961185387776453,0.0,0.9399480437403183,0.983978376657135,1.0,0.8394887864467894,0.904445798761128,0.9613366459867166,0.7980572332674908,0.84652206137356,0.745356803985156,0.8175044781338361,0.7941625041843491,0.778032164660196,0.9062824489881987,0.7910863242686094,0.714715821191175,0.6825009691694516,0.7217094223695305,0.6371902455340095,0.7417205857717079,0.5746092855082195,0.7735795150078617,0.6592439148777751,0.685347824496394,0.582963524225142,0.5630003654545723,0.6715878407586654,0.5954339924776876,0.5397392611491276
0.7042928915445463,0.9221134633704745,0.9099159024218099,0.8682079059196953,0.8560833573043327,0.6740933792359732,0.6768017750806822,0.6731099383014112,0.736270249574047,0.6026949673217737,0.5945949127354488,0.7034954310975458,0.6747578033953757,0.6434379988658435,0.8049038964924641,0.7835300851345229,0.677520489487387,0.6521424799641402,0.669800267088281,0.7042405096740384,0.7795596527223856,0.8755556846203418,0.7747552844456859,0.754130805469601,0.9764989106808107,0.9678529238246728,0.9948957252627068,0.9451682424526819,0.9399480437403183,0.0,0.967770159928809,0.8750709446505985,0.9063666392572571,0.8530791393772009,0.9117690062403313,0.8654966420125922,0.8213419080933997,0.8468769276854765,0.8921265715364971,0.9006438257829438,0.8173606714314707,0.9352310705252799,0.9156617678681302,0.777573598138662,0.7779546734050263,0.8176691883059498,0.7219741125684648,0.7944745747030227,0.6601846896915647,0.8578988927128416,0.6922631266356002,0.77891521129464,0.6833945114316282,0.6226216246585454,0.7076401599167362,0.7000908099621745,0.5986986042553185
0.7271379751368332,0.9678250664113945,0.92965417972301,0.9487264002092666,0.9551207338291771,0.7049205031976704,0.6840316749007621,0.66025612201331,0.7198809987818049,0.6051637238747825,0.588414934802932,0.7475191876359341,0.6565474532063691,0.6688129107496856,0.8872240095905148,0.7956629877714949,0.6437792294606168,0.7128089655967346,0.6717196604117208,0.6892753806948712,0.7567226452245629,0.8264534078160695,0.7593133422110081,0.794261141204742,1.0,1.0,0.9692721847767112,0.9669296919751167,0.983978376657135,0.967770159928809,0.0,1.0,0.9753503000778909,0.8529320336363656,0.9679485623140187,0.9054725625995423,0.8806961211235343,0.8674877300652198,0.9350653387650624,0.9470154403784334,0.8375257246367404,0.9985732359846525,0.8823354011457508,0.8122097708925836,0.7693956076052543,0.7946219686247595,0.7442710910212817,0.8038268339401937,0.6299803506811815,0.827197987835663,0.6637881674080252,0.8354754753009433,0.7005716959548144,0.6255524678116546,0.7716939224482303,0.6862586763835568,0.605779344600879
0.5942932508291381,0.867783669558054,0.9409645256070182,0.8848757301875743,0.9194003618697139,0.5633040796791001,0.5600679656342551,0.5588150601563918,0.5659211801258909,0.5170707825674098,0.4832916828867215,0.5926624921987595,0.535812358825005,0.5452068013157031,0.6876142987985515,0.5939401066256279,0.5420594231442842,0.5250735666293708,0.5346676557122457,0.5353082497323266,0.6118820856207752,0.6636239673055114,0.6162386894927556,0.586332225204389,0.9529222572887106,0.9388616859277457,0.8344092036754965,0.9297137135910097,1.0,0.8750709446505985,1.0,0.0,0.7982604734178524,0.772110152347951,0.8590563907448695,0.7930404670339827,0.7962040526655981,0.6950509643850673,0.7475739951110549,0.7428893231178174,0.6813948786621418,0.8203215347179377,0.761805445475581,0.6720199489205848,0.6192751638222396,0.652864785532939,0.5717214702277991,0.6297335640482045,0.5299510745104203,0.6639414755642984,0.5647382438971237,0.655374025229374,0.5495767356854118,0.4798116042677644,0.5814366056285124,0.5663219224091505,0.49100206186843626
0.8300872153589792,0.9063524732250128,0.8236835960403076,0.7967371925649436,0.8873262952783959,0.8578878952264996,0.8170001052100705,0.8421128046246508,0.859252761824781,0.747854532080854,0.7196060046068083,0.8027269281865185,0.751549439536007,0.7408287495897476,0.9213290177125866,0.8470658302182741,0.7687914115191512,0.8197717895504778,0.7055723598060989,0.756799361990978,0.7657984245148921,0.9767064990030645,0.886355637935533,0.8398384647876659,0.9365159447664826,0.9395237843091693,0.9556708852527633,0.8276766854992765,0.8394887864467894,0.9063666392572571,0.9753503000778909,0.7982604734178524,0.0,0.9083752494327777,0.9617579773945408,1.0,0.9334422413405769,0.9598346141605788,0.9881644886170257,1.0,0.95074654827171,0.9438194646205512,0.9940052991765622,0.8967367617302336,0.9031996762875394,0.9784062848398134,0.9270022941045954,0.8976528081364267,0.8395984164794014,0.8336043604171821,0.7744818795912891,0.9073734281691557,0.8501885212070289,0.7662279377343628,0.7930741129460187,0.8400087573468861,0.7163770775318602
0.8311742079769503,0.844460153615917,0.744838887988399,0.7565839047288633,0.8097499736294129,0.7294439275661334,0.7976988933706801,0.7782569799809768,0.7883971839906986,0.5810175804846173,0.7342913130920462,0.7855275336090103,0.6882937281273895,0.7477597604717955,0.8380282549278653,0.7700852900482125,0.7077499972376603,0.7048923249863416,0.6373371342765739,0.7337334561134699,0.7224859591898353,0.9292949992994352,0.8502197899656186,0.8007365818285115,0.9303043802176331,0.9003103152486388,0.9248931498932143,0.8574406062766068,0.904445798761128,0.8530791393772009,0.8529320336363656,0.772110152347951,0.9083752494327777,0.0,1.0,0.971031002514894,0.9500485221147231,0.9465896147430558,0.9205067446330385,0.9149242021383938,0.9099469738296684,0.912349601716739,0.9010994413109091,0.7996128612725356,0.8817747936905215,0.8863092270082578,0.8359472938809742,0.9025026103927657,0.7670226195896894,0.93655985635718,0.8953218451332654,0.9162114780752533,0.7155077923237582,0.7536847656183127,0.7484958351057114,0.7900138594575267,0.6835404406074808
0.762402758543824,0.8758326043563593,0.7803315265638991,0.7932437623989546,0.8732210507457544,0.7294725399370579,0.7832140570759482,0.7619617882229344,0.8223407806720875,0.6032662563164609,0.6912913640875716,0.7934669160594321,0.7069074147269949,0.718211794159086,0.8848894971194681,0.7948002347086865,0.7844650546762368,0.7138677034115771,0.7249117706808724,0.7304078276201348,0.8042931545439072,0.8993559392261892,0.8321896503694044,0.7930285135967841,0.8834109328271488,0.9814650476788652,0.9726899855932171,0.9260462547770527,0.9613366459867166,0.9117690062403313,0.9679485623140187,0.8590563907448695,0.9617579773945408,1.0,0.0,0.8896584171703544,0.8835903307571682,0.885065502567743,0.8913244025188574,0.8988202602087377,0.8698919915697121,0.9377687657788426,0.90740748401131,0.841068681826539,0.8547049027092475,0.8880461780995514,0.824589656964049,0.8835072394323122,0.715244703608657,0.8538298029125951,0.7897891045103111,0.8990121032115753,0.7396859997990197,0.7020295360121358,0.7994018206933321,0.7917590654618432,0.664781381719459
0.8538781746199553,0.8684908975276782,0.7354199858608338,0.765455912759499,0.7968740944638867,0.8112860727291423,0.8393138397171076,0.8347537995202807,0.7934767267980906,0.6950562954717299,0.7119789876910603,0.7817289780558363,0.7320995788917637,0.6967608545724466,0.9128057401915064,0.8036684671920112,0.707084950692429,0.7369253903723929,0.6454936694769724,0.6850496434491405,0.6823067001736509,0.902292469112599,0.820841078574348,0.8234324431140663,0.8358932287969335,0.9466420747526147,0.9120279963323153,0.8692643992051052,0.7980572332674908,0.8654966420125922,0.9054725625995423,0.7930404670339827,1.0,0.971031002514894,0.8896584171703544,0.0,0.954419077077125,0.9938801395000785,0.9766663149858279,0.9540568559252693,0.9355814246029754,0.9841729219976836,0.9067195329145433,0.8986992042049514,0.834892832488966,0.9084083047584302,0.8926951812607296,0.8747543612698166,0.7645700294375987,0.815471233867595,0.73655453364797,0.9307179405108489,0.8154837224778967,0.7006854062173082,0.7289467977852861,0.7989047100195326,0.7106886953108112
