Cingulate area 2,Glomerular layer of the accessory olfactory bulb,Glomerular layer of the olfactory bulb,"Olfactory bulb, unspecified",Frontal association cortex,Cornu ammonis 3,Dentate gyrus,Cornu ammonis 2,Cornu ammonis 1,Fasciola cinereum,Subiculum,Postrhinal cortex,Presubiculum,Parasubiculum,Perirhinal area 35,Perirhinal area 36,Medial entorhinal cortex,Lateral entorhinal cortex,Primary auditory area,"Secondary auditory area, dorsal part","Secondary auditory area, ventral part","Piriform cortex, layer 1","Piriform cortex, layer 2","Piriform cortex, layer 3",Ventrolateral orbital area,Lateral orbital area,Ventral orbital area,Medial orbital area,Dorsolateral orbital area,Prelimbic area,Secondary motor area,Frontal association area 3,Primary motor area,"Agranular insular cortex, ventral area",Agranular insular cortex dorsal area,Cingulate area 1,Infralimbic area,Dysgranular insular cortex,Granular insular cortex,"Primary somatosensory area, forelimb representation","Primary somatosensory area, dysgranular zone","Primary somatosensory area, face representation",Secondary somatosensory area,"Primary somatosensory area, hindlimb representation","Agranular insular cortex, posterior area","Primary somatosensory area, barrel field",Retrosplenial dysgranular area,"Primary somatosensory area, trunk representation",Retrosplenial granular area,"Parietal association cortex, lateral area","Parietal association cortex, medial area","Parietal association cortex, posterior area",Primary visual area,"Secondary visual area, lateral part",Temporal association cortex,"Secondary visual area, medial part",Nucleus of the lateral olfactory tract
0.0,0.6339156754283397,0.6231475679643684,0.7603578871883768,0.7800903288455775,0.9103499294112087,0.8719301172396902,0.8230806725158625,0.8316901313741205,0.9696524837659849,0.744336937831225,0.6990519120416021,0.688144749437951,0.6261997353209349,0.9298194123800446,0.784018667483219,0.7150804695649225,0.7846669618814294,0.8078428256171559,0.7819212038068079,0.8761026952003638,0.8889487905330152,0.8808673812033921,0.9671993723740799,0.9598042537594523,0.8773520731376292,0.8247934085175928,0.8627124249912356,0.955186138958274,0.9297353762828492,0.9276707699594625,0.7733180886454827,0.9669143208241984,0.8529779283373942,0.8403156139637422,0.8976343388109654,0.8753194774097617,0.9177333918563657,0.8937406930199495,0.9375907307387923,0.8936765128691859,0.9717239567661715,0.834612921479115,0.8440199838551659,0.8315307531597853,0.917814812702847,0.8194556702169415,0.9512682889841901,0.7471401611769699,0.8708978961972131,0.6966961246322236,0.8466365312473636,0.8011993750875894,0.7356231423724473,0.6838946547994672,0.7529811967662049,0.7459657049563898
0.6339156754283397,0.0,0.7106852196396243,0.8435264727244047,0.726118362614404,0.6933649847454975,0.7108638175012811,0.6462122258918935,0.681070767864544,0.7010993379291024,0.6905301712948514,0.7849972674740501,0.6009835788661824,0.6731478591907725,0.787246562528073,0.7768339960677637,0.8107465069451624,0.6695591301420105,0.7640694300825158,0.7775585924503755,0.6798318956767692,0.7342461830722918,0.7193849607024456,0.6938628496975541,0.7268123825583253,0.628123236479539,0.6754416427039068,0.8606902631667765,0.703944360419335,0.7097402553836804,0.7003937869433976,0.41507560107862007,0.6188368045247307,0.4910512371822988,0.5238662507326451,0.6682025007120919,0.4809015660125107,0.7779279954443885,0.7751890198389443,0.6819744599234079,0.6981105719292403,0.6731291799960961,0.7987427557743539,0.659280155161677,0.8416549051282837,0.8000983198446011,0.806230706213872,0.7586076337862802,0.7951497112272342,0.6316792061625494,0.7026444415961167,0.7381940581413641,0.707998284383926,0.7227169079222722,0.6596195105574648,0.7071858340424643,0.6975079228328944
0.6231475679643684,0.7106852196396243,0.0,0.9199384886391752,0.722101910498976,0.6317135626294339,0.7487048650893223,0.5842561130304204,0.6531361767646301,0.5863374122313243,0.7562962745110237,0.7441842147634379,0.6060282075416981,0.8718192183913097,0.7024385956314051,0.6136301754151628,0.7580084675056158,0.668304694696661,0.6831592170146983,0.6872928282575618,0.631534221548742,0.6473264770013719,0.6049530898095307,0.60755898462049,0.6026987519551704,0.5483098566004712,0.5553464373045789,0.7312301693145492,0.5929957540010157,0.6787344720599455,0.5898874287090692,0.3527898318640803,0.5589395642391135,0.4415174883278905,0.4537522449044876,0.6071484281737267,0.43819914628366285,0.6774311272315727,0.6648270379412228,0.5844444516720092,0.5943116265757119,0.6100678816311242,0.7228441513162116,0.5172756653537781,0.711882145511975,0.7551396838412231,0.7850239702695399,0.6868427217606871,0.7850908557353378,0.584560845838549,0.49253773476260365,0.6932669183578589,0.7037609217542196,0.7581426406388333,0.7167350260009192,0.7733855869836853,0.4891163884207689
0.7603578871883768,0.8435264727244047,0.9199384886391752,0.0,0.928820101202697,0.7762538478079252,0.8491980459711944,0.7219040124362022,0.792663061308485,0.7723790996815891,0.822808221462468,0.904284800881834,0.702702504061204,0.8453937088964847,0.851998797114091,0.7088629908814793,0.8565468623862662,0.7520120895485575,0.8223292187028033,0.8521276707206418,0.7943334442741677,0.8029036095636456,0.7621736996288202,0.7650833236267339,0.7747176163900965,0.7340802631848213,0.7007339278576987,0.915519573878467,0.788332965570622,0.820978618797684,0.7404156817976719,0.4615293065838433,0.713037274389328,0.5486882955100191,0.6126011522099891,0.7533114147197065,0.5786019552137829,0.8129947201493534,0.8571694339461182,0.7245820602717261,0.7311077950254039,0.8356080620358621,0.839021289800407,0.6697308370375163,0.8442376773005561,0.9150578252477685,0.8904678618847562,0.8842420110526685,0.9452759369664884,0.6727796388829597,0.6171654438104784,0.7901990716614029,0.8249773959677243,0.830039685223944,0.7435824640213361,0.7896521769397388,0.6216087216818293
0.7800903288455775,0.726118362614404,0.722101910498976,0.928820101202697,0.0,0.7005198436970449,0.7130547856724191,0.6221846763228772,0.6697513230054637,0.7820789728393579,0.6433340754186432,0.6527063755841833,0.5487605007005569,0.6058766927718398,0.735530037858453,0.6388012486702934,0.6599481220408774,0.6859156017725777,0.6904323414040657,0.7158377400642026,0.6399623469298287,0.7677019664874419,0.7175511699968906,0.759876185335747,0.7746725799283288,0.8006227491323199,0.7606008512173928,0.8522115207505766,0.8166578349749561,0.8085891831534792,0.8962063288748325,0.5309682262456207,0.782298833829705,0.5927745430144111,0.5879334767287774,0.8654099830062062,0.628540578178953,0.7942809604100142,0.8007970399851868,0.7470895434012632,0.7027336188435686,0.8106494754388676,0.7501163592875588,0.6553218560589874,0.7189881584552439,0.8284602165965669,0.7599491539021335,0.7250610276818308,0.7306220907363932,0.6284570170328261,0.53903140064248,0.6842008815638727,0.6544395242554378,0.6637853670839196,0.5887722827946674,0.6880843950723755,0.5331137991658566
0.9103499294112087,0.6933649847454975,0.6317135626294339,0.7762538478079252,0.7005198436970449,0.0,0.942859067313856,0.9548614408219767,0.9697886166552921,0.9155995704767335,0.9010524893461936,0.8171032620665256,0.8857877835876826,0.7181201765583755,0.981817910699184,0.8946342600636737,0.8392317674686036,0.8823816454882359,0.8813689318904068,0.7960059862955428,0.9184806581369763,0.9618858437261288,0.9136216344658632,0.9615647162160199,0.86159704505974,0.8175443262895962,0.7842479442580973,0.8601111343782014,0.7987784077472055,0.9576472527531166,0.7872489782461563,0.6761410704138366,0.8546036355246893,0.7990692104217966,0.7783075055037302,0.8220125234885691,0.8618550702935036,0.9172959081087,0.821106471217802,0.8939369892198167,0.8919515856323589,0.8867901715555863,0.827046175491968,0.7870902352875385,0.8905692186849676,0.9830858242418977,0.9592612807035382,0.996505967886876,0.8381784020179406,0.9251061818727104,0.7399761751129944,0.900415336283734,0.9225338950337468,0.902901020642968,0.794906856059328,0.8560925995454475,0.7399272352140012
0.8719301172396902,0.7108638175012811,0.7487048650893223,0.8491980459711944,0.7130547856724191,0.942859067313856,0.0,0.9550801245842159,0.9741303961421051,0.9075562639234577,0.970005997943185,0.9169245472208934,0.8722003691332669,0.8201186882830596,1.0,0.9276419437338352,0.9667218488086958,0.9490957103106784,0.9060648278721338,0.9241826340075119,0.9717835503013358,0.8853541912364242,0.895535059030023,0.9386915342581104,0.8870140891967361,0.8169178053652963,0.7310721534093834,0.9682868558111284,0.7979583074239459,0.9381866748781954,0.7995890704257421,0.5971733929280709,0.8178214912410356,0.7636931782123162,0.7363916674725665,0.803008154508729,0.8405885137972842,0.9525843638546568,0.9428305955096633,0.882106902735392,0.8942882996948405,0.8899490091711897,0.8994764884911537,0.8522936010966701,0.8452377353373287,0.9077933170215217,0.9964760740500284,1.0,0.9142977374038022,0.949092075088248,0.7440175050634472,0.9710211036367158,0.9120729266291545,0.9889584555652123,0.8981315385695101,0.9614378407823841,0.7873015793311842
0.8230806725158625,0.6462122258918935,0.5842561130304204,0.7219040124362022,0.6221846763228772,0.9548614408219767,0.9550801245842159,0.0,0.9657375390668588,0.8812899099563178,0.835642207952633,0.8078344462213863,0.8548114558034471,0.6815115097045807,0.972425102586659,0.9903164469755698,0.8669664608994143,0.9030359129799016,0.9750036044681675,0.8572806045266707,0.9535377338378203,0.9026989466504328,0.838906430907381,0.8595697626717008,0.848135698966574,0.7457318186354623,0.6920129321854152,0.895856563427456,0.7273141695695399,0.8044657386746238,0.6921445580622841,0.6490010634395257,0.7719929618092282,0.7490451335420409,0.7553284444361432,0.7249034259033558,0.8430223833186135,0.9543349689971834,0.8512568267262476,0.9297964750058677,0.9045385887878892,0.8584125362602467,0.8315215841817071,0.7871608404706518,0.7980102774399609,0.9393169354336668,0.9101721523608853,0.9483634034676082,0.8284490515731285,0.9093766555187304,0.8149782163569064,0.9292780869370653,0.8572626892593656,0.9058787179444685,0.8627005647307787,0.8537807611664585,0.8015877442642654
0.8316901313741205,0.681070767864544,0.6531361767646301,0.792663061308485,0.6697513230054637,0.9697886166552921,0.9741303961421051,0.9657375390668588,0.0,0.859700523283187,0.956196024858047,0.8731291496855083,0.8619733014467746,0.797802154793096,0.9369224581241429,0.9597098179471677,0.8956841187883987,0.9080041854959595,0.9997171761263031,0.8873129968897527,0.9310902943656958,0.8989355838775924,0.8847332267762537,0.9012240798596658,0.8162786028106964,0.81313039549304,0.7122967926447697,0.9128776086088687,0.7859163273747507,0.8759339779123932,0.7688423530260556,0.6046007646662687,0.8581738097043664,0.7539785482785775,0.7537227136440884,0.7705320169533519,0.9095285120361877,0.9231657470740964,0.830269993929994,0.8580413285351335,0.9056430848012055,0.8486216430037146,0.8512463716952743,0.8072955600262065,0.8445276676978152,0.8788062184670873,0.8996838459297375,0.8840393819657436,0.8806732971222494,0.9422894023804089,0.7610464290683729,0.945479873831469,0.8505516469425013,0.9083293180186411,0.8772703021292858,0.9404171961492036,0.8002306038383425
0.9696524837659849,0.7010993379291024,0.5863374122313243,0.7723790996815891,0.7820789728393579,0.9155995704767335,0.9075562639234577,0.8812899099563178,0.859700523283187,0.0,0.7335503468593567,0.7611548109289814,0.6910210476242264,0.6132041350807239,0.938681823679858,0.914068957103962,0.7669883400987018,0.857231738897399,0.9100593211173427,0.8338163984030431,0.9276612794433241,0.9386786814853293,0.9159512973650769,1.0,1.0,0.9602575829151864,0.9809512247132228,1.0,0.9861161890656504,0.9514056448106808,0.9915785060699573,0.8370432897409992,0.9857233146264835,0.8701646150116426,0.9084815308524835,0.8878830034478175,0.8472685557340637,0.9947155373202237,0.9740592698619076,1.0,0.9749065386521572,1.0,0.855620538084703,0.9534211439032355,0.8410106134110974,0.9689655945369144,0.873389456490306,0.9667433382702995,0.7830625021102704,0.8725548645416606,0.8512245693173247,0.8639246439322436,0.8175807673520651,0.7879690405330636,0.7148305781403523,0.8037368064766339,0.8333675878608187
0.744336937831225,0.6905301712948514,0.7562962745110237,0.822808221462468,0.6433340754186432,0.9010524893461936,0.970005997943185,0.835642207952633,0.956196024858047,0.7335503468593567,0.0,0.9209069921192528,0.9510696418038821,0.9279567161620456,0.9954334779237491,0.8764493554274002,0.9622700879317221,0.9258448468032113,0.9080573648911331,0.9052938865744348,0.9110672791366001,0.8131810274156235,0.7646942206059906,0.782761866934961,0.7269255350949527,0.6982628668179394,0.5746726675716043,0.8528231693052447,0.6402279563687439,0.7480758356293912,0.6510817210090744,0.4999066745264399,0.6661932742480753,0.647289697847617,0.631241517481464,0.6743675652190587,0.7167375427701868,0.8093549538731318,0.7880607406504422,0.7711403508015702,0.8263764161260708,0.7463918017928228,0.7851448377406233,0.6486617315489572,0.8485979532210541,0.8303969999551745,0.9466385370303637,0.8860298170179627,0.9163812456677237,0.8426548653939967,0.6469659528696147,0.8846653140192884,0.9436365445368875,0.9846625491004444,0.8841625378924627,1.0,0.6856421608383745
0.6990519120416021,0.7849972674740501,0.7441842147634379,0.904284800881834,0.6527063755841833,0.8171032620665256,0.9169245472208934,0.8078344462213863,0.8731291496855083,0.7611548109289814,0.9209069921192528,0.0,0.816959945965138,0.8621759207241589,0.9718778282434011,0.8855954363630524,1.0,0.8903360674003766,0.8750067289665802,0.8870372751482576,0.8834593235427751,0.8607200628251349,0.796853078424538,0.7626936111074243,0.7567079742483867,0.7205705195001039,0.6500077694206863,0.823905833818535,0.7044007678000076,0.7784494257559925,0.6760337418285588,0.5033604538026731,0.7268056442229749,0.5825154183763069,0.6045991141524912,0.6411071505306282,0.6438534238411028,0.8066909251510344,0.8835232349178506,0.7412505237333418,0.8256858628846377,0.7546921819928553,0.8508006439069894,0.7484426172312494,0.8455509490393839,0.873046847466024,0.9493134116203957,0.8526828611039241,0.8957152302279843,0.7511663779260174,0.7507158188323025,0.835463873522079,0.8735054671393219,0.9076410351774375,0.8960396835276662,0.8958984035223627,0.785821899109704
0.688144749437951,0.6009835788661824,0.6060282075416981,0.702702504061204,0.5487605007005569,0.8857877835876826,0.8722003691332669,0.8548114558034471,0.8619733014467746,0.6910210476242264,0.9510696418038821,0.816959945965138,0.0,0.8844606162760177,0.9231439534731827,0.8839076435262314,0.900026067428219,0.9001245094961452,0.8532635403856207,0.887666645521626,0.9059976428170805,0.7674230612838665,0.727304676984092,0.7375481176228169,0.6557754311265114,0.6550496440905283,0.5378997689422186,0.7889208360647677,0.5889190505074269,0.6927809701939711,0.5909327342134316,0.5063419649037683,0.6573521427772928,0.612832499823595,0.6129341232625384,0.623165524485905,0.7221161409187915,0.7800434306518214,0.7193866684065523,0.7172229228205145,0.7878833768326486,0.6902736605172147,0.7316199276213187,0.6510885432220529,0.7781036963798891,0.7602526774586205,0.9016161948097176,0.8169122014404662,0.8366664003090798,0.8835984656304703,0.6680438191339546,0.8757033585148134,0.8915891537696213,0.9753207036437836,0.9490128902448187,0.902976982565976,0.6510637587504248
0.6261997353209349,0.6731478591907725,0.8718192183913097,0.8453937088964847,0.6058766927718398,0.7181201765583755,0.8201186882830596,0.6815115097045807,0.797802154793096,0.6132041350807239,0.9279567161620456,0.8621759207241589,0.8844606162760177,0.0,0.8002010795077533,0.7477768384227504,0.9725008200722763,0.8207898753204261,0.7968100155056236,0.7936121020704633,0.7582645989113124,0.7161093634392055,0.6414162468788475,0.6507152193199086,0.5961404065799425,0.5692494947953685,0.4815896548960186,0.7624782909699653,0.5653999927712732,0.6696551489968811,0.5478642706282962,0.3930529078914168,0.5559945750160812,0.48501593726399145,0.5110816801921663,0.5804137239573385,0.553027578641664,0.6903321044716972,0.6683967879889245,0.6165914177860712,0.6608043157206056,0.620073557407141,0.707474175101422,0.5535535249453463,0.7206305388896361,0.7378506949433805,0.8494121144756921,0.7002135939560552,0.8559940478934256,0.654858625511298,0.5469668209070413,0.7927032773423479,0.8421086416010216,0.8988356438424284,0.8487721939428655,0.9125336887218172,0.5450095551520105
0.9298194123800446,0.787246562528073,0.7024385956314051,0.851998797114091,0.735530037858453,0.981817910699184,1.0,0.972425102586659,0.9369224581241429,0.938681823679858,0.9954334779237491,0.9718778282434011,0.9231439534731827,0.8002010795077533,0.0,0.9976313266368465,1.0,0.9367362151871949,0.9880601656347117,0.9480507267680996,0.9828202596550306,0.9236970882387887,0.905639055757257,0.9462454780009629,0.9340757095785175,0.8626239302082541,0.7896821034138534,0.9759771936247821,0.8656209148329832,0.8864326309784014,0.7933559501525868,0.6201824587659583,0.794602627850291,0.7968641693574596,0.7969576221002356,0.8179474129376034,0.7825682549634008,0.9774550288028613,0.9287360078400595,0.885651199741857,1.0,0.8922093783970525,0.9506262076961725,0.8282174639796509,0.9905787251993131,0.9811903962131959,0.9979845984351139,1.0,0.940998138040212,1.0,0.8234179983564737,0.9440972667311972,0.9725797532453496,1.0,0.8882042012187178,0.9231295728974113,0.8708791147538266
0.784018667483219,0.7768339960677637,0.6136301754151628,0.7088629908814793,0.6388012486702934,0.8946342600636737,0.9276419437338352,0.9903164469755698,0.9597098179471677,0.914068957103962,0.8764493554274002,0.8855954363630524,0.8839076435262314,0.7477768384227504,0.9976313266368465,0.0,0.9710443556103167,0.8979105679047317,0.9515107058609695,0.9254907259673392,0.9975832090523353,0.914827455733494,0.8582790332787538,0.8974391763429279,0.829886218624288,0.760598844282004,0.7168072942334582,0.9264878561013989,0.7506305435020492,0.7625403014542725,0.7470852170542525,0.624483795075366,0.8134260049926243,0.7320885726571629,0.7451429222376574,0.7681660642231058,0.7623943518724535,0.9992656894872749,0.9401601939567138,0.9090059936203901,0.9002842654413861,0.8625272112919341,0.8714968819588703,0.8818119660445655,0.914614383507533,0.8884588947093056,0.9111335308271407,0.9849398013423167,0.8735807122740062,0.8955509317740784,0.8743329525745607,0.9299410867519652,0.8567605221295103,0.9006463800819268,0.8829738729580808,0.886534609910299,0.876629914873118
0.7150804695649225,0.8107465069451624,0.7580084675056158,0.8565468623862662,0.6599481220408774,0.8392317674686036,0.9667218488086958,0.8669664608994143,0.8956841187883987,0.7669883400987018,0.9622700879317221,1.0,0.900026067428219,0.9725008200722763,1.0,0.9710443556103167,0.0,0.9447185467217901,0.9788106307998526,0.9620470778799016,0.8721842690978034,0.8539723663059343,0.782883643846274,0.7678301860827603,0.749028529162664,0.7362102611558946,0.6005983155365735,0.8436943991853697,0.6707052114068565,0.8297419917838769,0.7257810583700383,0.5146342573907473,0.7249796424961795,0.6240237534222306,0.6627506782089889,0.6643987231184045,0.6788184268359856,0.8245027807247685,0.8693587136490977,0.8297479981518217,0.809612637233879,0.7480794341404919,0.9216369304661253,0.7731069101275695,0.8971980139414395,0.8805372004783752,1.0,0.9410386327645365,0.9347264990351043,0.8384622128832993,0.7829028399306902,0.9758906542834684,0.9199584083297796,0.9881650591690808,0.96285007927107,0.9112543053682941,0.7764205520829717
0.7846669618814294,0.6695591301420105,0.668304694696661,0.7520120895485575,0.6859156017725777,0.8823816454882359,0.9490957103106784,0.9030359129799016,0.9080041854959595,0.857231738897399,0.9258448468032113,0.8903360674003766,0.9001245094961452,0.8207898753204261,0.9367362151871949,0.8979105679047317,0.9447185467217901,0.0,0.8832289088075899,0.8864691331001465,0.959274872633073,0.8490716006140073,0.8652328175073045,0.861147696920715,0.832596960804567,0.7427503468737453,0.6734539076505004,0.8947866864224575,0.7077784812194025,0.8136497275795868,0.7072233502013254,0.5897782520949205,0.7869118038054695,0.682963095368325,0.6739122188052054,0.736124520220222,0.791255373120879,0.8645382916576354,0.8458343219112208,0.8659137657044502,0.8840680702665368,0.7930487833505977,0.8305745973897489,0.7185936099241371,0.8435172005221862,0.85641347033601,0.8690450051833066,0.9011710904273492,0.8871169699766787,0.8739119554836889,0.7340352254169883,0.8935020412374195,0.893123862535625,0.8921685053719144,0.8877415381102601,0.8779750291556551,0.7371152241214082
0.8078428256171559,0.7640694300825158,0.6831592170146983,0.8223292187028033,0.6904323414040657,0.8813689318904068,0.9060648278721338,0.9750036044681675,0.9997171761263031,0.9100593211173427,0.9080573648911331,0.8750067289665802,0.8532635403856207,0.7968100155056236,0.9880601656347117,0.9515107058609695,0.9788106307998526,0.8832289088075899,0.0,0.8930005249355818,0.9979364627023357,0.9004197022767133,0.9116127844888943,0.8674367887195649,0.9038505185296526,0.8025612128845172,0.7288655440516416,0.9755921013704055,0.7732579272373379,0.8618293164067279,0.7603225363544115,0.6260038642807119,0.8051826443728487,0.7330025984953263,0.7114045890442797,0.7869317922345137,0.7291435380607519,0.9526328565790623,0.865544255617936,0.9312477268878643,0.908054512109848,0.8689241215309299,0.8910897154071364,0.811085880519485,0.8571908852284639,0.9001040322887762,0.9191289622730173,0.9367902816740851,0.9417995314990901,0.9247872296242828,0.8288998622895013,0.9508570722828208,0.9348438912261033,0.8957409773399825,0.9002144930256637,0.8982681829482387,0.8165662396742718
0.7819212038068079,0.7775585924503755,0.6872928282575618,0.8521276707206418,0.7158377400642026,0.7960059862955428,0.9241826340075119,0.8572806045266707,0.8873129968897527,0.8338163984030431,0.9052938865744348,0.8870372751482576,0.887666645521626,0.7936121020704633,0.9480507267680996,0.9254907259673392,0.9620470778799016,0.8864691331001465,0.8930005249355818,0.0,0.9318088824505293,0.869926103607971,0.7785671980909633,0.8589620882850915,0.8015773460484285,0.7272715090047434,0.6868659413332173,0.9203440229701927,0.7409115492539317,0.8332563142592057,0.6824981785880261,0.5308773797510952,0.7247654802168652,0.6451285442965552,0.673981108121831,0.6891687965841709,0.704490763652108,0.8529245163378613,0.8809956440025117,0.7666776273438098,0.8947951521277625,0.7843547364111602,0.8729335900467151,0.7507719165610464,0.8835814779001783,0.849338366785696,0.9260973834408532,0.8653471289472393,0.9241820371013201,0.8642064309573567,0.7691626867213052,0.9460557888105005,0.8479940563669868,0.9218387309276455,0.8890068852342251,0.869994780480723,0.7927735653810055
0.8761026952003638,0.6798318956767692,0.631534221548742,0.7943334442741677,0.6399623469298287,0.9184806581369763,0.9717835503013358,0.9535377338378203,0.9310902943656958,0.9276612794433241,0.9110672791366001,0.8834593235427751,0.9059976428170805,0.7582645989113124,0.9828202596550306,0.9975832090523353,0.8721842690978034,0.959274872633073,0.9979364627023357,0.9318088824505293,0.0,0.9258443480534722,0.8995140558440227,0.8872966288404248,0.8509623149642244,0.7619369013754841,0.7408783914470078,0.9536908702377137,0.8084423625890362,0.8301792966750791,0.743943631450077,0.6345649802551334,0.7565061782196583,0.728812186528636,0.7664623390358791,0.7359542140962639,0.7590105877585962,0.9705049958765024,0.8587937286437372,0.9463962777786316,0.9325739240184312,0.8666915158785778,0.8924842809562199,0.843394920134846,0.8492595911560057,0.931113782778839,0.9297851068537608,0.9990857924029952,0.8685705019002755,0.9024641217927373,0.8490247458455097,0.9565391705017543,0.8772875484977293,0.9068739919437726,0.8752604205483164,0.8569309094557765,0.7957197111419699
0.8889487905330152,0.7342461830722918,0.6473264770013719,0.8029036095636456,0.7677019664874419,0.9618858437261288,0.8853541912364242,0.9026989466504328,0.8989355838775924,0.9386786814853293,0.8131810274156235,0.8607200628251349,0.7674230612838665,0.7161093634392055,0.9236970882387887,0.914827455733494,0.8539723663059343,0.8490716006140073,0.9004197022767133,0.869926103607971,0.9258443480534722,0.0,0.954734657887228,0.9782847955161047,0.9409314130268384,0.8294435886162468,0.8571429522230242,0.9485809915112228,0.8527334776042705,0.9664155376607458,0.9435038633383106,0.7211262917391138,0.8999996374630019,0.8462122892343436,0.8411288805172787,0.8778718244098572,0.822685164985524,0.9623475138478677,0.9516868796212808,0.9601699119677327,0.9500448565404234,0.9340378369793069,0.899075044248783,0.879680062528182,0.8559824224929108,0.9220062872092796,0.8844532132064957,0.9680149111166996,0.8045246046260659,0.9057291001975057,0.772931485073411,0.8982108409483143,0.8726503950361847,0.8181239388665416,0.7420158102287986,0.8072806214368793,0.7843229677318199
0.8808673812033921,0.7193849607024456,0.6049530898095307,0.7621736996288202,0.7175511699968906,0.9136216344658632,0.895535059030023,0.838906430907381,0.8847332267762537,0.9159512973650769,0.7646942206059906,0.796853078424538,0.727304676984092,0.6414162468788475,0.905639055757257,0.8582790332787538,0.782883643846274,0.8652328175073045,0.9116127844888943,0.7785671980909633,0.8995140558440227,0.954734657887228,0.0,0.9613989293043873,0.9494482173146526,0.8560563014705496,0.7951495362557632,0.9613551825416725,0.8532965511038287,0.8610398173774536,0.8137731646862235,0.7016289999848377,0.8840844803172947,0.8227244069895501,0.8141067482401085,0.8313104394085774,0.8147971267973347,0.9606917159868533,0.9462162540069868,0.9350909779363692,0.8878824670132994,0.9827834177870383,0.8628365244501057,0.8162763058677202,0.8411273150916949,0.9019421296237397,0.8068558143742703,0.903482168894199,0.7991602400946688,0.8770802308536452,0.7930665788253054,0.8906239397897692,0.794520770584338,0.7809670016457207,0.7481468616893661,0.7686901129097305,0.7819273773204406
0.9671993723740799,0.6938628496975541,0.60755898462049,0.7650833236267339,0.759876185335747,0.9615647162160199,0.9386915342581104,0.8595697626717008,0.9012240798596658,1.0,0.782761866934961,0.7626936111074243,0.7375481176228169,0.6507152193199086,0.9462454780009629,0.8974391763429279,0.7678301860827603,0.861147696920715,0.8674367887195649,0.8589620882850915,0.8872966288404248,0.9782847955161047,0.9613989293043873,0.0,0.9944298427886247,0.8945021267121193,0.845600037591275,0.9856413402337851,0.8752494372684255,0.9410642380020182,0.8977109698858647,0.7419080438490386,0.9191806435347407,0.9196570415939491,0.8222335305452189,0.8583745034538721,0.8659924998444587,0.9714495037884326,0.9303532936589766,0.9874343270236027,0.9615096765807757,1.0,0.8979536613872641,0.870449826311529,0.8179013949396627,0.9319922223249484,0.8812527754637876,0.9925153464028587,0.7741379294229291,0.9239567637083959,0.7696375168997225,0.8476324927063205,0.8355594370244073,0.8529891130125109,0.7526656001268343,0.8167310803320711,0.7872881049329588
0.9598042537594523,0.7268123825583253,0.6026987519551704,0.7747176163900965,0.7746725799283288,0.86159704505974,0.8870140891967361,0.848135698966574,0.8162786028106964,1.0,0.7269255350949527,0.7567079742483867,0.6557754311265114,0.5961404065799425,0.9340757095785175,0.829886218624288,0.749028529162664,0.832596960804567,0.9038505185296526,0.8015773460484285,0.8509623149642244,0.9409314130268384,0.9494482173146526,0.9944298427886247,0.0,0.9055885881820102,0.9858050222202778,0.976420308619323,0.9623356184130384,0.9306839105061633,1.0,0.7723697895792953,0.9915819106275227,0.8340272462604692,0.891561699946617,0.9267200598766323,0.807353426283303,0.9732749215280255,0.945445094520881,0.9789667432092883,1.0,0.9857452343295776,0.9136026976770057,0.9004548650693511,0.8333209078948561,0.8848345854154809,0.8565428115778384,0.9638665902744988,0.7720623092946083,0.8531070937300422,0.8616426237803557,0.8305033758016821,0.7957784557137743,0.766603582188625,0.7392853509124928,0.7706523956786712,0.8091918425061878
0.8773520731376292,0.628123236479539,0.5483098566004712,0.7340802631848213,0.8006227491323199,0.8175443262895962,0.8169178053652963,0.7457318186354623,0.81313039549304,0.9602575829151864,0.6982628668179394,0.7205705195001039,0.6550496440905283,0.5692494947953685,0.8626239302082541,0.760598844282004,0.7362102611558946,0.7427503468737453,0.8025612128845172,0.7272715090047434,0.7619369013754841,0.8294435886162468,0.8560563014705496,0.8945021267121193,0.9055885881820102,0.0,0.8940924902367062,0.8752515584975599,0.9093868787935371,0.9334187405847374,0.930464094003667,0.6974171806393727,0.9175256142230193,0.862220331717297,0.7860755547955375,0.8566979198040342,0.8662327293533085,0.9029673984523793,0.8718269601808168,0.9144441072725819,0.8671487446567029,0.9472509992812156,0.8002016007961394,0.8119698756425792,0.7787610688733575,0.8700231037028268,0.7952530480854207,0.8730686218086581,0.761006787814393,0.8146752749819841,0.7378602606516887,0.7509278801346337,0.7268508915271575,0.7073651894648332,0.620106652921981,0.7403771103960325,0.7566717634525572
0.8247934085175928,0.6754416427039068,0.5553464373045789,0.7007339278576987,0.7606008512173928,0.7842479442580973,0.7310721534093834,0.6920129321854152,0.7122967926447697,0.9809512247132228,0.5746726675716043,0.6500077694206863,0.5378997689422186,0.4815896548960186,0.7896821034138534,0.7168072942334582,0.6005983155365735,0.6734539076505004,0.7288655440516416,0.6868659413332173,0.7408783914470078,0.8571429522230242,0.7951495362557632,0.845600037591275,0.9858050222202778,0.8940924902367062,0.0,0.8417403691707719,0.918851556732555,0.8590986377403321,0.9730419741770188,0.7842041563518768,0.9083417940929681,0.8209179540097616,0.8250616116258483,0.823333403710555,0.7574201107437823,0.848279499600271,0.8455257913511769,0.8686435570511616,0.8382655915354389,0.9710836494108525,0.7657724714101878,0.8387309045397825,0.7368484425009363,0.8001348706641538,0.7300567122094274,0.8114380657552104,0.6858103048816536,0.7256675460807192,0.7177282460606218,0.713292753232718,0.6287804723778248,0.626382608650398,0.5787879322580303,0.6011855605897238,0.7456708954962101
0.8627124249912356,0.8606902631667765,0.7312301693145492,0.915519573878467,0.8522115207505766,0.8601111343782014,0.9682868558111284,0.895856563427456,0.9128776086088687,1.0,0.8528231693052447,0.823905833818535,0.7889208360647677,0.7624782909699653,0.9759771936247821,0.9264878561013989,0.8436943991853697,0.8947866864224575,0.9755921013704055,0.9203440229701927,0.9536908702377137,0.9485809915112228,0.9613551825416725,0.9856413402337851,0.976420308619323,0.8752515584975599,0.8417403691707719,0.0,0.9439842901294224,0.9081677927631816,0.8979139742137178,0.6275985549587156,0.8477483167128173,0.7242634068358944,0.7529629239750145,0.8649740768401394,0.7172863034313797,0.9290459285775162,0.9861919932932249,0.9691582587111246,0.9552371576154916,0.9433429323332223,0.8824609726222231,0.8501814557498648,0.9770280278687918,0.9736858582543441,0.9738942900426041,0.9793857386284638,0.9289366163201936,0.8458062267097883,0.8363004092260832,0.9520323445406947,0.8486855205703691,0.8607955658110027,0.7852339258544219,0.8287380971644279,0.8233428506082519
0.955186138958274,0.703944360419335,0.5929957540010157,0.788332965570622,0.8166578349749561,0.7987784077472055,0.7979583074239459,0.7273141695695399,0.7859163273747507,0.9861161890656504,0.6402279563687439,0.7044007678000076,0.5889190505074269,0.5653999927712732,0.8656209148329832,0.7506305435020492,0.6707052114068565,0.7077784812194025,0.7732579272373379,0.7409115492539317,0.8084423625890362,0.8527334776042705,0.8532965511038287,0.8752494372684255,0.9623356184130384,0.9093868787935371,0.918851556732555,0.9439842901294224,0.0,0.909012824695555,0.9671810443473123,0.7008727396011446,0.9289631541154512,0.8057524758272802,0.8098675292860933,0.9591579154495096,0.7133327185760693,0.9009205137440286,0.9311052799959273,0.9229545215763104,0.9094312788775197,0.9627527312062039,0.8294357934666912,0.793238022734017,0.8244080336996602,0.9238309104553386,0.8038977571083815,0.9006279601114497,0.7273257033037711,0.7321674560931307,0.7822857362197262,0.7468568904685797,0.6817213594743161,0.6820927769120597,0.613538818255062,0.6735758080017001,0.8027751486478821
0.9297353762828492,0.7097402553836804,0.6787344720599455,0.820978618797684,0.8085891831534792,0.9576472527531166,0.9381866748781954,0.8044657386746238,0.8759339779123932,0.9514056448106808,0.7480758356293912,0.7784494257559925,0.6927809701939711,0.6696551489968811,0.8864326309784014,0.7625403014542725,0.8297419917838769,0.8136497275795868,0.8618293164067279,0.8332563142592057,0.8301792966750791,0.9664155376607458,0.8610398173774536,0.9410642380020182,0.9306839105061633,0.9334187405847374,0.8590986377403321,0.9081677927631816,0.909012824695555,0.0,0.9080251388780808,0.7021591541295737,0.9524431774287468,0.7865220990884626,0.8437563686241702,0.9317351537841974,0.8440004456576788,0.9469580980494197,0.916486391324292,0.9177927817335462,0.8820821316300179,0.961051038464769,0.8241483514996638,0.811291776180599,0.8240756209595348,0.901245338912453,0.9092135886300604,0.8869569430968166,0.7816664498232663,0.8901694980964033,0.6835656066091597,0.7879717283217708,0.7820975812143226,0.8025644926250834,0.7329787640944426,0.821101217180498,0.7609221417015221
0.9276707699594625,0.7003937869433976,0.5898874287090692,0.7404156817976719,0.8962063288748325,0.7872489782461563,0.7995890704257421,0.6921445580622841,0.7688423530260556,0.9915785060699573,0.6510817210090744,0.6760337418285588,0.5909327342134316,0.5478642706282962,0.7933559501525868,0.7470852170542525,0.7257810583700383,0.7072233502013254,0.7603225363544115,0.6824981785880261,0.743943631450077,0.9435038633383106,0.8137731646862235,0.8977109698858647,1.0,0.930464094003667,0.9730419741770188,0.8979139742137178,0.9671810443473123,0.9080251388780808,0.0,0.8146865066018397,0.9908846239523358,0.8117526388801763,0.8794982589401428,0.9185735240755387,0.8139229777898124,0.9043045439872233,0.8624320464545533,0.9188999363756837,0.8842496779622739,1.0,0.8074695402606092,0.8690595426360269,0.7628328062007058,0.8552134904458708,0.7941770175691879,0.7968327547404402,0.715850412079799,0.7204846400644046,0.747843415161427,0.7757921021106284,0.704026616097477,0.6577234371060917,0.6268079264172367,0.6934981830380216,0.7938442268595454
0.7733180886454827,0.41507560107862007,0.3527898318640803,0.4615293065838433,0.5309682262456207,0.6761410704138366,0.5971733929280709,0.6490010634395257,0.6046007646662687,0.8370432897409992,0.4999066745264399,0.5033604538026731,0.5063419649037683,0.3930529078914168,0.6201824587659583,0.624483795075366,0.5146342573907473,0.5897782520949205,0.6260038642807119,0.5308773797510952,0.6345649802551334,0.7211262917391138,0.7016289999848377,0.7419080438490386,0.7723697895792953,0.6974171806393727,0.7842041563518768,0.6275985549587156,0.7008727396011446,0.7021591541295737,0.8146865066018397,0.0,0.8935260995539617,0.8359053208780217,0.8769298220703164,0.6925208940967538,0.8059097189394432,0.7009560072710946,0.6371534892870712,0.8061596314872101,0.6980805483656959,0.7987901885057764,0.5994400988212588,0.7905261220441974,0.55336477440043,0.6245064746561491,0.5472108379952819,0.6660160324547487,0.5214400935948115,0.6486399050431255,0.7108099905511921,0.6404265108500204,0.5542594845588378,0.5282853704295573,0.49429291120685404,0.5171590802549978,0.6959528800344339
0.9669143208241984,0.6188368045247307,0.5589395642391135,0.713037274389328,0.782298833829705,0.8546036355246893,0.8178214912410356,0.7719929618092282,0.8581738097043664,0.9857233146264835,0.6661932742480753,0.7268056442229749,0.6573521427772928,0.5559945750160812,0.794602627850291,0.8134260049926243,0.7249796424961795,0.7869118038054695,0.8051826443728487,0.7247654802168652,0.7565061782196583,0.8999996374630019,0.8840844803172947,0.9191806435347407,0.9915819106275227,0.9175256142230193,0.9083417940929681,0.8477483167128173,0.9289631541154512,0.9524431774287468,0.9908846239523358,0.8935260995539617,0.0,0.9033593330976399,0.9194813982974716,0.9428437410948233,0.8541366698243998,0.8952876967430344,0.942936273028962,0.9475771775465542,0.9196800147272406,1.0,0.8128132541668325,0.8856167537296784,0.7571318197358601,0.9359232025115682,0.8240479868833377,0.903865164386714,0.7397361626833789,0.8559243926800743,0.7690464030997234,0.7937879272503487,0.6962440995217208,0.7068970680346074,0.6443446884358666,0.7095792282396441,0.8048420731529964
0.8529779283373942,0.4910512371822988,0.4415174883278905,0.5486882955100191,0.5927745430144111,0.7990692104217966,0.7636931782123162,0.7490451335420409,0.7539785482785775,0.8701646150116426,0.647289697847617,0.5825154183763069,0.612832499823595,0.48501593726399145,0.7968641693574596,0.7320885726571629,0.6240237534222306,0.682963095368325,0.7330025984953263,0.6451285442965552,0.728812186528636,0.8462122892343436,0.8227244069895501,0.9196570415939491,0.8340272462604692,0.862220331717297,0.8209179540097616,0.7242634068358944,0.8057524758272802,0.7865220990884626,0.8117526388801763,0.8359053208780217,0.9033593330976399,0.0,0.9321452623163717,0.8155805675934128,0.8977905738831515,0.7885097858996218,0.7722502783242111,0.8962615675977865,0.8514138660800292,0.8954750743532665,0.6989269956428926,0.7673684480195776,0.6460129184022675,0.7339078902372616,0.6998374334298187,0.7902463203535428,0.6026776482137637,0.8112660464414309,0.7041562951530386,0.7322498137481702,0.6575282448538919,0.6508845851666346,0.5859849038827927,0.6426755972572419,0.751962247586974
0.8403156139637422,0.5238662507326451,0.4537522449044876,0.6126011522099891,0.5879334767287774,0.7783075055037302,0.7363916674725665,0.7553284444361432,0.7537227136440884,0.9084815308524835,0.631241517481464,0.6045991141524912,0.6129341232625384,0.5110816801921663,0.7969576221002356,0.7451429222376574,0.6627506782089889,0.6739122188052054,0.7114045890442797,0.673981108121831,0.7664623390358791,0.8411288805172787,0.8141067482401085,0.8222335305452189,0.891561699946617,0.7860755547955375,0.8250616116258483,0.7529629239750145,0.8098675292860933,0.8437563686241702,0.8794982589401428,0.8769298220703164,0.9194813982974716,0.9321452623163717,0.0,0.794651655405893,0.8545562606353162,0.8422847096580725,0.7554326376134401,0.884023277675454,0.8260014959596583,0.9139707282182767,0.7216305553360796,0.8352204903189737,0.6976294827631636,0.7586585547507647,0.679699865506428,0.8267035475252575,0.6691988022226552,0.8217270102422025,0.7742584509009243,0.743470008770486,0.7062278067994093,0.682043803984406,0.6141889945669526,0.6392746437844311,0.7645675827773056
0.8976343388109654,0.6682025007120919,0.6071484281737267,0.7533114147197065,0.8654099830062062,0.8220125234885691,0.803008154508729,0.7249034259033558,0.7705320169533519,0.8878830034478175,0.6743675652190587,0.6411071505306282,0.623165524485905,0.5804137239573385,0.8179474129376034,0.7681660642231058,0.6643987231184045,0.736124520220222,0.7869317922345137,0.6891687965841709,0.7359542140962639,0.8778718244098572,0.8313104394085774,0.8583745034538721,0.9267200598766323,0.8566979198040342,0.823333403710555,0.8649740768401394,0.9591579154495096,0.9317351537841974,0.9185735240755387,0.6925208940967538,0.9428437410948233,0.8155805675934128,0.794651655405893,0.0,0.7613812511286153,0.8720076638382112,0.8510342937777198,0.8892623973320583,0.8123856098308531,0.9773850313520378,0.8073273728004882,0.6838777682103468,0.773956619346506,0.8492504760510154,0.7873200181677614,0.8331677158793852,0.7496822245188318,0.7620340441971921,0.6193651625156822,0.7225111347324549,0.7562013117510916,0.7319876478608047,0.6312678784696895,0.7289839224586924,0.6540761658914559
