Cingulate area 2,Glomerular layer of the accessory olfactory bulb,Glomerular layer of the olfactory bulb,"Olfactory bulb, unspecified",Frontal association cortex,Cornu ammonis 3,Dentate gyrus,Cornu ammonis 2,Cornu ammonis 1,Fasciola cinereum,Subiculum,Postrhinal cortex,Presubiculum,Parasubiculum,Perirhinal area 35,Perirhinal area 36,Medial entorhinal cortex,Lateral entorhinal cortex,Primary auditory area,"Secondary auditory area, dorsal part","Secondary auditory area, ventral part","Piriform cortex, layer 1","Piriform cortex, layer 2","Piriform cortex, layer 3",Ventrolateral orbital area,Lateral orbital area,Ventral orbital area,Medial orbital area,Dorsolateral orbital area,Prelimbic area,Secondary motor area,Frontal association area 3,Primary motor area,"Agranular insular cortex, ventral area",Agranular insular cortex dorsal area,Cingulate area 1,Infralimbic area,Dysgranular insular cortex,Granular insular cortex,"Primary somatosensory area, forelimb representation","Primary somatosensory area, dysgranular zone","Primary somatosensory area, face representation",Secondary somatosensory area,"Primary somatosensory area, hindlimb representation","Agranular insular cortex, posterior area","Primary somatosensory area, barrel field",Retrosplenial dysgranular area,"Primary somatosensory area, trunk representation",Retrosplenial granular area,"Parietal association cortex, lateral area","Parietal association cortex, medial area","Parietal association cortex, posterior area",Primary visual area,"Secondary visual area, lateral part",Temporal association cortex,"Secondary visual area, medial part",Nucleus of the lateral olfactory tract
0.0,0.4771081627854647,0.25908904199383304,0.3568878134130563,0.4799255624794134,0.8310176466053795,0.8077981825889611,0.7728201271881193,0.7453761478785097,0.6993234355351016,0.6749520005118894,0.5977224244465632,0.738085454984429,0.6245400629434302,0.7495358614897822,0.6781270309949989,0.5461465694865508,0.6432146889860425,0.7363584188948573,0.696721495724507,0.8132200385730786,0.7552272470897249,0.7694800437055105,0.8467197834996112,0.45075439372849235,0.4807398837847709,0.505952118311044,0.3743768486001211,0.38367799335027764,0.5428822021322258,0.6166022475130017,0.5049980587981624,0.7602709029295249,0.6840678517227785,0.5893607074003029,0.8317652982945424,0.6701466405759819,0.7505042404718357,0.7756058802953388,0.833891999962942,0.8771597559345427,0.7556124062886002,0.7792960132880047,0.8409153574229373,0.8343603233473302,0.8250403478201328,0.6515138868798089,0.8004373127555452,0.6685234243294985,0.7780390612942136,0.6813138086134664,0.6789680970755498,0.7195255626195515,0.666909832520227,0.6130098317613889,0.6057304464751927,0.7580655061039376
0.4771081627854647,0.0,0.4255342475233638,0.7251339036739045,0.8083313205386796,0.5786891097178533,0.6320221807252272,0.6203089496044574,0.6622725432740939,0.548236258024918,0.6343805454401044,0.5678775978777238,0.6940681303285294,0.6134077506407247,0.6731577825001566,0.6652757638604555,0.5964460706272329,0.6557048216886108,0.6466065049071072,0.6957762897765734,0.6913859647216162,0.7095085864952528,0.7648789643415509,0.6310621655069881,0.8896505418544565,0.9093496710794176,0.9609661998729258,0.8728409102328042,0.8402690223412353,0.7397815216100079,0.7466389948468359,0.8680299784808352,0.663717823348495,0.7715931349975493,0.8014896212673236,0.483630823046869,0.7007178031968837,0.6877003162811594,0.6571913520522753,0.5619194521595032,0.46882506544547603,0.714040985252365,0.5644641282624371,0.5698601141458883,0.5754665878986515,0.5018942206484354,0.6069803916127859,0.5270272480782066,0.5714412488986386,0.4872178580262569,0.6396672714966826,0.5175650779416191,0.6862019635924976,0.7451771767579353,0.7159378543075989,0.6647441681298357,0.4179714641550791
0.25908904199383304,0.4255342475233638,0.0,0.7740812290676615,0.339257765376968,0.3296610860458933,0.36169916635611393,0.3465701615601613,0.3861454216200164,0.3732119171495775,0.414831919962809,0.48192444161163134,0.39841311080758307,0.4604154200847561,0.3737195634968092,0.3729566627331558,0.4709482564066841,0.4108811523343012,0.3565670332051929,0.3962946010984162,0.3403018360919714,0.3426007415576826,0.3569047516972409,0.3253026556826048,0.4295055712158742,0.40434790479047045,0.4705257699226051,0.4596191529565942,0.4051696153178426,0.414132157861911,0.3836120478872387,0.46458843455547416,0.37192316155148525,0.3422702401743204,0.38874035982824373,0.3226984056354082,0.3588574108488208,0.3659312503265968,0.3863345417205024,0.30348758312008184,0.24687401492166072,0.36316561176349094,0.3531322114170001,0.31870538003380045,0.32955339739669587,0.30773853101159493,0.3238323219677279,0.30807277577406406,0.33191707115649915,0.32290940769199783,0.3265964566800759,0.3908157034400778,0.40635810304420145,0.42948516576991,0.4729255907346274,0.3668467017262363,0.2582376459407212
0.3568878134130563,0.7251339036739045,0.7740812290676615,0.0,0.5489508806163157,0.4514752385305665,0.504562214030935,0.48317890778061934,0.5415817044824109,0.46187075715543885,0.5540800136386835,0.5369896373379459,0.5726610707403924,0.5609729384553682,0.5234401004904321,0.5495339098283791,0.5720567382190304,0.5448001878173411,0.49438953319297674,0.5580976490710778,0.498230469669582,0.5373002147783918,0.5548402695861436,0.4814379972022355,0.7312486378750666,0.7250748888301207,0.7839377012128517,0.7507584354228107,0.7039548045491604,0.6747545769935592,0.6243860136255167,0.7575880959496409,0.5759319279871141,0.5662461093532315,0.6371036339002029,0.402009092754666,0.566240725739703,0.5536438690829839,0.567678616217376,0.4439403403361939,0.3432923538698166,0.5948250803021637,0.4942350124036719,0.4338260996854111,0.43516106726898024,0.41466573686234826,0.4440304842066309,0.42080496188040706,0.45198219937748524,0.4159849371101931,0.46903227969330086,0.48019822519017963,0.5747691825047802,0.6080448102611595,0.6671360116460427,0.5449304276232405,0.3293290316555813
0.4799255624794134,0.8083313205386796,0.339257765376968,0.5489508806163157,0.0,0.5802586148675678,0.5880926088219646,0.5946279557644585,0.631280071536399,0.48719365310975954,0.5766225351112678,0.477165247479621,0.6562307778042183,0.5148623758368616,0.6499476190682193,0.6743572138494754,0.5092578978906731,0.5713839759878413,0.6671513656103719,0.6801403945416977,0.6503154384377934,0.7110552852788148,0.7343532817633102,0.6547160961491435,0.7915511891466179,0.878442771883336,0.8365992633685795,0.6944437123852334,0.787441411086277,0.7341083076000149,0.8107723279256045,0.8192187209294556,0.6355403579847952,0.7762839762426192,0.8493845264439701,0.4424425788366305,0.74680039579768,0.6678807675060174,0.6217843655060666,0.5828278867049947,0.4904114002963468,0.7035731213424856,0.5398679312203968,0.5337889035458144,0.5071927177495328,0.47038809851300856,0.5955638833175995,0.5235073399364015,0.5645005896380249,0.4717490593506767,0.5964105620803959,0.47329702499430404,0.6443117519744727,0.7161390657857998,0.6726819716631514,0.6145534148250935,0.43133744666862583
0.8310176466053795,0.5786891097178533,0.3296610860458933,0.4514752385305665,0.5802586148675678,0.0,1.0,0.9673766763921652,1.0,0.8727618136269925,0.959318835818696,0.8325169230088311,0.9843574757599902,0.858348642346796,0.9869555868077153,0.880593665448042,0.7984344432592818,0.9318071877124551,0.9341229328800824,0.9594246426240944,0.9906122785867343,0.94245363099729,0.9502073052068677,0.9820291960589935,0.5271797304273464,0.5872011452743648,0.6310200414410108,0.46951202800816977,0.44561126586952593,0.6085509804644318,0.7305539436850682,0.6096561421525372,0.9254840389998419,0.866480852868502,0.6873722856954935,0.9261605749884532,0.7073329113323736,0.9547778263262091,0.9007528365090158,0.984838998014533,0.9812305010629108,0.8983314957636375,0.947483766163331,0.9753175853607774,1.0,0.945934515470817,0.8741981337707349,1.0,0.9239100061944978,0.9735269294306482,0.8685592901874665,0.8852136922896852,0.9600196880235689,0.8912987405025821,0.844707604165769,0.8418992906398056,0.8870341468450944
0.8077981825889611,0.6320221807252272,0.36169916635611393,0.504562214030935,0.5880926088219646,1.0,0.0,0.9803466438492523,1.0,0.901761463853899,0.9803988494726344,0.88515741974,0.982940182508831,0.8896377099990146,0.9980743968290562,0.9016616449384105,0.7955088262964705,0.9004986696073057,0.9576969207720898,0.9136134312413212,1.0,0.9550959767036429,0.8981432639255066,1.0,0.6082019811081659,0.6271952708068733,0.6791137678935114,0.49001254180928583,0.5183775771665698,0.700804187159171,0.7682734938798107,0.7007385632420509,1.0,0.8763843543211698,0.7652672673795947,0.9657639673007843,0.7757438379470907,0.9615893372546392,0.9849184222392774,0.9853928416928491,0.8563933940645062,0.9523499338194954,0.9285065661130107,0.9279773492902009,1.0,0.9905745610393834,0.9021692807231204,0.956943120314734,0.8924479673850084,0.9743523193086681,0.9139691759577524,0.8618887966016929,1.0,0.9504211068385765,0.8963438547704149,0.852375763424887,0.8281354338636513
0.7728201271881193,0.6203089496044574,0.3465701615601613,0.48317890778061934,0.5946279557644585,0.9673766763921652,0.9803466438492523,0.0,0.9521751773254561,0.7982428646097119,0.9213395445409768,0.840159607384903,1.0,0.8613392965401446,0.9452595025186941,0.8761156005631694,0.7592363883573491,0.9440863176336736,0.9329099444421924,0.8852308141741094,0.9512197066604278,0.8976082691190974,0.9051166321737294,0.958251909020996,0.5558056914196529,0.5787609005258094,0.6462492328049816,0.5267930487665659,0.4576923734336212,0.589179109491278,0.7298329284992039,0.6442576129998635,0.8688532202468489,0.8458375460676132,0.6838016444854855,0.8081411180780591,0.6781560503729461,0.8427657151262576,0.875721690275605,0.9181649897763688,0.8572489449612873,0.8531700850424918,0.8774835634762468,0.928908238216009,0.943701011880777,0.8952810785304846,0.7989578481855814,0.9382782683225551,0.8537441276632971,0.9145559941003288,0.8528773771503676,0.8528312514667967,0.9500555058638932,0.9037706487364189,0.8138117951864253,0.844051682700641,0.8225631360998525
0.7453761478785097,0.6622725432740939,0.3861454216200164,0.5415817044824109,0.631280071536399,1.0,1.0,0.9521751773254561,0.0,0.9313553557096561,0.9793994016738993,0.9337499384571767,0.9987458377074308,0.8950174617609095,0.9970021544421743,0.8809659236239745,0.7921284742489334,0.912894347671,0.8791085962953537,0.9462778124874708,1.0,0.971194271716334,0.9504734566730416,0.9879080404700801,0.6484715993088307,0.6660024619037952,0.7385669796254404,0.5487503763828664,0.5476275819685973,0.7117171337775948,0.8669361302834031,0.7299192528179177,1.0,0.8785574585669719,0.8245412295235576,0.894875883630824,0.809061946793803,0.9311841015067864,1.0,0.9504567840042591,0.8305752386555596,1.0,0.9422140932846188,0.9309790691970622,0.8965347155293724,0.8937929209683134,0.9203398106183399,0.9449351234423167,0.9562755990551587,0.9884037105656144,0.920577810418082,0.893181676740612,0.9443874679968014,0.9228666519425153,0.8534980556650569,0.9177322745504136,0.8034521230857864
0.6993234355351016,0.548236258024918,0.3732119171495775,0.46187075715543885,0.48719365310975954,0.8727618136269925,0.901761463853899,0.7982428646097119,0.9313553557096561,0.0,0.9262271700799661,0.8654542752976435,0.8863853745351273,0.9058587235798309,0.8220462944389109,0.747691436029054,0.7822629558319038,0.8666989806053766,0.779548853994662,0.811711186991054,0.7886606803937584,0.7521968596755013,0.8252675473511141,0.7966983333888734,0.46961906328134323,0.5038914289370969,0.5929960759988714,0.46230976990680034,0.3975921684016936,0.5130609982287366,0.6104437458520164,0.532185428952177,0.8159814034979191,0.6751539963213651,0.5847936434408466,0.8047556402292734,0.5695142924100056,0.7702202442842304,0.8481627789963387,0.7411855992140565,0.7258668733437409,0.7969064909845467,0.8078224280516162,0.8566205653096312,0.8775121993052722,0.8119184078121563,0.8850601164620641,0.8684948048335616,0.9138016562052383,0.835496547883652,0.8605431985313671,0.7920267079521289,0.9296304978743125,0.7807414460856256,0.7575910901594478,0.9167284813772122,0.7071853208002049
0.6749520005118894,0.6343805454401044,0.414831919962809,0.5540800136386835,0.5766225351112678,0.959318835818696,0.9803988494726344,0.9213395445409768,0.9793994016738993,0.9262271700799661,0.0,0.9105586410740462,0.9826645327410686,0.8569911216901271,0.933672667913332,0.8727699086443983,0.8782658430510862,0.9221632615085148,0.84083471478821,0.869010722046116,0.9331542692931316,0.9166097761247582,0.9106078700621124,0.8698551468217699,0.5934629763860823,0.5982529132202942,0.7293941750681405,0.5438088246523354,0.5106337329347087,0.621814561094366,0.7175200334357289,0.6545044843954194,0.9121189131353751,0.7631073624536018,0.6882366373109711,0.8478375535349816,0.7187871083488274,0.9080060478783264,0.8883157857963292,0.8340735090222375,0.7395437528674587,0.8427422697100823,0.871993941526676,0.8324728645035712,0.8517176891017867,0.8857135818527577,0.8171824102153457,0.8703093537088821,0.8623332325813046,0.8701189844555426,0.8364349241829382,0.8914738357350702,0.9254146828572067,0.9130523167166038,0.9369886772364822,0.8517226598177612,0.7288183040610945
0.5977224244465632,0.5678775978777238,0.48192444161163134,0.5369896373379459,0.477165247479621,0.8325169230088311,0.88515741974,0.840159607384903,0.9337499384571767,0.8654542752976435,0.9105586410740462,0.0,0.8526294097303625,1.0,0.7967969766943005,0.7933443173666819,0.9834794072877812,0.9405142928963673,0.8189105674214925,0.8701365573932395,0.8114018589882394,0.7177469626470047,0.780619876448986,0.80082060185742,0.5173576080752014,0.497581329247583,0.6298071009700916,0.49974454037006033,0.4452071435530342,0.5342637461283531,0.5823008947474876,0.5952541961974573,0.7561482125145726,0.6757999779664495,0.6019530855829445,0.747485359366826,0.5646349330388399,0.7874302850113035,0.7814423759844042,0.7525339390801167,0.6091895689770473,0.7193122772429281,0.777419601601573,0.7438602414812342,0.7256210327932587,0.7740209633505197,0.7336094500137055,0.7586277807198912,0.7627090295226747,0.7980966273107323,0.7012492441512788,0.8849835444660837,0.9076776069776107,0.7900601945198787,0.8517141860528321,0.7795225504717561,0.6562767642936163
0.738085454984429,0.6940681303285294,0.39841311080758307,0.5726610707403924,0.6562307778042183,0.9843574757599902,0.982940182508831,1.0,0.9987458377074308,0.8863853745351273,0.9826645327410686,0.8526294097303625,0.0,0.8779116923653719,1.0,0.918392801049872,0.8521190045684767,0.9975562798758745,0.9323414444900782,0.9394993548640056,0.9997642056333901,0.9263766420019399,0.9015154899642458,0.8991176598271279,0.674852527970301,0.6703875599051342,0.7542076606401665,0.5686134721360496,0.5397400342501105,0.7400538561103266,0.8210621026651459,0.7640344448012867,0.9597283248803418,0.9057324008169471,0.8128484653855321,0.8392866622463743,0.8413659227148664,0.9274719438039176,0.9817326522304615,0.9112136347641916,0.8176810037045273,0.9417890486081376,0.8853414483016457,0.9636564074047346,0.9586529328043422,0.8742434910649344,0.915040285580292,0.9028236771586974,0.9066131647226476,0.9225886221067845,0.9060948172957206,0.8357190877255206,1.0,0.9688143382090837,0.9126499009943033,0.862025643425804,0.7743030437990331
0.6245400629434302,0.6134077506407247,0.4604154200847561,0.5609729384553682,0.5148623758368616,0.858348642346796,0.8896377099990146,0.8613392965401446,0.8950174617609095,0.9058587235798309,0.8569911216901271,1.0,0.8779116923653719,0.0,0.8488452271525694,0.8406441572134981,0.9405089172880903,0.8760117539090586,0.8240202319989905,0.8424364080573715,0.8273940702016914,0.7404582421407329,0.8180909669339591,0.7715831345736768,0.5399439246505525,0.5576035661283433,0.653986028447824,0.5539476100557438,0.4421160292838876,0.529327192889128,0.6164409494443042,0.6407807221824425,0.8464984128866375,0.7202926970872238,0.6323357404815789,0.7809139166849423,0.568512667692384,0.7934039464941515,0.8098839763148488,0.7507344036983282,0.6704983237998473,0.7667036932946997,0.8003435531049077,0.7814211842196935,0.823257151817362,0.7580952002548618,0.789883039059804,0.7788514720243338,0.7818241705649795,0.8453631607719504,0.7763520867509358,0.977576726186099,0.9252146487560138,0.7940948254754548,0.9069517310282739,0.812420692671196,0.6700812163803971
0.7495358614897822,0.6731577825001566,0.3737195634968092,0.5234401004904321,0.6499476190682193,0.9869555868077153,0.9980743968290562,0.9452595025186941,0.9970021544421743,0.8220462944389109,0.933672667913332,0.7967969766943005,1.0,0.8488452271525694,0.0,0.8973057009153262,0.7886560300541893,0.9929395084090623,0.9400273105336873,0.9224758253856665,1.0,0.9113640276616002,0.9040781795871657,0.955747791740715,0.6550709081910419,0.6789789586304738,0.7164974615329973,0.5444103607055011,0.551996299710776,0.7490558884759422,0.8102000973565773,0.7586619360637065,0.8960651501603216,0.8895362521231361,0.8566707286966696,0.8270309160356125,0.8669355758187608,0.9912232819243642,0.9334628167963903,0.9650077806351317,0.7928200793052858,0.9505396111630287,0.8387713560213054,0.9546182432744071,0.9476618175824361,0.8385130564553043,0.8402782167196622,0.8966068924260139,0.8251608876134471,0.8511070054562367,0.8743956569598471,0.8547270915295307,1.0,0.9168598501806983,0.8704841873441623,0.8485173912719328,0.786936241232053
0.6781270309949989,0.6652757638604555,0.3729566627331558,0.5495339098283791,0.6743572138494754,0.880593665448042,0.9016616449384105,0.8761156005631694,0.8809659236239745,0.747691436029054,0.8727699086443983,0.7933443173666819,0.918392801049872,0.8406441572134981,0.8973057009153262,0.0,0.7294099383698248,0.9210972048480471,0.9727905830611264,0.9556522482852023,0.9469239214712768,0.849308632274219,0.9604965844808815,0.8514234184992051,0.6760954015372296,0.6549113910222124,0.7042371795287907,0.5876223361614579,0.51475647208672,0.7011409380958611,0.7820616157672204,0.7351403701239113,0.8587858352942364,0.8757146931474773,0.8336537763736551,0.7991847212596234,0.793547116047278,0.9227726280886003,0.8728899812888748,0.8436738835674659,0.7806330719366171,0.9136781645946119,0.7860453459503397,0.860758160134204,0.7864946390657221,0.7956548058847189,0.7764176481350658,0.824173298776997,0.7822028458916035,0.8291663505236913,0.7905851437415603,0.8209598817639977,0.8998228973658731,0.9105124777768167,0.8834655143955947,0.7790716906093273,0.6983676579416174
0.5461465694865508,0.5964460706272329,0.4709482564066841,0.5720567382190304,0.5092578978906731,0.7984344432592818,0.7955088262964705,0.7592363883573491,0.7921284742489334,0.7822629558319038,0.8782658430510862,0.9834794072877812,0.8521190045684767,0.9405089172880903,0.7886560300541893,0.7294099383698248,0.0,0.9193220319489417,0.8273697679817198,0.8990592301196624,0.8203338044946257,0.6861910394840494,0.7380670359535416,0.7109501309118754,0.5227673867432987,0.5304511333454293,0.6230789128075112,0.5251605017034002,0.4487453178222023,0.5432277373293251,0.5880008601942392,0.622001356671181,0.6785204557971211,0.6770702680643566,0.6130625124525222,0.6798675950062029,0.5972141668852109,0.7105048726138787,0.745520966506933,0.7164045568404879,0.6122976754088788,0.7195473775610716,0.70943477281312,0.7319121743071286,0.738469328606129,0.7183746026543026,0.6582247276113854,0.7725024566369915,0.6947475685029413,0.7834868664310497,0.6851451867497028,0.8595245820644809,0.9309683427707011,0.8423006641877854,0.8694175029753091,0.7354693021228473,0.615159740649962
0.6432146889860425,0.6557048216886108,0.4108811523343012,0.5448001878173411,0.5713839759878413,0.9318071877124551,0.9004986696073057,0.9440863176336736,0.912894347671,0.8666989806053766,0.9221632615085148,0.9405142928963673,0.9975562798758745,0.8760117539090586,0.9929395084090623,0.9210972048480471,0.9193220319489417,0.0,0.8874342571894601,0.9540141390070086,0.9668785760340654,0.8098638128158816,0.8511023638764913,0.8641281322944977,0.605540070125081,0.6381852753905889,0.7078605864945108,0.5262399609475371,0.4940475025825362,0.6599999032656837,0.7260134077784591,0.6836622642461567,0.81081715432384,0.8172768172360811,0.7590554865502399,0.7834378111445676,0.6949153333622066,0.8886154140268033,0.9039934764155951,0.935607440527442,0.7219474847930462,0.8803942503444929,0.8866779611010217,0.8454158881496044,0.8341944041623723,0.8281276659020409,0.8163771014236065,0.8502135644260058,0.7793468016768685,0.8782330791185431,0.8116008735042984,0.9523011482314103,0.9820069868817233,0.9640868300944248,0.9279306011699298,0.8313878500927584,0.7463659635383018
0.7363584188948573,0.6466065049071072,0.3565670332051929,0.49438953319297674,0.6671513656103719,0.9341229328800824,0.9576969207720898,0.9329099444421924,0.8791085962953537,0.779548853994662,0.84083471478821,0.8189105674214925,0.9323414444900782,0.8240202319989905,0.9400273105336873,0.9727905830611264,0.8273697679817198,0.8874342571894601,0.0,0.9020566397207868,0.9779738571349247,0.8596550428614516,0.9214823971608098,0.8958793377550961,0.6077355737905716,0.6367727201746549,0.6729834600484681,0.5303743434093687,0.5044048096091021,0.660935751694266,0.7718882535905615,0.6820485087991974,0.8499261479577755,0.8418267576840697,0.7884869887055637,0.7954872019803649,0.7632578388075594,0.9149348236418826,0.8983555860314848,0.8703377909161976,0.812227308297172,0.8602325052693697,0.8102802485326049,0.8663254135488534,0.8792772916594707,0.8232521587975846,0.7858923061555227,0.868983861837161,0.7938440094838783,0.8414660702707636,0.8221630009214038,0.8051316200909369,0.9789699595566831,0.9296938693221289,0.903698686594596,0.8019077878263225,0.7825138143616611
0.696721495724507,0.6957762897765734,0.3962946010984162,0.5580976490710778,0.6801403945416977,0.9594246426240944,0.9136134312413212,0.8852308141741094,0.9462778124874708,0.811711186991054,0.869010722046116,0.8701365573932395,0.9394993548640056,0.8424364080573715,0.9224758253856665,0.9556522482852023,0.8990592301196624,0.9540141390070086,0.9020566397207868,0.0,0.9688107499522473,0.9231193811712096,0.9724091234524078,0.8667379773755783,0.6243020190053011,0.6741467712036172,0.7008417748226543,0.5836242987636131,0.5512011399751602,0.664244972316006,0.7682239502237066,0.7127622921549578,0.8360057361564807,0.8780225077008483,0.7687530042444832,0.7887164725553969,0.7690143591243971,0.8604899643265607,0.8867132628241735,0.85636437584667,0.7395342473118941,0.8878310074261251,0.7995577979420492,0.9012644459215114,0.8463316355599247,0.8306663561419828,0.7818674915254787,0.8295905303795496,0.8532100661061339,0.8937499748936396,0.8060084054104034,0.8832737281817379,0.9387046295474606,0.9747068939818886,0.8796270331079438,0.7950885399387874,0.772636211844758
0.8132200385730786,0.6913859647216162,0.3403018360919714,0.498230469669582,0.6503154384377934,0.9906122785867343,1.0,0.9512197066604278,1.0,0.7886606803937584,0.9331542692931316,0.8114018589882394,0.9997642056333901,0.8273940702016914,1.0,0.9469239214712768,0.8203338044946257,0.9668785760340654,0.9779738571349247,0.9688107499522473,0.0,0.9274196061219332,0.9687309419476734,0.9878373764321056,0.6358572121530546,0.6677873670659666,0.6965077003346888,0.5702714590147024,0.5115041956288373,0.6868435118423066,0.7983837516736041,0.6927099441941647,0.9111792708352088,0.9265442655605874,0.7901015555020435,0.8362506706540598,0.8547985121016547,0.9466800057479765,0.966873345979987,0.9759748168223938,0.8220268470291439,0.9667075600386621,0.8641999972665199,0.9825836550282203,0.9674889548728908,0.9108689203231375,0.8452572682608209,0.9690955178943673,0.8908353486383127,0.9331148520660026,0.9665921927167063,0.8625184041876328,0.9958137814782367,0.9353659366751986,0.8732489145876531,0.8437988461118676,0.8193222701129615
0.7552272470897249,0.7095085864952528,0.3426007415576826,0.5373002147783918,0.7110552852788148,0.94245363099729,0.9550959767036429,0.8976082691190974,0.971194271716334,0.7521968596755013,0.9166097761247582,0.7177469626470047,0.9263766420019399,0.7404582421407329,0.9113640276616002,0.849308632274219,0.6861910394840494,0.8098638128158816,0.8596550428614516,0.9231193811712096,0.9274196061219332,0.0,1.0,0.9099093183231015,0.6680579980061562,0.7329960327264986,0.750106043886041,0.5550785747593208,0.607705339389619,0.7607695018972331,0.8722036687131484,0.7621550244824792,0.89501756145259,0.9072891514493441,0.8403454267435221,0.8338996804209852,0.8250671866754756,0.964140773327298,0.9259715616985184,0.9268954230433938,0.7930493323634026,0.9890484419840171,0.8051817964781481,0.9082774127919463,0.8730977678410226,0.7936917643446078,0.8134778488643031,0.8978141470077201,0.83192545600885,0.8380577666059355,0.8701303002689673,0.7423280350928789,0.9010374599874396,0.8766488451148732,0.8435895263677206,0.8098792946821888,0.753374404836467
0.7694800437055105,0.7648789643415509,0.3569047516972409,0.5548402695861436,0.7343532817633102,0.9502073052068677,0.8981432639255066,0.9051166321737294,0.9504734566730416,0.8252675473511141,0.9106078700621124,0.780619876448986,0.9015154899642458,0.8180909669339591,0.9040781795871657,0.9604965844808815,0.7380670359535416,0.8511023638764913,0.9214823971608098,0.9724091234524078,0.9687309419476734,1.0,0.0,0.9997998380237575,0.7428647772798668,0.7698010877926189,0.7836722693931796,0.6379195814315216,0.6426916494908724,0.7147599457755862,0.8903902623454741,0.7968623476552349,0.9436208349051834,0.9377420135064244,0.8923033582273776,0.780600791967002,0.8330235155061435,0.9103885466339553,0.9200118963233721,0.8609031621385789,0.7597369470554041,0.9807251554159242,0.9052480381817115,0.897965348027379,0.917998888635286,0.7838907076206139,0.8105267682588452,0.8458495595924297,0.8103490677365418,0.8038801611870913,0.8975155973525489,0.8211286332343111,0.9032144855153171,0.9695904069397311,0.8963629693063998,0.8218492862335669,0.7341810999428706
0.8467197834996112,0.6310621655069881,0.3253026556826048,0.4814379972022355,0.6547160961491435,0.9820291960589935,1.0,0.958251909020996,0.9879080404700801,0.7966983333888734,0.8698551468217699,0.80082060185742,0.8991176598271279,0.7715831345736768,0.955747791740715,0.8514234184992051,0.7109501309118754,0.8641281322944977,0.8958793377550961,0.8667379773755783,0.9878373764321056,0.9099093183231015,0.9997998380237575,0.0,0.6324889315661815,0.6416444638455643,0.6921534167191095,0.5079051118451893,0.5345820856782257,0.6513988732502789,0.7952132475370994,0.6895216284060658,0.9179735246797277,0.8565614965090349,0.7870294561507546,0.8679201380519708,0.773746916892918,0.941691478740104,0.9396345821156886,0.9789532691659774,0.9131628137216584,0.9796214300362993,0.8883285297191571,0.9222335643818023,0.896679948574767,0.935281794246065,0.8486016079620728,0.8760216050646354,0.8050212373148348,0.9079524141105856,0.8364725142893089,0.8252358090860467,0.9212610474160479,0.8988413509193406,0.7929148056234453,0.8671947268228748,0.848722498087993
0.45075439372849235,0.8896505418544565,0.4295055712158742,0.7312486378750666,0.7915511891466179,0.5271797304273464,0.6082019811081659,0.5558056914196529,0.6484715993088307,0.46961906328134323,0.5934629763860823,0.5173576080752014,0.674852527970301,0.5399439246505525,0.6550709081910419,0.6760954015372296,0.5227673867432987,0.605540070125081,0.6077355737905716,0.6243020190053011,0.6358572121530546,0.6680579980061562,0.7428647772798668,0.6324889315661815,0.0,0.9283371940416006,0.8663413627374342,0.7222857355399311,0.8217592072276344,0.8391841118933016,0.8789633400454233,0.8636332731472229,0.6831406505876502,0.7595830249261267,0.8885061988024273,0.4541933676296369,0.7577512027665777,0.7209589254919333,0.6515874291424747,0.573750274607944,0.43520669230808673,0.7719312317700875,0.5350812498954687,0.5226159052300998,0.5045562603292807,0.4554612758976744,0.5292296293572579,0.4868422104010996,0.5223209194487446,0.4707519338880795,0.5373845917598336,0.4636078399020152,0.6120895112359392,0.7059911040577126,0.7006377311761989,0.6121846453716357,0.395523817707551
0.4807398837847709,0.9093496710794176,0.40434790479047045,0.7250748888301207,0.878442771883336,0.5872011452743648,0.6271952708068733,0.5787609005258094,0.6660024619037952,0.5038914289370969,0.5982529132202942,0.497581329247583,0.6703875599051342,0.5576035661283433,0.6789789586304738,0.6549113910222124,0.5304511333454293,0.6381852753905889,0.6367727201746549,0.6741467712036172,0.6677873670659666,0.7329960327264986,0.7698010877926189,0.6416444638455643,0.9283371940416006,0.0,0.9215145165054109,0.772672953923673,0.8250998508962843,0.8496351793204597,0.8957967732099492,0.9137043681556911,0.7183708139394934,0.7920244960991616,0.884164416147187,0.4718321850151238,0.7675234935074134,0.7030186433833316,0.6833209217926784,0.6032240511043051,0.4683880118576088,0.7925948738855093,0.5720938577884906,0.5497344050974293,0.5548128776772373,0.5002476698191324,0.5825772927506694,0.5245783038587426,0.5226347364579635,0.49067533028468996,0.5903934030976017,0.49726226175450283,0.685942816985422,0.7580718157343387,0.721181693297712,0.624949587796241,0.4174810359013113
0.505952118311044,0.9609661998729258,0.4705257699226051,0.7839377012128517,0.8365992633685795,0.6310200414410108,0.6791137678935114,0.6462492328049816,0.7385669796254404,0.5929960759988714,0.7293941750681405,0.6298071009700916,0.7542076606401665,0.653986028447824,0.7164974615329973,0.7042371795287907,0.6230789128075112,0.7078605864945108,0.6729834600484681,0.7008417748226543,0.6965077003346888,0.750106043886041,0.7836722693931796,0.6921534167191095,0.8663413627374342,0.9215145165054109,0.0,0.8484656007151725,0.7690733066309731,0.8183689687288517,0.8828353719793308,0.8675476297093986,0.7351249355292636,0.8203240967493068,0.839355121077335,0.5231189589872324,0.7241808332786591,0.718905151324516,0.737363173281426,0.6339197413482467,0.4804942960831797,0.7963815277666774,0.6546554485959176,0.609822948198697,0.6260835185106357,0.563955579334702,0.6395226682379402,0.5823869588469781,0.5976845552439058,0.5402938619618955,0.6898061785235483,0.5709558178066698,0.7068039329345175,0.7798985086079103,0.8265498386435398,0.664386770345485,0.4385872105559403
0.3743768486001211,0.8728409102328042,0.4596191529565942,0.7507584354228107,0.6944437123852334,0.46951202800816977,0.49001254180928583,0.5267930487665659,0.5487503763828664,0.46230976990680034,0.5438088246523354,0.49974454037006033,0.5686134721360496,0.5539476100557438,0.5444103607055011,0.5876223361614579,0.5251605017034002,0.5262399609475371,0.5303743434093687,0.5836242987636131,0.5702714590147024,0.5550785747593208,0.6379195814315216,0.5079051118451893,0.7222857355399311,0.772672953923673,0.8484656007151725,0.0,0.60834505326858,0.6032160976121727,0.6533777929582563,0.6825857929888398,0.5455924721659708,0.6568977229760666,0.6527704648396562,0.41189722838571574,0.5550829577434442,0.5555834234019801,0.519566079078941,0.46101255951562986,0.3623654745857958,0.5750100244375518,0.49380840284680455,0.46230312795636463,0.4675962447657815,0.4062085576244896,0.5087994235511449,0.4460180709005817,0.4833161770627618,0.41635527742928996,0.5546244508744248,0.45469141506033944,0.577647643878076,0.6281048651644964,0.6731705885862377,0.5946581151021035,0.3451912074097028
0.38367799335027764,0.8402690223412353,0.4051696153178426,0.7039548045491604,0.787441411086277,0.44561126586952593,0.5183775771665698,0.4576923734336212,0.5476275819685973,0.3975921684016936,0.5106337329347087,0.4452071435530342,0.5397400342501105,0.4421160292838876,0.551996299710776,0.51475647208672,0.4487453178222023,0.4940475025825362,0.5044048096091021,0.5512011399751602,0.5115041956288373,0.607705339389619,0.6426916494908724,0.5345820856782257,0.8217592072276344,0.8250998508962843,0.7690733066309731,0.60834505326858,0.0,0.7448063644194449,0.7414337964877691,0.8986329305990374,0.5853853662795825,0.6631451618642142,0.8100186395464007,0.3806840818162476,0.6456680112970259,0.5698128652779187,0.5597950623315717,0.4746151588069912,0.3699722153563236,0.6580567713323613,0.4593361196971426,0.4199254622386781,0.4383243916444346,0.3879170512897272,0.462151664815773,0.41236711823683064,0.44740061267720593,0.3921556350130614,0.4573070555012405,0.4040721883986786,0.560794990476517,0.5804823077839846,0.6152917780121309,0.5002119275306188,0.3378086718609005
0.5428822021322258,0.7397815216100079,0.414132157861911,0.6747545769935592,0.7341083076000149,0.6085509804644318,0.700804187159171,0.589179109491278,0.7117171337775948,0.5130609982287366,0.621814561094366,0.5342637461283531,0.7400538561103266,0.529327192889128,0.7490558884759422,0.7011409380958611,0.5432277373293251,0.6599999032656837,0.660935751694266,0.664244972316006,0.6868435118423066,0.7607695018972331,0.7147599457755862,0.6513988732502789,0.8391841118933016,0.8496351793204597,0.8183689687288517,0.6032160976121727,0.7448063644194449,0.0,0.8781108301603783,0.8625793853161678,0.8309212127268094,0.7967706298052687,0.9245127604877913,0.5294384475108347,0.8829289849696262,0.7688814804102775,0.7882517552907007,0.6487572027306232,0.5087571105342602,0.8531575563894633,0.658126723520546,0.549652690206748,0.5852208900157002,0.5618724830793183,0.5683039756819891,0.5513605284573879,0.5441065265174769,0.5462727408325405,0.5768854400304233,0.5197250610014814,0.7276133731701447,0.7154537764321852,0.7222091875914618,0.6082599085317179,0.4375323344286578
0.6166022475130017,0.7466389948468359,0.3836120478872387,0.6243860136255167,0.8107723279256045,0.7305539436850682,0.7682734938798107,0.7298329284992039,0.8669361302834031,0.6104437458520164,0.7175200334357289,0.5823008947474876,0.8210621026651459,0.6164409494443042,0.8102000973565773,0.7820616157672204,0.5880008601942392,0.7260134077784591,0.7718882535905615,0.7682239502237066,0.7983837516736041,0.8722036687131484,0.8903902623454741,0.7952132475370994,0.8789633400454233,0.8957967732099492,0.8828353719793308,0.6533777929582563,0.7414337964877691,0.8781108301603783,0.0,0.9025990029483933,0.8569149167901491,0.923366930243721,0.9587996009039707,0.6043617497087399,0.8964942688213692,0.8853356980702045,0.8280615147810642,0.75838084514035,0.5951932720798185,0.9908505800747965,0.7456379282798354,0.678062210144599,0.6806858461287003,0.6534054825534139,0.6963875160456307,0.6786683122345939,0.6705393615512708,0.6033177693152637,0.7349808615680202,0.5812079915794902,0.8016137784602653,0.8021050274072905,0.7413215955687328,0.7497668057681894,0.5128314575914664
0.5049980587981624,0.8680299784808352,0.46458843455547416,0.7575880959496409,0.8192187209294556,0.6096561421525372,0.7007385632420509,0.6442576129998635,0.7299192528179177,0.532185428952177,0.6545044843954194,0.5952541961974573,0.7640344448012867,0.6407807221824425,0.7586619360637065,0.7351403701239113,0.622001356671181,0.6836622642461567,0.6820485087991974,0.7127622921549578,0.6927099441941647,0.7621550244824792,0.7968623476552349,0.6895216284060658,0.8636332731472229,0.9137043681556911,0.8675476297093986,0.6825857929888398,0.8986329305990374,0.8625793853161678,0.9025990029483933,0.0,0.7546173278139917,0.8107305914108897,0.9542935614884641,0.523516552287245,0.8012093384790727,0.7654901926668609,0.751375017804307,0.6090615958166667,0.48440469256410695,0.8064577983770487,0.57847238276964,0.5790089124731457,0.5882497821052172,0.5114028353382158,0.5952114263924702,0.5637158224051251,0.5861984895455491,0.5316342127277063,0.6120591646126363,0.5724857394203062,0.748491763442733,0.7912933991430743,0.7722315327245449,0.6332234318733546,0.4549598567722203
0.7602709029295249,0.663717823348495,0.37192316155148525,0.5759319279871141,0.6355403579847952,0.9254840389998419,1.0,0.8688532202468489,1.0,0.8159814034979191,0.9121189131353751,0.7561482125145726,0.9597283248803418,0.8464984128866375,0.8960651501603216,0.8587858352942364,0.6785204557971211,0.81081715432384,0.8499261479577755,0.8360057361564807,0.9111792708352088,0.89501756145259,0.9436208349051834,0.9179735246797277,0.6831406505876502,0.7183708139394934,0.7351249355292636,0.5455924721659708,0.5853853662795825,0.8309212127268094,0.8569149167901491,0.7546173278139917,0.0,0.9041149398066237,0.8551531201209569,0.7948560079631152,0.8886820475774764,0.9460324218136928,0.9932308002402737,0.9121810117986915,0.8132634863121408,0.9978766506643756,0.9323416593678714,0.8796031374758336,0.8413189719595512,0.8337143198878911,0.8300997716628701,0.847166007563585,0.8455907656098355,0.8530503384622821,0.8471264656022002,0.7695366924935111,0.9143835849604888,0.8435109862989554,0.8348212309512071,0.8367671566688596,0.7096562447702397
0.6840678517227785,0.7715931349975493,0.3422702401743204,0.5662461093532315,0.7762839762426192,0.866480852868502,0.8763843543211698,0.8458375460676132,0.8785574585669719,0.6751539963213651,0.7631073624536018,0.6757999779664495,0.9057324008169471,0.7202926970872238,0.8895362521231361,0.8757146931474773,0.6770702680643566,0.8172768172360811,0.8418267576840697,0.8780225077008483,0.9265442655605874,0.9072891514493441,0.9377420135064244,0.8565614965090349,0.7595830249261267,0.7920244960991616,0.8203240967493068,0.6568977229760666,0.6631451618642142,0.7967706298052687,0.923366930243721,0.8107305914108897,0.9041149398066237,0.0,0.9659816273588233,0.6928018542792045,0.8320505558806904,0.877068923662795,0.8220849384580857,0.7948701096733233,0.7160869329498997,0.9297869787147056,0.787873116035362,0.8116784059722616,0.8164257382490021,0.7323064758073614,0.7668574708542018,0.7564520803046125,0.7625153368111436,0.7351939501698197,0.8388837094996447,0.6512941244661494,0.8545752494253837,0.8260259112458677,0.823786532318774,0.7743587102293923,0.6852229792959122
0.5893607074003029,0.8014896212673236,0.38874035982824373,0.6371036339002029,0.8493845264439701,0.6873722856954935,0.7652672673795947,0.6838016444854855,0.8245412295235576,0.5847936434408466,0.6882366373109711,0.6019530855829445,0.8128484653855321,0.6323357404815789,0.8566707286966696,0.8336537763736551,0.6130625124525222,0.7590554865502399,0.7884869887055637,0.7687530042444832,0.7901015555020435,0.8403454267435221,0.8923033582273776,0.7870294561507546,0.8885061988024273,0.884164416147187,0.839355121077335,0.6527704648396562,0.8100186395464007,0.9245127604877913,0.9587996009039707,0.9542935614884641,0.8551531201209569,0.9659816273588233,0.0,0.5796041819484599,0.9167235931250759,0.8187326424721337,0.8094104476500076,0.7282829220189374,0.6094698100884368,0.9021698227135918,0.6738841841809194,0.6870634118162068,0.637830811709836,0.599460738038421,0.6629371513665308,0.6265066745416982,0.6623988975901534,0.6242783597225136,0.6816709430073156,0.5959114638129517,0.7598796791066317,0.8241396451721787,0.7912153681238524,0.7100829151879685,0.5294921868918224
0.8317652982945424,0.483630823046869,0.3226984056354082,0.402009092754666,0.4424425788366305,0.9261605749884532,0.9657639673007843,0.8081411180780591,0.894875883630824,0.8047556402292734,0.8478375535349816,0.747485359366826,0.8392866622463743,0.7809139166849423,0.8270309160356125,0.7991847212596234,0.6798675950062029,0.7834378111445676,0.7954872019803649,0.7887164725553969,0.8362506706540598,0.8338996804209852,0.780600791967002,0.8679201380519708,0.4541933676296369,0.4718321850151238,0.5231189589872324,0.41189722838571574,0.3806840818162476,0.5294384475108347,0.6043617497087399,0.523516552287245,0.7948560079631152,0.6928018542792045,0.5796041819484599,0.0,0.6119238896828118,0.7606276593172282,0.8069879513894721,0.8990767112836396,0.8281329521525956,0.7588358544277742,0.8888244267724106,0.8782209419545806,0.9310549670837974,0.8362021634222825,0.6903686658007526,0.9016941923890865,0.7346758194054986,0.877579913666543,0.7236464467480902,0.9071256798283454,0.8146570899762484,0.7265680722115937,0.7334613963526058,0.6822613309795225,0.7974713633572484
