Cingulate area 2,Glomerular layer of the accessory olfactory bulb,Glomerular layer of the olfactory bulb,"Olfactory bulb, unspecified",Frontal association cortex,Cornu ammonis 3,Dentate gyrus,Cornu ammonis 2,Cornu ammonis 1,Fasciola cinereum,Subiculum,Postrhinal cortex,Presubiculum,Parasubiculum,Perirhinal area 35,Perirhinal area 36,Medial entorhinal cortex,Lateral entorhinal cortex,Primary auditory area,"Secondary auditory area, dorsal part","Secondary auditory area, ventral part","Piriform cortex, layer 1","Piriform cortex, layer 2","Piriform cortex, layer 3",Ventrolateral orbital area,Lateral orbital area,Ventral orbital area,Medial orbital area,Dorsolateral orbital area,Prelimbic area,Secondary motor area,Frontal association area 3,Primary motor area,"Agranular insular cortex, ventral area",Agranular insular cortex dorsal area,Cingulate area 1,Infralimbic area,Dysgranular insular cortex,Granular insular cortex,"Primary somatosensory area, forelimb representation","Primary somatosensory area, dysgranular zone","Primary somatosensory area, face representation",Secondary somatosensory area,"Primary somatosensory area, hindlimb representation","Agranular insular cortex, posterior area","Primary somatosensory area, barrel field",Retrosplenial dysgranular area,"Primary somatosensory area, trunk representation",Retrosplenial granular area,"Parietal association cortex, lateral area","Parietal association cortex, medial area","Parietal association cortex, posterior area",Primary visual area,"Secondary visual area, lateral part",Temporal association cortex,"Secondary visual area, medial part",Nucleus of the lateral olfactory tract
0.0,0.30595047873708886,0.15997046201213672,0.2324384941767991,0.22853541376907602,0.8632612257631208,0.895433660349335,0.8200254795794455,0.890736342849384,0.7619370071822358,0.8411125657575719,0.8140458847470918,0.8956912880039264,0.6689477605669085,0.7825947539166369,0.7685332077028106,0.6861639821326461,0.8657987278365096,0.8077049586061945,0.9070178603173112,0.7603925334577099,0.7443803786359154,0.7413456253480533,0.800548838154311,0.41743822486928467,0.41387125336489217,0.42600953506938577,0.3513306931686793,0.3912895512930448,0.4181231362241765,0.4912678050948826,0.49465878873439045,0.8012696895155823,0.6755010861336397,0.48317590659246096,0.8139315584753585,0.6394607465307749,0.6976139927444649,0.8226926613841992,0.9408377624257516,0.9001543624843826,0.782655931127435,0.7262795866863084,0.8698908727781192,0.7800619364123753,0.7729944169649903,0.8145302840768888,0.7301282562283202,0.8968880381819628,0.7913735081618818,0.8487063762640885,0.7502510190354851,0.8262691180119419,0.742527421440354,0.7912030489464078,0.8888467110451053,0.7718700046184189
0.30595047873708886,0.0,0.6255648051447843,0.8496519165084665,0.8294531568473709,0.30509484180699475,0.3209604537130202,0.28321400916250145,0.3016937544275141,0.243595482012061,0.34659207542189974,0.40570426631870354,0.36269723369334284,0.3223627394934494,0.45261654436050086,0.4475123918528731,0.47293191424374503,0.39448450591098266,0.3993071444890198,0.3952830983979951,0.456633987230656,0.46275882190515755,0.49410071910367087,0.43283213053402997,0.5783280405042401,0.5585614810187718,0.6087274457069902,0.6831539586711309,0.5367541483687472,0.5542572919966848,0.5386433228350472,0.467518131060832,0.40219101093733417,0.44931152579300965,0.46079820421739937,0.37358946895532,0.5339069013280339,0.4239153142591407,0.4570710306038012,0.3468474261059533,0.33883453401659636,0.4366570046219976,0.4649236185431773,0.2913066968614428,0.42666771636097006,0.3684412487164835,0.2938736485391624,0.27828893028759094,0.30978478898994727,0.22275299445049246,0.2760689792166338,0.2082570097193138,0.33962994741956687,0.4098520373439031,0.38141280419661916,0.3275285606377545,0.25946930950916053
0.15997046201213672,0.6255648051447843,0.0,0.7839659971853518,0.7483963133906198,0.15897566521298542,0.1666049275677842,0.1538318957252653,0.1590690258613421,0.1346230716729646,0.17964303898166326,0.2057081772858424,0.19080737335363487,0.1816423812867901,0.22360185739025423,0.21731620602740886,0.25168517614628105,0.2001419978200792,0.1989773621705923,0.19569107184941278,0.22117626816504213,0.22943027159023704,0.24096563777481778,0.21512166939241267,0.3439008607101975,0.33627239622569777,0.33413988943929596,0.4213870055828208,0.32606131326376203,0.31902318640644567,0.295025084118142,0.2661587782143713,0.20627737032653146,0.23036998024405356,0.262285380793738,0.1967763876370209,0.26504225752403243,0.21791971969984086,0.21894026135035904,0.17588830350127546,0.1748080325690471,0.21264725632846457,0.22385332827118645,0.15082744608205517,0.21385160149771187,0.1840047215328632,0.15509989915443156,0.1494358507263165,0.16252569230862515,0.13082203409140794,0.1507901143966089,0.11894708777428074,0.1789869330920213,0.2140029113053505,0.1943838895550767,0.167098318872952,0.1449648980142812
0.2324384941767991,0.8496519165084665,0.7839659971853518,0.0,1.0,0.22653598066115338,0.23793478714602165,0.21633278413625537,0.2253636577004838,0.18395647597568898,0.2615162708332206,0.3032679793552466,0.2706351385990406,0.25157138463565537,0.3269026418839831,0.3215850554894801,0.37177503661132993,0.2921472331440562,0.29599931357981396,0.29282788061182946,0.324745889296115,0.3625702857636729,0.3804407898106528,0.32459005255757845,0.5881568524709204,0.5621289353473756,0.5807472959605797,0.6951561504860256,0.5514207149188507,0.5484254132037881,0.5136645962568958,0.4456835198283152,0.32630975407881935,0.3749281710437425,0.4509033129038954,0.30703370811820363,0.42597259115175246,0.3450387105420534,0.34271548709229727,0.257446833509736,0.25467714062140184,0.3291634125862179,0.3407871027214021,0.21351567511323502,0.3135431065893691,0.27205463299511035,0.21964749358062313,0.20909343327118024,0.23061857103439376,0.17461121906872212,0.20908279969959834,0.1596980867506966,0.25508203536944685,0.30198607010744083,0.28076170543503814,0.2468278110435692,0.19762707096502438
0.22853541376907602,0.8294531568473709,0.7483963133906198,1.0,0.0,0.223270393167751,0.23110326146197047,0.21166871009011295,0.22403647797791204,0.1838410705231263,0.2485756372548106,0.28714620600693663,0.2592543758370855,0.23856057389175095,0.31933720859256554,0.31184303759292137,0.3549574638666485,0.2835146435327818,0.2930541657636724,0.28612578449931797,0.31414910941561064,0.35035930098232443,0.3662479332496868,0.314872414460398,0.520692268276157,0.5146538786902333,0.5671121873642253,0.632169622926275,0.507059135123422,0.5360271965174307,0.49068298632885315,0.4080517646962353,0.3212774005942033,0.3491940025978906,0.4240969118884711,0.2904352979714544,0.3983075874377608,0.32696158807396397,0.32961653642817446,0.2505768931026144,0.24828067905325593,0.3171262785225148,0.3335330994049754,0.21139061107231613,0.30823044138178846,0.2633898397328527,0.21310730353797935,0.2061108303427464,0.2262260583085432,0.1661421931187893,0.20048097796118006,0.1597265671896537,0.24601870789644947,0.2871625429407398,0.2731922801628328,0.2486948369314613,0.192173390805771
0.8632612257631208,0.30509484180699475,0.15897566521298542,0.22653598066115338,0.223270393167751,0.0,0.9881615040634242,0.9917985540116664,0.9712585407480334,0.8036068288852021,0.9266706507501192,0.8760550374189402,0.9038177362326925,0.7272103079969091,0.8029369011388892,0.7821387440019788,0.640631377574884,0.8998150270031703,0.8439037847623106,0.9026251726839224,0.8575225923804446,0.7166377827058215,0.6923199006279207,0.8339043652878505,0.3710082639059761,0.3803872454363416,0.39007003576249255,0.30772314705880277,0.362240342818199,0.36327843222358225,0.41288878448138394,0.4403807941543005,0.7306719791694063,0.5772178964063351,0.42091142192639025,0.7044407297890013,0.559644694210985,0.6547367072151284,0.8266879182466788,0.8947042536100922,0.8602334489252169,0.7615830252175905,0.7941920983903172,0.9408864162212066,0.8934689463357444,0.9273233062249902,0.9036946869518028,0.9325140062741267,0.9783679373904267,0.9234010732546273,1.0,0.8778335583442344,0.90512573622708,0.7961398978077228,0.9055758293627799,0.9946463281793315,0.9020966179985617
0.895433660349335,0.3209604537130202,0.1666049275677842,0.23793478714602165,0.23110326146197047,0.9881615040634242,0.0,0.9665844492423031,0.945712605169721,0.7796019472240147,0.9757133967814763,0.9489431695015268,0.9544500031223152,0.8469797928512705,0.8674294053307849,0.8377629935964078,0.738737883461143,0.9672727580577483,0.9281872872571916,0.9214903039753355,0.9186217640045335,0.7669325894023448,0.7928625145582658,0.8617529635604616,0.4067796639965257,0.4112456015521129,0.4234953176586882,0.3363850655562033,0.398504896918229,0.39414933671130503,0.44738395390829466,0.4972305361451752,0.7609074490582018,0.6432873859179408,0.4660442814908645,0.7887951492550483,0.6324848040509292,0.7041463399563717,0.8727372679873316,0.8570730736936296,0.9230839146172048,0.7924554251202534,0.7659070660214977,0.8861333880712655,0.8462974967228991,0.9096091428654449,0.877462938454224,0.9098867528909831,0.9945450092537215,0.8772176244482869,0.9540541840442179,0.7900035546632145,0.9371617283016205,0.9034595567070037,0.9544937842468991,0.9629913703266723,0.8480587222997732
0.8200254795794455,0.28321400916250145,0.1538318957252653,0.21633278413625537,0.21166871009011295,0.9917985540116664,0.9665844492423031,0.0,0.9332459237666899,0.8156438147578017,0.9597778717025296,0.7867927997847489,0.8876795238532227,0.7388547051278684,0.7797918259133503,0.7716807718818629,0.621771545301746,0.9091566319586578,0.8192535125223548,0.933398487848166,0.8250264831025712,0.5905091343546396,0.6243571101373682,0.7387883591909539,0.3427009029933825,0.34921908516619077,0.33729578263455157,0.2684226887517484,0.32710926946100793,0.30993874235144814,0.34740466982136337,0.37527690007864145,0.6202703313476342,0.5127394118141865,0.3627299170360428,0.5812942827853171,0.484936816674403,0.541513814546297,0.6841514892258533,0.8012944866738511,0.7635310666276689,0.6561468452750239,0.6874353356948092,0.9800109391419272,0.7449676924699355,0.8719197821748685,0.9580859317000061,0.9690096307752925,0.9987939642593042,0.938297337397716,0.98722161759454,0.8623838335746351,0.8700834478256908,0.8051621574735014,0.8882118619464813,1.0,0.9053466302975541
0.890736342849384,0.3016937544275141,0.1590690258613421,0.2253636577004838,0.22403647797791204,0.9712585407480334,0.945712605169721,0.9332459237666899,0.0,0.7846592025446365,0.9028421843169108,0.8220201234019086,0.9198186784571742,0.7467197756842489,0.809945861858291,0.7690241228488456,0.6656338220714986,0.9264543653744847,0.8754629808555751,0.9404628678242941,0.8073859351100247,0.7325588382830094,0.7029203001535554,0.8271497153177411,0.39322836058594673,0.40065525262633844,0.4038393448598385,0.31772998611010794,0.37008530781157517,0.37721338173900204,0.4252212344125965,0.4779201898968397,0.7363085230757572,0.6199893753709411,0.43899307738767046,0.7078587563839233,0.5809724798465578,0.6931688093880235,0.8102345763119093,0.8805210245923218,0.8424366690770846,0.7225805629622416,0.7721749732402964,0.9016031578249165,0.8450954107086968,0.9118976489033618,0.9274720851895799,0.8953970771903501,0.970014267256579,0.8772074830250709,0.9146943340213574,0.8220134026552854,0.9038564834468432,0.8125592831088883,0.8653681259302534,0.9827023794745786,0.8426426668981623
0.7619370071822358,0.243595482012061,0.1346230716729646,0.18395647597568898,0.1838410705231263,0.8036068288852021,0.7796019472240147,0.8156438147578017,0.7846592025446365,0.0,0.7078296816749114,0.6185558392465264,0.6782251889021591,0.5470340906240603,0.6385327860264995,0.6439931611242252,0.4681732055041194,0.7111721845717789,0.6912515756719642,0.7445470844615205,0.6745601641323433,0.5335974717508513,0.5312965658571769,0.6388260830063542,0.2930029781017733,0.2917023021965816,0.2893603212578662,0.23619894148493395,0.27785549367288354,0.2728694814807998,0.3107368923750992,0.32063193445922716,0.5226651424752476,0.44385682386817027,0.3154342324902461,0.5482376657203482,0.4260354634583682,0.4664279204152655,0.5685572660498176,0.7132481688589387,0.6978095697359824,0.5471749476009393,0.6090907101088122,0.8859981502478872,0.6788453534617244,0.788856065324236,0.8587469854993488,0.8604035902663186,0.8556289382475414,0.8388531498523445,0.8076356782190662,0.8218734853795551,0.705676607925518,0.6072055360338797,0.7360683165092043,0.8037728400834789,0.8023760163766399
0.8411125657575719,0.34659207542189974,0.17964303898166326,0.2615162708332206,0.2485756372548106,0.9266706507501192,0.9757133967814763,0.9597778717025296,0.9028421843169108,0.7078296816749114,0.0,0.9291548481780418,0.9607682389297569,0.9129389515490342,0.8906673317503543,0.8678579965067206,0.8559590166358266,1.0,0.8998900857253833,0.9887460259640191,0.9613016107342828,0.8109987000352673,0.8017982786318103,0.9134975449517825,0.4399583315647561,0.44569052003190607,0.47127957171290197,0.37308130590865735,0.4436284228163334,0.4300240556298884,0.470474099146445,0.5389206186372777,0.7759172906038527,0.6859096350321577,0.5088581068388176,0.7769275167029516,0.672618966346214,0.7157870267808292,0.8627561980325108,0.9386560090814526,0.9112684851891741,0.8395177435053688,0.8459915700274635,0.897393599021222,0.8679329839388872,0.8692969931233208,0.8454723636664931,0.7881630050290659,0.9282568491552055,0.8820243972443135,0.9027043050968145,0.7410920226433599,1.0,0.9273608073356918,1.0,0.9456937496150394,0.8085158902506896
0.8140458847470918,0.40570426631870354,0.2057081772858424,0.3032679793552466,0.28714620600693663,0.8760550374189402,0.9489431695015268,0.7867927997847489,0.8220201234019086,0.6185558392465264,0.9291548481780418,0.0,0.9789954253152875,0.8831352124499183,0.9286650547912423,0.8859126427470051,0.9461230104664076,1.0,0.9051307796028015,0.9038280565115996,0.9402841522528772,0.8526759636017344,0.9027786964841539,0.8491092268016653,0.5340099541786542,0.5258976090858022,0.5661343411388544,0.4398038499010385,0.4930337762504581,0.5249069689803725,0.5617345034199595,0.6517080737754357,0.8556632293235471,0.7967862420472336,0.5960992029627357,0.8371342543376017,0.7084530576507824,0.8570691628396359,0.9653512294296726,0.8620735575864996,0.918743666405247,0.9857919540339602,0.8708378899525395,0.7505171474292095,0.8940722507939209,0.7950434938876043,0.7427288782020108,0.6868878356962546,0.823396246031808,0.6951424375791887,0.7985888982982505,0.6352370659830741,0.9149134290044015,0.8896792405980495,0.8828004467329051,0.8566386075094315,0.7153910170350105
0.8956912880039264,0.36269723369334284,0.19080737335363487,0.2706351385990406,0.2592543758370855,0.9038177362326925,0.9544500031223152,0.8876795238532227,0.9198186784571742,0.6782251889021591,0.9607682389297569,0.9789954253152875,0.0,0.9610306869936867,0.9495706274660768,0.8708382664616537,0.8583814440724771,0.9778258602196223,0.9681419040417045,0.9985236640498271,0.9583027313465401,0.7978737149071956,0.8263954649849907,0.8721885444482266,0.4874812881999687,0.48762673674480694,0.4896034343866334,0.3949478458058895,0.46267791572229877,0.46741639841319543,0.4975127765744227,0.572065700341991,0.838285731371613,0.7097993907129077,0.5431149372226145,0.7872798988997117,0.6957674461514677,0.7916999980051893,0.8829261046771912,0.9305443194305668,0.9144772761041967,0.8844273974094072,0.7915868104456114,0.8489509050265709,0.8578245013003978,0.8602953931333649,0.7927647757913568,0.7907738843139416,0.9441709946259358,0.8347936693447138,0.8925871180073223,0.7270863806592467,0.9664609331081813,0.9524187001853046,0.9157397751199332,0.9272119186008332,0.7749191843185262
0.6689477605669085,0.3223627394934494,0.1816423812867901,0.25157138463565537,0.23856057389175095,0.7272103079969091,0.8469797928512705,0.7388547051278684,0.7467197756842489,0.5470340906240603,0.9129389515490342,0.8831352124499183,0.9610306869936867,0.0,0.8123685899993975,0.7221058603686208,0.8479924262538697,0.9580361159422477,0.7751652745933527,0.8331953812838423,0.8422230568003414,0.7054652061712926,0.7448519506692992,0.7373725186604536,0.4673759777488415,0.4678593754397072,0.44321759731271454,0.34172546523964636,0.45688532180825264,0.43617926317291444,0.431066635985227,0.5443729261270529,0.6753317118404164,0.6798462636535743,0.5143770804222176,0.7150649469026159,0.5873472167243174,0.7004938681357891,0.7797052590052398,0.8105306797057047,0.7764158396899354,0.7516151566514623,0.6953204491861262,0.6637692395031629,0.7029498031986929,0.7092521751800727,0.6876482026114035,0.6176727859435244,0.7553486824668696,0.750430642655243,0.7540465023977153,0.6101333919955471,0.8593823286447101,0.8380389573128727,0.8137516424863832,0.730733323124899,0.6596318241938093
0.7825947539166369,0.45261654436050086,0.22360185739025423,0.3269026418839831,0.31933720859256554,0.8029369011388892,0.8674294053307849,0.7797918259133503,0.809945861858291,0.6385327860264995,0.8906673317503543,0.9286650547912423,0.9495706274660768,0.8123685899993975,0.0,0.9361096336754553,0.9256676727930523,0.9921714744466535,0.9416726253390318,1.0,0.9884034496942865,0.9372894743851807,0.9443960318450235,0.8806819818791656,0.5375121781861738,0.5392987282857657,0.5699710576312984,0.47774217547446135,0.5197379366627847,0.5271048666222264,0.5994275795267068,0.6086751711372889,0.8385365585859983,0.7412363683359768,0.5622131393844876,0.794288985950672,0.772794332615731,0.839418021290298,0.9749680590099635,0.886293178296493,0.8721090645843196,0.8909203618144755,0.9402957509592325,0.7257856925488226,1.0,0.9022006791711391,0.7965223032792221,0.724902530544474,0.8535725672900321,0.6504595080052278,0.7320606938905626,0.5698195970883911,0.8524556453954045,0.9066665646403175,0.8982407895341585,0.8503820303319654,0.6868755646889821
0.7685332077028106,0.4475123918528731,0.21731620602740886,0.3215850554894801,0.31184303759292137,0.7821387440019788,0.8377629935964078,0.7716807718818629,0.7690241228488456,0.6439931611242252,0.8678579965067206,0.8859126427470051,0.8708382664616537,0.7221058603686208,0.9361096336754553,0.0,0.8273291047876442,0.9840890963189282,0.9729205756370018,0.9562172877951124,0.9577406391856431,0.9333160076850031,0.8917087451992625,0.9442859851196289,0.5276289314309993,0.5253354026974562,0.5597498628687774,0.45365420537959716,0.5087535927790133,0.5082740583074118,0.5905410841587974,0.6054035401790534,0.7720723520138537,0.7410509608352445,0.5413592012622179,0.7749540874104167,0.724542368686563,0.7710916601642286,0.9329332732469304,0.8235442114458629,0.8021894143699689,0.8158797476177766,0.9303288694144976,0.76888877246471,0.9425043300037609,0.8911721201259809,0.7596181048934844,0.7480858404849796,0.8305037638927735,0.6403942293787737,0.7546165328034247,0.5771852776852311,0.8770358354466639,0.8643616926029732,0.9751176866726681,0.8623904539330373,0.6917567192580775
0.6861639821326461,0.47293191424374503,0.25168517614628105,0.37177503661132993,0.3549574638666485,0.640631377574884,0.738737883461143,0.621771545301746,0.6656338220714986,0.4681732055041194,0.8559590166358266,0.9461230104664076,0.8583814440724771,0.8479924262538697,0.9256676727930523,0.8273291047876442,0.0,0.9185205493078267,0.8001663625619886,0.8043630518269566,0.8586749368402435,0.8456481897151867,0.9901842440285188,0.8853367090386962,0.680196255980538,0.7209149685550311,0.6882136919697519,0.5633988141061845,0.7141673516091078,0.6951823553772124,0.6617386771261288,0.7945271817469085,0.8861732448638425,0.946425480179697,0.7785766419823731,0.835236241863292,0.809176966667119,0.9299589713020463,0.9158617031160554,0.7506512346131677,0.7532620559683391,0.9577238212311471,0.792327130926768,0.574198753197858,0.8153970614013213,0.659680267275608,0.5837195068417911,0.5153133228475182,0.6682481349967329,0.5518332472498568,0.6053081127777901,0.4651973818426881,0.8157647328478755,0.8783643806655912,0.7761695868413088,0.6614933167584661,0.5285358168017229
0.8657987278365096,0.39448450591098266,0.2001419978200792,0.2921472331440562,0.2835146435327818,0.8998150270031703,0.9672727580577483,0.9091566319586578,0.9264543653744847,0.7111721845717789,1.0,1.0,0.9778258602196223,0.9580361159422477,0.9921714744466535,0.9840890963189282,0.9185205493078267,0.0,0.9499083567076638,1.0,0.9604950445783563,0.8667389119786341,0.8525258625013056,0.9189583996963789,0.5083371674532966,0.49872109770959977,0.543666769830248,0.4111802412759284,0.49740032153539054,0.4820612525476833,0.5586422396872038,0.5831656528745852,0.8412970177514228,0.7756652571607469,0.5517775409197593,0.7976202188035398,0.7218766472825134,0.8560010270897961,0.9167540714327894,0.887040711112313,0.8553349718988942,0.9255439560305229,0.912309930984426,0.8032792215532168,0.9354308013932545,0.9017844250678017,0.8290277371344112,0.7787386561965132,0.9065615572524729,0.8337289632271012,0.865973168777266,0.6762157434257419,0.9543647724826602,0.9789730615865453,0.968940509078839,0.913877725569578,0.765238329359462
0.8077049586061945,0.3993071444890198,0.1989773621705923,0.29599931357981396,0.2930541657636724,0.8439037847623106,0.9281872872571916,0.8192535125223548,0.8754629808555751,0.6912515756719642,0.8998900857253833,0.9051307796028015,0.9681419040417045,0.7751652745933527,0.9416726253390318,0.9729205756370018,0.8001663625619886,0.9499083567076638,0.0,0.9784304871047811,0.9536784503620376,0.8593477467734579,0.8778220996089018,0.9567264318257604,0.48061646219999765,0.4855276139082179,0.5112861699360144,0.42942485444381784,0.46970886445997206,0.49671261006988154,0.5588482581147051,0.5778801004782604,0.8264116541174789,0.7108561382524475,0.5340164540232806,0.7878401809635721,0.7669231830701543,0.8079590216042902,0.9345878969392437,0.900654586791445,0.884975225993603,0.8563994291197449,0.9423387585872809,0.8142925910821884,0.9226432279813278,0.9534882178585953,0.8000191764421587,0.8320296759684861,0.9078519604792682,0.6736140147775134,0.7995195518250001,0.6358748955904375,0.8271637746026645,0.9088357627239881,0.9375201189544884,0.9365952606130015,0.7313206488962567
0.9070178603173112,0.3952830983979951,0.19569107184941278,0.29282788061182946,0.28612578449931797,0.9026251726839224,0.9214903039753355,0.933398487848166,0.9404628678242941,0.7445470844615205,0.9887460259640191,0.9038280565115996,0.9985236640498271,0.8331953812838423,1.0,0.9562172877951124,0.8043630518269566,1.0,0.9784304871047811,0.0,0.9959249289666149,0.8700612734507763,0.8724757416425923,1.0,0.49935081146957044,0.49072197909148413,0.5165014374926008,0.4282429475427266,0.4759812517861869,0.4833222634270493,0.5778529050675824,0.5687598500549178,0.8824207451706155,0.7239520549776766,0.530193787069059,0.8511506613512279,0.7346248002033626,0.7665302977737112,0.9335088294223299,0.9793400601107728,0.8891242407811583,0.9151694699716239,0.9934341762902438,0.8585613372192147,0.9688387658054176,1.0,0.8745543520172276,0.8186719201027495,0.9571020324998395,0.7568947656024994,0.8303473880414138,0.6736391881697262,0.9347786410629603,0.9061282702212313,1.0,0.9351567624353071,0.7970416144529581
0.7603925334577099,0.456633987230656,0.22117626816504213,0.324745889296115,0.31414910941561064,0.8575225923804446,0.9186217640045335,0.8250264831025712,0.8073859351100247,0.6745601641323433,0.9613016107342828,0.9402841522528772,0.9583027313465401,0.8422230568003414,0.9884034496942865,0.9577406391856431,0.8586749368402435,0.9604950445783563,0.9536784503620376,0.9959249289666149,0.0,0.8893881033153644,0.8373574865318496,0.9671216737442833,0.503891836839575,0.5138949805911649,0.5207104707513837,0.4426945686981917,0.47542228412625653,0.478677080156286,0.5532888265184821,0.5642158120523094,0.7776256809623,0.6792672283535706,0.5306296774820317,0.7909636225074271,0.7137917072213349,0.7669140720735874,0.9201177474374368,0.8655422993224126,0.830945137702919,0.842414054053465,0.9103574901397888,0.7696048222343717,0.9969597739766501,0.962184343028112,0.8399826105371457,0.7720076731948429,0.8608786275144871,0.7302297699831163,0.8094597321949737,0.5938783067017922,0.8931604275375145,0.906272651101188,0.9797632191379722,0.8608497156633809,0.7467981682747661
0.7443803786359154,0.46275882190515755,0.22943027159023704,0.3625702857636729,0.35035930098232443,0.7166377827058215,0.7669325894023448,0.5905091343546396,0.7325588382830094,0.5335974717508513,0.8109987000352673,0.8526759636017344,0.7978737149071956,0.7054652061712926,0.9372894743851807,0.9333160076850031,0.8456481897151867,0.8667389119786341,0.8593477467734579,0.8700612734507763,0.8893881033153644,0.0,1.0,0.9614886735033236,0.6346561255692021,0.6693784606604872,0.7178640768922158,0.5647657443262109,0.6193188660455043,0.6762696852938128,0.7719545003494861,0.8256126843565992,0.9474372141427082,0.9032929201265142,0.7628798763971355,0.9530123766432073,0.9408472220221205,0.970399459130498,0.9785805779670622,0.8809928327158562,0.8481259099284421,0.9732231372159803,0.9598753096386456,0.6615697025329349,0.8955462650742148,0.8091507460207374,0.6459424584355373,0.5840097370477798,0.7402090254707538,0.5362229689145279,0.6165668164154223,0.48721138995986024,0.7434761380740554,0.8380282069242465,0.7472707456440253,0.733679224450601,0.5595586383892743
0.7413456253480533,0.49410071910367087,0.24096563777481778,0.3804407898106528,0.3662479332496868,0.6923199006279207,0.7928625145582658,0.6243571101373682,0.7029203001535554,0.5312965658571769,0.8017982786318103,0.9027786964841539,0.8263954649849907,0.7448519506692992,0.9443960318450235,0.8917087451992625,0.9901842440285188,0.8525258625013056,0.8778220996089018,0.8724757416425923,0.8373574865318496,1.0,0.0,0.9426232350038144,0.7021375059103652,0.7404486486016214,0.7661615877881438,0.5956124389673345,0.6705980377453059,0.718418288327555,0.7772063191300843,0.8218495055982904,0.9033426787150556,0.9128530356081206,0.851098011472272,0.9070545434809671,0.906400546246404,0.9475130735094273,1.0,0.8759097188504914,0.8510171542682596,0.9911600344794343,0.9666681474359743,0.692126799686984,0.9089744147650807,0.7779610755765509,0.6213771673850559,0.5716544580273836,0.7354679108594832,0.5147829499083685,0.6201562307842091,0.4768916457479828,0.7892262204730813,0.8063178760169987,0.7592290619715752,0.7759082227342747,0.5617439760077622
0.800548838154311,0.43283213053402997,0.21512166939241267,0.32459005255757845,0.314872414460398,0.8339043652878505,0.8617529635604616,0.7387883591909539,0.8271497153177411,0.6388260830063542,0.9134975449517825,0.8491092268016653,0.8721885444482266,0.7373725186604536,0.8806819818791656,0.9442859851196289,0.8853367090386962,0.9189583996963789,0.9567264318257604,1.0,0.9671216737442833,0.9614886735033236,0.9426232350038144,0.0,0.5485147103627566,0.5392492923464302,0.5951450311653138,0.48117855994440556,0.5376800808750186,0.5676450087572898,0.6638542090290492,0.6585721729313821,0.9006161339334783,0.809936610442088,0.6288512034926306,0.9038165313782898,0.8917246501271516,0.8656802284383982,0.9890244117051158,0.9002939300103042,0.8692323474042893,0.8771563573985965,0.9121916955104855,0.7768941800733824,0.9419862821956025,0.9097064798530111,0.7698789883501334,0.718378883744108,0.9030937340589203,0.6646607188226773,0.7501852889520539,0.5735969677417272,0.8026540835302599,0.923046206394311,0.8858563753626675,0.8561374256547718,0.7159400406371866
0.41743822486928467,0.5783280405042401,0.3439008607101975,0.5881568524709204,0.520692268276157,0.3710082639059761,0.4067796639965257,0.3427009029933825,0.39322836058594673,0.2930029781017733,0.4399583315647561,0.5340099541786542,0.4874812881999687,0.4673759777488415,0.5375121781861738,0.5276289314309993,0.680196255980538,0.5083371674532966,0.48061646219999765,0.49935081146957044,0.503891836839575,0.6346561255692021,0.7021375059103652,0.5485147103627566,0.0,0.9806781349877197,0.9365632275151238,0.7608374219074721,0.9548471535572162,0.9156864141115229,0.7875848466225547,0.8473892758402056,0.6330501966937855,0.7563107727024597,0.8932043387949115,0.5804156126442924,0.6759420750737454,0.644209669270229,0.6411022329393976,0.4933130138964465,0.45438925585873385,0.6251672257002597,0.555519594922071,0.3373773696665828,0.4981452076237278,0.4222642305968986,0.3529943826686257,0.3191366295055169,0.3778654417544531,0.2903759113275495,0.3289486721671406,0.27123160477920744,0.45315704776152127,0.5023156889317603,0.44089818280097787,0.4206131516868334,0.296018796805037
0.41387125336489217,0.5585614810187718,0.33627239622569777,0.5621289353473756,0.5146538786902333,0.3803872454363416,0.4112456015521129,0.34921908516619077,0.40065525262633844,0.2917023021965816,0.44569052003190607,0.5258976090858022,0.48762673674480694,0.4678593754397072,0.5392987282857657,0.5253354026974562,0.7209149685550311,0.49872109770959977,0.4855276139082179,0.49072197909148413,0.5138949805911649,0.6693784606604872,0.7404486486016214,0.5392492923464302,0.9806781349877197,0.0,0.9233281932638918,0.7689851460446051,0.9943604343276896,0.9094778471463458,0.810070943928846,0.8815137448978012,0.6913494679292067,0.7742688953688363,0.851274774729777,0.5827274040535265,0.6586273892346806,0.6445253416056028,0.641715423735273,0.5005819822790797,0.46389944038585784,0.6350088885269312,0.5707184854634795,0.3482550650354537,0.4941092927748337,0.43528384507408463,0.3610944366439167,0.31949717677455114,0.38705079740932935,0.2969870110003956,0.32421749343282014,0.2737407945238136,0.45320032531128523,0.528393966495732,0.43015320040682126,0.436410093102744,0.2890267641724889
0.42600953506938577,0.6087274457069902,0.33413988943929596,0.5807472959605797,0.5671121873642253,0.39007003576249255,0.4234953176586882,0.33729578263455157,0.4038393448598385,0.2893603212578662,0.47127957171290197,0.5661343411388544,0.4896034343866334,0.44321759731271454,0.5699710576312984,0.5597498628687774,0.6882136919697519,0.543666769830248,0.5112861699360144,0.5165014374926008,0.5207104707513837,0.7178640768922158,0.7661615877881438,0.5951450311653138,0.9365632275151238,0.9233281932638918,0.0,0.8540184458028932,0.9151747561818461,0.9845035659322187,0.9214365702598392,0.9872201351365556,0.6858033391423495,0.773834205930226,0.8950707589421083,0.583591908233083,0.74405333384049,0.708585925129395,0.676400705089304,0.5045381012146417,0.47235476599992116,0.684912020630302,0.6150812086344795,0.36423767850958066,0.5440798319708529,0.4560294089960972,0.357341770221922,0.3201700181578158,0.41150183064142826,0.2902516439541498,0.32953398252146093,0.2634239429525326,0.4664514951372888,0.5104155362371707,0.4495545542113175,0.4499178076170865,0.3090000711841387
0.3513306931686793,0.6831539586711309,0.4213870055828208,0.6951561504860256,0.632169622926275,0.30772314705880277,0.3363850655562033,0.2684226887517484,0.31772998611010794,0.23619894148493395,0.37308130590865735,0.4398038499010385,0.3949478458058895,0.34172546523964636,0.47774217547446135,0.45365420537959716,0.5633988141061845,0.4111802412759284,0.42942485444381784,0.4282429475427266,0.4426945686981917,0.5647657443262109,0.5956124389673345,0.48117855994440556,0.7608374219074721,0.7689851460446051,0.8540184458028932,0.0,0.7824359267299335,0.8622590477207432,0.8418042084748653,0.7570442867814736,0.5313344100801662,0.5706983880877309,0.69964978328683,0.5037212606453964,0.6627958355682806,0.5649785148540437,0.542273182406938,0.3981027894620439,0.3941569103586304,0.5377696187898022,0.5162544984525751,0.29512792693781154,0.45864593914526475,0.3738142389060568,0.2829786227930052,0.27605854897003157,0.32632721671590376,0.2231681785882213,0.27530160109268287,0.20560391520972107,0.3547346340075761,0.42336684122407675,0.3698444385800683,0.3626300885356723,0.25860699983529783
0.3912895512930448,0.5367541483687472,0.32606131326376203,0.5514207149188507,0.507059135123422,0.362240342818199,0.398504896918229,0.32710926946100793,0.37008530781157517,0.27785549367288354,0.4436284228163334,0.4930337762504581,0.46267791572229877,0.45688532180825264,0.5197379366627847,0.5087535927790133,0.7141673516091078,0.49740032153539054,0.46970886445997206,0.4759812517861869,0.47542228412625653,0.6193188660455043,0.6705980377453059,0.5376800808750186,0.9548471535572162,0.9943604343276896,0.9151747561818461,0.7824359267299335,0.0,0.9567801798483205,0.8059094221578038,0.9457756183278269,0.6529266579399439,0.7221458799594199,0.824414923615201,0.549096427250414,0.6086262022627124,0.6619914883701971,0.6387134279300434,0.4573311560417991,0.42850691568159716,0.6272197180627429,0.5480749233860212,0.3290803584530854,0.4795084671366073,0.41076469950857575,0.3408124548719923,0.30070662561166467,0.3665766262726029,0.2899314066179588,0.308790798370338,0.25911855221251584,0.4296379540162807,0.48120250604820763,0.4173420917384518,0.40557759538911664,0.27578333952290557
0.4181231362241765,0.5542572919966848,0.31902318640644567,0.5484254132037881,0.5360271965174307,0.36327843222358225,0.39414933671130503,0.30993874235144814,0.37721338173900204,0.2728694814807998,0.4300240556298884,0.5249069689803725,0.46741639841319543,0.43617926317291444,0.5271048666222264,0.5082740583074118,0.6951823553772124,0.4820612525476833,0.49671261006988154,0.4833222634270493,0.478677080156286,0.6762696852938128,0.718418288327555,0.5676450087572898,0.9156864141115229,0.9094778471463458,0.9845035659322187,0.8622590477207432,0.9567801798483205,0.0,0.9548494944656188,0.9870457748560556,0.6876763423946219,0.8228243733223765,0.9282221986926298,0.6391812553106712,0.7668495302453858,0.741323213491975,0.6641413490363154,0.47405513501336,0.47287058017222094,0.6920121537623232,0.5610433173176479,0.3400993711429878,0.49614045204249274,0.42057708318358417,0.33724541803431474,0.2994127672957657,0.3921687022647559,0.27449771832346725,0.31665046966574883,0.25170633932720826,0.43877832985240156,0.4822620911248365,0.4088042357407801,0.409646616385281,0.2879660465452651
0.4912678050948826,0.5386433228350472,0.295025084118142,0.5136645962568958,0.49068298632885315,0.41288878448138394,0.44738395390829466,0.34740466982136337,0.4252212344125965,0.3107368923750992,0.470474099146445,0.5617345034199595,0.4975127765744227,0.431066635985227,0.5994275795267068,0.5905410841587974,0.6617386771261288,0.5586422396872038,0.5588482581147051,0.5778529050675824,0.5532888265184821,0.7719545003494861,0.7772063191300843,0.6638542090290492,0.7875848466225547,0.810070943928846,0.9214365702598392,0.8418042084748653,0.8059094221578038,0.9548494944656188,0.0,0.8791306210612797,0.7180489382786394,0.7961530859113852,0.9952589466786271,0.6887335662281829,0.8286195620099345,0.7545032354131296,0.7312873977236344,0.5407270511114922,0.5493518558235543,0.7605912064428091,0.6334037091614567,0.3981069058017201,0.5766998856116532,0.49092334330214976,0.3763869812640868,0.3475941367309217,0.44199850538604984,0.29646662392399714,0.3535211271292815,0.2758569338435148,0.4815481084180119,0.5230450796867999,0.4600816044434547,0.4868186836916014,0.3323081288685311
0.49465878873439045,0.467518131060832,0.2661587782143713,0.4456835198283152,0.4080517646962353,0.4403807941543005,0.4972305361451752,0.37527690007864145,0.4779201898968397,0.32063193445922716,0.5389206186372777,0.6517080737754357,0.572065700341991,0.5443729261270529,0.6086751711372889,0.6054035401790534,0.7945271817469085,0.5831656528745852,0.5778801004782604,0.5687598500549178,0.5642158120523094,0.8256126843565992,0.8218495055982904,0.6585721729313821,0.8473892758402056,0.8815137448978012,0.9872201351365556,0.7570442867814736,0.9457756183278269,0.9870457748560556,0.8791306210612797,0.0,0.794316207312556,0.9501357822811405,1.0,0.7544785378781291,0.8114772175456638,0.864829117906236,0.8023942687456173,0.588591323185176,0.5790859983875416,0.780067064517298,0.6413383723955476,0.40446245287939553,0.5968365809948502,0.4938688310956073,0.40216625189891914,0.36042091753044014,0.45622567747050635,0.3403513094124533,0.3786896733478785,0.30757626381434555,0.531307693119935,0.5885704586897943,0.4912259583425179,0.5130859145221344,0.3422405267943878
0.8012696895155823,0.40219101093733417,0.20627737032653146,0.32630975407881935,0.3212774005942033,0.7306719791694063,0.7609074490582018,0.6202703313476342,0.7363085230757572,0.5226651424752476,0.7759172906038527,0.8556632293235471,0.838285731371613,0.6753317118404164,0.8385365585859983,0.7720723520138537,0.8861732448638425,0.8412970177514228,0.8264116541174789,0.8824207451706155,0.7776256809623,0.9474372141427082,0.9033426787150556,0.9006161339334783,0.6330501966937855,0.6913494679292067,0.6858033391423495,0.5313344100801662,0.6529266579399439,0.6876763423946219,0.7180489382786394,0.794316207312556,0.0,0.9785309574280326,0.7711791830362259,0.962209137966683,0.8533429772173878,0.9617136770579897,0.9972092531966793,0.9021558174275498,0.8694369884108137,0.993868369512023,0.8288722132856396,0.6933995142290342,0.776806537561588,0.7423919705520869,0.6474266699979959,0.5874101543576062,0.7254398967177051,0.5393519602954444,0.6300135183393323,0.5322276197049214,0.7619027876491895,0.7814127562369363,0.7227864190283377,0.8019061880046812,0.5640584544766737
0.6755010861336397,0.44931152579300965,0.23036998024405356,0.3749281710437425,0.3491940025978906,0.5772178964063351,0.6432873859179408,0.5127394118141865,0.6199893753709411,0.44385682386817027,0.6859096350321577,0.7967862420472336,0.7097993907129077,0.6798462636535743,0.7412363683359768,0.7410509608352445,0.946425480179697,0.7756652571607469,0.7108561382524475,0.7239520549776766,0.6792672283535706,0.9032929201265142,0.9128530356081206,0.809936610442088,0.7563107727024597,0.7742688953688363,0.773834205930226,0.5706983880877309,0.7221458799594199,0.8228243733223765,0.7961530859113852,0.9501357822811405,0.9785309574280326,0.0,0.8627549966476921,0.8987241436428139,0.8557145444614841,0.9061314478912379,0.8983040410131882,0.7629550652971544,0.7383557021921886,0.9212113329693054,0.7679372187138888,0.5461200145996647,0.7090093844049311,0.5950468946537502,0.5340910658989663,0.4576200487115017,0.6025023934924724,0.47367531093083726,0.5055613586917191,0.42149446036943755,0.7277648074092632,0.7007100899135752,0.6266882215087168,0.6626404754507703,0.44731628786694577
0.48317590659246096,0.46079820421739937,0.262285380793738,0.4509033129038954,0.4240969118884711,0.42091142192639025,0.4660442814908645,0.3627299170360428,0.43899307738767046,0.3154342324902461,0.5088581068388176,0.5960992029627357,0.5431149372226145,0.5143770804222176,0.5622131393844876,0.5413592012622179,0.7785766419823731,0.5517775409197593,0.5340164540232806,0.530193787069059,0.5306296774820317,0.7628798763971355,0.851098011472272,0.6288512034926306,0.8932043387949115,0.851274774729777,0.8950707589421083,0.69964978328683,0.824414923615201,0.9282221986926298,0.9952589466786271,1.0,0.7711791830362259,0.8627549966476921,0.0,0.7402841726188204,0.8147976893659027,0.8163025528008427,0.7554747145395752,0.559457154627885,0.5548959746388626,0.7167435831510377,0.6112171841228135,0.39712647220302355,0.5362638618645322,0.4631187982032299,0.37965424152478644,0.3320538682659489,0.43858713512630243,0.32152594417734387,0.35272457518983485,0.29356645399640724,0.5230640517268794,0.5511770594843783,0.45855978954640375,0.47054143165104856,0.31853703347004125
0.8139315584753585,0.37358946895532,0.1967763876370209,0.30703370811820363,0.2904352979714544,0.7044407297890013,0.7887951492550483,0.5812942827853171,0.7078587563839233,0.5482376657203482,0.7769275167029516,0.8371342543376017,0.7872798988997117,0.7150649469026159,0.794288985950672,0.7749540874104167,0.835236241863292,0.7976202188035398,0.7878401809635721,0.8511506613512279,0.7909636225074271,0.9530123766432073,0.9070545434809671,0.9038165313782898,0.5804156126442924,0.5827274040535265,0.583591908233083,0.5037212606453964,0.549096427250414,0.6391812553106712,0.6887335662281829,0.7544785378781291,0.962209137966683,0.8987241436428139,0.7402841726188204,0.0,0.8777257054205672,0.867246136100143,0.9305810230932555,0.9077061795287006,0.878971571831729,0.9798697300104923,0.7959290111367451,0.6507746375315018,0.7964565778338385,0.7204769501994095,0.6257720594898123,0.5665948970939342,0.7334078149441673,0.5425434526401701,0.611875406944751,0.5121400742273317,0.7331749042855591,0.7799180429511777,0.715645134274037,0.7929407565528348,0.5705173411907597
