Cingulate area 2,Glomerular layer of the accessory olfactory bulb,Glomerular layer of the olfactory bulb,"Olfactory bulb, unspecified",Frontal association cortex,Cornu ammonis 3,Dentate gyrus,Cornu ammonis 2,Cornu ammonis 1,Fasciola cinereum,Subiculum,Postrhinal cortex,Presubiculum,Parasubiculum,Perirhinal area 35,Perirhinal area 36,Medial entorhinal cortex,Lateral entorhinal cortex,Primary auditory area,"Secondary auditory area, dorsal part","Secondary auditory area, ventral part","Piriform cortex, layer 1","Piriform cortex, layer 2","Piriform cortex, layer 3",Ventrolateral orbital area,Lateral orbital area,Ventral orbital area,Medial orbital area,Dorsolateral orbital area,Prelimbic area,Secondary motor area,Frontal association area 3,Primary motor area,"Agranular insular cortex, ventral area",Agranular insular cortex dorsal area,Cingulate area 1,Infralimbic area,Dysgranular insular cortex,Granular insular cortex,"Primary somatosensory area, forelimb representation","Primary somatosensory area, dysgranular zone","Primary somatosensory area, face representation",Secondary somatosensory area,"Primary somatosensory area, hindlimb representation","Agranular insular cortex, posterior area","Primary somatosensory area, barrel field",Retrosplenial dysgranular area,"Primary somatosensory area, trunk representation",Retrosplenial granular area,"Parietal association cortex, lateral area","Parietal association cortex, medial area","Parietal association cortex, posterior area",Primary visual area,"Secondary visual area, lateral part",Temporal association cortex,"Secondary visual area, medial part",Nucleus of the lateral olfactory tract
0.0,0.5959219237699838,0.4532883268298562,0.5815175904511952,0.6367907177187794,0.6277598950293779,0.6563393884364563,0.534272284718755,0.5671835987295071,0.5576052944674328,0.5582526306615442,0.569075028115227,0.5517131620177921,0.5440191205227977,0.49050016219501924,0.44842312580334787,0.43737774791819484,0.581248378676473,0.5545122352415344,0.5347458303380608,0.545281907069297,0.698140912216122,0.6364140216687222,0.6862836521890868,0.7502236559351215,0.7646972963883041,0.7204442206642296,0.5669462180088553,0.8361294999757155,0.8484803623011788,0.8132993177447236,0.930972809980535,0.7608940874647117,0.8587898129578396,0.8002730920896475,0.9239310192929882,0.8916596122315128,0.5897538450070802,0.6024445893857038,0.7865495804883391,0.7397886662251719,0.6771737148606669,0.5461868969938753,0.7891035655380422,0.6071331428749447,0.608241477505062,0.6044693427835409,0.6684173195243797,0.5824364089488671,0.5943864082958101,0.6420389017659835,0.7059426867721469,0.6822252673327619,0.5576305076821088,0.4967374722335918,0.5483331569397085,0.7803361995830793
0.5959219237699838,0.0,0.9054668958771745,1.0,0.8184836086128103,0.99463129893845,0.8425160489955845,0.7834027718077681,0.847962917056548,0.7098721316660627,0.7117227816624488,0.6366566388544082,0.7876378754141058,0.6373245632912609,0.7616236231887352,0.6750998663941733,0.8327295890391567,0.7959775523775654,0.8388215482007166,0.8291530829958367,0.7313117122675246,0.9231444023699754,0.8555058573575105,0.909628495026297,0.6822580015306406,0.848110009192664,0.7168414935809981,0.5488381866146786,0.8897556382566727,0.7439310345821701,0.7773534128341545,0.6649347716104159,0.8168890019497472,0.7328841280411819,0.7502230855855615,0.6964841668423265,0.6975612670218053,0.8181355116629717,0.8218576391149671,0.8769318920133098,0.8303723137476772,0.7845157193406048,0.7424734200767954,0.866257766502143,0.7892717122915499,0.7297670021667191,0.8610890713373314,0.7975170048067833,0.8575481639706611,0.8558929097518931,0.9450527699422574,0.7118832886546994,0.8774896757147551,0.8232606801912887,0.6866333006066195,0.9135346724123011,0.6477201115271886
0.4532883268298562,0.9054668958771745,0.0,0.9026796575299043,0.6139953750693659,0.966157619932394,0.824817198363944,0.8623967836950335,0.8629749145038595,0.7704818283367303,0.7393812510372895,0.6871422302846256,0.8165441336069879,0.6618780934330143,0.8438136556357441,0.7808318527750089,0.9040343483205626,0.8559124575471646,0.8789633772338127,0.9036961532564567,0.8190970387059866,0.8180610893586157,0.8492124441686718,0.9254477119452644,0.5700437838764143,0.6346878212364625,0.5880495682539163,0.4781387086249549,0.7345309801236826,0.5830772289438202,0.6074489178225647,0.49363540339085565,0.6362008913752956,0.5933655420261269,0.5885634449632855,0.5525686938130853,0.5251325086538009,0.8531142242787143,0.823487582903741,0.7697276936636148,0.7967512066880476,0.698971813490577,0.7730205153324738,0.7170705357890238,0.800346663361923,0.7282546357642085,0.965984268499034,0.7883754361426183,0.9309349863084793,0.8662521018398667,0.8584395689474464,0.6739375896662699,0.8556009424627051,0.8421603690074663,0.776092537101028,0.9595654299761326,0.541985656562955
0.5815175904511952,1.0,0.9026796575299043,0.0,0.8512944823240527,0.9549095501754044,0.8674575928675269,0.7734060707122565,0.8203876029858641,0.7202765080893889,0.6811027514115812,0.6101365445479028,0.7565654966408508,0.6053877815665659,0.7665503014264442,0.672049284623679,0.8787156132905808,0.7603242379673837,0.8112745809165443,0.781412280617295,0.745755901243682,0.8548403893253668,0.9201677684110661,0.9081843932159332,0.7584893461836107,0.8465608490408538,0.7427493443714847,0.5997521355317367,0.8819042563581914,0.6870842306561943,0.7848439795565831,0.5989636934121156,0.8248951371237927,0.7389348855745074,0.7298716368875924,0.6813055800753548,0.6631759104481416,0.8555892493545917,0.8043034738405946,0.8440539626050084,0.7661588681799322,0.8169160526276359,0.769201178800823,0.9159306808615711,0.827640136230017,0.694051913422474,0.9012281560451415,0.7585770397684461,0.8014086087651857,0.8371788794870443,0.93638048639278,0.6982899112552493,0.8617097792745873,0.7474776787357921,0.6886703601486771,0.9525306127410119,0.6249584593689788
0.6367907177187794,0.8184836086128103,0.6139953750693659,0.8512944823240527,0.0,0.6592519820477505,0.6031633422132501,0.5816143620808096,0.594876034420146,0.5326096740224858,0.495740829301129,0.43065641772211477,0.5665075756456316,0.409726559875303,0.5316263254610335,0.511618212459707,0.5411968790785505,0.506947372590791,0.5782637276258693,0.5444126676218911,0.5396206320990009,0.6933643234865974,0.6598958561517585,0.6682653648131422,0.9209258147319461,0.9234943196690788,0.7969052514425866,0.7113903104283287,0.80989239476742,0.7193027718992354,0.9208338935215442,0.678843079252928,0.8360851121346731,0.7822323071589519,0.7622592797810152,0.6759766588834747,0.6987514444642786,0.5870899058168605,0.6462289576838453,0.7150482149280729,0.6481414934752026,0.6940950034162437,0.5350449034798377,0.7734000150632172,0.5851414871354291,0.4980364178434284,0.6103303458267421,0.5691229711497989,0.5262920484942263,0.5535510842642781,0.7116390909244962,0.645706829120335,0.6124621503517979,0.5552914825228851,0.5150357500018143,0.6321104668465385,0.6198570661856493
0.6277598950293779,0.99463129893845,0.966157619932394,0.9549095501754044,0.6592519820477505,0.0,0.9871546658251314,0.917506294917169,0.9553020640204458,0.9327695148969576,0.9541801544528425,0.7865319031582872,0.9584118853701697,0.8580782525327669,0.85354700965713,0.8242546492129132,0.8525160929225154,1.0,0.9546854386963656,0.9629345931927001,0.9298645982781177,0.989060544403742,0.9555579735219225,0.9838606242814788,0.68992520577084,0.7141902773630545,0.741280720294567,0.5748116163132618,0.9357178137045159,0.7908806890312621,0.7485935239312441,0.6150846446809461,0.724948326762548,0.7083188856238367,0.7629502240250717,0.7503737753424555,0.6768956102782577,0.8826766572062167,0.9104216732876825,0.9563065846179886,0.8826730538500106,0.8438023627530519,0.898354493095639,0.8747467636340068,1.0,0.9097722641867937,1.0,0.9310290519190718,1.0,0.9779973819003807,0.9620408218112079,0.7793369051646475,0.9455187525139364,0.9769275720639493,0.8502714792203697,1.0,0.69990399681686
0.6563393884364563,0.8425160489955845,0.824817198363944,0.8674575928675269,0.6031633422132501,0.9871546658251314,0.0,0.8357593369200935,0.8759969462521853,0.841997692092269,0.9017935240346417,0.8642548555723482,0.8685695455482265,0.849123738665143,0.8206895899522313,0.7593139997443538,0.792253657708832,0.9812879214537001,0.9075143708593172,0.8548855564085781,0.9291019795762866,0.9724844289202429,0.9413040349059705,0.9627923066453968,0.6591044285415331,0.7112534391554974,0.7211509629950112,0.5744228556434274,0.910997432713654,0.7802878371996165,0.7247281756812937,0.6370775387315416,0.7296710943426886,0.743423609002093,0.7714047786471225,0.7724451649292029,0.7134047298292543,0.8665545816775593,0.9332168050060536,0.9090621386785817,0.9463068754093514,0.8258008862405944,0.8430149180230427,0.9141920667078998,0.85409252721175,0.9208026856999013,0.9181722464977854,0.8591890364902035,0.9780073401799582,0.9358977592916945,0.9380474848438481,0.8416430360289916,0.980959141441798,0.945328923751467,0.848229847093176,0.9747690246245543,0.7592655885346121
0.534272284718755,0.7834027718077681,0.8623967836950335,0.7734060707122565,0.5816143620808096,0.917506294917169,0.8357593369200935,0.0,0.9850828228766211,0.9701874868940796,0.7995657315198109,0.6830355803194816,0.8600688725284382,0.7149247955935017,0.9059881209773231,0.9397196831495336,0.7636404254162095,0.9034364644078444,0.8831320181016079,0.9207301743181099,0.9612465781240915,0.8802246301347285,0.9330697675083485,0.8822129048428075,0.6060503703816913,0.634488455883837,0.7261151097983388,0.6106815696285435,0.7710615040842056,0.6693438928735831,0.6874573711116247,0.5416667851553512,0.6145770324005903,0.704541304221434,0.7494290620963642,0.5775431949272063,0.6270338327342764,0.9444557809781443,0.8953262346864793,0.780862675224899,0.8198633302200197,0.8060350865809712,0.8539568615911892,0.7163519310288787,0.8906551010289243,0.8002775053173703,0.9066486941934145,0.7502883235059087,0.8650997942757842,0.7463820887934416,0.7862882249328006,0.8009584976464698,0.8989881410437315,0.908316403319279,0.8663401848245871,0.8686272109507392,0.6753379924900449
0.5671835987295071,0.847962917056548,0.8629749145038595,0.8203876029858641,0.594876034420146,0.9553020640204458,0.8759969462521853,0.9850828228766211,0.0,0.9466304362649214,0.863826397306935,0.7847751777363012,0.8744932277065254,0.761039607252916,0.860752196675484,0.8778026499706004,0.7722144687664737,0.9248785763784498,0.956282022571165,0.9886111144508661,1.0,0.959789373718303,0.9652388034781407,0.9733082016976085,0.7001212912576232,0.660626395525471,0.7501183916976563,0.6251266934831735,0.8047355001622905,0.7863055067385946,0.7530831132226785,0.5929379466722459,0.663894580988511,0.7120745489087257,0.7885476442037643,0.6541192287079532,0.6406093072945872,0.9334225767280631,0.9064716227447984,0.8235429567285293,0.831052406414739,0.8459185321912479,0.8955715434929675,0.7950126256470097,0.8957992332218565,0.8064552990160524,0.9596396534802977,0.8090442010007358,0.8878310012308849,0.796616252193142,0.8675933169983346,0.8631924685971555,0.9653397491064934,0.8963530314661974,0.8881497723586195,0.8636351109476,0.7249346623313904
0.5576052944674328,0.7098721316660627,0.7704818283367303,0.7202765080893889,0.5326096740224858,0.9327695148969576,0.841997692092269,0.9701874868940796,0.9466304362649214,0.0,0.7792108881152724,0.664333481470966,0.8697076207632018,0.7060069149548437,0.8981306540167036,0.9749965918811684,0.589014568122344,0.8232340247934401,0.9052919139471071,0.9601599408781898,0.9746202862420772,0.917618960223822,0.9877728602666678,0.9898359068339831,0.626050328279805,0.6648786516307674,0.7325832119037144,0.6804525174993256,0.75488466811795,0.7366312158396997,0.6929337715660419,0.5851266989010723,0.6435208066400279,0.7449725453830457,0.7720976017469517,0.5940564395564076,0.6426464764319869,1.0,0.9459696020904109,0.8004813618982336,0.875209248934092,0.930054347779988,0.9056191330080083,0.6951300952289382,0.9929852944029947,0.7809399739579832,0.9329517355552017,0.7627124486964549,0.8563954152582389,0.7261809496173283,0.8060875655598699,0.9597100759894188,0.8101467401567317,0.8483699010096437,0.892416643093097,0.7914686185230112,0.7176498513932486
0.5582526306615442,0.7117227816624488,0.7393812510372895,0.6811027514115812,0.495740829301129,0.9541801544528425,0.9017935240346417,0.7995657315198109,0.863826397306935,0.7792108881152724,0.0,0.9422585135619546,0.8003657249599319,0.9889702069367832,0.7710357510750473,0.7019767355883514,0.7795517273542742,1.0,0.8765826123801898,0.8629860187857026,0.8459852404555857,0.8198270543791918,0.8134033307001938,0.8447910640285088,0.5349765078543475,0.5557687478121242,0.5896683704746148,0.46925776612061415,0.7125131668859523,0.6779621810299944,0.6066880598284697,0.5647862778801475,0.5602564968295446,0.6068637336227299,0.59534263201125,0.6478778702264845,0.6191860841393425,0.7671870098258549,0.7329210089359971,0.7521547528581741,0.8416455819938199,0.6474066040797972,0.7637879657258805,0.7151703027270961,0.744816429176463,0.9292095053784015,0.8434296580064146,0.7683279937789966,0.9473479327408261,0.9177442421977411,0.7120427306545164,0.7181233156893152,0.9155049601369855,0.9032164481404102,0.8293870268001401,0.8685995343710393,0.6887844686261299
0.569075028115227,0.6366566388544082,0.6871422302846256,0.6101365445479028,0.43065641772211477,0.7865319031582872,0.8642548555723482,0.6830355803194816,0.7847751777363012,0.664333481470966,0.9422585135619546,0.0,0.7348803064559172,0.9929117960401126,0.6827988357383817,0.5882852127845589,0.7128548616274681,0.8561341242619854,0.801115740561858,0.7691439080309918,0.7574654047400357,0.7857151163414732,0.7234693459193502,0.7735507580112213,0.4993090894742924,0.5168995790936977,0.5468344347110332,0.41498667938865613,0.6845608931549969,0.651358738099841,0.5638111595077085,0.5304809212403254,0.5442068737730643,0.5871419338187379,0.5684670605017298,0.6531899797699393,0.5841908560493598,0.6691604766020254,0.6672858872790943,0.744010343344754,0.7674362628570146,0.5942562618219408,0.7114192493284445,0.6893822521330196,0.6493151492435905,0.8285376936400533,0.7466341043885774,0.7974364640772675,0.845556703524425,0.8164702160388351,0.6819518226719875,0.6538687814610228,0.831263275532644,0.817276012286013,0.7014724960800366,0.8055840593633299,0.715401683570106
0.5517131620177921,0.7876378754141058,0.8165441336069879,0.7565654966408508,0.5665075756456316,0.9584118853701697,0.8685695455482265,0.8600688725284382,0.8744932277065254,0.8697076207632018,0.8003657249599319,0.7348803064559172,0.0,0.8164687718730927,0.930569487766595,0.8561043443388717,0.7161715935029592,0.9210231454351023,0.975372736266165,0.9227936313546559,0.9893547187937,0.8611000450770697,0.9081696589278293,0.9157334584650172,0.6255668767984957,0.6339052917556822,0.7117035239526922,0.6252352724463753,0.7697061317110373,0.6918200788939254,0.7149428466750788,0.5392298153636328,0.6112614400882644,0.6680690925098396,0.7139459613679497,0.6383713040652791,0.6431351438856645,0.8652331395973918,0.8442574503124494,0.7785448266918192,0.8345939235929962,0.7230163839693248,0.7957412719923787,0.7359187841666532,0.8215196440357139,0.7527527920038001,0.8783029740276223,0.7168920518451876,0.8454588784269396,0.7760167599651034,0.8121798577229148,0.8071410889470044,0.8965894627801101,0.9345094746128724,0.8855813797022327,0.9203994457147576,0.7500771268600377
0.5440191205227977,0.6373245632912609,0.6618780934330143,0.6053877815665659,0.409726559875303,0.8580782525327669,0.849123738665143,0.7149247955935017,0.761039607252916,0.7060069149548437,0.9889702069367832,0.9929117960401126,0.8164687718730927,0.0,0.6850508504238807,0.628129435033506,0.7758012109180441,0.9195185067012622,0.8155106292716084,0.7986112563835914,0.816955131723935,0.7619890215463808,0.7306127235903495,0.7748460371726018,0.44931498652645224,0.48983968176977616,0.5252163429300785,0.4054881751922263,0.6288832351671828,0.6365572797823376,0.5259911267207928,0.5141285287065538,0.4962939870829644,0.535811303994528,0.5435862432917192,0.6178368590519467,0.5549819898598718,0.674043253242374,0.6773434987259077,0.685350831531396,0.7715867052692561,0.5594073977830774,0.7522607548468413,0.6633916042015987,0.6843610604019577,0.9143363365065672,0.7736102370965316,0.7964590217443778,0.9263359437892587,0.8975640122553554,0.675129891446912,0.6575132340131742,0.9814654657518941,0.8540561539218627,0.7491911524104536,0.7660948215964013,0.6209109611797057
0.49050016219501924,0.7616236231887352,0.8438136556357441,0.7665503014264442,0.5316263254610335,0.85354700965713,0.8206895899522313,0.9059881209773231,0.860752196675484,0.8981306540167036,0.7710357510750473,0.6827988357383817,0.930569487766595,0.6850508504238807,0.0,0.9511728141938907,0.6908024335491033,0.9079983494837676,0.9197580289915536,0.9535925988467548,0.9420006588950064,0.8667384687780528,0.9021666991344921,0.8914215333309918,0.5669798832784728,0.5914993590988605,0.6717907678431215,0.6222263402513442,0.7220237911202539,0.6403837283605618,0.6493471964799534,0.49590154946515497,0.596496714185309,0.6459887296152071,0.677491221825719,0.557620902570399,0.579883503629786,0.8773530851610806,0.8293727485240672,0.7498284435302631,0.8045735485692147,0.765626147381013,0.7580368020846315,0.7129324910756089,0.8112889462024321,0.7076730338096454,0.9205603917316171,0.6894959640669698,0.7987935343306289,0.7129315983566402,0.7594172703205971,0.7725775449351241,0.8095914715636422,0.9124291908036876,0.9540423548417654,0.8012585387424447,0.6875309172144253
0.44842312580334787,0.6750998663941733,0.7808318527750089,0.672049284623679,0.511618212459707,0.8242546492129132,0.7593139997443538,0.9397196831495336,0.8778026499706004,0.9749965918811684,0.7019767355883514,0.5882852127845589,0.8561043443388717,0.628129435033506,0.9511728141938907,0.0,0.6655110086762243,0.8422937631584468,0.950354865752284,0.9452637286827655,1.0,0.7765365749601637,0.897522696593512,0.837648158722553,0.5472831120084871,0.5725415644347185,0.6446249879482179,0.6207681706347327,0.6748417502170267,0.580801657242546,0.5894789288594605,0.4648596735673426,0.559857812791371,0.5957167797819385,0.610957552666157,0.47989666358250643,0.503061857801044,0.8582008573593201,0.8623222488140034,0.6699508195850562,0.7626437497827823,0.7408576238698542,0.8008845744921308,0.6354331741222861,0.8328372902621336,0.6487974515180089,0.8456776926805385,0.6534637216604272,0.8160833596068102,0.6242746194730722,0.7303016410774188,0.7853533139284344,0.7376382501737998,0.8766100383511245,0.9264640184721263,0.7774835969325821,0.6146118364369222
0.43737774791819484,0.8327295890391567,0.9040343483205626,0.8787156132905808,0.5411968790785505,0.8525160929225154,0.792253657708832,0.7636404254162095,0.7722144687664737,0.589014568122344,0.7795517273542742,0.7128548616274681,0.7161715935029592,0.7758012109180441,0.6908024335491033,0.6655110086762243,0.0,0.8224726768885403,0.8545821948608731,0.817125900726887,0.7733570441117098,0.741365988239638,0.7478387973772823,0.7579986313514363,0.4837305626711916,0.5523288794838931,0.5335456170277312,0.43991911749230705,0.6605007562321491,0.5700484886170588,0.5483380918480614,0.44281063208376414,0.5504961902406621,0.5196056554833366,0.511584161013891,0.5569124978407302,0.50341922629838,0.6959758482452093,0.6976438671485967,0.6923345725019256,0.704161332965208,0.5920150682357301,0.68744471019857,0.7127887647680601,0.6840891911357517,0.7081660142999918,0.771239254069518,0.7286970933187952,0.8568125195759748,0.8497473990861224,0.7809767675998611,0.5796498134756951,0.8705828535817763,0.8204368986056237,0.6837887104536102,0.9679551456063278,0.5313786275585634
0.581248378676473,0.7959775523775654,0.8559124575471646,0.7603242379673837,0.506947372590791,1.0,0.9812879214537001,0.9034364644078444,0.9248785763784498,0.8232340247934401,1.0,0.8561341242619854,0.9210231454351023,0.9195185067012622,0.9079983494837676,0.8422937631584468,0.8224726768885403,0.0,0.9674937964857401,0.9321057431805994,0.9413368790580305,0.8277464020797989,0.881982481111749,0.9344061256710458,0.5746976194646134,0.599159248378726,0.6382965508830215,0.5385281265573416,0.7632406072242933,0.7060338440964811,0.6394843730797762,0.5424916680995207,0.6268758229792376,0.648991077572032,0.6620324900240927,0.6297998750465805,0.6518029259421454,0.84654335588147,0.8444617980532848,0.82620539642627,0.9298896694953389,0.7116187136723413,0.8485398098541022,0.7863903573405836,0.846632110707545,0.8908404707343214,0.9547243612218832,0.8751148319772643,0.9516913929906019,0.8815656431395921,0.8025569630394153,0.7676740185600164,0.9623443674761855,0.9860900602764366,0.8758559375955367,0.8844276257946249,0.7113313994873519
0.5545122352415344,0.8388215482007166,0.8789633772338127,0.8112745809165443,0.5782637276258693,0.9546854386963656,0.9075143708593172,0.8831320181016079,0.956282022571165,0.9052919139471071,0.8765826123801898,0.801115740561858,0.975372736266165,0.8155106292716084,0.9197580289915536,0.950354865752284,0.8545821948608731,0.9674937964857401,0.0,0.9935251645889078,1.0,0.898400251890867,0.9107748645899892,0.9945436519032649,0.6330899010110475,0.6636436844035457,0.7340271313642973,0.632376280262647,0.8204708455017561,0.7238122183262046,0.7003019935854367,0.5541595001057561,0.6464323798408734,0.6808184782639617,0.7215206563479826,0.6339676372146255,0.654623927825489,0.950250398516021,0.8520825384514167,0.8163520850661695,0.8965809877010145,0.7924001475097098,0.8441282497096825,0.7991197436034789,0.91827665023741,0.8141309165592422,0.967671222683682,0.825190126528339,0.9571470369110261,0.8491273604101298,0.8528611792929024,0.7837351669392222,0.9341104809927426,0.9704492948477325,0.9550871108988643,0.9916643122068806,0.7611948944648628
0.5347458303380608,0.8291530829958367,0.9036961532564567,0.781412280617295,0.5444126676218911,0.9629345931927001,0.8548855564085781,0.9207301743181099,0.9886111144508661,0.9601599408781898,0.8629860187857026,0.7691439080309918,0.9227936313546559,0.7986112563835914,0.9535925988467548,0.9452637286827655,0.817125900726887,0.9321057431805994,0.9935251645889078,0.0,1.0,0.9052324648387308,0.9043830858918195,0.9844645425235504,0.6045927992836618,0.6659139427465773,0.6846993144260283,0.5875781364236449,0.8137063313666227,0.7281087171738287,0.6614428328003039,0.5385595621668855,0.6375641426264845,0.6765941897331305,0.6557548133953792,0.5941804911296776,0.6525682982968539,0.9681207710222214,0.8373389894683447,0.8035015509536014,0.9094743836652934,0.8222227302228066,0.8178622831436442,0.7561036664057424,0.9340453620850764,0.8041500164421548,0.9811265287312217,0.8067011069881351,0.9931773108791471,0.7896501772276666,0.8221812089437329,0.7951506537086591,0.8977688701214701,0.953527292689529,0.9227503886954938,0.8627200968463036,0.7487594377474684
0.545281907069297,0.7313117122675246,0.8190970387059866,0.745755901243682,0.5396206320990009,0.9298645982781177,0.9291019795762866,0.9612465781240915,1.0,0.9746202862420772,0.8459852404555857,0.7574654047400357,0.9893547187937,0.816955131723935,0.9420006588950064,1.0,0.7733570441117098,0.9413368790580305,1.0,1.0,0.0,0.9298446895437303,0.9238581384349724,0.960376472284176,0.5960220343437962,0.6299583644166158,0.7070108031276978,0.6283078095949779,0.7492218028958785,0.7158943513315406,0.663986676743875,0.5441222897369892,0.6222050693804967,0.695570862547622,0.7022406020889189,0.5917697459989728,0.6520144272371416,0.899484763272129,0.8478415686429308,0.7664845872809216,0.844418540264614,0.7898644304100961,0.8468056825437212,0.7519256173994551,0.850649689083982,0.7706282673765843,0.9201889564971107,0.7780503121674353,0.951654433559661,0.7594340132874633,0.8517582932301324,0.8431480134605472,0.8737760294208803,1.0,0.9989773997755936,0.8364372863154017,0.707310844122385
0.698140912216122,0.9231444023699754,0.8180610893586157,0.8548403893253668,0.6933643234865974,0.989060544403742,0.9724844289202429,0.8802246301347285,0.959789373718303,0.917618960223822,0.8198270543791918,0.7857151163414732,0.8611000450770697,0.7619890215463808,0.8667384687780528,0.7765365749601637,0.741365988239638,0.8277464020797989,0.898400251890867,0.9052324648387308,0.9298446895437303,0.0,0.9726769787661054,1.0,0.7008920007154382,0.7808533332858115,0.7825087482145542,0.6477460712445846,0.9753315113809797,0.8050957134841543,0.8451752527374334,0.70355914934762,0.7946818172030922,0.8047373324071168,0.8425746344404871,0.7734167751603419,0.7934033556897665,0.9142077999534503,0.8842294526260446,0.9106476223170105,0.9550054853811512,0.9157530493168334,0.8881475611770918,0.9439966850695966,0.9457648847262138,0.8519370568251055,0.9776863445775378,0.8696811610594591,0.9153439266221476,0.881574765591993,0.9542587069499899,0.8641902566322314,0.9879969702911043,0.8741124705495364,0.8125634323646136,0.8825422374680638,0.8222797507582154
0.6364140216687222,0.8555058573575105,0.8492124441686718,0.9201677684110661,0.6598958561517585,0.9555579735219225,0.9413040349059705,0.9330697675083485,0.9652388034781407,0.9877728602666678,0.8134033307001938,0.7234693459193502,0.9081696589278293,0.7306127235903495,0.9021666991344921,0.897522696593512,0.7478387973772823,0.881982481111749,0.9107748645899892,0.9043830858918195,0.9238581384349724,0.9726769787661054,0.0,1.0,0.751191028748253,0.7507065755490113,0.7874588239963798,0.6605958572090743,0.8821792619073567,0.7529781462492292,0.815749344338203,0.6383220997634317,0.798706019013598,0.7885422657986972,0.8060479557209564,0.7504893518706356,0.7262310610285476,0.9879748137062355,0.9282930823510575,0.922831276799962,0.9918749551204358,0.9514214740015153,0.8368801426389424,0.9206748051231014,0.9786990904133388,0.8039838817437137,0.996035988393687,0.8226174158595767,0.926023072599942,0.87036274337889,0.9682227500044376,0.904146108838131,0.9034419503266421,0.809899914092883,0.8763427040859807,0.8622315958823241,0.7973361518612567
0.6862836521890868,0.909628495026297,0.9254477119452644,0.9081843932159332,0.6682653648131422,0.9838606242814788,0.9627923066453968,0.8822129048428075,0.9733082016976085,0.9898359068339831,0.8447910640285088,0.7735507580112213,0.9157334584650172,0.7748460371726018,0.8914215333309918,0.837648158722553,0.7579986313514363,0.9344061256710458,0.9945436519032649,0.9844645425235504,0.960376472284176,1.0,1.0,0.0,0.725246774385416,0.806540251384308,0.7538840083416866,0.6110156529982181,0.9436825129716715,0.8447429237681239,0.843091486856625,0.6957319985234983,0.801791427400267,0.8023599462139432,0.8397104498579064,0.734033769390697,0.7721190608081981,0.9689913651051977,0.9357611947332556,0.9852007403015167,0.993455253923669,0.9204097836310223,0.9391874839775336,0.9114017220617799,0.9612360321605959,0.8782869178851747,0.9727503732777889,0.9082612471728316,0.9817675235137914,0.8748150079317503,0.9758096866860094,0.9167138148761945,0.9679601750295889,0.9013184914255258,0.9019631349390013,0.9639415947663017,0.8007745374086719
0.7502236559351215,0.6822580015306406,0.5700437838764143,0.7584893461836107,0.9209258147319461,0.68992520577084,0.6591044285415331,0.6060503703816913,0.7001212912576232,0.626050328279805,0.5349765078543475,0.4993090894742924,0.6255668767984957,0.44931498652645224,0.5669798832784728,0.5472831120084871,0.4837305626711916,0.5746976194646134,0.6330899010110475,0.6045927992836618,0.5960220343437962,0.7008920007154382,0.751191028748253,0.725246774385416,0.0,0.9730885139021522,0.9610482663111706,0.8134790785214326,0.9004610272243735,0.8334191258774145,0.9959553561857041,0.7557495094123319,0.9404821671121869,0.9070619548471289,0.9104872339107055,0.8093772526259614,0.7798907575041777,0.6596092257742827,0.7170993622796734,0.8349999174591016,0.7685251505922692,0.7360292065880936,0.557722008917355,0.8771790811518599,0.6794235565994401,0.5285843508583375,0.6535953241518953,0.6202275319441581,0.5648608101251449,0.5613926565141955,0.7431438707150175,0.7608513263436373,0.6592741785788743,0.5789060480775434,0.5953322755822107,0.6397067823628169,0.772276143088944
0.7646972963883041,0.848110009192664,0.6346878212364625,0.8465608490408538,0.9234943196690788,0.7141902773630545,0.7112534391554974,0.634488455883837,0.660626395525471,0.6648786516307674,0.5557687478121242,0.5168995790936977,0.6339052917556822,0.48983968176977616,0.5914993590988605,0.5725415644347185,0.5523288794838931,0.599159248378726,0.6636436844035457,0.6659139427465773,0.6299583644166158,0.7808533332858115,0.7507065755490113,0.806540251384308,0.9730885139021522,0.0,0.859430116082645,0.6680374581570712,0.9403558228629105,0.870879371434881,1.0,0.7627236627426166,0.9883649060848487,0.8900548791933952,0.8135977512562544,0.791026632106043,0.8297314161032638,0.7099850259091243,0.7091730573882036,0.8666488034516725,0.7878193617528335,0.8182505372961825,0.6255028101679709,0.9316619909511855,0.6977517670225359,0.5711266918201297,0.7217044349225838,0.7058718409716713,0.6176001674779272,0.6352866326261322,0.8587378582206023,0.7612549094340516,0.7400085813742702,0.5943504038832765,0.5886884779298691,0.6952766595436944,0.7499093314436411
0.7204442206642296,0.7168414935809981,0.5880495682539163,0.7427493443714847,0.7969052514425866,0.741280720294567,0.7211509629950112,0.7261151097983388,0.7501183916976563,0.7325832119037144,0.5896683704746148,0.5468344347110332,0.7117035239526922,0.5252163429300785,0.6717907678431215,0.6446249879482179,0.5335456170277312,0.6382965508830215,0.7340271313642973,0.6846993144260283,0.7070108031276978,0.7825087482145542,0.7874588239963798,0.7538840083416866,0.9610482663111706,0.859430116082645,0.0,0.8070188754793872,0.8731254169010532,0.8258377769185435,0.9308063104164644,0.7154342617575211,0.8086805174508809,0.8869061743776957,0.8843755179606577,0.7805258523056982,0.8170773629026878,0.7226154306883441,0.7617550175804804,0.760973359779182,0.844093301337026,0.7909801097644514,0.6015459231224514,0.8491657510188868,0.7289907868694174,0.5701871425111963,0.7358069622812621,0.6676366765619207,0.6493704287859419,0.5906998979357525,0.7783123220650601,0.8752396438493879,0.7493173833290675,0.6884794092305321,0.7509547190643475,0.6872865383103629,0.7550061433948638
0.5669462180088553,0.5488381866146786,0.4781387086249549,0.5997521355317367,0.7113903104283287,0.5748116163132618,0.5744228556434274,0.6106815696285435,0.6251266934831735,0.6804525174993256,0.46925776612061415,0.41498667938865613,0.6252352724463753,0.4054881751922263,0.6222263402513442,0.6207681706347327,0.43991911749230705,0.5385281265573416,0.632376280262647,0.5875781364236449,0.6283078095949779,0.6477460712445846,0.6605958572090743,0.6110156529982181,0.8134790785214326,0.6680374581570712,0.8070188754793872,0.0,0.7475233677611831,0.6845747406126615,0.779892637004161,0.5705657375971926,0.6581901240016157,0.7458473462414602,0.787193525776136,0.5812284058727881,0.6965525898972574,0.6372678951753472,0.603463122420692,0.6613174339618535,0.6727544672927455,0.7044936610022228,0.5164093342376928,0.6548723611736899,0.6199465679052449,0.437825246142887,0.6034133567003773,0.5075467589527196,0.5033582735786089,0.43354282918756226,0.5936650577266158,0.8006204046282377,0.5791962751164043,0.5696092555956939,0.6414750316477746,0.5353523632591759,0.6334461598683612
0.8361294999757155,0.8897556382566727,0.7345309801236826,0.8819042563581914,0.80989239476742,0.9357178137045159,0.910997432713654,0.7710615040842056,0.8047355001622905,0.75488466811795,0.7125131668859523,0.6845608931549969,0.7697061317110373,0.6288832351671828,0.7220237911202539,0.6748417502170267,0.6605007562321491,0.7632406072242933,0.8204708455017561,0.8137063313666227,0.7492218028958785,0.9753315113809797,0.8821792619073567,0.9436825129716715,0.9004610272243735,0.9403558228629105,0.8731254169010532,0.7475233677611831,0.0,0.9163014558826984,0.956546473672806,0.7853560664804448,0.9185979019458212,0.9054133543048591,0.9065758684396749,0.9002075963361719,0.9135470425319283,0.7910328769099029,0.7792323736950205,0.963443980540125,0.9355284878571875,0.8580406438937683,0.6899779429708723,1.0,0.7682958374395663,0.6411408643082049,0.8463421317201248,0.8541714749471664,0.7623194474081378,0.7633188127470985,0.8371803067203639,0.9149699702778074,0.8993221503522167,0.7963241739514078,0.7739366946665184,0.8009446391847246,0.858513137062089
0.8484803623011788,0.7439310345821701,0.5830772289438202,0.6870842306561943,0.7193027718992354,0.7908806890312621,0.7802878371996165,0.6693438928735831,0.7863055067385946,0.7366312158396997,0.6779621810299944,0.651358738099841,0.6918200788939254,0.6365572797823376,0.6403837283605618,0.580801657242546,0.5700484886170588,0.7060338440964811,0.7238122183262046,0.7281087171738287,0.7158943513315406,0.8050957134841543,0.7529781462492292,0.8447429237681239,0.8334191258774145,0.870879371434881,0.8258377769185435,0.6845747406126615,0.9163014558826984,0.0,0.8794902530246141,0.8266577595495476,0.8361984767313286,0.849596897477806,0.8550261815458255,0.8987787087237331,0.9050468821036645,0.7094597311168922,0.7344432458749686,0.906230506833938,0.8320050560236149,0.738292892766868,0.6720056894593319,0.9189239060516414,0.7144550083303075,0.6859484421229994,0.7201466426109111,0.7545620683348467,0.6941808389766321,0.7017537944628263,0.7807605973700908,0.8245092008115921,0.829998960880154,0.7175947381906692,0.6772988141819088,0.6995839138554661,0.8117892088964908
0.8132993177447236,0.7773534128341545,0.6074489178225647,0.7848439795565831,0.9208338935215442,0.7485935239312441,0.7247281756812937,0.6874573711116247,0.7530831132226785,0.6929337715660419,0.6066880598284697,0.5638111595077085,0.7149428466750788,0.5259911267207928,0.6493471964799534,0.5894789288594605,0.5483380918480614,0.6394843730797762,0.7003019935854367,0.6614428328003039,0.663986676743875,0.8451752527374334,0.815749344338203,0.843091486856625,0.9959553561857041,1.0,0.9308063104164644,0.779892637004161,0.956546473672806,0.8794902530246141,0.0,0.7649496332632113,0.9790656172294999,0.9574899366468191,0.9279275154956035,0.8474813390430272,0.848145134070998,0.760499782269224,0.7164678433370261,0.9009797469428596,0.8489937939865169,0.900867455753565,0.6174207227575089,0.9196794365293633,0.7453760527034821,0.5991086839143486,0.7583144253839765,0.6951706111724774,0.6572367648608527,0.6656643650824923,0.8429923250435858,0.8193914953911076,0.7169835959953397,0.6584520992780069,0.6481314903614738,0.7117484471077135,0.8606585267618002
0.930972809980535,0.6649347716104159,0.49363540339085565,0.5989636934121156,0.678843079252928,0.6150846446809461,0.6370775387315416,0.5416667851553512,0.5929379466722459,0.5851266989010723,0.5647862778801475,0.5304809212403254,0.5392298153636328,0.5141285287065538,0.49590154946515497,0.4648596735673426,0.44281063208376414,0.5424916680995207,0.5541595001057561,0.5385595621668855,0.5441222897369892,0.70355914934762,0.6383220997634317,0.6957319985234983,0.7557495094123319,0.7627236627426166,0.7154342617575211,0.5705657375971926,0.7853560664804448,0.8266577595495476,0.7649496332632113,0.0,0.7455510414102811,0.8033348041656707,0.8381036379604782,0.8947743660006093,0.8358175931423161,0.596607009823022,0.6000989104382415,0.7207983322898857,0.6992521908737547,0.6426650384489245,0.570169688524633,0.740669393860361,0.5981073207781357,0.6132694297907313,0.5791850641460928,0.6765768985659479,0.5465749337430024,0.6042487180131958,0.6503370758967294,0.7001852715606418,0.6643319154506377,0.5263289774118841,0.5001610154070147,0.5446968623088989,0.6653797514496962
0.7608940874647117,0.8168890019497472,0.6362008913752956,0.8248951371237927,0.8360851121346731,0.724948326762548,0.7296710943426886,0.6145770324005903,0.663894580988511,0.6435208066400279,0.5602564968295446,0.5442068737730643,0.6112614400882644,0.4962939870829644,0.596496714185309,0.559857812791371,0.5504961902406621,0.6268758229792376,0.6464323798408734,0.6375641426264845,0.6222050693804967,0.7946818172030922,0.798706019013598,0.801791427400267,0.9404821671121869,0.9883649060848487,0.8086805174508809,0.6581901240016157,0.9185979019458212,0.8361984767313286,0.9790656172294999,0.7455510414102811,0.0,0.8476092192233406,0.8364463692455305,0.8242612218562402,0.7521425919925887,0.7288044827676121,0.7359632353340472,0.8938403341075649,0.7977727454672088,0.8422899915451209,0.6232962475190308,0.9395997437089315,0.7007987461540192,0.5832780130791712,0.7371677680350079,0.7342731096446053,0.6321944253988334,0.6656494184196523,0.8563206092663612,0.7283930500694741,0.7188773877967137,0.6160704473989301,0.591621194995148,0.7235958271063205,0.7513974251466253
0.8587898129578396,0.7328841280411819,0.5933655420261269,0.7389348855745074,0.7822323071589519,0.7083188856238367,0.743423609002093,0.704541304221434,0.7120745489087257,0.7449725453830457,0.6068637336227299,0.5871419338187379,0.6680690925098396,0.535811303994528,0.6459887296152071,0.5957167797819385,0.5196056554833366,0.648991077572032,0.6808184782639617,0.6765941897331305,0.695570862547622,0.8047373324071168,0.7885422657986972,0.8023599462139432,0.9070619548471289,0.8900548791933952,0.8869061743776957,0.7458473462414602,0.9054133543048591,0.849596897477806,0.9574899366468191,0.8033348041656707,0.8476092192233406,0.0,0.9708355481899145,0.8075001957306546,0.886170084667186,0.7423090133387342,0.73082891456518,0.8658665381113171,0.8811569772518335,0.8009848262052305,0.6234211204829838,0.9250114820374461,0.7592828966669352,0.6143096783584211,0.715320085762886,0.7185500632832061,0.6317298401071106,0.6217518963235026,0.7715570771155953,0.8486032551114836,0.7254736034560179,0.6570895085356195,0.7306662585634153,0.6624398658851487,0.8931029486018484
0.8002730920896475,0.7502230855855615,0.5885634449632855,0.7298716368875924,0.7622592797810152,0.7629502240250717,0.7714047786471225,0.7494290620963642,0.7885476442037643,0.7720976017469517,0.59534263201125,0.5684670605017298,0.7139459613679497,0.5435862432917192,0.677491221825719,0.610957552666157,0.511584161013891,0.6620324900240927,0.7215206563479826,0.6557548133953792,0.7022406020889189,0.8425746344404871,0.8060479557209564,0.8397104498579064,0.9104872339107055,0.8135977512562544,0.8843755179606577,0.787193525776136,0.9065758684396749,0.8550261815458255,0.9279275154956035,0.8381036379604782,0.8364463692455305,0.9708355481899145,0.0,0.854140773888902,0.8702087768088403,0.8055135159583298,0.7670855699179484,0.851888422979995,0.8744440183122575,0.8418285147267927,0.6666683434562153,0.8937453223859269,0.7667300529021953,0.6647795268920428,0.7157711973774578,0.6911744575735846,0.6598894556422624,0.6375839446010322,0.7787491187149416,0.9304816255725538,0.7719658928397833,0.6640160643890098,0.673906660262729,0.6554072710726018,0.8151942299359795
0.9239310192929882,0.6964841668423265,0.5525686938130853,0.6813055800753548,0.6759766588834747,0.7503737753424555,0.7724451649292029,0.5775431949272063,0.6541192287079532,0.5940564395564076,0.6478778702264845,0.6531899797699393,0.6383713040652791,0.6178368590519467,0.557620902570399,0.47989666358250643,0.5569124978407302,0.6297998750465805,0.6339676372146255,0.5941804911296776,0.5917697459989728,0.7734167751603419,0.7504893518706356,0.734033769390697,0.8093772526259614,0.791026632106043,0.7805258523056982,0.5812284058727881,0.9002075963361719,0.8987787087237331,0.8474813390430272,0.8947743660006093,0.8242612218562402,0.8075001957306546,0.854140773888902,0.0,0.8614321532076206,0.6197867130289327,0.6336653742960134,0.8225187212246332,0.8152131139430291,0.681360547627208,0.6025120160822559,0.8786347795312935,0.6321086490629463,0.6688644455904743,0.6564782028230702,0.7430004988249704,0.637418784031577,0.6844933257789038,0.7376025698262264,0.6980692082475902,0.781918231431421,0.6184891463733804,0.5662654058686943,0.6450512069569639,0.7402592521409788
