Cingulate area 2,Glomerular layer of the accessory olfactory bulb,Glomerular layer of the olfactory bulb,"Olfactory bulb, unspecified",Frontal association cortex,Cornu ammonis 3,Dentate gyrus,Cornu ammonis 2,Cornu ammonis 1,Fasciola cinereum,Subiculum,Postrhinal cortex,Presubiculum,Parasubiculum,Perirhinal area 35,Perirhinal area 36,Medial entorhinal cortex,Lateral entorhinal cortex,Primary auditory area,"Secondary auditory area, dorsal part","Secondary auditory area, ventral part","Piriform cortex, layer 1","Piriform cortex, layer 2","Piriform cortex, layer 3",Ventrolateral orbital area,Lateral orbital area,Ventral orbital area,Medial orbital area,Dorsolateral orbital area,Prelimbic area,Secondary motor area,Frontal association area 3,Primary motor area,"Agranular insular cortex, ventral area",Agranular insular cortex dorsal area,Cingulate area 1,Infralimbic area,Dysgranular insular cortex,Granular insular cortex,"Primary somatosensory area, forelimb representation","Primary somatosensory area, dysgranular zone","Primary somatosensory area, face representation",Secondary somatosensory area,"Primary somatosensory area, hindlimb representation","Agranular insular cortex, posterior area","Primary somatosensory area, barrel field",Retrosplenial dysgranular area,"Primary somatosensory area, trunk representation",Retrosplenial granular area,"Parietal association cortex, lateral area","Parietal association cortex, medial area","Parietal association cortex, posterior area",Primary visual area,"Secondary visual area, lateral part",Temporal association cortex,"Secondary visual area, medial part",Nucleus of the lateral olfactory tract
0.0,0.7209891061539911,0.22680647061746367,0.34828432056809666,0.4706123956420788,0.9234641178509553,0.9058728810937164,0.8448177876229429,0.8445615242969047,0.824313821383263,0.7666086840581182,0.6238665473264151,0.5712339439276841,0.4856380172303858,0.7932819851919929,0.8577646539956584,0.5506033991237992,0.8058736131217328,0.7507293082169555,0.772654579982437,0.7127412241279213,0.8904917245111811,0.8828724973261608,0.8163831952555558,0.9622573513779852,0.9210385249529798,0.7121355783179207,0.4326317869282175,0.8730445753777789,0.8271033271356338,0.877037230717153,0.9026252387611182,0.9834900707053568,1.0,0.9084915430497528,1.0,0.7855291391226917,0.9325272170711892,0.7931283714679743,0.9699582660776321,0.9481840018999289,0.8762434239477858,0.7582230534370193,0.8940804943272544,0.6493268855824388,0.9461657967413468,0.7684338300265598,0.844198337587461,0.780664276861317,0.9417198941209881,0.8305606710973324,0.704833904920723,0.6995060639469048,0.6659465090611028,0.6491393827463846,0.7662607901077804,0.9574722854065567
0.7209891061539911,0.0,0.29674758663474915,0.459405320695382,0.6148474605208446,0.7894027295514119,0.8296634742099378,0.7132742440754528,0.8359118272094691,0.7613242426112741,0.8046109389530052,0.7651083930662469,0.7195323695097526,0.6686451628807072,0.887590182875907,0.8650042581097498,0.6592230511558561,0.9111527547627046,0.893227466632759,0.947172318293823,0.87698892380967,0.816070719990193,0.8574644810248088,0.7582813097247846,0.7412899448667659,0.684130213381968,0.8185256972701014,0.5227711182640729,0.72631181395694,0.8502129854660975,0.6950554318570049,0.786820445461858,0.7413153494657672,0.6622052985771454,0.5253008098448813,0.7551937958523401,0.6197936884796066,0.8680741394970363,0.7972442292589156,0.6520416692160005,0.6370948053941398,0.7692438444478176,0.7874639968780363,0.6456501238936436,0.8271861297593055,0.7483226881768116,0.8338925450700125,0.8405452044121605,0.7524696512661647,0.7439094261211743,0.7984245118532282,0.8787916751882315,0.8347699099497612,0.8963471660154334,0.8498201509286214,0.8477675061410651,0.8078364812658586
0.22680647061746367,0.29674758663474915,0.0,0.7940619668770666,0.460154828145932,0.3047468756809682,0.31148749428215566,0.2675003082464271,0.31277778766717385,0.2974786626012666,0.37790142494093965,0.412042920910586,0.5191304112962667,0.6017303859643223,0.29328702586977956,0.2897146507350253,0.4684477348481906,0.34010482233690587,0.35286951240468956,0.3988390745689084,0.3132081045226426,0.28437050301662825,0.28698289996500265,0.3070839247265416,0.24957211405638843,0.22753597500939932,0.34045940916909506,0.4852827087299739,0.2674548454494454,0.31183587270816443,0.291314508779142,0.28234351775619554,0.2564413596807763,0.2060979198870013,0.186197243714946,0.22919729795006769,0.28272617350542456,0.2542738563178268,0.26045193096287433,0.20819138324071984,0.20033015862085682,0.27754694823245457,0.2673390056727766,0.26301149879324326,0.32055625558276973,0.26156932745681793,0.3427102128230691,0.2672871271153754,0.34671804020056923,0.26098971566676127,0.26330070863928057,0.35570576962151434,0.39150706188371814,0.3889487335621432,0.3648271581660921,0.3584787428744637,0.2803573338734197
0.34828432056809666,0.459405320695382,0.7940619668770666,0.0,0.7337630061695823,0.4798112441419262,0.491611633318897,0.4241594301592019,0.5062710947961332,0.4476621721888063,0.6254969378386713,0.6218313518846906,0.7506924766368887,0.8235206200603953,0.4588986538947199,0.4400524241779435,0.7345045412140957,0.5243625117494062,0.5456406173281537,0.629658990044925,0.47513152127990654,0.4609372258876609,0.44785940278849073,0.47069277055886544,0.3979424650581271,0.3533278181079526,0.5365398149416754,0.7450825093444742,0.41742148980717764,0.4800568671061802,0.47892816158487445,0.43547320382027466,0.38587641665795064,0.31161179251974463,0.27396470884597124,0.36342522425112367,0.4278521769924573,0.38121052122049137,0.4043727623746717,0.315248679871702,0.3050133594466306,0.4332615762781342,0.4002491736272919,0.398119349824097,0.49260451864161825,0.4046515990254674,0.5387203045997714,0.4131517622951593,0.5488400587817275,0.3942788775384435,0.4213162467334547,0.5256491948953383,0.6062799897127621,0.6086446857232528,0.544419082393411,0.5524428158081818,0.42280038271270554
0.4706123956420788,0.6148474605208446,0.460154828145932,0.7337630061695823,0.0,0.6389784192115976,0.6346259451449915,0.5451882771748826,0.6333259236586866,0.6694337591104764,0.789776890123363,0.6311265711945946,0.7508183584788664,0.7374311585140534,0.6110120311605328,0.5446278474637365,0.6584878764680406,0.6530947055261686,0.5961698058560715,0.6863135758785548,0.5658384110118418,0.6111290718808623,0.63792216964464,0.6184758624119421,0.603034520145441,0.529494423715462,0.800395460177532,0.8758296269389066,0.6586926501342143,0.6856985861348147,0.6825596532963781,0.629879436514408,0.5427905410362323,0.46256644085306586,0.3779374886485594,0.5079387294531026,0.6043272665797659,0.4930522745328762,0.5185011565698301,0.4197044324982728,0.40888069894602275,0.5483592401063747,0.4885194898207914,0.5307190708474542,0.5178716080780027,0.49898118510758027,0.6307212436650382,0.4690316412811619,0.6687283369182382,0.4863936709781023,0.5752710872128126,0.6094986448649635,0.7445031878445518,0.705196358834922,0.5895143322180976,0.6704005608463458,0.5080034212553932
0.9234641178509553,0.7894027295514119,0.3047468756809682,0.4798112441419262,0.6389784192115976,0.0,0.9382536725197412,0.9418478012776604,0.969350086675126,0.883048422602886,0.9272836387124633,0.7897047915280104,0.7730725532194679,0.6535036692163425,0.8583676705427495,0.9051137446229838,0.7216927682337145,0.9982762417564557,0.8902217490476401,0.9143611933476578,0.8760390426816447,0.9112711822575585,0.8975546680096529,0.9430222825330695,0.9238377728058746,0.8480898306189472,0.8413556841054964,0.592298990588372,0.9660682443415763,0.9417918059533588,0.9006897098150417,0.9236832120659904,0.9943189558832536,0.8221992213324626,0.7770910720471812,0.8947472197781144,0.8576261859474864,0.8823760213481031,0.821210602053758,0.8404775945016575,0.8424301009843516,0.9179855592459948,0.7409462490207419,0.9193715895666671,0.6887806313817593,0.9428165898884343,0.9289747111281204,0.8500859816413335,0.898825168044854,0.908495835594015,0.9342223948816291,0.8385469580121098,0.8956022484934688,0.8318817921986722,0.79621036884141,0.9242764991975758,0.9124894565408992
0.9058728810937164,0.8296634742099378,0.31148749428215566,0.491611633318897,0.6346259451449915,0.9382536725197412,0.0,0.9501167421828005,0.9418809150489418,0.9581566345773017,0.9543074270089836,0.783442930030314,0.789478176590959,0.6964718861967848,0.8268091625119827,0.8699196412052258,0.7651068871760391,0.955229743967284,0.9227829572727029,0.9488271114478685,0.8434427646756862,0.9362504870677693,0.9667512360440318,0.8518342097888323,0.9782193522258811,0.8425736506556899,0.8265344912210375,0.6043613083992921,0.9372310697602153,0.9537336408758448,0.971482500420158,0.9369993325999634,0.9469231126058765,0.8055330153963559,0.6918409834027099,0.8752040425050513,0.8604207783150714,0.8695404909815914,0.8202185147868092,0.7974156498804434,0.7922414633136063,0.9308038384903975,0.762466518105248,0.8436241684885365,0.7558668116377577,0.9587909719866115,0.9191653787333602,0.8110437805883574,0.8892686119466078,0.8584871162208609,0.8744796058930729,0.8687228442971341,0.8767369118846835,0.7968631012787077,0.8076727606761979,0.9170447506226728,0.8536964318536122
0.8448177876229429,0.7132742440754528,0.2675003082464271,0.4241594301592019,0.5451882771748826,0.9418478012776604,0.9501167421828005,0.0,0.9440529826744815,0.7690523519062292,0.7973230630992071,0.7312927760256059,0.6577027155280825,0.5729205771647331,0.8956347568638163,0.928605105932289,0.6727366531424582,0.8942153379939253,0.7985208498707536,0.8358980323250629,0.8237665600384261,0.908158982088916,0.876895484838069,0.8270124709409042,0.8763280783107629,0.7913290042676698,0.7422545785348053,0.5332912077688098,0.8560287907571573,0.8834731535369961,0.9076004352402705,0.9596409109841102,0.9408811285324511,0.7820105181676423,0.6925250585076949,0.9234895624937748,0.7511699051267653,0.8326777504000896,0.8462108904446453,0.8000126258939522,0.8198753134494856,0.8706392566507191,0.7466897129582607,0.8494905693332379,0.6467609262094638,0.9097962934550021,0.8638585478647051,0.854532552283471,0.803716030886821,0.8320828233255789,0.9382453190473959,0.8012986443867962,0.7195615873603736,0.7497646128494174,0.7620815553130053,0.8150686106537307,0.8152232664359943
0.8445615242969047,0.8359118272094691,0.31277778766717385,0.5062710947961332,0.6333259236586866,0.969350086675126,0.9418809150489418,0.9440529826744815,0.0,0.8461757605023833,0.9750398845081214,0.8409115573050123,0.8158198055899621,0.6877942364175126,0.8964651801966939,0.8881652447648479,0.7662381076562448,1.0,0.9112026948445358,0.9377265974576187,0.8734171479321846,0.9704348212199094,0.8324614203186379,0.9359065089164575,0.8374610529505795,0.8097306832361403,0.8391928129898155,0.5863584070175751,0.8543297162595122,0.9806879538435599,0.8665920764470733,0.9251484752149712,0.8974346606947644,0.8065453885917628,0.7343013536248166,0.9081090664789491,0.782986491806656,0.8623319620356206,0.7676424383612105,0.81777034633504,0.7896478304362222,0.8768071268253669,0.7399078721144284,0.8891192107794988,0.7646937485853752,0.9537456924993591,0.9533503073543145,0.864797488586951,0.9245509891609961,0.9155022874238047,0.9213271238228956,0.9095531811690519,0.9577102982439071,0.8749108947204268,0.8476702612234132,0.9364739265318925,0.8682565822282742
0.824313821383263,0.7613242426112741,0.2974786626012666,0.4476621721888063,0.6694337591104764,0.883048422602886,0.9581566345773017,0.7690523519062292,0.8461757605023833,0.0,0.907170410968219,0.6391299278528233,0.777711020379285,0.6484882572908508,0.7302601766682936,0.7042870156309047,0.5781057076236121,0.7643847874970865,0.7339338522395822,0.7758412242064536,0.6851030005078139,0.7794622179581268,0.8273801301934176,0.7308091603601831,0.866417589846601,0.8738448703529499,0.8375253538343933,0.561841504337689,0.9898329814456671,1.0,0.8170183196581408,0.8696154616095425,0.7569313017145644,0.8110240038191827,0.7508451223129862,0.8492839682167544,0.9337334856510363,0.7530782569944088,0.6657960678971728,0.7217226971586623,0.7728816194751081,0.7655548060199362,0.6306806656498134,0.7216193966644773,0.5944814034616244,0.8975672229805582,0.8093837033171808,0.6460302426556395,0.9045645491027002,0.8610611208136776,0.7264144380937105,0.7578847516662279,0.8234270582230085,0.7152949728486296,0.6510303028069073,0.7940072252396178,0.822654086532622
0.7666086840581182,0.8046109389530052,0.37790142494093965,0.6254969378386713,0.789776890123363,0.9272836387124633,0.9543074270089836,0.7973230630992071,0.9750398845081214,0.907170410968219,0.0,0.824585553212373,0.8746676186360657,0.8619934637287289,0.8051628723895949,0.8501362039301421,0.8204447580365976,0.9277038019644441,0.8488957052969928,0.9845046323366055,0.8123681323988854,0.8502683467366979,0.8782870536850207,0.8350685623945969,0.8411956954332281,0.7427339928460215,0.9306686155842957,0.7337927998976157,0.8469810329718976,1.0,0.8491053889540712,0.9292054213501488,0.8500304456231276,0.6946610811161706,0.603906639839548,0.8301581836048132,0.8689460852165435,0.809897947035023,0.7745674464826025,0.6473003423261124,0.668507795870134,0.819109822374489,0.7186113270959548,0.825699516119438,0.7437867952987745,0.8626702471481794,0.9250498322679435,0.7773739298163256,0.98563883874074,0.8424757863663531,0.7781071612968259,0.891425967390125,0.9302801095810185,0.9024583093436354,0.8187157779564658,0.9091038418282982,0.858646569301988
0.6238665473264151,0.7651083930662469,0.412042920910586,0.6218313518846906,0.6311265711945946,0.7897047915280104,0.783442930030314,0.7312927760256059,0.8409115573050123,0.6391299278528233,0.824585553212373,0.0,0.852973504477797,0.8520520192580974,0.8002810972770908,0.8434448053844372,0.9447391065098617,0.8949782910808473,0.9087945901974697,0.9928217054047634,0.8814507673187892,0.7897315734791556,0.7706038465753512,0.7842488226691752,0.647895164059243,0.5511905905541254,0.7296151409078799,0.6992888721869792,0.6386363596152571,0.7647760174806948,0.7065467414277667,0.722952818140206,0.6896414680434763,0.5411536103764142,0.46383523189187703,0.650784656252581,0.5889643017729019,0.6796296068975218,0.7009500039009027,0.5837877697913662,0.5516098641398363,0.7258986228806971,0.700266468838923,0.6889763761831161,0.7735619735498239,0.7577109082049652,0.9311354807126918,0.8178454306947421,0.816761689810856,0.7065559224591064,0.7828160438808747,0.9087400355315512,0.8860028422648779,0.9783064003627542,0.9685287804748004,0.9147065872146428,0.70409250417802
0.5712339439276841,0.7195323695097526,0.5191304112962667,0.7506924766368887,0.7508183584788664,0.7730725532194679,0.789478176590959,0.6577027155280825,0.8158198055899621,0.777711020379285,0.8746676186360657,0.852973504477797,0.0,0.9299212289220977,0.678517290956521,0.7097188635787005,0.8437369062964383,0.8137619276294513,0.8053673444922664,0.8893733636525303,0.7218427789118362,0.741222481378882,0.7048094099933703,0.7326129418384622,0.6158608514640714,0.5465539499632721,0.8182544712911262,0.7141364560724494,0.6585558155907041,0.7595360429341447,0.6738169097499161,0.6866397459670965,0.6314520997709254,0.5272240620844065,0.45947195491336446,0.5778030018787155,0.700978862387062,0.6229244437106506,0.5890395014271689,0.5149205785817443,0.5067506625242014,0.6391664287766183,0.5697538431800231,0.5910300952266663,0.629422080973024,0.6794859995953901,0.8150302160076189,0.619693966879826,0.8495101735989666,0.6848629950990575,0.6081776645237966,0.8489356224546112,0.8752189059882485,0.8753264193196826,0.8426867674039267,0.8802025828998912,0.6948255224517805
0.4856380172303858,0.6686451628807072,0.6017303859643223,0.8235206200603953,0.7374311585140534,0.6535036692163425,0.6964718861967848,0.5729205771647331,0.6877942364175126,0.6484882572908508,0.8619934637287289,0.8520520192580974,0.9299212289220977,0.0,0.6388279376634146,0.6300697405433315,0.8665800656890674,0.7628725589117624,0.7146967683223782,0.8652637010148477,0.6566813279515611,0.6194164723392195,0.6333624560702692,0.6544946404419744,0.5364710504402734,0.49142426136831696,0.6701980599284902,0.7728826494474764,0.5665526248931027,0.7018656619793531,0.6180969282466582,0.6115870249126328,0.5515541897703932,0.4534013590783144,0.38142657815209513,0.5043159135289386,0.5973315269117592,0.54337223350945,0.5462574940294861,0.4467240721749762,0.4174182634600851,0.5823338262984549,0.5225106647719547,0.5616528629318784,0.6134189656409013,0.578274687799141,0.7353155054008057,0.5805955196260997,0.7499539604352677,0.5795059267056134,0.5862262870496482,0.7445683309740015,0.8609592896784006,0.8937782358288426,0.772326131709691,0.7854704865361513,0.6024943229905555
0.7932819851919929,0.887590182875907,0.29328702586977956,0.4588986538947199,0.6110120311605328,0.8583676705427495,0.8268091625119827,0.8956347568638163,0.8964651801966939,0.7302601766682936,0.8051628723895949,0.8002810972770908,0.678517290956521,0.6388279376634146,0.0,0.9766446434226058,0.7019714408065667,0.9699441880812125,0.9062104240380102,0.9484739224307879,0.8690403118882611,0.917769470938266,0.8543732775683842,0.8189293161381289,0.8136654431791348,0.7321929761299514,0.7622339914355206,0.5891289464091257,0.8223525378232115,0.8902486470067182,0.8262191465660877,0.8977004968135994,0.7927504649518075,0.7579995134416714,0.5854553930582602,0.7862340021869408,0.7062182739183718,0.8593179746142795,0.8316242901983575,0.692232256333461,0.7113227013715103,0.8911938485651965,0.8143385569169009,0.742902274861689,0.8080049411975548,0.9057787380786985,0.8832303105976728,0.9209467667633509,0.8008385104231992,0.8172033250043639,0.9268926942486527,0.85032934363914,0.8031116102928894,0.8091187468496465,0.8611391555635344,0.8813942397586068,0.7387052236706585
0.8577646539956584,0.8650042581097498,0.2897146507350253,0.4400524241779435,0.5446278474637365,0.9051137446229838,0.8699196412052258,0.928605105932289,0.8881652447648479,0.7042870156309047,0.8501362039301421,0.8434448053844372,0.7097188635787005,0.6300697405433315,0.9766446434226058,0.0,0.7831212231573726,1.0,0.9552032173688634,0.9265373437618313,0.8757983167678521,0.9288157168051286,0.8805901825024116,0.8373197754198966,0.8089232603730023,0.7448456102570361,0.7351802801778872,0.5414630550237187,0.8060786678505703,0.8434278961745145,0.807358567615343,0.8752039561979732,0.9068650462282123,0.7349973994988569,0.6186787575958225,0.8613890918639351,0.6798006843406909,0.9184186986932523,0.8937370486674645,0.7501208213145265,0.7688177267098866,0.8656795701846621,0.8406540268739545,0.7858581357950482,0.7924650974001242,0.8955229179812392,0.9526251415620848,0.9327121970268306,0.8468305219667911,0.8464740049798248,0.8977623085336841,0.8697599254184581,0.8306034136119264,0.8595032945788673,0.8360880224993139,0.9159348205373259,0.8025936485520264
0.5506033991237992,0.6592230511558561,0.4684477348481906,0.7345045412140957,0.6584878764680406,0.7216927682337145,0.7651068871760391,0.6727366531424582,0.7662381076562448,0.5781057076236121,0.8204447580365976,0.9447391065098617,0.8437369062964383,0.8665800656890674,0.7019714408065667,0.7831212231573726,0.0,0.799153088095228,0.8586730635897871,0.9554020408359007,0.8280315452134466,0.6688414131672599,0.6914446639219319,0.6913641983245509,0.6020604558854915,0.5231852587620965,0.7145976295757405,0.6731957391874653,0.5829660349740771,0.6778160449138172,0.7038876960496865,0.6809425970034145,0.6604054003905399,0.4863979206789241,0.42180005469980864,0.5517334688136147,0.5581657882087,0.6107491550224665,0.6278490424103382,0.501743894477288,0.4958122873895277,0.6757217421005504,0.6253264459016794,0.6491592969274237,0.6751192915370471,0.6396186133751953,0.8229401874135241,0.7188967759208637,0.7658700762278982,0.6366653624163331,0.681010860405983,0.7648331403775733,0.826308831105702,0.8183380709745386,0.8486557567894627,0.8179532800037145,0.6401555658917264
0.8058736131217328,0.9111527547627046,0.34010482233690587,0.5243625117494062,0.6530947055261686,0.9982762417564557,0.955229743967284,0.8942153379939253,1.0,0.7643847874970865,0.9277038019644441,0.8949782910808473,0.8137619276294513,0.7628725589117624,0.9699441880812125,1.0,0.799153088095228,0.0,1.0,1.0,0.8913573640677799,0.9646812453774752,0.9200259007356388,0.863735206267667,0.8424093621873399,0.7292258538644276,0.8900792001580071,0.6392756679953104,0.8819219561050442,0.8749007966577703,0.8628510389411521,0.9222381817537415,0.8847925127102019,0.743919907568287,0.6168764109765771,0.8368226296161949,0.7411454806299789,0.8277843892314157,0.8262558441139113,0.7458186418736822,0.74493915740079,0.8578867019839279,0.8077298872369691,0.8330277491723319,0.8074083598377795,0.9124030084348697,0.9649881853165773,0.9209934807356848,0.8852501246455834,0.894614459207682,0.9633620590567691,0.9491669723342765,0.9117234787841795,0.9940734313667949,0.9438146755436574,0.9218036083230645,0.8330923393736623
0.7507293082169555,0.893227466632759,0.35286951240468956,0.5456406173281537,0.5961698058560715,0.8902217490476401,0.9227829572727029,0.7985208498707536,0.9112026948445358,0.7339338522395822,0.8488957052969928,0.9087945901974697,0.8053673444922664,0.7146967683223782,0.9062104240380102,0.9552032173688634,0.8586730635897871,1.0,0.0,1.0,0.9197087961062088,0.791357067758839,0.854879268543963,0.8299015821226022,0.7563099595267923,0.669480831116108,0.8077576043258742,0.6071253576069853,0.7274485948780569,0.8393329055910107,0.7415665096911314,0.815857721509987,0.8056022389455588,0.64060870539389,0.5583354524978333,0.7462115359207406,0.6604093264464312,0.7696129137967274,0.7859373802515462,0.6622130755131921,0.6665995339493964,0.8388924592430144,0.7635589904191299,0.72755925087106,0.7645779678442286,0.8030029937454998,0.9371142975210287,0.8753095411598981,0.8764423891250741,0.834242795746983,0.9012838434860069,0.946442940041349,0.8684890173238187,0.9534629614870198,0.9965141179523636,0.9975843129681236,0.8075901982505916
0.772654579982437,0.947172318293823,0.3988390745689084,0.629658990044925,0.6863135758785548,0.9143611933476578,0.9488271114478685,0.8358980323250629,0.9377265974576187,0.7758412242064536,0.9845046323366055,0.9928217054047634,0.8893733636525303,0.8652637010148477,0.9484739224307879,0.9265373437618313,0.9554020408359007,1.0,1.0,0.0,0.952885768090221,0.9651825423470276,0.845363273823413,0.8722617903833882,0.7722130139040824,0.6989280375036343,0.8304233011614286,0.6325755461996052,0.7689085708371861,0.9155959780816855,0.8715241420492236,0.856001111991992,0.813788308991773,0.6420227677310006,0.5614242437974157,0.7743391964981033,0.7098008790851189,0.8138261451653843,0.797490066493474,0.7151357146602016,0.6945045709692277,0.834866463169125,0.7649119757879402,0.7634178490602167,0.8784575236202862,0.8679483711189612,0.9675897128341768,0.8966261234814906,0.9505216703732511,0.8244649022145091,0.8168810799123519,0.9500154126120602,0.9899700954694477,0.9997623522595045,0.9870480928359353,0.9829478102089836,0.7919798864286384
0.7127412241279213,0.87698892380967,0.3132081045226426,0.47513152127990654,0.5658384110118418,0.8760390426816447,0.8434427646756862,0.8237665600384261,0.8734171479321846,0.6851030005078139,0.8123681323988854,0.8814507673187892,0.7218427789118362,0.6566813279515611,0.8690403118882611,0.8757983167678521,0.8280315452134466,0.8913573640677799,0.9197087961062088,0.952885768090221,0.0,0.9088188606825152,0.8346897590636793,0.7686224763936949,0.780351235207437,0.6571480125065307,0.7252847231259226,0.5373697424778026,0.7231492549853789,0.8447048622181333,0.7780682870459954,0.778290798939449,0.7752629785687783,0.6784733688842021,0.5735615688072744,0.7763311793770211,0.6486174147669189,0.7932327454887521,0.7742205333428714,0.688793244475252,0.686763767739328,0.8058863679267179,0.7506795338090501,0.7176476091856449,0.7707524001568963,0.8226325256220809,0.8846582458907869,0.8715433555424492,0.7991622355112944,0.7809733253857424,0.8370595128795149,0.8200010055384144,0.8461609772792309,0.8134193111094344,0.8837026376779763,0.873242681110962,0.7453027645759288
0.8904917245111811,0.816070719990193,0.28437050301662825,0.4609372258876609,0.6111290718808623,0.9112711822575585,0.9362504870677693,0.908158982088916,0.9704348212199094,0.7794622179581268,0.8502683467366979,0.7897315734791556,0.741222481378882,0.6194164723392195,0.917769470938266,0.9288157168051286,0.6688414131672599,0.9646812453774752,0.791357067758839,0.9651825423470276,0.9088188606825152,0.0,0.9701899670695809,0.9799066047178766,0.9097476519218883,0.8551482975271204,0.850641490612571,0.5667254091599417,0.8927626372477884,0.9333496700545135,0.9704014033644208,0.9482939681092553,0.8980429161055112,0.8374653021499194,0.6713297976739557,0.9220934744585315,0.7572981742952858,0.9488418533663042,0.9552329183191026,0.8027297808635308,0.7946186833629181,0.9055771045813017,0.9179127186698234,0.8655776223077725,0.825458475417579,0.9783606710663579,0.9119785619453898,0.8478796709032158,0.8936985498758642,0.9035891984439345,0.8665785073630052,0.8529660388035117,0.8090021749315895,0.7905973934158501,0.7954851325858336,0.9068498341122707,0.852387393628307
0.8828724973261608,0.8574644810248088,0.28698289996500265,0.44785940278849073,0.63792216964464,0.8975546680096529,0.9667512360440318,0.876895484838069,0.8324614203186379,0.8273801301934176,0.8782870536850207,0.7706038465753512,0.7048094099933703,0.6333624560702692,0.8543732775683842,0.8805901825024116,0.6914446639219319,0.9200259007356388,0.854879268543963,0.845363273823413,0.8346897590636793,0.9701899670695809,0.0,0.908602564336177,0.9109702037049783,0.8291615032542247,0.8218148139608646,0.5603136648612872,0.8978925571400019,0.9390012326246224,0.8826100185744333,0.9354720089519024,0.8481952467009375,0.8071062203017269,0.6938464432801588,0.9199885066416807,0.7253579248977331,0.9751359383834033,0.9096143782741813,0.8137543179928896,0.7461868323679051,0.8879446408938528,0.8770622855978486,0.807957960693452,0.8041508089597379,0.9418842395040099,0.9244916477800326,0.8311379588240594,0.8131916018763601,0.854681983569278,0.8599584101690314,0.8553848753242227,0.8038819638895854,0.8604170899077415,0.7362592225350332,0.8309154462637783,0.8597342161608557
0.8163831952555558,0.7582813097247846,0.3070839247265416,0.47069277055886544,0.6184758624119421,0.9430222825330695,0.8518342097888323,0.8270124709409042,0.9359065089164575,0.7308091603601831,0.8350685623945969,0.7842488226691752,0.7326129418384622,0.6544946404419744,0.8189293161381289,0.8373197754198966,0.6913641983245509,0.863735206267667,0.8299015821226022,0.8722617903833882,0.7686224763936949,0.9799066047178766,0.908602564336177,0.0,0.8274255732625277,0.7804078914693102,0.8041740992405322,0.5972570390670698,0.8623446334754631,0.8478629713787712,0.8401197842506479,0.8587654489575962,0.8603559338530106,0.7552112346756535,0.6170298305366317,0.8276206990188868,0.7399904562254007,0.8756322584140878,0.8962393277516745,0.6863465907368588,0.6793641674872535,0.8202531108238021,0.8469399080560378,0.7871039021111691,0.811649549406997,0.9220592805829615,0.8279687325458285,0.7880709438212761,0.8657986376458695,0.794087778679445,0.834831146073215,0.8611323638123747,0.8024768105133995,0.7376037413852314,0.7626195644936561,0.8002368002944279,0.8123668894566913
0.9622573513779852,0.7412899448667659,0.24957211405638843,0.3979424650581271,0.603034520145441,0.9238377728058746,0.9782193522258811,0.8763280783107629,0.8374610529505795,0.866417589846601,0.8411956954332281,0.647895164059243,0.6158608514640714,0.5364710504402734,0.8136654431791348,0.8089232603730023,0.6020604558854915,0.8424093621873399,0.7563099595267923,0.7722130139040824,0.780351235207437,0.9097476519218883,0.9109702037049783,0.8274255732625277,0.0,0.9639148768044358,0.8441318321482032,0.5564465454167699,1.0,0.9512749149646298,0.9809192222900441,0.9833471523919834,0.9705238278817057,0.911117798814158,0.7777030849196558,0.9893291553221408,0.7832836728618019,0.8353845866100333,0.8337702852304155,0.9475953321606212,0.8485499821733236,0.8679392235336272,0.7987256883927978,0.9158088742161151,0.711906706734581,0.9311898796970514,0.7663172493018453,0.7831396575325326,0.8792918019249812,0.8164334157016842,0.8877110011266395,0.7346158314668095,0.7484558343958209,0.6860123420762259,0.6523378607811342,0.7988730489375331,0.8740185986406526
0.9210385249529798,0.684130213381968,0.22753597500939932,0.3533278181079526,0.529494423715462,0.8480898306189472,0.8425736506556899,0.7913290042676698,0.8097306832361403,0.8738448703529499,0.7427339928460215,0.5511905905541254,0.5465539499632721,0.49142426136831696,0.7321929761299514,0.7448456102570361,0.5231852587620965,0.7292258538644276,0.669480831116108,0.6989280375036343,0.6571480125065307,0.8551482975271204,0.8291615032542247,0.7804078914693102,0.9639148768044358,0.0,0.7233291621698162,0.4861633505113244,0.88323683563345,0.8469975727323212,0.8946024649128217,0.8820796510974345,0.9095046973065712,0.9752131337945402,0.8849400535080164,0.9800254197155442,0.8062677961935891,0.8084558047335353,0.7321425667740478,0.8751315464320961,0.86236203353417,0.8148058502634214,0.6777805271761385,0.8599369547660116,0.5718279833371424,0.8989398139728096,0.7120063432530441,0.693725987085497,0.7737467252412239,0.8109400898993567,0.8249196683492702,0.6833789980881403,0.6770020547373946,0.6249331700707783,0.5811422015183769,0.7040321164291911,0.8166495032460823
0.7121355783179207,0.8185256972701014,0.34045940916909506,0.5365398149416754,0.800395460177532,0.8413556841054964,0.8265344912210375,0.7422545785348053,0.8391928129898155,0.8375253538343933,0.9306686155842957,0.7296151409078799,0.8182544712911262,0.6701980599284902,0.7622339914355206,0.7351802801778872,0.7145976295757405,0.8900792001580071,0.8077576043258742,0.8304233011614286,0.7252847231259226,0.850641490612571,0.8218148139608646,0.8041740992405322,0.8441318321482032,0.7233291621698162,0.0,0.73155639487233,0.8186532357767827,0.8617544987322655,0.8782999616970842,0.8374131807708709,0.7668275114148196,0.6700100432145375,0.5372381429970668,0.7829659323650159,0.7444456161423573,0.7058599418689742,0.6878421102235824,0.6217032449317687,0.610981060736822,0.7375042664932574,0.6593965181454343,0.6999327487933261,0.6933383599436712,0.733031484431961,0.7943744426377981,0.6941186124073461,0.8923259574690694,0.711348167689077,0.7726058620085248,0.7921047211234244,0.8512961998268754,0.8054850743696338,0.755810519030148,0.8404519539959655,0.7228501784868121
0.4326317869282175,0.5227711182640729,0.4852827087299739,0.7450825093444742,0.8758296269389066,0.592298990588372,0.6043613083992921,0.5332912077688098,0.5863584070175751,0.561841504337689,0.7337927998976157,0.6992888721869792,0.7141364560724494,0.7728826494474764,0.5891289464091257,0.5414630550237187,0.6731957391874653,0.6392756679953104,0.6071253576069853,0.6325755461996052,0.5373697424778026,0.5667254091599417,0.5603136648612872,0.5972570390670698,0.5564465454167699,0.4861633505113244,0.73155639487233,0.0,0.5627420030476558,0.6288210888651269,0.6457927004415875,0.5747610010424913,0.5065350920860276,0.3946568442826283,0.3245456416558832,0.4505075976413009,0.5242831376737537,0.441419447214626,0.4874057179341728,0.39390717496620303,0.3646947222225201,0.506455969430716,0.47294122142690603,0.49353197606947535,0.5154576226694395,0.46754722655978953,0.6224142770877118,0.4853883474932344,0.6371660752282191,0.45160365207190717,0.5723941204596469,0.5696236633695173,0.6690674613548867,0.6432600719667569,0.5998200009168613,0.6288382900201465,0.44459751496469035
0.8730445753777789,0.72631181395694,0.2674548454494454,0.41742148980717764,0.6586926501342143,0.9660682443415763,0.9372310697602153,0.8560287907571573,0.8543297162595122,0.9898329814456671,0.8469810329718976,0.6386363596152571,0.6585558155907041,0.5665526248931027,0.8223525378232115,0.8060786678505703,0.5829660349740771,0.8819219561050442,0.7274485948780569,0.7689085708371861,0.7231492549853789,0.8927626372477884,0.8978925571400019,0.8623446334754631,1.0,0.88323683563345,0.8186532357767827,0.5627420030476558,0.0,0.9227896873047907,0.9542660685137547,0.9581854950295455,0.9369911359367545,0.9064706254162179,0.8101213799471035,0.9167762432736111,0.9624829382531535,0.8425341964660994,0.7701119650673862,0.8513647110081128,0.8248959870172469,0.8465008223173341,0.7617602032502091,0.8286712093667397,0.6104524731641371,0.8600446771479715,0.8168697703096357,0.6860521839585287,0.851260920600062,0.8384684135300267,0.8362111292001941,0.7950817303732004,0.7626689371564833,0.6958243796976064,0.6654002830289512,0.7847772310905521,0.8578825213718627
0.8271033271356338,0.8502129854660975,0.31183587270816443,0.4800568671061802,0.6856985861348147,0.9417918059533588,0.9537336408758448,0.8834731535369961,0.9806879538435599,1.0,1.0,0.7647760174806948,0.7595360429341447,0.7018656619793531,0.8902486470067182,0.8434278961745145,0.6778160449138172,0.8749007966577703,0.8393329055910107,0.9155959780816855,0.8447048622181333,0.9333496700545135,0.9390012326246224,0.8478629713787712,0.9512749149646298,0.8469975727323212,0.8617544987322655,0.6288210888651269,0.9227896873047907,0.0,0.9343286181307375,0.9917973479500912,0.8732597892374792,0.8609752876275176,0.7088518958802827,0.8808644306972118,0.9209425778747329,0.8438825486910639,0.8278413675978469,0.7535600767486614,0.7760267943044039,0.9063540761840497,0.7370866151726853,0.7752441573460049,0.7001840708094998,0.8731202510699811,0.8806745176336168,0.7683457413863296,0.9702161578314963,0.871682687089155,0.8951260639446759,0.9011279923961383,0.8734430039576596,0.8123171052051863,0.7832917382639967,0.8588004725397482,0.8501404139728104
0.877037230717153,0.6950554318570049,0.291314508779142,0.47892816158487445,0.6825596532963781,0.9006897098150417,0.971482500420158,0.9076004352402705,0.8665920764470733,0.8170183196581408,0.8491053889540712,0.7065467414277667,0.6738169097499161,0.6180969282466582,0.8262191465660877,0.807358567615343,0.7038876960496865,0.8628510389411521,0.7415665096911314,0.8715241420492236,0.7780682870459954,0.9704014033644208,0.8826100185744333,0.8401197842506479,0.9809192222900441,0.8946024649128217,0.8782999616970842,0.6457927004415875,0.9542660685137547,0.9343286181307375,0.0,0.9161058829362982,0.9712553696119975,0.79714598003519,0.7392944779607967,0.8535546635103088,0.8491503314807501,0.7739065142996598,0.762281870679824,0.8050461021428842,0.7557941756890246,0.862114103024503,0.721455478918533,0.840193307603999,0.6497802273413276,0.8639297475524254,0.8331199883471487,0.773398634055982,0.8589779664822069,0.81026863719997,0.903318395423134,0.7565577853279497,0.8069659180558928,0.7314806546419361,0.7421357300058485,0.8205903513704362,0.824781046156544
0.9026252387611182,0.786820445461858,0.28234351775619554,0.43547320382027466,0.629879436514408,0.9236832120659904,0.9369993325999634,0.9596409109841102,0.9251484752149712,0.8696154616095425,0.9292054213501488,0.722952818140206,0.6866397459670965,0.6115870249126328,0.8977004968135994,0.8752039561979732,0.6809425970034145,0.9222381817537415,0.815857721509987,0.856001111991992,0.778290798939449,0.9482939681092553,0.9354720089519024,0.8587654489575962,0.9833471523919834,0.8820796510974345,0.8374131807708709,0.5747610010424913,0.9581854950295455,0.9917973479500912,0.9161058829362982,0.0,0.964784957684362,0.8809130447767793,0.7727814937394087,0.9750000306771017,0.8470290579150118,0.8402597296543421,0.7945099256938273,0.8682721303523924,0.8302932357472491,0.8734569664169559,0.7180324610308039,0.8181833832947526,0.6226017956767753,0.9621591487071642,0.8185303625642806,0.7901794902262099,0.8893702317358564,0.86256984551105,0.8925331431063624,0.845816614583758,0.8218819565742527,0.7603501205986951,0.7242480354694965,0.8850010411778758,0.858581560423201
0.9834900707053568,0.7413153494657672,0.2564413596807763,0.38587641665795064,0.5427905410362323,0.9943189558832536,0.9469231126058765,0.9408811285324511,0.8974346606947644,0.7569313017145644,0.8500304456231276,0.6896414680434763,0.6314520997709254,0.5515541897703932,0.7927504649518075,0.9068650462282123,0.6604054003905399,0.8847925127102019,0.8056022389455588,0.813788308991773,0.7752629785687783,0.8980429161055112,0.8481952467009375,0.8603559338530106,0.9705238278817057,0.9095046973065712,0.7668275114148196,0.5065350920860276,0.9369911359367545,0.8732597892374792,0.9712553696119975,0.964784957684362,0.0,0.9439915390522469,0.8653254577339021,0.9982194496731457,0.8204724161709188,0.90331078449648,0.8636249449510139,0.9065664843280451,0.9069069470823922,0.9125836856168065,0.7919832753890769,0.9209038488782325,0.6526127294830505,0.9244104655571049,0.8469220717200303,0.8359464145025068,0.8676561959112788,0.924468331024049,0.9045485505397557,0.745274008954076,0.7685640831101762,0.6746712976685787,0.7208305182033429,0.8550198361809357,0.9114128370210709
1.0,0.6622052985771454,0.2060979198870013,0.31161179251974463,0.46256644085306586,0.8221992213324626,0.8055330153963559,0.7820105181676423,0.8065453885917628,0.8110240038191827,0.6946610811161706,0.5411536103764142,0.5272240620844065,0.4534013590783144,0.7579995134416714,0.7349973994988569,0.4863979206789241,0.743919907568287,0.64060870539389,0.6420227677310006,0.6784733688842021,0.8374653021499194,0.8071062203017269,0.7552112346756535,0.911117798814158,0.9752131337945402,0.6700100432145375,0.3946568442826283,0.9064706254162179,0.8609752876275176,0.79714598003519,0.8809130447767793,0.9439915390522469,0.0,0.9544104706431944,0.9878383481853803,0.8131700250369409,0.8404441827572453,0.7380110866568657,0.932275081042614,0.9307598971657125,0.8478636640018579,0.667413076618265,0.8441998213470949,0.5833234177221506,0.9573236690718157,0.6939843208966505,0.7029121685554924,0.738592035235418,0.851972984100454,0.7565559814380904,0.672658143079749,0.6209047217437949,0.5904981513690648,0.5799634116403816,0.6960278446282725,0.8575238010734036
0.9084915430497528,0.5253008098448813,0.186197243714946,0.27396470884597124,0.3779374886485594,0.7770910720471812,0.6918409834027099,0.6925250585076949,0.7343013536248166,0.7508451223129862,0.603906639839548,0.46383523189187703,0.45947195491336446,0.38142657815209513,0.5854553930582602,0.6186787575958225,0.42180005469980864,0.6168764109765771,0.5583354524978333,0.5614242437974157,0.5735615688072744,0.6713297976739557,0.6938464432801588,0.6170298305366317,0.7777030849196558,0.8849400535080164,0.5372381429970668,0.3245456416558832,0.8101213799471035,0.7088518958802827,0.7392944779607967,0.7727814937394087,0.8653254577339021,0.9544104706431944,0.0,0.9418022688426617,0.7342337462182248,0.6810779948026623,0.5984290184766958,0.9246893505424618,0.9126232191360345,0.712485775710785,0.5393675642997605,0.7760154610832931,0.41455026801700007,0.8542556300048935,0.6502027056373305,0.6147644663930186,0.6444798578246845,0.8010578508028525,0.6430564037417318,0.5765199339123456,0.5466904963166915,0.493445804299965,0.5056760883706319,0.5829266080075535,0.8374750856765064
1.0,0.7551937958523401,0.22919729795006769,0.36342522425112367,0.5079387294531026,0.8947472197781144,0.8752040425050513,0.9234895624937748,0.9081090664789491,0.8492839682167544,0.8301581836048132,0.650784656252581,0.5778030018787155,0.5043159135289386,0.7862340021869408,0.8613890918639351,0.5517334688136147,0.8368226296161949,0.7462115359207406,0.7743391964981033,0.7763311793770211,0.9220934744585315,0.9199885066416807,0.8276206990188868,0.9893291553221408,0.9800254197155442,0.7829659323650159,0.4505075976413009,0.9167762432736111,0.8808644306972118,0.8535546635103088,0.9750000306771017,0.9982194496731457,0.9878383481853803,0.9418022688426617,0.0,0.8306473544061892,0.9507959187748347,0.7516487502483366,0.9473882728713949,0.9824407710359041,0.8556423313891869,0.7271038491660295,0.8959425527511404,0.6030019017325211,0.9700745719117725,0.833379664169379,0.7643025744152384,0.8424769548286364,0.9762479656183746,0.8467926481290502,0.7077904704930792,0.711946793292267,0.688493219542896,0.6869880725872334,0.7255091313482545,0.9551576563638691
