Cingulate area 2,Glomerular layer of the accessory olfactory bulb,Glomerular layer of the olfactory bulb,"Olfactory bulb, unspecified",Frontal association cortex,Cornu ammonis 3,Dentate gyrus,Cornu ammonis 2,Cornu ammonis 1,Fasciola cinereum,Subiculum,Postrhinal cortex,Presubiculum,Parasubiculum,Perirhinal area 35,Perirhinal area 36,Medial entorhinal cortex,Lateral entorhinal cortex,Primary auditory area,"Secondary auditory area, dorsal part","Secondary auditory area, ventral part","Piriform cortex, layer 1","Piriform cortex, layer 2","Piriform cortex, layer 3",Ventrolateral orbital area,Lateral orbital area,Ventral orbital area,Medial orbital area,Dorsolateral orbital area,Prelimbic area,Secondary motor area,Frontal association area 3,Primary motor area,"Agranular insular cortex, ventral area",Agranular insular cortex dorsal area,Cingulate area 1,Infralimbic area,Dysgranular insular cortex,Granular insular cortex,"Primary somatosensory area, forelimb representation","Primary somatosensory area, dysgranular zone","Primary somatosensory area, face representation",Secondary somatosensory area,"Primary somatosensory area, hindlimb representation","Agranular insular cortex, posterior area","Primary somatosensory area, barrel field",Retrosplenial dysgranular area,"Primary somatosensory area, trunk representation",Retrosplenial granular area,"Parietal association cortex, lateral area","Parietal association cortex, medial area","Parietal association cortex, posterior area",Primary visual area,"Secondary visual area, lateral part",Temporal association cortex,"Secondary visual area, medial part",Nucleus of the lateral olfactory tract
0.0,0.3615909341380185,0.22177871704793675,0.30016860370263526,0.30189893731939416,0.9353749044754603,0.9206131239449676,0.9287604030112759,0.8273631555531441,0.9595904472537438,0.9832294566034882,0.764493768240143,0.7918951948639315,0.7931679417697021,0.7804703417010783,0.9438300173591179,0.825213028135544,0.8259371521028319,0.8749120320800224,0.8130733047948258,0.8618670520654325,0.7377464495001845,0.6260517871706608,0.9264428913158728,0.2807705616597257,0.30949760126728615,0.26871969788735517,0.2505001835989067,0.2812673536899943,0.38084327520246747,0.4224412274176034,0.4097896970598268,0.6669657205232847,0.564150193305861,0.45514050266280914,0.7560441555204136,0.28047179480164713,0.6433930374169082,0.6757197845450846,0.8844746746295744,0.7954110639227887,0.7218293603494225,0.9900425742779096,0.9324301756437924,0.8141471923705597,0.9488790092042528,0.919868332821751,0.9140420160092543,0.8325941226954754,0.8723189385810813,0.8686836518164527,0.843714385677736,0.8317034260454255,0.8558511215565131,0.7536694634788007,0.9798012713236334,0.6744329925340679
0.3615909341380185,0.0,0.4017499396652538,0.5849634735778194,0.7993693407642035,0.4327628750083237,0.3780864202861791,0.40741212231956114,0.3892655867686268,0.3876147769421329,0.5030928054937458,0.5006039834350108,0.4182270484296276,0.3070559440925763,0.4751634223725854,0.48064829086434346,0.3176740605934583,0.40505626783304055,0.42650167054553595,0.4889992711633291,0.3595750553551459,0.5396866226677747,0.5826136975454473,0.4842564147504713,0.4641963217063633,0.5020983673298244,0.4661572055592703,0.4656833384214592,0.4573680132470913,0.6596391345491925,0.6147752621342771,0.613360068068626,0.5945670928373714,0.6498271383125187,0.6700066182107635,0.5407576889825892,0.5236820604342874,0.6462442370388262,0.607606263539462,0.4722709739700552,0.48108501292513317,0.5955047875005681,0.4413774514883985,0.37879808638168766,0.43112471313418366,0.3559686270882107,0.35659918468323065,0.4298683835161886,0.3959168064879817,0.4727860175001669,0.30210363024459597,0.42573710939321047,0.38704248186512863,0.45860691273183435,0.4603903675595109,0.4529143562870889,0.19445779167350521
0.22177871704793675,0.4017499396652538,0.0,0.7835680612541089,0.36297575248980385,0.27092656612801547,0.22776868921789883,0.24854915002000866,0.24175456513440563,0.21362708659318233,0.2784479322058535,0.3117770403663351,0.28605215702884107,0.23032476603717383,0.2692595567951306,0.29786322322662057,0.23147459576962365,0.2715866813795929,0.2559653388713948,0.272351127659852,0.24220873834187087,0.3204187526770223,0.31967515822550524,0.2604394090622664,0.3412400921069974,0.34333368726792457,0.3082130625096401,0.3560223526505285,0.3425179778907494,0.405155471672782,0.37637448297027337,0.344128289972192,0.3135857636124514,0.34129831045746417,0.4074300952909166,0.27660878705889425,0.32402358140044407,0.3727760526536686,0.3631348095046096,0.28514540317560144,0.25639292972610783,0.36748039573704383,0.297124570791774,0.2443020213257705,0.3033247614726271,0.2173345146441992,0.23019681404752193,0.2708026829541019,0.22813050206440152,0.30545467722884306,0.2027706964100236,0.2717481924851947,0.27196405242386346,0.28545752457897855,0.31242237619100655,0.260216809908295,0.16556238541909893
0.30016860370263526,0.5849634735778194,0.7835680612541089,0.0,0.5811103106652326,0.3625893868263667,0.2875931793336097,0.3114830789887495,0.30155645809715953,0.2859657165684243,0.3722286643138657,0.39777019778820094,0.3442089483031184,0.26449364056870134,0.3452911045133857,0.374973285367812,0.270590000661053,0.3398567423148229,0.3312367463979179,0.37119787559377165,0.298821287441528,0.47249980357194804,0.46692087591280745,0.3678327097591944,0.5980614379264074,0.6205986697393429,0.5015272626144669,0.5537882158230175,0.5790102296269216,0.7177848658690918,0.6608254637751052,0.6127570266876137,0.49690171054307297,0.5305987511830832,0.6508792728888327,0.4088909594469835,0.5128117369914196,0.5784397972500671,0.5430457873287543,0.41254292332061226,0.3676673148717046,0.564807487100388,0.4003041981144072,0.3043884766826592,0.35142235575074665,0.2837171997218297,0.2962628896765304,0.3536881501846968,0.3108518819144519,0.3785385497636734,0.24832467405575076,0.3449483575203508,0.32936463832445595,0.374063142529105,0.39198900196371855,0.3538823078251754,0.18231767658460452
0.30189893731939416,0.7993693407642035,0.36297575248980385,0.5811103106652326,0.0,0.3476557586503032,0.2803669508760652,0.3084388094619553,0.2917831055402372,0.3159196194293963,0.3889399667869924,0.35889001747414984,0.30091606407616106,0.2265673632516561,0.330926051523596,0.3516260481170235,0.23473804500395462,0.30344251607590117,0.3294882255824687,0.39070862994765027,0.27369993658149183,0.4529683385191607,0.48709486532596213,0.3873064316431764,0.5835077065972266,0.6255873776338007,0.6904747133567144,0.6413610880873574,0.6384166459470253,0.6907656234960508,0.6543206250990949,0.6650375909056441,0.5241708670484738,0.5733278895331654,0.690728692729318,0.42072561845654377,0.5654435044928491,0.5264257838956753,0.521692150953357,0.3949543034392745,0.39132108476740546,0.5118649361887985,0.3490458762291765,0.2925736767460361,0.31412370809604073,0.29410807147811013,0.272719274543557,0.34372546170814144,0.31857548020405996,0.37432770279082117,0.23552100564888126,0.32354931879718574,0.29159773401181255,0.345427249587796,0.3444166322295929,0.37192497101071,0.15732188346382414
0.9353749044754603,0.4327628750083237,0.27092656612801547,0.3625893868263667,0.3476557586503032,0.0,0.9787623673974664,0.9978656620306885,0.947231673101589,0.8525984233221154,0.9729016932646734,0.8902315493634246,0.9790036113314619,0.8117732949912887,0.8603267657355307,0.9991150980039359,0.865210714192549,0.8812236418659806,0.9191314104569036,0.9000300332966005,0.9347000065667285,0.8306704728178632,0.6807472913141724,0.8813388055387391,0.30016905004653205,0.34401586254247213,0.28159991923797223,0.27362502825298646,0.3024558975362347,0.4459518347315318,0.4729327884256314,0.45152498098467464,0.7001284487068826,0.6313285988876001,0.5224384680531675,0.8208706331666551,0.3166656071947625,0.7233983735585641,0.7547058796902625,0.9099448403442099,0.8115369473341941,0.7978951703484762,1.0,0.9368229485487088,0.8957692911244285,0.9061873024078524,0.8678437968775531,0.8942896908694994,0.8395485497616472,0.9849889999334288,0.8018737313628389,0.921036431702747,0.9347199369998641,0.9825665474004815,0.8676634481910831,0.9606697019977243,0.5843497146755118
0.9206131239449676,0.3780864202861791,0.22776868921789883,0.2875931793336097,0.2803669508760652,0.9787623673974664,0.0,1.0,0.9502970245245285,0.9119688612530944,0.9662150614178885,0.7746811720896208,0.9762695490706496,0.9046458264408774,0.8927631249961563,0.9915022528020635,0.9808932145421121,0.9125017853977964,0.9903780315566959,0.8326190243956937,0.9897375988557537,0.6803442510828638,0.6137559992815602,0.8373942844679757,0.23711941575730916,0.2646895968954651,0.2273634237906395,0.2187968672353908,0.24176708559072954,0.3518250342116633,0.38167085506065573,0.3602502836421565,0.6059599566907964,0.5322984231754796,0.41365491749656114,0.7197587191630724,0.27594299853808607,0.6097337125314977,0.6437508233831469,0.8123521970399983,0.7548572999585953,0.6404820613218873,0.9541120231833874,1.0,0.8583632522841255,0.949626415882267,0.912392120181471,0.9420835269976975,0.9003044719547827,0.8723249972155754,0.8978101880151658,0.90435743489067,0.9202508777489175,0.9572845575368841,0.7922930276263288,0.9856249902506206,0.6736091995669962
0.9287604030112759,0.40741212231956114,0.24854915002000866,0.3114830789887495,0.3084388094619553,0.9978656620306885,1.0,0.0,0.915105789444085,0.9234569438813873,0.9920696385099108,0.8636426074096619,0.9637747763369137,0.8739471770201936,0.9025825530252375,1.0,0.960522987018561,0.8969982948497316,0.9585726305086023,0.8863162842309634,0.9786508307558297,0.7185881884319995,0.6521655257228929,0.8643443282133942,0.24827437930317195,0.2783284571518691,0.23433951845082018,0.22454964164892433,0.24629422650504457,0.3804406341271048,0.3926173660147911,0.3733906484957706,0.6344357957515454,0.5939368573346898,0.44022270818752945,0.7934961444485717,0.2981045387177274,0.6584539589782498,0.6777984432866037,0.8437427046334495,0.8156650070197062,0.6778759861159015,0.9777356531337894,0.9904456555714757,0.8914314691318842,0.9396798046295431,0.953684573947886,0.9865708158029098,0.8845572602593036,0.9609019701675208,0.8867597446002203,0.9505320487177447,0.9740697011874269,0.9698433607312318,0.9124215595825813,0.9456382307803957,0.6165070012006733
0.8273631555531441,0.3892655867686268,0.24175456513440563,0.30155645809715953,0.2917831055402372,0.947231673101589,0.9502970245245285,0.915105789444085,0.0,0.7880609336632921,0.8792735762481385,0.7590616481138598,0.8989837336803718,0.8686897971829262,0.8025773454513162,0.8867231256232979,0.8839738629219932,0.885279754532645,0.9096826892948967,0.805063970454146,0.9064513128298006,0.6692449900339258,0.6430893578224273,0.798317034715718,0.2475098840944058,0.27797394510771345,0.23347832791887524,0.2192654881043677,0.24641865808103564,0.3670549638389951,0.39453093625121777,0.3700197946080798,0.587279670818938,0.5535144620469211,0.4282895369034999,0.7069756444510829,0.2804233987026143,0.6338194660846177,0.613800649645793,0.7788928755987441,0.7084410330560609,0.625571696965048,0.9175816005707287,0.9300237423660555,0.8220111158239396,0.9311005024605719,0.9342976125119757,0.9167540794377572,0.813889954681179,0.820441026673138,0.7790451557805075,0.8513369463936223,0.903194419026264,0.9726376560826672,0.7858738305905194,0.9164507177668549,0.6211508109176548
0.9595904472537438,0.3876147769421329,0.21362708659318233,0.2859657165684243,0.3159196194293963,0.8525984233221154,0.9119688612530944,0.9234569438813873,0.7880609336632921,0.0,0.9263342596815468,0.7653717123975401,0.8003723131951631,0.7683650420213678,0.8135456168095672,0.9171861087640263,0.7691712289914906,0.8270241215189069,0.913617794161808,0.8732411341046303,0.8084959126883218,0.7665383650468356,0.6790528320016567,0.8549326410644649,0.25683188988948763,0.29226046830728075,0.263586480756588,0.24176703460423923,0.26729314834728785,0.3747214258342493,0.40346363851915173,0.39047078595399504,0.681461534834776,0.5879151469716435,0.4377154063097976,0.7631679383522515,0.27202977663375844,0.6571217379379963,0.6662537296634861,0.8205620086874558,0.8285077096179939,0.6713902641932291,0.8786455831176643,0.9426019080098672,0.7453054109588017,0.8999870592469006,0.8533804550016046,0.9053737281859299,0.8473530372899346,0.8523545009425498,0.7703346004583749,0.8297887158784434,0.8160967056563849,0.903642595403396,0.7390323392868666,0.9009788794344952,0.5631097489763811
0.9832294566034882,0.5030928054937458,0.2784479322058535,0.3722286643138657,0.3889399667869924,0.9729016932646734,0.9662150614178885,0.9920696385099108,0.8792735762481385,0.9263342596815468,0.0,0.9203185758149567,0.9928497023508843,0.7872930803386706,0.9544949480027435,1.0,0.8341267697528507,0.8967464004487752,0.9138992580499854,0.9520508874576447,0.9163698928898891,0.883637077268878,0.7862638460993964,0.9511720292494347,0.3334876498478987,0.38240023344301494,0.31936755179237464,0.29486990842161626,0.33698875929556726,0.4962919942678219,0.5359090804209103,0.5043711420776612,0.8128157838424944,0.7507303207097306,0.5838937130839615,0.8743914662675903,0.3478066809321784,0.7826166453168519,0.8433791009366949,0.9977195085764263,0.9016002281656769,0.860537686883728,1.0,0.8989301654251246,0.9072321137999823,0.9053738398889818,0.8957558828101185,0.9378193990534133,0.8748907708813826,0.9439091104417194,0.7871357857676058,0.9039516882274479,0.9256522198580696,1.0,0.9076134060281655,1.0,0.5108404737183528
0.764493768240143,0.5006039834350108,0.3117770403663351,0.39777019778820094,0.35889001747414984,0.8902315493634246,0.7746811720896208,0.8636426074096619,0.7590616481138598,0.7653717123975401,0.9203185758149567,0.0,0.9369247076389645,0.7461553069688781,0.9164213145167521,0.8712017290919667,0.7765697621089542,0.8586822728556706,0.8496594230644937,0.8555049375004523,0.8197973504937367,0.7888830621874413,0.7503086502301691,0.8254983204807209,0.2844398173354297,0.32419018870598515,0.272127795436471,0.2679760531056001,0.28754963950521956,0.46801349432720735,0.48139041731864246,0.45718223956648096,0.672905611244992,0.6898254893320171,0.5160752261316567,0.8056897653085592,0.3355458425267442,0.7271206400600002,0.7950261065790759,0.8393247312494007,0.7840660227021505,0.7726405480420341,0.9466158613196499,0.8128076034188837,0.8559954904006727,0.7272130904641877,0.7785651453204858,0.8866086782730443,0.8571418089184247,0.839210452430986,0.6642570430510959,0.8556977022342269,0.8697845728849165,0.9264965345177306,0.9199065299932646,0.8761504172620537,0.4358274966386507
0.7918951948639315,0.4182270484296276,0.28605215702884107,0.3442089483031184,0.30091606407616106,0.9790036113314619,0.9762695490706496,0.9637747763369137,0.8989837336803718,0.8003723131951631,0.9928497023508843,0.9369247076389645,0.0,0.9016523189748338,0.9704859329694183,1.0,0.968844081293956,0.9784304683630487,0.9629224042239527,0.9441371285081994,0.9828426153555729,0.7385950057172029,0.6694715650953432,0.8697614520803421,0.24580331016436713,0.2754952954972947,0.22758379101447582,0.22201645367884523,0.24461432242362532,0.40690350193836644,0.3983826676993573,0.38294496996575195,0.6385487734458776,0.577536885697158,0.46713333418510833,0.77737763991204,0.2885402603636189,0.6967276230664863,0.701637046814087,0.8214070230899898,0.7539537700260075,0.7071475929089411,0.9356547353766435,0.945337301243331,0.9390208542462145,0.8360918534309205,0.9847867952005598,0.9631446126123897,0.9582454563010514,0.9142115361679723,0.784858027562662,0.9511169872929781,0.9600253899088546,1.0,0.9331357375245568,0.9415111815634697,0.5757710329413684
0.7931679417697021,0.3070559440925763,0.23032476603717383,0.26449364056870134,0.2265673632516561,0.8117732949912887,0.9046458264408774,0.8739471770201936,0.8686897971829262,0.7683650420213678,0.7872930803386706,0.7461553069688781,0.9016523189748338,0.0,0.7514901168569729,0.8219453310316691,0.8834343816808227,0.9062629832014144,0.8729729436048101,0.7438158271916891,0.9046995901136194,0.6119372910025905,0.5344118177009769,0.7044749793036147,0.19860999449090128,0.22058922502932202,0.18362573130199736,0.17423869414486334,0.19886197203550132,0.2961537047796766,0.3131328904996821,0.2979606157772082,0.5064334344517507,0.45738705376835503,0.3482592484018989,0.6392334827568,0.23863509435047453,0.5186924082067698,0.5420775144731724,0.6914615571044712,0.6396273228435354,0.5420099321156807,0.8515467497349948,0.8641127617966615,0.7950682065777877,0.8449173458491165,0.944629072313222,0.8895575111128725,0.7821255861800273,0.7461743540637235,0.8552992290391606,0.8283764588364955,0.8542751769107924,0.8571479189852884,0.7979558411562011,0.8355404862400517,0.7165541973413871
0.7804703417010783,0.4751634223725854,0.2692595567951306,0.3452911045133857,0.330926051523596,0.8603267657355307,0.8927631249961563,0.9025825530252375,0.8025773454513162,0.8135456168095672,0.9544949480027435,0.9164213145167521,0.9704859329694183,0.7514901168569729,0.0,0.9321377524040478,0.7760914062834212,0.8916989694450373,0.9475304100308258,0.9179576175792432,0.7874625506905263,0.7757166799601631,0.7585478348342513,0.8396844851561145,0.2620931347896127,0.2962690036743221,0.2462211152076559,0.23091499185187817,0.2666243110699424,0.4158972150721437,0.43729681222562694,0.41857196836018257,0.6575561150597848,0.6321284064269845,0.486334937124975,0.8485385868872846,0.3158297319391344,0.6953826769910995,0.7327586543465554,0.8155288787341615,0.8052139272988037,0.679677684489219,0.848596654756561,0.7892604301789891,0.8138789997212439,0.7561404306042679,0.8303379765055433,0.9036641985141427,0.8549158165603408,0.8884879914786092,0.7270666490764547,0.8948883948838467,0.8385901857424356,0.9460397663739135,0.8820633468833624,0.9212984036091529,0.468406663850053
0.9438300173591179,0.48064829086434346,0.29786322322662057,0.374973285367812,0.3516260481170235,0.9991150980039359,0.9915022528020635,1.0,0.8867231256232979,0.9171861087640263,1.0,0.8712017290919667,1.0,0.8219453310316691,0.9321377524040478,0.0,0.8981538275866366,0.9888670819367935,0.918149790166641,0.9011805186873789,0.9366068525679621,0.8522136838411604,0.732500466609836,0.8934829136990871,0.2902184796018461,0.32254221337953237,0.28381864185124495,0.2662634421704373,0.29192790046750755,0.43813139239748095,0.47056623682020315,0.46155969200745317,0.7038617323705934,0.6144932550940524,0.51688407978821,0.8458453322516392,0.32040920110251686,0.7483436614164409,0.7953812334465804,0.9360811544389945,0.7517836229138509,0.7773096880032702,1.0,0.9369668751475652,0.9110394981362452,0.8587524600196955,0.956672218861736,0.9910661730181292,0.8601652895428636,0.9444336661184144,0.8130151416047463,0.9360231341544601,0.9871134592624409,1.0,0.9084201379121654,0.9829478933197464,0.5829125042328263
0.825213028135544,0.3176740605934583,0.23147459576962365,0.270590000661053,0.23473804500395462,0.865210714192549,0.9808932145421121,0.960522987018561,0.8839738629219932,0.7691712289914906,0.8341267697528507,0.7765697621089542,0.968844081293956,0.8834343816808227,0.7760914062834212,0.8981538275866366,0.0,0.9458043468250746,0.8948368376000275,0.804423466259263,0.9740196867877905,0.6149211506732917,0.531345363436147,0.7227978917022747,0.20857549174371817,0.2302191359937181,0.18866617036354902,0.18524693756498614,0.20607280317346777,0.301559320337344,0.32578212389149885,0.30713502988688873,0.5110901286215411,0.47138057334451816,0.35254832748075093,0.6372681178958782,0.2433537389196659,0.5360175020224487,0.5768535182572694,0.7108796336827029,0.6706700280106818,0.5449624771525904,0.8633267137325283,0.986492831052639,0.786721646739856,0.8803521444928942,0.8862157748581448,0.8838009733689244,0.8263017848428046,0.7947503165389451,0.8527570303570242,0.8176975136762222,0.8947942687039927,0.8556051174732905,0.7981242507475673,0.8920955211877831,0.6667563878174727
0.8259371521028319,0.40505626783304055,0.2715866813795929,0.3398567423148229,0.30344251607590117,0.8812236418659806,0.9125017853977964,0.8969982948497316,0.885279754532645,0.8270241215189069,0.8967464004487752,0.8586822728556706,0.9784304683630487,0.9062629832014144,0.8916989694450373,0.9888670819367935,0.9458043468250746,0.0,0.9330048283352294,0.8933817397563707,0.8974294043100152,0.806203738059771,0.6946767665785214,0.8743273989570755,0.2652673860129003,0.2989936165071768,0.24773407365110842,0.2249177121885315,0.266137827270826,0.4123160346497837,0.42478644728679343,0.4119997326628532,0.6742603431846524,0.619097725078118,0.4853708323098902,0.8028477517259708,0.299858657975413,0.6673191784364597,0.7148273309388574,0.8391214182352694,0.7805528151420501,0.723453235867282,0.9630878579097258,0.9036088912479491,0.9301072859086393,0.8525290865473086,0.90637980603303,0.9806961229447043,0.8860081477976773,0.9235395394547622,0.7620715370827505,0.9035783544157151,0.902527770348092,0.9642193547542146,0.8428224919864339,0.9280210504768913,0.5834746678301056
0.8749120320800224,0.42650167054553595,0.2559653388713948,0.3312367463979179,0.3294882255824687,0.9191314104569036,0.9903780315566959,0.9585726305086023,0.9096826892948967,0.913617794161808,0.9138992580499854,0.8496594230644937,0.9629224042239527,0.8729729436048101,0.9475304100308258,0.918149790166641,0.8948368376000275,0.9330048283352294,0.0,0.9490262012363846,0.9556428990554949,0.8136068600910891,0.7246653896553842,0.8539977736330433,0.2760350703171969,0.3120167985951331,0.26617810758978244,0.24445050119005876,0.2800980732667739,0.41679229232786863,0.43326342284079505,0.43820631755586015,0.7201407651430883,0.6540947902185472,0.4978602929549949,0.833039815713289,0.3098711880349505,0.7194269548242136,0.7287133614327628,0.8558082752475005,0.8113336709320634,0.7214665628513192,0.9080559960405399,0.8871708898193231,0.8206984031003794,0.952861520323335,1.0,0.9519006147478554,0.9460001642496255,0.8736289027125874,0.7706404210315868,0.910786670205488,0.9400769338248602,0.9011476468703379,0.8463141065828667,0.9927366447516095,0.5412572125734847
0.8130733047948258,0.4889992711633291,0.272351127659852,0.37119787559377165,0.39070862994765027,0.9000300332966005,0.8326190243956937,0.8863162842309634,0.805063970454146,0.8732411341046303,0.9520508874576447,0.8555049375004523,0.9441371285081994,0.7438158271916891,0.9179576175792432,0.9011805186873789,0.804423466259263,0.8933817397563707,0.9490262012363846,0.0,0.8696608051488489,0.9333969755606296,0.7972815754682927,0.9070707359650398,0.31867089725880954,0.3541619484969384,0.31502115521103213,0.27292608117013906,0.32558753220581377,0.4861060240274758,0.5062888142211832,0.49912190565072523,0.7884500674332542,0.7508879087174242,0.5944143279901707,0.9347122644349901,0.3441443286564172,0.8132513426945102,0.8647981134044002,0.9298840635545947,0.9010183703338085,0.8288742297919057,0.9281773998328438,0.8275663998029088,0.7761374487252274,0.8172589368229156,0.8340837084775757,0.8975237813264202,0.9459401786408195,0.8711422242569199,0.66495317213,0.8607303032283278,0.8350310060519057,0.9388413157525168,0.8712989247417,0.9293714926968173,0.479144959858821
0.8618670520654325,0.3595750553551459,0.24220873834187087,0.298821287441528,0.27369993658149183,0.9347000065667285,0.9897375988557537,0.9786508307558297,0.9064513128298006,0.8084959126883218,0.9163698928898891,0.8197973504937367,0.9828426153555729,0.9046995901136194,0.7874625506905263,0.9366068525679621,0.9740196867877905,0.8974294043100152,0.9556428990554949,0.8696608051488489,0.0,0.6794780192547698,0.6018525532949145,0.8147609971239989,0.2315246814722323,0.255058211950573,0.21557590567311036,0.2048239815922164,0.23087225816429008,0.3469304016756787,0.3618330346717013,0.34962035935053076,0.6026832207311495,0.5185590695351951,0.3943790856197546,0.678810552577441,0.2606628581877061,0.6267553485778043,0.619198988448471,0.7879375935377061,0.7265900423039106,0.6550168897437605,0.9567283236625348,0.9715264793423994,0.8912531222756058,0.9168628645638888,0.952671897711223,0.9557929094104787,0.8532274325098319,0.8159874734481698,0.8784880411599482,0.9188648793956083,0.9289629831612931,0.9147331259280195,0.835808899077357,1.0,0.6694066372974791
0.7377464495001845,0.5396866226677747,0.3204187526770223,0.47249980357194804,0.4529683385191607,0.8306704728178632,0.6803442510828638,0.7185881884319995,0.6692449900339258,0.7665383650468356,0.883637077268878,0.7888830621874413,0.7385950057172029,0.6119372910025905,0.7757166799601631,0.8522136838411604,0.6149211506732917,0.806203738059771,0.8136068600910891,0.9333969755606296,0.6794780192547698,0.0,0.9754596298704268,0.861742511086448,0.4636652618181917,0.5197198289482348,0.4134137662149643,0.3426204135862325,0.4597458347398213,0.7330946047465626,0.7235970406955752,0.7294774271750918,1.0,0.8726010371221685,0.8070825671852209,0.9899754404066659,0.4729410639520678,0.9587842892177431,0.9401066217719009,1.0,0.9187017009436949,0.962093302681742,0.9344756818027509,0.6549644503070071,0.6950527998402436,0.6921529344959432,0.7087391614108387,0.867513187862093,0.7335601259279249,0.8160254317204428,0.5395116742863869,0.7755399377141694,0.7002893125541295,0.8675214261423762,0.8189823540076825,0.8573686766665249,0.37714360474319314
0.6260517871706608,0.5826136975454473,0.31967515822550524,0.46692087591280745,0.48709486532596213,0.6807472913141724,0.6137559992815602,0.6521655257228929,0.6430893578224273,0.6790528320016567,0.7862638460993964,0.7503086502301691,0.6694715650953432,0.5344118177009769,0.7585478348342513,0.732500466609836,0.531345363436147,0.6946767665785214,0.7246653896553842,0.7972815754682927,0.6018525532949145,0.9754596298704268,0.0,0.8367595025772144,0.4689344381532236,0.5084351654615573,0.42071935134197447,0.3368141331608484,0.4546437616538492,0.6968349536013948,0.7056834451449427,0.7212392825611657,0.9300299274295138,0.8930606345165188,0.8082679771444381,0.95473116180153,0.5200534054675597,0.9122935313998332,0.9185826188444803,0.8888622203767131,0.8272311560124831,0.8591312143452627,0.779945931173305,0.5663928384782758,0.6078664562728175,0.617414347732913,0.6681463346142554,0.7479282814110003,0.6903704223354797,0.7146120270525296,0.5079076005131705,0.6700946395886883,0.6167357754190935,0.758997962443456,0.7177532244995471,0.6780190761162104,0.3365748156823161
0.9264428913158728,0.4842564147504713,0.2604394090622664,0.3678327097591944,0.3873064316431764,0.8813388055387391,0.8373942844679757,0.8643443282133942,0.798317034715718,0.8549326410644649,0.9511720292494347,0.8254983204807209,0.8697614520803421,0.7044749793036147,0.8396844851561145,0.8934829136990871,0.7227978917022747,0.8743273989570755,0.8539977736330433,0.9070707359650398,0.8147609971239989,0.861742511086448,0.8367595025772144,0.0,0.3677914169572507,0.4055756436672659,0.3411714889975609,0.2861626225163101,0.3553584845653661,0.542605714860322,0.5566855965876756,0.5636073952144035,0.8192795380538885,0.7517100594336322,0.6229224049846741,0.9394816199226208,0.39668739394621055,0.8343876356851697,0.7861055546130147,0.9279059392773426,0.9049665280539656,0.8611367612731321,0.8986787689615658,0.7839755701473637,0.7553813247458608,0.8201907732272763,0.8391756615192693,0.9201300578098903,0.8794402043247244,0.8569549054454189,0.6726221804828746,0.8329970184616204,0.8354322526643875,0.9529003644424898,0.789116547868197,0.9391936181413517,0.4809940991435215
0.2807705616597257,0.4641963217063633,0.3412400921069974,0.5980614379264074,0.5835077065972266,0.30016905004653205,0.23711941575730916,0.24827437930317195,0.2475098840944058,0.25683188988948763,0.3334876498478987,0.2844398173354297,0.24580331016436713,0.19860999449090128,0.2620931347896127,0.2902184796018461,0.20857549174371817,0.2652673860129003,0.2760350703171969,0.31867089725880954,0.2315246814722323,0.4636652618181917,0.4689344381532236,0.3677914169572507,0.0,0.9697705815993442,0.8715385276701266,0.7385988967034953,0.9436250875720744,0.8641500917450021,0.7722874382431051,0.8123023574635383,0.5471292976840464,0.5497465045280305,0.742861845670489,0.4096538796536615,0.7732240809043126,0.5147830436674853,0.4787032259183321,0.39653437774239864,0.3716547575485129,0.514504711560819,0.34808654330717026,0.2429744330207449,0.25148299105960487,0.26320070174666155,0.2530603689848434,0.30296754184455377,0.27637874084260095,0.2887048024788886,0.20626623934709323,0.26696883576215397,0.2449805414394486,0.2950943328326469,0.2964310869774812,0.3092882674604625,0.14922590155952145
0.30949760126728615,0.5020983673298244,0.34333368726792457,0.6205986697393429,0.6255873776338007,0.34401586254247213,0.2646895968954651,0.2783284571518691,0.27797394510771345,0.29226046830728075,0.38240023344301494,0.32419018870598515,0.2754952954972947,0.22058922502932202,0.2962690036743221,0.32254221337953237,0.2302191359937181,0.2989936165071768,0.3120167985951331,0.3541619484969384,0.255058211950573,0.5197198289482348,0.5084351654615573,0.4055756436672659,0.9697705815993442,0.0,0.8631362004139717,0.7613241799008205,0.9025262655506884,0.9715655652321782,0.847244881402001,0.8458560871207906,0.6293934076048022,0.6011633374013796,0.7816174500069626,0.4641415915801898,0.764161930802605,0.5687936224515929,0.5528038175939898,0.4435838101017125,0.41602692473853387,0.5816096632323373,0.3872264750208301,0.2728721228871535,0.2848840318858938,0.29415029985888275,0.27413742276282616,0.3354263792248512,0.308776229637302,0.31744974635373757,0.22851436334210906,0.29561918944022847,0.2730717059800929,0.32326639806321,0.32617385931813897,0.33920671278156483,0.15785287824916397
0.26871969788735517,0.4661572055592703,0.3082130625096401,0.5015272626144669,0.6904747133567144,0.28159991923797223,0.2273634237906395,0.23433951845082018,0.23347832791887524,0.263586480756588,0.31936755179237464,0.272127795436471,0.22758379101447582,0.18362573130199736,0.2462211152076559,0.28381864185124495,0.18866617036354902,0.24773407365110842,0.26617810758978244,0.31502115521103213,0.21557590567311036,0.4134137662149643,0.42071935134197447,0.3411714889975609,0.8715385276701266,0.8631362004139717,0.0,0.7182096481237006,0.8460734604977481,0.8101023861567922,0.7102513130867768,0.6791252880320947,0.4798021765261647,0.5121330450343687,0.6822604520615843,0.38465134060106754,0.6994336827773409,0.4638487819468838,0.4442308632612079,0.35524679999789804,0.3513085022978249,0.45746123484077883,0.31849860142604997,0.23626704638985194,0.23784884501998604,0.25337174395427725,0.23433370114186247,0.2867189755249256,0.2673988441975704,0.2812059157400662,0.19821525122516243,0.25589389857970274,0.2295883370516142,0.2740831521313942,0.2663260900843904,0.2949460208078228,0.13874848105873835
0.2505001835989067,0.4656833384214592,0.3560223526505285,0.5537882158230175,0.6413610880873574,0.27362502825298646,0.2187968672353908,0.22454964164892433,0.2192654881043677,0.24176703460423923,0.29486990842161626,0.2679760531056001,0.22201645367884523,0.17423869414486334,0.23091499185187817,0.2662634421704373,0.18524693756498614,0.2249177121885315,0.24445050119005876,0.27292608117013906,0.2048239815922164,0.3426204135862325,0.3368141331608484,0.2861626225163101,0.7385988967034953,0.7613241799008205,0.7182096481237006,0.0,0.7768277843568641,0.6354660418498637,0.6043402601310857,0.5634222079910945,0.4005620807475758,0.4038169590756786,0.5363196014000681,0.3085941461214225,0.5346731214196739,0.4039102223721674,0.3979256205915472,0.31196529853616434,0.29706673807739353,0.41938014977720905,0.2902460919271041,0.23422044260527827,0.2345031809574029,0.2310359658156879,0.20767608461998752,0.25911985979553676,0.23076377867264616,0.26671418015409026,0.19044975576932208,0.24228583034087303,0.22322512873189349,0.2631338982710227,0.2666158928830034,0.2711255142526235,0.12571375858584805
0.2812673536899943,0.4573680132470913,0.3425179778907494,0.5790102296269216,0.6384166459470253,0.3024558975362347,0.24176708559072954,0.24629422650504457,0.24641865808103564,0.26729314834728785,0.33698875929556726,0.28754963950521956,0.24461432242362532,0.19886197203550132,0.2666243110699424,0.29192790046750755,0.20607280317346777,0.266137827270826,0.2800980732667739,0.32558753220581377,0.23087225816429008,0.4597458347398213,0.4546437616538492,0.3553584845653661,0.9436250875720744,0.9025262655506884,0.8460734604977481,0.7768277843568641,0.0,0.9132686335161208,0.7730619980046564,0.7407076425283435,0.5334649098312484,0.5458087140791353,0.7447911541295658,0.3999343547642618,0.7236066302916059,0.5259951886329346,0.4792301541101817,0.3870456315393747,0.3674225660540816,0.5156824575486312,0.3465164770345164,0.24270330387115846,0.2529748531781817,0.2599563668161529,0.25185612152142073,0.3108722484331704,0.2760415290712219,0.2930082776637692,0.21031306260268068,0.2727029875203591,0.24613456141158824,0.29857814632197277,0.29360319554250297,0.31534232501508436,0.14675390176101447
0.38084327520246747,0.6596391345491925,0.405155471672782,0.7177848658690918,0.6907656234960508,0.4459518347315318,0.3518250342116633,0.3804406341271048,0.3670549638389951,0.3747214258342493,0.4962919942678219,0.46801349432720735,0.40690350193836644,0.2961537047796766,0.4158972150721437,0.43813139239748095,0.301559320337344,0.4123160346497837,0.41679229232786863,0.4861060240274758,0.3469304016756787,0.7330946047465626,0.6968349536013948,0.542605714860322,0.8641500917450021,0.9715655652321782,0.8101023861567922,0.6354660418498637,0.9132686335161208,0.0,0.9872090539040059,0.961669079026121,0.7905790025014673,0.7968358298167438,1.0,0.6297998563592632,0.8295533939557237,0.799184683046193,0.7298929047938073,0.5724401447548223,0.5202569675479164,0.7530407852999076,0.49659651488753365,0.361186380508327,0.3864821868435597,0.36383310256989143,0.3570916829794084,0.451246378620564,0.4079685604700676,0.4353052940056741,0.2975896704436495,0.41608959596557915,0.372038179771659,0.4562318752086981,0.44747572154306503,0.4431408095794595,0.20078476991919528
0.4224412274176034,0.6147752621342771,0.37637448297027337,0.6608254637751052,0.6543206250990949,0.4729327884256314,0.38167085506065573,0.3926173660147911,0.39453093625121777,0.40346363851915173,0.5359090804209103,0.48139041731864246,0.3983826676993573,0.3131328904996821,0.43729681222562694,0.47056623682020315,0.32578212389149885,0.42478644728679343,0.43326342284079505,0.5062888142211832,0.3618330346717013,0.7235970406955752,0.7056834451449427,0.5566855965876756,0.7722874382431051,0.847244881402001,0.7102513130867768,0.6043402601310857,0.7730619980046564,0.9872090539040059,0.0,0.9455206930691525,0.7905426442679845,0.8440349344512933,0.9628551633851506,0.6408025207822516,0.7314865531138794,0.7736089067483406,0.7710156437738919,0.6313245512355021,0.5911487070426893,0.7797385005277381,0.5512424796542172,0.37596627092350604,0.40606562394388523,0.3972194745885885,0.3875097467630693,0.47272262699130135,0.4308259901991369,0.47061589337030674,0.3096857352974781,0.43507339491396746,0.3926139683334266,0.48519730753557805,0.45845501160293417,0.4747967499802402,0.2138495575416449
0.4097896970598268,0.613360068068626,0.344128289972192,0.6127570266876137,0.6650375909056441,0.45152498098467464,0.3602502836421565,0.3733906484957706,0.3700197946080798,0.39047078595399504,0.5043711420776612,0.45718223956648096,0.38294496996575195,0.2979606157772082,0.41857196836018257,0.46155969200745317,0.30713502988688873,0.4119997326628532,0.43820631755586015,0.49912190565072523,0.34962035935053076,0.7294774271750918,0.7212392825611657,0.5636073952144035,0.8123023574635383,0.8458560871207906,0.6791252880320947,0.5634222079910945,0.7407076425283435,0.961669079026121,0.9455206930691525,0.0,0.8382420241222369,0.845205686647953,0.9286954307429024,0.6596475697389607,0.6855784352899811,0.7647926717993103,0.7325250454114216,0.5872151608570151,0.5861492402262191,0.7512653545466171,0.5203210355847965,0.3591755627219204,0.3778282699477513,0.38504220272918227,0.37580393604040047,0.47075947955897374,0.42427506631010287,0.439843321972642,0.2945663323572576,0.4054510517097339,0.3638181831054986,0.45020824406951415,0.4527922214511889,0.4781659262637142,0.2061646142909048
0.6669657205232847,0.5945670928373714,0.3135857636124514,0.49690171054307297,0.5241708670484738,0.7001284487068826,0.6059599566907964,0.6344357957515454,0.587279670818938,0.681461534834776,0.8128157838424944,0.672905611244992,0.6385487734458776,0.5064334344517507,0.6575561150597848,0.7038617323705934,0.5110901286215411,0.6742603431846524,0.7201407651430883,0.7884500674332542,0.6026832207311495,1.0,0.9300299274295138,0.8192795380538885,0.5471292976840464,0.6293934076048022,0.4798021765261647,0.4005620807475758,0.5334649098312484,0.7905790025014673,0.7905426442679845,0.8382420241222369,0.0,0.9452069086321934,0.9334143923953844,0.9450829025956661,0.5519238920156763,0.9754112461214339,0.9243441345415001,0.9536202367868258,0.8611045010912659,1.0,0.8187655050813925,0.5958416781249357,0.602869620544224,0.6300449197359687,0.5964714515203013,0.7125138376002806,0.6883809329040906,0.6937721962614549,0.4890306665518059,0.6539612102483532,0.590141876774576,0.7291756410718752,0.687028916816507,0.7372698211961151,0.31645855183398197
0.564150193305861,0.6498271383125187,0.34129831045746417,0.5305987511830832,0.5733278895331654,0.6313285988876001,0.5322984231754796,0.5939368573346898,0.5535144620469211,0.5879151469716435,0.7507303207097306,0.6898254893320171,0.577536885697158,0.45738705376835503,0.6321284064269845,0.6144932550940524,0.47138057334451816,0.619097725078118,0.6540947902185472,0.7508879087174242,0.5185590695351951,0.8726010371221685,0.8930606345165188,0.7517100594336322,0.5497465045280305,0.6011633374013796,0.5121330450343687,0.4038169590756786,0.5458087140791353,0.7968358298167438,0.8440349344512933,0.845205686647953,0.9452069086321934,0.0,0.9265408243882376,0.8698766601342571,0.5817888311425721,0.9264116728343947,0.9264044644461622,0.8329636458848155,0.7650804929118281,0.876948838808761,0.7354060217083882,0.5256679925669608,0.5496945664584768,0.5320625755119586,0.5695347157617883,0.6516224586900882,0.6170809811894848,0.6374410117657848,0.42937948166598044,0.6161992743715676,0.5484349390269413,0.6786333123620463,0.6188893207139821,0.6538175900259566,0.29072564514889465
0.45514050266280914,0.6700066182107635,0.4074300952909166,0.6508792728888327,0.690728692729318,0.5224384680531675,0.41365491749656114,0.44022270818752945,0.4282895369034999,0.4377154063097976,0.5838937130839615,0.5160752261316567,0.46713333418510833,0.3482592484018989,0.486334937124975,0.51688407978821,0.35254832748075093,0.4853708323098902,0.4978602929549949,0.5944143279901707,0.3943790856197546,0.8070825671852209,0.8082679771444381,0.6229224049846741,0.742861845670489,0.7816174500069626,0.6822604520615843,0.5363196014000681,0.7447911541295658,1.0,0.9628551633851506,0.9286954307429024,0.9334143923953844,0.9265408243882376,0.0,0.7045323583711004,0.7224693276660062,0.8463251469060559,0.801271166972871,0.6857061216302845,0.6311124057049422,0.8319746533580706,0.5929136950451372,0.3943223418196861,0.43394738063379773,0.44361659357348754,0.4345177481819599,0.5374982282118235,0.4908920507600311,0.505236730821163,0.3370754818138473,0.48013501498125033,0.42065532869842154,0.5438828596397298,0.5240368011835814,0.5366525627641432,0.23050997564247772
0.7560441555204136,0.5407576889825892,0.27660878705889425,0.4088909594469835,0.42072561845654377,0.8208706331666551,0.7197587191630724,0.7934961444485717,0.7069756444510829,0.7631679383522515,0.8743914662675903,0.8056897653085592,0.77737763991204,0.6392334827568,0.8485385868872846,0.8458453322516392,0.6372681178958782,0.8028477517259708,0.833039815713289,0.9347122644349901,0.678810552577441,0.9899754404066659,0.95473116180153,0.9394816199226208,0.4096538796536615,0.4641415915801898,0.38465134060106754,0.3085941461214225,0.3999343547642618,0.6297998563592632,0.6408025207822516,0.6596475697389607,0.9450829025956661,0.8698766601342571,0.7045323583711004,0.0,0.46740898189697294,0.8053192956029287,0.8877875009798565,0.9240063367087908,0.8751058126290326,0.8617893395650603,0.8623880074902288,0.6730565329925616,0.6868298911294879,0.6763528232184559,0.7314287296179595,0.8236776916297102,0.8098268381000981,0.81655558077111,0.6046478348629972,0.7789237560764557,0.7129133539295083,0.8994093678892009,0.776498013853756,0.8728033322274733,0.39617524123624454
