Cingulate area 2,Glomerular layer of the accessory olfactory bulb,Glomerular layer of the olfactory bulb,"Olfactory bulb, unspecified",Frontal association cortex,Cornu ammonis 3,Dentate gyrus,Cornu ammonis 2,Cornu ammonis 1,Fasciola cinereum,Subiculum,Postrhinal cortex,Presubiculum,Parasubiculum,Perirhinal area 35,Perirhinal area 36,Medial entorhinal cortex,Lateral entorhinal cortex,Primary auditory area,"Secondary auditory area, dorsal part","Secondary auditory area, ventral part","Piriform cortex, layer 1","Piriform cortex, layer 2","Piriform cortex, layer 3",Ventrolateral orbital area,Lateral orbital area,Ventral orbital area,Medial orbital area,Dorsolateral orbital area,Prelimbic area,Secondary motor area,Frontal association area 3,Primary motor area,"Agranular insular cortex, ventral area",Agranular insular cortex dorsal area,Cingulate area 1,Infralimbic area,Dysgranular insular cortex,Granular insular cortex,"Primary somatosensory area, forelimb representation","Primary somatosensory area, dysgranular zone","Primary somatosensory area, face representation",Secondary somatosensory area,"Primary somatosensory area, hindlimb representation","Agranular insular cortex, posterior area","Primary somatosensory area, barrel field",Retrosplenial dysgranular area,"Primary somatosensory area, trunk representation",Retrosplenial granular area,"Parietal association cortex, lateral area","Parietal association cortex, medial area","Parietal association cortex, posterior area",Primary visual area,"Secondary visual area, lateral part",Temporal association cortex,"Secondary visual area, medial part",Nucleus of the lateral olfactory tract
0.0,0.37852895124659786,0.18598160275558145,0.27092573520212726,0.43990744298534024,0.8563847644571557,0.8515067684880137,0.7404279669580752,0.8540298523753131,0.8176877546179762,0.7752899022213934,0.6344270485608055,0.71487295478289,0.8116818732437486,0.8124335923723344,0.8697554566093995,0.7493854922724288,0.7454690373922991,0.8243281011236422,0.7279746586950072,0.789585109884836,0.6604715049392926,0.580512187313953,0.7206212359706355,0.185741655417514,0.2627021030387614,0.1954895767778935,0.2815636322426172,0.2901231710483717,0.18218813816730745,0.2846923647803513,0.3159889914776154,0.4786186674941328,0.4014572272226903,0.3322734105066316,0.46214956512052535,0.18299450969923856,0.48276123384032255,0.5383753542077018,0.9629313350338979,0.826188580602531,0.472848460762019,0.773690298344814,0.8649203973349839,0.6663276281449072,0.8709438919573712,0.9221706963999308,0.8582453685138115,0.913807401561299,0.843325758389623,0.5707146804470468,0.8958669098177618,0.7848712134864989,0.7549102833240527,0.7236688726509881,0.7893439435136038,0.7975607915522523
0.37852895124659786,0.0,0.4157989337230389,0.7280313934772177,0.5971907651510805,0.5059438986589279,0.5216508028931826,0.4543216040163008,0.450642857372947,0.28011462155530176,0.6042424270766897,0.627703703645041,0.6375846388859555,0.5487925466169113,0.3910419080816195,0.473350077831987,0.6230071894549858,0.5183597660961227,0.5506901603811727,0.5877618202624956,0.5422037858152242,0.7346794895654367,0.7691097999680035,0.62784669843569,0.4167617899140629,0.6626516721404839,0.44139773109151326,0.7168360862113521,0.6994089643835795,0.41323286003686827,0.5774913114836815,0.8348936743378477,0.8031119582327483,0.8715209999148937,0.8568712824873572,0.7114780291103869,0.3828439710905809,0.8082290080910655,0.816952786509363,0.5137056477993982,0.5330757286057528,0.8597818920662088,0.6416655857380916,0.42744635526163555,0.6849315410712669,0.443151239053809,0.44445333223753625,0.4573971985678149,0.4345734490102782,0.3800198482703567,0.2305748411298461,0.4065055657467819,0.5438061113386065,0.6008920459448011,0.5771135825286633,0.4538677552227494,0.450873191465346
0.18598160275558145,0.4157989337230389,0.0,0.715587532187785,0.2303420164212156,0.20568310182351762,0.216618752210675,0.20195184018218448,0.2019803283897869,0.14473934608521175,0.23048269742539093,0.28746447992270385,0.274412117485688,0.23626084036992248,0.18721925973015577,0.207801585416034,0.27382223034887404,0.2377885205691101,0.22814882738799952,0.23377471121828158,0.2223723435740511,0.2668719997032083,0.2687904891165736,0.23816780550276218,0.27335086141404136,0.35196611503974273,0.2921770542444638,0.30884729974107744,0.2912295560354617,0.2691182623440947,0.2590943650434304,0.41095338363501654,0.2905345854036718,0.3442332977052446,0.3758864130880868,0.2572682485655327,0.2557801144534434,0.3010737062167299,0.2969842287545533,0.21370624667519153,0.198631571912586,0.3102939956665698,0.25284837045483216,0.19967567243577164,0.2695217323749186,0.19210034122629369,0.2035292895125583,0.20646402009890324,0.19716201932140806,0.1921291185994075,0.1314557409537504,0.19880181251667836,0.24168906086647632,0.2505870890027078,0.25104501492133807,0.21067388742654083,0.19458463496410142
0.27092573520212726,0.7280313934772177,0.715587532187785,0.0,0.4172014029106003,0.32881508365708967,0.343202036055339,0.3080313920148574,0.30386992956350245,0.19750542157947834,0.367917272171403,0.42958311813795247,0.4389618314312079,0.357821309039681,0.27000538934759755,0.31459978724072457,0.4260002686935953,0.35529059629374454,0.3596930363345968,0.3755904442943131,0.3545520530966406,0.47910697726248885,0.4670801905177088,0.3943738896573107,0.4811774745393056,0.6811076965937904,0.5052662053175219,0.5735396704446508,0.571505669449018,0.4758172795940246,0.5114026464229129,0.7912377862673815,0.5584629203027953,0.6429724753834526,0.7159962888281532,0.4851902178601418,0.44313987742171745,0.5437387631244043,0.5217676094541993,0.33362155287913753,0.3253887556905039,0.5615898962287524,0.42612989300608944,0.2915015005320726,0.44315266346723864,0.2905887798290519,0.30272361676066806,0.3049742182471023,0.2898781167842045,0.26548029760477404,0.17329051145052315,0.2816600006096694,0.37121838261270546,0.39857657870862145,0.3941565672559106,0.31978947724718093,0.29824933920475766
0.43990744298534024,0.5971907651510805,0.2303420164212156,0.4172014029106003,0.0,0.6573818954012384,0.5793233848296139,0.6533338252536971,0.5897367692870799,0.44084145323136775,0.7681897735252281,0.5716928532817142,0.7197440360817191,0.632855610491558,0.5421049692218861,0.5479414231201759,0.5548400838426851,0.5892874426377308,0.6182254411278417,0.6612107176539747,0.6580602523450743,0.7184165069233083,0.7192229425287261,0.6258349118140986,0.2958972912843159,0.4724981700745422,0.3261156799589167,0.5711762271545774,0.5818752249636745,0.29111386657801197,0.5404009439011159,0.5405641016368922,0.7139230840415153,0.6311635095471766,0.5427335424295534,0.6927733878938475,0.2851296365478303,0.6533416658477273,0.7108016028269648,0.5266565922037332,0.571431268215441,0.641069572359772,0.6276417524786195,0.4749513166577313,0.737577001009124,0.4792224777989871,0.5164134839037349,0.526428318755883,0.4898234873046567,0.4531043012835197,0.31270002483178805,0.5190025585134702,0.6259773927064687,0.6714149017066545,0.6371199886085057,0.553352387966423,0.5778300754720622
0.8563847644571557,0.5059438986589279,0.20568310182351762,0.32881508365708967,0.6573818954012384,0.0,0.9765032053224779,0.8795777496203789,0.9490986819711226,0.7637085997531887,0.9864393930150028,0.7443368165375134,0.8924151556608625,0.9113711102684579,0.911483156545821,0.9420673320364191,0.8466076817637208,0.8829274201087819,1.0,0.9345564920246765,0.9557083306507462,0.8733590428279139,0.833767344551221,0.9121408331463441,0.24930131724556093,0.36383248565238546,0.2608934879498877,0.40903720062926147,0.4180927897547706,0.24221274487417244,0.4117603459014723,0.4182747494247697,0.6550624839504717,0.5565937723538792,0.47404955798683845,0.6670512874617042,0.24354798631237407,0.6481699718068586,0.7630114079700472,0.9635157966780474,0.898112155285035,0.6702843392446882,0.8978658958029757,0.9570783564696438,0.8183483505106821,0.9529504181510502,0.9368622034644226,0.9839679259764476,0.9221428621919769,0.8573797016470677,0.5916165833249302,0.8691083260242219,0.9048947819276869,0.8837679352622909,0.8735278379226504,0.9091288397843575,0.9380521049586403
0.8515067684880137,0.5216508028931826,0.216618752210675,0.343202036055339,0.5793233848296139,0.9765032053224779,0.0,0.8594485218080928,0.9374084758964089,0.7489262696145879,0.9892312720529187,0.7385759818226132,0.9520193419934148,0.8653087807682734,0.9563868736624475,0.9729565235806172,0.9190388470657153,0.9064415481837442,1.0,0.9095276927377719,0.9854209524685728,0.8600620696795337,0.7993095559575335,0.9223184039433459,0.23562104132827535,0.3446331975695589,0.2502945986732792,0.37988994499711864,0.3834012690404279,0.2329790447003144,0.3699455113610779,0.4235495510874788,0.6261033489747898,0.5455938865060154,0.45295093370158546,0.6089080993110224,0.23086065114150411,0.6238778708223678,0.7113355918853652,0.9768599968745907,0.8900956642900065,0.6317803640985614,0.9900817583335572,0.9633549595978295,0.8374298005448274,0.9834609434406907,0.9986515298606589,1.0,0.9977489081008928,0.9209867238926733,0.5933838991692958,0.8944393435982526,0.9490324776708788,0.9906723258968796,0.8857618588160836,0.9567297965963362,0.9877222741056612
0.7404279669580752,0.4543216040163008,0.20195184018218448,0.3080313920148574,0.6533338252536971,0.8795777496203789,0.8594485218080928,0.0,0.8879110731013596,0.729797430300771,0.8500972515130787,0.7931546935196988,0.8158445669326161,0.9164194544954065,0.848380539925228,0.8275164151206871,0.8128636255378917,0.8411712640169644,0.9228987401742921,0.8622874033400866,0.8433824648894123,0.7734731061869842,0.704358360753926,0.7513991238799487,0.2006574592469664,0.31696651262662506,0.21675130873895607,0.34665539893107433,0.3624229644997029,0.19742197856657112,0.3403225611520041,0.37527853440566894,0.5812576608052717,0.5013905657363174,0.3987376340167572,0.5414896751200771,0.19524459699641983,0.5702676404269866,0.6590681707446181,0.8579595331613832,0.80009738395635,0.5513552188320594,0.7501465299909358,0.7390174464180262,0.802494078119422,0.7999937505615478,0.8028059229192653,0.8668380516315004,0.826949920862372,0.8064878320942637,0.48836138952766434,0.9112799657806465,0.8487382647236531,0.846030004187965,0.8845775902623415,0.7270397775720698,0.8832479547539621
0.8540298523753131,0.450642857372947,0.2019803283897869,0.30386992956350245,0.5897367692870799,0.9490986819711226,0.9374084758964089,0.8879110731013596,0.0,0.844068132115752,0.9060734693826299,0.715434955621723,0.8624523302953999,0.864154926237158,0.8867973035197835,0.9259559910215467,0.7748154738624363,0.8385417402487383,0.9194974532394664,0.9066792427275124,0.9026622196530266,0.801001286176726,0.7069522644482539,0.8426344748422799,0.2045245348101609,0.30111259449827527,0.22174588649586485,0.3296237020146353,0.34257589632421453,0.20205681434493977,0.32708034143765574,0.36729597206650116,0.5763475158725154,0.4730110970188012,0.3941295045262933,0.5414608644203439,0.2006040453196816,0.573510171463228,0.6781821509639546,0.9072430902955224,0.8679367796397691,0.5671285048200352,0.8625605902242481,0.9269186952312835,0.8154827188806202,0.9708027454741148,0.9102232078744446,1.0,0.9621784559451791,0.8997855247699528,0.6378864906002302,0.9431529093050941,0.9378919949497322,0.9047508155562276,0.8685096482675474,0.9050945072873712,0.9290068567837441
0.8176877546179762,0.28011462155530176,0.14473934608521175,0.19750542157947834,0.44084145323136775,0.7637085997531887,0.7489262696145879,0.729797430300771,0.844068132115752,0.0,0.6791887408255725,0.49617260359690507,0.5618902711520826,0.7013299810941892,0.7579977056459775,0.7151919748891595,0.6146362775287076,0.6310449903706208,0.7340433606640184,0.6771904238228568,0.7095705885986795,0.5372530022565029,0.47743899481085283,0.6257362356239611,0.14924711873897537,0.21025647332776065,0.16006626980224176,0.233074757082853,0.248773666742731,0.14933878274599965,0.2418898523155082,0.23859304373061135,0.37822541506361906,0.3168282907705156,0.2551767118596472,0.392015098947088,0.15604398737522523,0.38291392106932703,0.43407948365354687,0.754958114642032,0.7066576728466718,0.36372974650846623,0.632549587147659,0.7482280175867314,0.5529435620656022,0.7794430800633437,0.7699159227157947,0.7767099503058376,0.7969927404990874,0.8143955543563204,0.6773911902761507,0.7980134733583548,0.7066882092845446,0.6449195137722421,0.5989494694758705,0.7218358527721461,0.775658055532891
0.7752899022213934,0.6042424270766897,0.23048269742539093,0.367917272171403,0.7681897735252281,0.9864393930150028,0.9892312720529187,0.8500972515130787,0.9060734693826299,0.6791887408255725,0.0,0.8089614039962345,0.9685142278579653,0.9338639801048201,0.9546985091412767,0.9459976849470348,0.9509958768854768,0.9467877037773871,0.9674591051231388,0.9995928992541272,0.9530975250847907,0.9799753481354084,0.9179713758555706,0.9394425450825735,0.2482060109646205,0.3815707239858667,0.2664963980631033,0.43977608238368865,0.4444742138056675,0.2435863700487264,0.42151031322179505,0.47083981921536755,0.703899029317599,0.6074018870215041,0.4909663877262615,0.6991563234474562,0.23746258824731814,0.7128520855589174,0.8029758934682284,0.9790520075823633,0.8724417749814911,0.701779518835857,0.9927574645754902,0.8674726487737366,0.9758488197962284,0.875986888161157,0.9408332153243306,0.9619872172627901,0.9513387772168203,0.8299693146315141,0.5005587838770541,0.8469987458700693,0.9808020944375946,1.0,0.9776228487311763,0.9063579081385713,0.9526050129755096
0.6344270485608055,0.627703703645041,0.28746447992270385,0.42958311813795247,0.5716928532817142,0.7443368165375134,0.7385759818226132,0.7931546935196988,0.715434955621723,0.49617260359690507,0.8089614039962345,0.0,0.9417684371350513,0.9338529671831092,0.6859870116326703,0.7734702087353982,0.917237133492323,0.8076934434262949,0.8636675970355049,0.765723846417016,0.7595444163504582,0.8769565298085684,0.8042507034350329,0.7983559828683116,0.23373146059089062,0.3745250924636557,0.2562715883168425,0.4114413572211181,0.3990560047083987,0.22738498495456805,0.3673010855650469,0.4807687061373438,0.6634416157005922,0.6307624920358442,0.5115027372787864,0.5943297207690641,0.22165481601955925,0.6913619829084048,0.7319519042073156,0.7797014698668567,0.7166056246778131,0.653302529794656,0.8470410777693741,0.6820220421224481,0.9443521179578749,0.7460320269451084,0.7182979616837377,0.7414085108404507,0.7042556022992739,0.7213964330806253,0.36835028332250236,0.7873319558542256,0.8522624081792198,0.8807117162712131,0.9671131672917294,0.6996752863942222,0.7348910822423975
0.71487295478289,0.6375846388859555,0.274412117485688,0.4389618314312079,0.7197440360817191,0.8924151556608625,0.9520193419934148,0.8158445669326161,0.8624523302953999,0.5618902711520826,0.9685142278579653,0.9417684371350513,0.0,0.9048663371099884,0.8095161950412112,0.9051626366942035,0.9688701269334449,0.8674852623400566,0.9403500565145135,0.9551224803983808,0.9375426053838808,0.9153909067161867,0.8197601057551718,0.8804717177557141,0.26410961496576724,0.4258038578472199,0.29105231208736126,0.4663104350825224,0.47176671653465047,0.26053698071578946,0.43016905640385233,0.529800727555574,0.772578149518957,0.7131315263989589,0.5534852881932275,0.6674799243479811,0.2551095714204883,0.7342521874902614,0.8681839451001766,0.9158960186412555,0.8269330412695061,0.7631431737487664,0.9909075580318285,0.796298986418229,0.9998663922257063,0.7815062674520112,0.8433179704431621,0.9145314158062295,0.8597735280841977,0.7449568446767054,0.4217590220129864,0.7997846184175028,0.9024990036558825,0.9535702353402739,0.9719086879538522,0.8196387094424675,0.8480380985809316
0.8116818732437486,0.5487925466169113,0.23626084036992248,0.357821309039681,0.632855610491558,0.9113711102684579,0.8653087807682734,0.9164194544954065,0.864154926237158,0.7013299810941892,0.9338639801048201,0.9338529671831092,0.9048663371099884,0.0,0.7548053079712216,0.8254506760874556,0.9164165304736149,0.8739021135965583,0.9179660872676502,0.8593492887044551,0.8439216606619924,0.903148199777438,0.7815013144072829,0.868456818783495,0.2310782946489877,0.3641151979410402,0.247448563849235,0.38983012584500426,0.4015745764146239,0.22569383480574987,0.38219102436384955,0.4465756846617214,0.6491222390814816,0.5848751720596063,0.4827708777341049,0.6381484061802859,0.2239108616963147,0.6902098517791326,0.7665800861534985,0.8873187112761965,0.85005657355345,0.6668543127855573,0.8612490118965417,0.7586065542524807,0.8752092043683066,0.7990357625112339,0.8163547471175319,0.865709314188611,0.8146172607086576,0.8861691431166067,0.43802051938561987,0.9107643096785378,0.9303823231898135,0.958126855105722,0.97794733316814,0.7465930776040033,0.8377254498672916
0.8124335923723344,0.3910419080816195,0.18721925973015577,0.27000538934759755,0.5421049692218861,0.911483156545821,0.9563868736624475,0.848380539925228,0.8867973035197835,0.7579977056459775,0.9546985091412767,0.6859870116326703,0.8095161950412112,0.7548053079712216,0.0,0.9141594142814228,0.8132713982321177,0.8085077204002185,0.9084362743337431,0.8150555813879222,0.8641563549957948,0.7387765283433985,0.6683407889531108,0.7705053410307507,0.1824176234641157,0.2757540309401836,0.19253995969125257,0.30111243310272784,0.30868057865887566,0.17886122924472547,0.29384697710911695,0.3306516508930713,0.5093889121911244,0.4290913917548045,0.3514679823402212,0.487312142952244,0.1807397139019524,0.5151208577726307,0.5648943273105753,0.9210821327942239,0.7774980495910991,0.48481207749734995,0.8180063433700282,0.9267856791903033,0.7614940632992375,0.9466953798719909,0.9349924929206778,0.908317435400243,0.9274361124707708,0.8892756231271491,0.652876633773746,0.8199213569683589,0.8814659599309549,0.8091368215908725,0.7981406978088682,0.9274931445720385,0.8872021687205323
0.8697554566093995,0.473350077831987,0.207801585416034,0.31459978724072457,0.5479414231201759,0.9420673320364191,0.9729565235806172,0.8275164151206871,0.9259559910215467,0.7151919748891595,0.9459976849470348,0.7734702087353982,0.9051626366942035,0.8254506760874556,0.9141594142814228,0.0,0.9049498328281393,0.8641180048986125,0.9916453770087431,0.865552533721534,0.9628259890519456,0.8218655614993807,0.7522196076326287,0.8473818896882394,0.21200558594979185,0.31797173265824186,0.2269257572946914,0.35024297416439454,0.3462549419162836,0.20791405697298515,0.3370670741595877,0.3908325558295156,0.6011473740531915,0.5181404303048825,0.41230873094974774,0.5463676682633183,0.20412909263710577,0.6351157769497376,0.700863632824571,0.9926194487273897,0.8724942095069548,0.6027480884464664,0.928264865693412,0.910023803403592,0.838063951601458,0.9994137327423414,0.9778623982066345,0.9139567020943928,0.9209696229165734,0.8869400987370276,0.576445586359742,0.9185966401424518,0.9166772456992798,0.8649830595264829,0.9065116810188133,0.9077101015245045,0.9421925051373147
0.7493854922724288,0.6230071894549858,0.27382223034887404,0.4260002686935953,0.5548400838426851,0.8466076817637208,0.9190388470657153,0.8128636255378917,0.7748154738624363,0.6146362775287076,0.9509958768854768,0.917237133492323,0.9688701269334449,0.9164165304736149,0.8132713982321177,0.9049498328281393,0.0,0.8853005606694619,0.9410866580042915,0.9084637337570629,0.9123792413369617,0.8969675003959348,0.8394883540291496,0.8960722616067363,0.2608610221964402,0.4019549047538596,0.28383747584371544,0.40770597761914235,0.4183243445315698,0.2596156568698294,0.3949087024010265,0.47857981997832894,0.6883067708459283,0.6462774386400453,0.5354848878228762,0.6743481823687509,0.260086082881004,0.7123260689943423,0.7777802552817535,0.9516513983920049,0.8204256436954873,0.7152521203952967,0.9735909766795521,0.8023225866606599,0.9150277593915527,0.8396498638906811,0.8749501801609686,0.860182555291112,0.8629911729282933,0.8186956970868896,0.4620920556109513,0.8570106065384931,0.9541689227394039,0.9084015965942512,0.9261550236609443,0.8165746900186879,0.8342644160858703
0.7454690373922991,0.5183597660961227,0.2377885205691101,0.35529059629374454,0.5892874426377308,0.8829274201087819,0.9064415481837442,0.8411712640169644,0.8385417402487383,0.6310449903706208,0.9467877037773871,0.8076934434262949,0.8674852623400566,0.8739021135965583,0.8085077204002185,0.8641180048986125,0.8853005606694619,0.0,0.9386412683773756,0.8773027785133214,0.8551707853208332,0.8599952820577373,0.748212931069423,0.8497091920548918,0.22292177262524682,0.3370337415507476,0.23442414904020267,0.3625781157074377,0.3655741070240655,0.2147600024731956,0.34243667136924016,0.41583211869214803,0.6257100095066768,0.5669608915551082,0.4392333606302317,0.5879058630008276,0.20984151632074788,0.6376431082128544,0.7164330372585194,0.8435007295753477,0.8142777842495866,0.5941070928700782,0.8790303412451026,0.8071365913852119,0.8547477924482368,0.8177053240112401,0.8450338235513881,0.8454737274822661,0.8427271134891864,0.8341973696535805,0.49564817990284765,0.8331172425665853,0.8892641046713958,0.8959871799362726,0.9331879981419686,0.8208578575046976,0.8196183130853054
0.8243281011236422,0.5506901603811727,0.22814882738799952,0.3596930363345968,0.6182254411278417,1.0,1.0,0.9228987401742921,0.9194974532394664,0.7340433606640184,0.9674591051231388,0.8636675970355049,0.9403500565145135,0.9179660872676502,0.9084362743337431,0.9916453770087431,0.9410866580042915,0.9386412683773756,0.0,0.9659526386159537,0.9942395232276708,0.9029230661326246,0.8329702836355237,0.9026157762565064,0.24009071354742173,0.3632814971739905,0.2597499105076549,0.3887274515240418,0.409953489203876,0.2376283707610867,0.38653857988246765,0.455954345110072,0.671692810629873,0.5702380577625965,0.4814293349432,0.6497637986800955,0.23388554120801,0.6878966921637809,0.7315174183563791,0.961246020442584,0.9178089831956295,0.6764089353245393,0.9330543606510933,0.8793605169717399,0.9084439363445832,0.9013562856890822,0.9343289628445101,0.9563824812575182,0.9142043149334846,0.857610666628566,0.5244982031026423,0.8935507304010776,0.993313129745149,0.9880630696453283,0.903007040775015,0.9373196735945112,0.9473243443531866
0.7279746586950072,0.5877618202624956,0.23377471121828158,0.3755904442943131,0.6612107176539747,0.9345564920246765,0.9095276927377719,0.8622874033400866,0.9066792427275124,0.6771904238228568,0.9995928992541272,0.765723846417016,0.9551224803983808,0.8593492887044551,0.8150555813879222,0.865552533721534,0.9084637337570629,0.8773027785133214,0.9659526386159537,0.0,0.9723290132880215,0.9535100554476785,0.9388937644538082,0.9487847943554828,0.26967445371576226,0.41201143680826885,0.28673745457028166,0.4448459552798415,0.44338822942558226,0.2648855207757308,0.43607600465108953,0.4667123052636961,0.7354696078169868,0.6424210737869253,0.5186913722910845,0.7146058607928087,0.2702026265879946,0.7480440541011326,0.8328000702645638,0.9418896520339132,0.9044811277816509,0.7606985547333716,0.959292203847796,0.8137056928286502,0.9580513819117257,0.8768333980189595,0.8596430217839128,0.9065891235316884,0.9118773063321681,0.8089711933374916,0.5101800059519634,0.8382380801365212,0.9124078628778503,0.9386590671283805,0.9264137405693348,0.8675131222782368,0.9032333865578274
0.789585109884836,0.5422037858152242,0.2223723435740511,0.3545520530966406,0.6580602523450743,0.9557083306507462,0.9854209524685728,0.8433824648894123,0.9026622196530266,0.7095705885986795,0.9530975250847907,0.7595444163504582,0.9375426053838808,0.8439216606619924,0.8641563549957948,0.9628259890519456,0.9123792413369617,0.8551707853208332,0.9942395232276708,0.9723290132880215,0.0,0.9153788614295699,0.7936062559697928,0.948604309689846,0.24723846526342308,0.37153328632707,0.26616313764602084,0.4072735479753244,0.430474670664093,0.24616931255049965,0.39856007409920724,0.4439542125921773,0.7106371462883266,0.5770378049719993,0.48100113264646477,0.6910427937043152,0.2453155205296272,0.7003742743397889,0.776008981130008,0.939533715237589,0.8865218181153979,0.6693676491097627,0.9746833989837369,0.8695654033596709,0.9103297164696655,0.9597368705569357,0.8964377568999266,0.8803940494343171,0.8973838916318396,0.8426831998766172,0.5301267028000144,0.8348923043859234,0.9165178325334493,0.959333726165801,0.9147639845744753,0.9298033661403533,0.9606571881157346
0.6604715049392926,0.7346794895654367,0.2668719997032083,0.47910697726248885,0.7184165069233083,0.8733590428279139,0.8600620696795337,0.7734731061869842,0.801001286176726,0.5372530022565029,0.9799753481354084,0.8769565298085684,0.9153909067161867,0.903148199777438,0.7387765283433985,0.8218655614993807,0.8969675003959348,0.8599952820577373,0.9029230661326246,0.9535100554476785,0.9153788614295699,0.0,1.0,1.0,0.36509977854204323,0.5523319146059067,0.39921428833547357,0.5551465864290296,0.5744556850453327,0.3717349536564354,0.5953529426187977,0.6550766408653378,0.9281271842660908,0.8031536499619474,0.7023436537690064,0.9307693468882204,0.363251291727751,0.9550579298003269,0.9864853673787306,0.9392393998802163,0.9945612740023125,0.966505461238593,0.9935410364130359,0.7620461357026544,1.0,0.8047290345669329,0.793086724040914,0.795820667705272,0.7603677543815048,0.7616136160286603,0.39344062833875193,0.7405664409473319,0.9257240584716018,0.9932618872409172,0.9383309491531513,0.7838835707954926,0.795809707824857
0.580512187313953,0.7691097999680035,0.2687904891165736,0.4670801905177088,0.7192229425287261,0.833767344551221,0.7993095559575335,0.704358360753926,0.7069522644482539,0.47743899481085283,0.9179713758555706,0.8042507034350329,0.8197601057551718,0.7815013144072829,0.6683407889531108,0.7522196076326287,0.8394883540291496,0.748212931069423,0.8329702836355237,0.9388937644538082,0.7936062559697928,1.0,0.0,0.9051441083201427,0.3791888111942088,0.587029324491316,0.4197962876727146,0.5674321987745505,0.6265289807031005,0.3770434584717889,0.6127740557197284,0.6753997789863808,0.9863951703644147,0.8693913646675449,0.7271474553261207,0.893780250190779,0.36729700621271966,0.9278615740432918,0.9810962450718523,0.7977679747013141,0.8295456386179793,0.957417270799371,0.9659676524649667,0.6777358167253952,0.9892777471826995,0.7249392684913032,0.7421221737396966,0.7142370973279657,0.709135890418268,0.6098047650619586,0.35446093252971794,0.6321087362645295,0.7863025180972812,0.8849019307613694,0.8488195133948967,0.6981398490657539,0.7747539286907665
0.7206212359706355,0.62784669843569,0.23816780550276218,0.3943738896573107,0.6258349118140986,0.9121408331463441,0.9223184039433459,0.7513991238799487,0.8426344748422799,0.6257362356239611,0.9394425450825735,0.7983559828683116,0.8804717177557141,0.868456818783495,0.7705053410307507,0.8473818896882394,0.8960722616067363,0.8497091920548918,0.9026157762565064,0.9487847943554828,0.948604309689846,1.0,0.9051441083201427,0.0,0.30915562025961213,0.4444460129174497,0.33310815025459767,0.45858709330305314,0.4785065663131817,0.31373116029517384,0.4795773433049973,0.5303517571250159,0.817024127575544,0.6761247408149906,0.5853588359665555,0.7511567529441406,0.30134234076762034,0.7807732899757615,0.8547785659242039,0.9377948158889472,0.9380088679163497,0.8331803725513237,0.9490361725234802,0.8291723068280769,0.9483380763725843,0.8436453797135567,0.897931463274605,0.8697776607787778,0.8938526802899734,0.7676824926489176,0.46489391918554085,0.7647536418410057,0.9513052795792295,0.8946929001607786,0.8970627242580471,0.8687921088627636,0.8902690187092857
0.185741655417514,0.4167617899140629,0.27335086141404136,0.4811774745393056,0.2958972912843159,0.24930131724556093,0.23562104132827535,0.2006574592469664,0.2045245348101609,0.14924711873897537,0.2482060109646205,0.23373146059089062,0.26410961496576724,0.2310782946489877,0.1824176234641157,0.21200558594979185,0.2608610221964402,0.22292177262524682,0.24009071354742173,0.26967445371576226,0.24723846526342308,0.36509977854204323,0.3791888111942088,0.30915562025961213,0.0,0.7701197730055086,0.9603897202932409,0.5677812692426819,0.6814467373198008,0.9963985466965383,0.7668504729663904,0.643349022651219,0.5186440242415358,0.5331588043207863,0.6426222413073553,0.47476748724372747,0.9378464691877554,0.4269729570497309,0.39099803396735583,0.25454667023437,0.2598498619553586,0.4998942383621211,0.2969482638662674,0.19549690021483393,0.30525736664863945,0.20812150534806043,0.22407548692670645,0.21302150697329378,0.20784103748964228,0.17847116042515235,0.1355002753676249,0.1823126582235523,0.23313452537129367,0.24601834049115529,0.23774457085274608,0.2277304057690792,0.2147531037112547
0.2627021030387614,0.6626516721404839,0.35196611503974273,0.6811076965937904,0.4724981700745422,0.36383248565238546,0.3446331975695589,0.31696651262662506,0.30111259449827527,0.21025647332776065,0.3815707239858667,0.3745250924636557,0.4258038578472199,0.3641151979410402,0.2757540309401836,0.31797173265824186,0.4019549047538596,0.3370337415507476,0.3632814971739905,0.41201143680826885,0.37153328632707,0.5523319146059067,0.587029324491316,0.4444460129174497,0.7701197730055086,0.0,0.8254283196192701,0.8585182716016602,0.9682788971088643,0.7642865182095978,0.8820738147252066,0.9524940453359738,0.7731156681815067,0.8773819637206612,0.9372544976389304,0.6981627461629046,0.7097564606769751,0.6518735829793019,0.596003567778487,0.35575019762276333,0.36611588386265775,0.6960823169938997,0.43442829615016165,0.2838616505535848,0.4790782460144919,0.2907789434202748,0.3143780383313081,0.3135285723001538,0.2980733430073018,0.262403413506106,0.17943031790062988,0.2794908070927904,0.3629062910220594,0.3841678993894902,0.37698128586747853,0.331224153424052,0.3226522596445971
0.1954895767778935,0.44139773109151326,0.2921770542444638,0.5052662053175219,0.3261156799589167,0.2608934879498877,0.2502945986732792,0.21675130873895607,0.22174588649586485,0.16006626980224176,0.2664963980631033,0.2562715883168425,0.29105231208736126,0.247448563849235,0.19253995969125257,0.2269257572946914,0.28383747584371544,0.23442414904020267,0.2597499105076549,0.28673745457028166,0.26616313764602084,0.39921428833547357,0.4197962876727146,0.33310815025459767,0.9603897202932409,0.8254283196192701,0.0,0.6563905028437396,0.7534623714992036,0.9675191454332995,0.79933203694367,0.7213601002102048,0.547340178539239,0.5850146292295382,0.6793197764495229,0.5322626888593325,0.9029427071407504,0.47942401725613437,0.43914786002581224,0.2702599678602002,0.27875065658973636,0.5420311753620245,0.31802274197678293,0.20952371585515453,0.3285066984226423,0.2218699542433795,0.23473603184354605,0.22438583191864553,0.22055285687762072,0.18909473161846163,0.14243150762147003,0.19664968911694075,0.2523703580565967,0.2608061806431719,0.2542213079567588,0.24060022473709566,0.22922885786093908
0.2815636322426172,0.7168360862113521,0.30884729974107744,0.5735396704446508,0.5711762271545774,0.40903720062926147,0.37988994499711864,0.34665539893107433,0.3296237020146353,0.233074757082853,0.43977608238368865,0.4114413572211181,0.4663104350825224,0.38983012584500426,0.30111243310272784,0.35024297416439454,0.40770597761914235,0.3625781157074377,0.3887274515240418,0.4448459552798415,0.4072735479753244,0.5551465864290296,0.5674321987745505,0.45858709330305314,0.5677812692426819,0.8585182716016602,0.6563905028437396,0.0,0.9201112845026023,0.5608540337185182,0.7765998276087619,0.7930825746674387,0.6975274804571417,0.7619387429280025,0.8429269998113429,0.6692564308813848,0.5363680658060918,0.6606159868411738,0.6403442448216565,0.3729755039737065,0.4092676757702835,0.6900011816115216,0.4785412906954539,0.30580245690997415,0.482928133898944,0.3176478293354926,0.338979418103578,0.33604036209849425,0.3217436210208427,0.2813708985481053,0.19232918614902805,0.30680145816135257,0.3951883981324585,0.42013330276501276,0.39757173125489825,0.3534541112514941,0.3545561330027018
0.2901231710483717,0.6994089643835795,0.2912295560354617,0.571505669449018,0.5818752249636745,0.4180927897547706,0.3834012690404279,0.3624229644997029,0.34257589632421453,0.248773666742731,0.4444742138056675,0.3990560047083987,0.47176671653465047,0.4015745764146239,0.30868057865887566,0.3462549419162836,0.4183243445315698,0.3655741070240655,0.409953489203876,0.44338822942558226,0.430474670664093,0.5744556850453327,0.6265289807031005,0.4785065663131817,0.6814467373198008,0.9682788971088643,0.7534623714992036,0.9201112845026023,0.0,0.6743290350366049,0.9635329326765842,0.9203035573348269,0.7598942830719021,0.8245023525830023,0.8979244639942534,0.7563193687704284,0.6740292380886093,0.6801484150334459,0.6778243630854637,0.3782562816647433,0.4074003542559197,0.7606035857283298,0.48748629387562686,0.30998904437725666,0.5310254703351468,0.33228253289649784,0.34598549075418694,0.352115530645018,0.3276216750369107,0.2858410355271961,0.20000170018225671,0.31520925792940113,0.4008444185877051,0.42872873694575747,0.4038220869828029,0.3639300709385961,0.3787474194998726
0.18218813816730745,0.41323286003686827,0.2691182623440947,0.4758172795940246,0.29111386657801197,0.24221274487417244,0.2329790447003144,0.19742197856657112,0.20205681434493977,0.14933878274599965,0.2435863700487264,0.22738498495456805,0.26053698071578946,0.22569383480574987,0.17886122924472547,0.20791405697298515,0.2596156568698294,0.2147600024731956,0.2376283707610867,0.2648855207757308,0.24616931255049965,0.3717349536564354,0.3770434584717889,0.31373116029517384,0.9963985466965383,0.7642865182095978,0.9675191454332995,0.5608540337185182,0.6743290350366049,0.0,0.7473619897175727,0.6587937801648747,0.5170426176859827,0.5090357251321626,0.6657882761436165,0.5161996291062516,0.9857609178343723,0.4381744753920878,0.40531890761441247,0.2487174581885905,0.26113158177423085,0.49279499186827763,0.29459407455758224,0.1917322324116134,0.30816408037689014,0.20653752540585948,0.22207345233970616,0.2084948264102887,0.2051546505368872,0.1751773906296086,0.1352379024718081,0.18219729099330254,0.22958866000486627,0.24288989877456973,0.23490652850971028,0.2246105701957598,0.21718852033059508
0.2846923647803513,0.5774913114836815,0.2590943650434304,0.5114026464229129,0.5404009439011159,0.4117603459014723,0.3699455113610779,0.3403225611520041,0.32708034143765574,0.2418898523155082,0.42151031322179505,0.3673010855650469,0.43016905640385233,0.38219102436384955,0.29384697710911695,0.3370670741595877,0.3949087024010265,0.34243667136924016,0.38653857988246765,0.43607600465108953,0.39856007409920724,0.5953529426187977,0.6127740557197284,0.4795773433049973,0.7668504729663904,0.8820738147252066,0.79933203694367,0.7765998276087619,0.9635329326765842,0.7473619897175727,0.0,0.8103842680253035,0.7938159811489458,0.7852807202661475,0.825870426300884,0.8469539341927215,0.7686748613718111,0.6642996256036073,0.6296137071419188,0.3867718812007636,0.40611262954653826,0.7292644572981513,0.4658374301102327,0.30496356586534823,0.4870213146435194,0.3222745710747651,0.3441602389320734,0.3344603697602994,0.32133339595455895,0.2774293868208912,0.20343146076326996,0.295167727376312,0.37988039757106257,0.4120259448509914,0.3777365688367277,0.3563099600019845,0.3538034861337255
0.3159889914776154,0.8348936743378477,0.41095338363501654,0.7912377862673815,0.5405641016368922,0.4182747494247697,0.4235495510874788,0.37527853440566894,0.36729597206650116,0.23859304373061135,0.47083981921536755,0.4807687061373438,0.529800727555574,0.4465756846617214,0.3306516508930713,0.3908325558295156,0.47857981997832894,0.41583211869214803,0.455954345110072,0.4667123052636961,0.4439542125921773,0.6550766408653378,0.6753997789863808,0.5303517571250159,0.643349022651219,0.9524940453359738,0.7213601002102048,0.7930825746674387,0.9203035573348269,0.6587937801648747,0.8103842680253035,0.0,0.8082872584881646,0.9016262725621441,1.0,0.7422628050633078,0.6016036063528211,0.7219899473288752,0.7209919203079858,0.4276579635402175,0.42321563953724767,0.8533336298302691,0.5348130565540306,0.3419755398261243,0.5886418749628644,0.3623740747883656,0.38718681213888506,0.3775114260912223,0.3609342752079564,0.31571244462898795,0.20087437435119224,0.33939593226347586,0.4470689004382263,0.4809835572580802,0.4733549922021742,0.39459800785811755,0.3759832578356957
0.4786186674941328,0.8031119582327483,0.2905345854036718,0.5584629203027953,0.7139230840415153,0.6550624839504717,0.6261033489747898,0.5812576608052717,0.5763475158725154,0.37822541506361906,0.703899029317599,0.6634416157005922,0.772578149518957,0.6491222390814816,0.5093889121911244,0.6011473740531915,0.6883067708459283,0.6257100095066768,0.671692810629873,0.7354696078169868,0.7106371462883266,0.9281271842660908,0.9863951703644147,0.817024127575544,0.5186440242415358,0.7731156681815067,0.547340178539239,0.6975274804571417,0.7598942830719021,0.5170426176859827,0.7938159811489458,0.8082872584881646,0.0,0.9826749866451242,0.8637637953688139,0.9705336187114323,0.513391245478445,0.9129996713622849,0.9714932774617584,0.6875604388857645,0.6748920100936783,0.9944745752717106,0.7719893548006613,0.5281619571563266,0.901398389322232,0.5672548233741945,0.5873997111881293,0.5844693310629595,0.5533613565960107,0.479869818716647,0.30652942971418284,0.5125933290755513,0.6508917370735776,0.7080765203395162,0.6843173214634073,0.5750557678855155,0.6184201417555067
0.4014572272226903,0.8715209999148937,0.3442332977052446,0.6429724753834526,0.6311635095471766,0.5565937723538792,0.5455938865060154,0.5013905657363174,0.4730110970188012,0.3168282907705156,0.6074018870215041,0.6307624920358442,0.7131315263989589,0.5848751720596063,0.4290913917548045,0.5181404303048825,0.6462774386400453,0.5669608915551082,0.5702380577625965,0.6424210737869253,0.5770378049719993,0.8031536499619474,0.8693913646675449,0.6761247408149906,0.5331588043207863,0.8773819637206612,0.5850146292295382,0.7619387429280025,0.8245023525830023,0.5090357251321626,0.7852807202661475,0.9016262725621441,0.9826749866451242,0.0,0.9448844189128047,0.9430347480952919,0.49110333435047304,0.8217132425816795,0.8685830175961858,0.5571330120263915,0.576215586930954,0.9711391750719164,0.6610248324368535,0.44349825203676985,0.7926821006352798,0.47295251586573817,0.48101066447658736,0.4915992428550729,0.45512034750584196,0.414335477977192,0.2504405849402203,0.4450301486481321,0.5872295062318877,0.6229917888412295,0.6193117120189993,0.48620514598510406,0.5054781471755859
0.3322734105066316,0.8568712824873572,0.3758864130880868,0.7159962888281532,0.5427335424295534,0.47404955798683845,0.45295093370158546,0.3987376340167572,0.3941295045262933,0.2551767118596472,0.4909663877262615,0.5115027372787864,0.5534852881932275,0.4827708777341049,0.3514679823402212,0.41230873094974774,0.5354848878228762,0.4392333606302317,0.4814293349432,0.5186913722910845,0.48100113264646477,0.7023436537690064,0.7271474553261207,0.5853588359665555,0.6426222413073553,0.9372544976389304,0.6793197764495229,0.8429269998113429,0.8979244639942534,0.6657882761436165,0.825870426300884,1.0,0.8637637953688139,0.9448844189128047,0.0,0.7856405051182913,0.5901636820273565,0.78824554378649,0.7678482050703725,0.4695825519700322,0.47509636148103995,0.8590393737953812,0.572108968604318,0.3685425669933272,0.6262119030833455,0.3797017902249416,0.4097528955587646,0.40883060995575404,0.38311439352083687,0.3340250777167719,0.2117333040445514,0.3502269601037365,0.4642700395160975,0.4927378180810199,0.5045865555865369,0.4003436403570724,0.4048224989398096
