Cingulate area 2,Glomerular layer of the accessory olfactory bulb,Glomerular layer of the olfactory bulb,"Olfactory bulb, unspecified",Frontal association cortex,Cornu ammonis 3,Dentate gyrus,Cornu ammonis 2,Cornu ammonis 1,Fasciola cinereum,Subiculum,Postrhinal cortex,Presubiculum,Parasubiculum,Perirhinal area 35,Perirhinal area 36,Medial entorhinal cortex,Lateral entorhinal cortex,Primary auditory area,"Secondary auditory area, dorsal part","Secondary auditory area, ventral part","Piriform cortex, layer 1","Piriform cortex, layer 2","Piriform cortex, layer 3",Ventrolateral orbital area,Lateral orbital area,Ventral orbital area,Medial orbital area,Dorsolateral orbital area,Prelimbic area,Secondary motor area,Frontal association area 3,Primary motor area,"Agranular insular cortex, ventral area",Agranular insular cortex dorsal area,Cingulate area 1,Infralimbic area,Dysgranular insular cortex,Granular insular cortex,"Primary somatosensory area, forelimb representation","Primary somatosensory area, dysgranular zone","Primary somatosensory area, face representation",Secondary somatosensory area,"Primary somatosensory area, hindlimb representation","Agranular insular cortex, posterior area","Primary somatosensory area, barrel field",Retrosplenial dysgranular area,"Primary somatosensory area, trunk representation",Retrosplenial granular area,"Parietal association cortex, lateral area","Parietal association cortex, medial area","Parietal association cortex, posterior area",Primary visual area,"Secondary visual area, lateral part",Temporal association cortex,"Secondary visual area, medial part",Nucleus of the lateral olfactory tract
0.0,0.47321212217983,0.2546416576674654,0.3744864932450616,0.6601725603384689,0.9084453840324471,0.7753431561130875,0.8012548801238465,0.8262297677375169,0.6526286240139488,0.7046759779623035,0.5935886913314159,0.6615098536905535,0.7035966452653688,0.5794380292205003,0.630460527384171,0.724996637112134,0.6501628025794892,0.6303701722017118,0.7204427560510098,0.5477053953328316,0.7774563091005046,0.7847955644470272,0.8618720344300757,0.8235004249844071,0.8367555682472861,0.7316180105786593,0.6573765567025599,0.8115630904100606,0.8189849444414493,0.8544996932576133,0.5868782079901047,0.815879629626378,0.7905935819039036,0.7918622651401833,0.9122946560486208,0.8691145714923377,0.8045062613964158,0.6734144952820307,0.8679195279116232,0.7553908107053928,0.8418205119600212,0.5610273114227428,0.7714913215735031,0.674719447932857,0.8046094503740563,0.8390822835567455,0.7862388693016517,0.8736864246070236,0.8093221608073703,0.716606920185328,0.6629757080120507,0.7804378363687696,0.7134920046733927,0.563995362437218,0.7868448920512764,0.740629844018058
0.47321212217983,0.0,0.6491529879675716,0.8259810937143822,0.7790930603820289,0.5899022235915882,0.6391854579299603,0.6573365887210358,0.6542748823779819,0.7683302553888169,0.7491447063137026,0.8387995760303927,0.7090128718376444,0.7753985371721217,0.8442545361175144,0.7929245466942768,0.6781967940142424,0.8202036323251959,0.7574350725596488,0.7376827096529299,0.8289082860047463,0.5703524931019235,0.56666126288531,0.5881223142539147,0.6735654692338432,0.7080909599549857,0.6899663346664583,0.8226962444274892,0.6951935775306818,0.6219773165237223,0.6843449954083998,0.3370716155074833,0.4475409564639464,0.4105670785475491,0.389339040539386,0.45171404907182033,0.5977772136984657,0.552535162178427,0.5717594733047727,0.3915018807156089,0.41148608013865245,0.501123312873111,0.6966474955242841,0.4953659052853608,0.6982958823436493,0.6394152167289432,0.6233276219212089,0.6096612366152105,0.6566057382419559,0.4733475213581863,0.6191901323457677,0.4875361350735438,0.706019651554346,0.7659276032192607,0.8201521557771692,0.6111141150436028,0.4631791542189615
0.2546416576674654,0.6491529879675716,0.0,0.8404882736089908,0.46762064759438493,0.31381677841345884,0.35376624638661647,0.3387127627761946,0.3469633924179639,0.43182287661681656,0.38814624188960184,0.5186137835751797,0.404586934677984,0.4701903390829945,0.5139898797770355,0.5275640881298818,0.4172204580187958,0.431342801610799,0.438535348973572,0.3925936945103645,0.49383899702118916,0.3378523102127471,0.3251945957878185,0.3367404926970899,0.38813787614856504,0.3964719339857927,0.4028621866189855,0.5343898755000088,0.3829514316134783,0.3533749612258371,0.41758515974165217,0.2036705948864145,0.24170641341145926,0.2264138356174546,0.22681236445802094,0.24370852950970956,0.3424671766988817,0.32136113804198363,0.33003265635362317,0.21871601338793864,0.22258540690215634,0.2940970623983627,0.4261565286502775,0.2532802965320857,0.40830605384266605,0.35787606920777454,0.3495464386181769,0.31242408469256777,0.36373968045286037,0.23534916279392515,0.31554121979678534,0.25113845936620055,0.3787305922853411,0.41853021818688096,0.5064189621426861,0.3306203090196011,0.22742165271646086
0.3744864932450616,0.8259810937143822,0.8404882736089908,0.0,0.7000657160558418,0.4606912058601227,0.5171907676074315,0.5075138297706052,0.5399695011018569,0.6529310187867783,0.5780562220814368,0.7152535218135619,0.5926629102844763,0.6684566299735872,0.7674011913021991,0.7453604463082623,0.5836650344433268,0.6288514903439254,0.6265718341477436,0.5644886233863471,0.7190493094929925,0.5123505360227145,0.49830911263708494,0.5207439696327928,0.6048285094018216,0.6099372798287885,0.6208727458797664,0.7520330829035444,0.5893882142588838,0.5406957131721719,0.6278134458644201,0.29202073318043004,0.3576806061309034,0.3401555191553375,0.3374614565208073,0.3680727780423548,0.5233275447728912,0.4749294737627968,0.47276630757349103,0.32445914161423567,0.32706658804307615,0.43147788850054875,0.5966786006206752,0.37374103454836005,0.5928378648943387,0.5254885907130126,0.5405984129762093,0.45971898644992615,0.5279401085100467,0.35140580144229544,0.4780561187678827,0.3602219317695275,0.5847110451949653,0.5983437072661222,0.6771756079482419,0.48662351335515863,0.3458803019432602
0.6601725603384689,0.7790930603820289,0.46762064759438493,0.7000657160558418,0.0,0.8277845478919791,0.8148636875999832,0.8668968011607416,0.875850673324574,0.8557718716396121,0.8532984768922559,0.8202949026652752,0.7884517532703725,0.9495906371604116,0.8045192093741701,0.933838977376823,0.835878634569545,0.8403483031543106,0.7601166609738791,0.799668092711209,0.7896249585980161,0.7608320403924183,0.7220781889362481,0.7750752717742606,0.827703622327599,0.9692384648151001,0.8830567504454494,0.9547970899445678,0.8293535330468538,0.8514095496280412,0.8710429608261613,0.46859163696435313,0.6066364477012979,0.573477987869702,0.5665483850772101,0.6523238525410807,0.8466878261003289,0.7586728959892903,0.69905029415838,0.5615112397157082,0.5584125766389121,0.711813105550182,0.740361158118375,0.6291204723761926,0.7538732120601487,0.7804670503853514,0.8361744679248154,0.7233592162925936,0.8428306857969516,0.6806700257709931,0.8239641193862265,0.564965360255413,0.8863947130733074,0.815795572848048,0.7727902480642507,0.8005406174039227,0.6159625243076402
0.9084453840324471,0.5899022235915882,0.31381677841345884,0.4606912058601227,0.8277845478919791,0.0,0.9334139608122689,1.0,1.0,0.8073430045657581,0.9526608027847365,0.7360852905573203,0.8410253438735696,0.9651383372939932,0.752421216647234,0.8016874944671163,0.8832783279502167,0.8733107027519742,0.8534198697876746,0.9441544066017498,0.7610294663241353,0.8742436168571134,0.9056244142674873,0.9607461247795778,0.9274899314181255,0.9293169648494296,0.8678789996190825,0.7778119192950682,0.9350769744941957,0.9558214631960801,0.8712301076256033,0.5989048500149959,0.8546113408490733,0.8154788453483434,0.717756195803551,0.8374409839866901,0.9466429657015297,0.8887809467889676,0.8088902833951342,0.8002969045003482,0.8010353312918003,0.893427314526414,0.7877900027214269,0.8520912619927911,0.8497062647312795,0.9303617483228803,0.921413728286813,0.9969202620491268,1.0,0.9237096227511452,0.9362988126983013,0.7687263321300498,0.9563609933703351,0.9120362412921689,0.7695903270670055,0.9787564696627338,0.8811779822849249
0.7753431561130875,0.6391854579299603,0.35376624638661647,0.5171907676074315,0.8148636875999832,0.9334139608122689,0.0,0.9196250622321632,1.0,0.8410328646536298,0.9989163811985197,0.8612811592840968,0.8800419603502292,0.8555999021876459,0.8383548382239779,0.8762502071255774,0.8378481095839156,0.9366969206946371,0.9184161324689324,0.988984439999895,0.8194250152392756,0.8539589460485465,0.9490132502186915,0.9298541088679079,0.9532409121020684,0.9712409386673289,0.8564051492326268,0.8307967212237388,0.9901441493617972,0.9247214633955093,0.8483828716290532,0.6016957309148748,0.7979991844630209,0.7500674025190232,0.6931862157051907,0.805718733940556,0.8595839672087239,0.9031288718956655,0.8949138026493986,0.7389837479512654,0.757868342948362,0.8633389085467255,0.8029192932401803,0.8719285703356244,0.9479529366372378,0.8894892486362304,0.9371183699530659,1.0,0.9673004014528204,0.920027491977059,0.9367661154926545,0.8114082912937433,0.916395602614602,0.9114279504127106,0.8323235154723364,0.8864249510995564,0.8203418650307646
0.8012548801238465,0.6573365887210358,0.3387127627761946,0.5075138297706052,0.8668968011607416,1.0,0.9196250622321632,0.0,1.0,0.8747091338460038,0.9987869791316605,0.7728067523113228,0.9173900456080393,0.9236283532781324,0.8177999104949117,0.8741073067717724,0.8449960650603924,0.9422479883665894,0.8853095013023419,0.8816489674793916,0.8588292287563632,0.9022547622391233,0.8505630074369078,0.8716307094476673,0.8624408477169597,1.0,0.852411460709305,0.820118985179405,0.9933822462901888,0.9078013204346591,0.8596178354674965,0.565431472010061,0.7635229194268041,0.7327004565552383,0.7114852039360416,0.7472652337388602,0.884115150934585,0.8854075374482414,0.8012863228304785,0.7747646344976153,0.7735157485755013,0.8931471064286294,0.8146404649094824,0.8374776256882064,0.8602247976680812,0.9789212139772135,0.9549899291769828,0.9491483651516045,0.9045088347503923,0.9596058907115416,0.9451543577272118,0.8173190861622333,0.9088257717611001,0.9309750175252574,0.78057351778344,0.9333847417002477,0.857459071532747
0.8262297677375169,0.6542748823779819,0.3469633924179639,0.5399695011018569,0.875850673324574,1.0,1.0,1.0,0.0,0.8657243528671877,0.9746890627653146,0.8375222863602643,0.8506581394844508,0.878060984153531,0.8259597856559892,0.8909021188128087,0.9062970611481721,0.9679375686829677,0.8829351387496188,0.9377230674676018,0.8094464026965844,0.9131310766968365,0.9069250038297523,0.9364851896934541,0.9414544476850745,1.0,0.875841048387445,0.790086670340714,0.9426893846566232,0.9273341090089796,0.9431132815303562,0.569960099912968,0.841237276457977,0.7540274182296024,0.698006871870135,0.8161201771145222,0.9201177367532106,0.9254396229065798,0.8395115124357717,0.7450573494427222,0.7702527467363027,0.9154396860799837,0.7929960846339195,0.8477851207589092,0.9820677846391692,0.9934346621319277,0.9782497768569359,1.0,1.0,0.9083628764601396,0.9447382144009745,0.8268000275107505,0.9646086860549874,0.9345357089481379,0.8712995947881301,0.9915867544542225,0.8530447834219854
0.6526286240139488,0.7683302553888169,0.43182287661681656,0.6529310187867783,0.8557718716396121,0.8073430045657581,0.8410328646536298,0.8747091338460038,0.8657243528671877,0.0,0.8488160254098981,0.8321948341468448,0.848834104226365,0.871615660940292,0.9058245564226988,0.923614399786906,0.8556276683524705,0.8407902345771501,0.9116770428472043,0.8812809061270162,0.8344671644720816,0.8264457102547857,0.8696210303746892,0.9094648084350125,0.8496459619170199,0.9568848905100655,0.8181859722564975,0.959017144207913,0.9295834554490342,0.8834491405199043,0.8882210963416974,0.497499511858568,0.6538190388065307,0.6228882149750442,0.5857522196236139,0.6299018651028897,0.8105026320447044,0.8349693880146852,0.8080138340966356,0.6118765927188734,0.5940498306742038,0.7288585794675394,0.8173724880309023,0.6601835860562285,0.8710097577022436,0.8849718636532183,0.8660664456297082,0.8378411752776571,0.8323409237401327,0.6755304010889318,0.7992457724036731,0.6271812555301328,0.855016572863627,0.8517108368248886,0.8601765836030002,0.8247620452389423,0.6413468432518122
0.7046759779623035,0.7491447063137026,0.38814624188960184,0.5780562220814368,0.8532984768922559,0.9526608027847365,0.9989163811985197,0.9987869791316605,0.9746890627653146,0.8488160254098981,0.0,0.8876288703402196,0.9003230015971777,0.8697869948460474,0.8660179518522609,0.8392456626483163,0.8112023055698889,0.9424879740014941,0.8744343819517966,0.9192482173152996,0.8431169654916864,0.7943883117958271,0.8257629649347035,0.8015149012587655,0.9225096555949982,0.9447571488365102,0.860124425951492,0.7925878876844319,0.9431795970100488,0.8515321933589064,0.801723305599765,0.5172602527761857,0.672384922950444,0.6664265004400485,0.5828924809795369,0.7041868193417802,0.8298519463686879,0.8170827210854926,0.754403082202088,0.6676569167944727,0.6709943875701819,0.7664596589578317,0.763345750199911,0.7738145232145034,0.9346353414659857,0.8989982118634142,0.8646740256697624,0.9314678700232167,0.8967151705497128,0.7867806609963,0.9345453149412641,0.7583571781750742,0.8928094208955122,0.895404840231027,0.8978730146030665,0.9418893925672694,0.7886851639257395
0.5935886913314159,0.8387995760303927,0.5186137835751797,0.7152535218135619,0.8202949026652752,0.7360852905573203,0.8612811592840968,0.7728067523113228,0.8375222863602643,0.8321948341468448,0.8876288703402196,0.0,0.8749586932051036,0.906748989330006,0.9232546999384984,0.9126058697646497,0.8118478381048257,0.9388493738829269,0.9393702737925304,0.8192386753428695,0.8884597235460678,0.6909743567078875,0.7072299971502429,0.7342667866455431,0.8194311565379974,0.8629384599888702,0.7419624671478632,0.88543210746836,0.8815737588275983,0.7709594646607231,0.8155583566176039,0.4238464018054708,0.543831402606778,0.5155210683679489,0.49328785851689416,0.5787737537408548,0.7021973730585805,0.6975267313042427,0.6834208845416009,0.5026242307123857,0.5079978142554417,0.641085339555842,0.7930466210299407,0.5961971094206743,0.8479617290091543,0.7928833344880675,0.7613864064772735,0.7487106985729056,0.8264651240682398,0.5940388461177455,0.740522768401809,0.6351106364639391,0.8402868579374664,0.9729918829719258,0.9799708712031765,0.7886671041529456,0.5765919532002648
0.6615098536905535,0.7090128718376444,0.404586934677984,0.5926629102844763,0.7884517532703725,0.8410253438735696,0.8800419603502292,0.9173900456080393,0.8506581394844508,0.848834104226365,0.9003230015971777,0.8749586932051036,0.0,0.9790574556701591,0.8633599164480762,0.9041498585443121,0.8561190154288502,0.8668460553549677,0.8992112480844269,0.8612921627301596,0.892312346894505,0.727275390642917,0.6954125735764848,0.7317237757494839,0.7842977994173765,0.8651703803869755,0.739647354328889,0.8327647570858461,0.8788308477750014,0.7696276963429388,0.7698215560286514,0.4360983970060237,0.5779278930876849,0.566159913451514,0.5160633050757754,0.6234347232018335,0.8220419517772717,0.7489810884902751,0.708606767653915,0.579853423351206,0.5579032697084482,0.691240610877866,0.7472663476886879,0.6733671253035247,0.7668349821175157,0.7441666238640015,0.7685426257984499,0.8066864714483523,0.8296142298498925,0.6953167531946332,0.7929807931674201,0.6949554704366261,0.8589778774345648,0.9523016439893344,0.8467461783819071,0.7542186530372954,0.6324380882878677
0.7035966452653688,0.7753985371721217,0.4701903390829945,0.6684566299735872,0.9495906371604116,0.9651383372939932,0.8555999021876459,0.9236283532781324,0.878060984153531,0.871615660940292,0.8697869948460474,0.906748989330006,0.9790574556701591,0.0,0.9318932646920842,1.0,0.9364300632646952,0.9049331645007239,0.9234290338000979,0.8526791444874288,0.9175566782395312,0.7401331395053005,0.7560069634752209,0.7815017795687866,0.837959980658786,0.9073033110435981,0.7735563508339726,0.9456410866144801,0.8754936526848647,0.8525263004183303,0.8331532127522508,0.428662680835547,0.5839259163735797,0.5685852969483675,0.5365740885272586,0.6696756738373718,0.8659052276256617,0.7789333173187121,0.7487750402884301,0.585700443932054,0.5574972359002655,0.7326406440350023,0.794816751014881,0.6470925268498738,0.7947558495402838,0.829581201713401,0.8776254791301136,0.8080744695413195,0.8858697918781326,0.6769407901633294,0.7423824350565352,0.6615952989871021,0.8908210284433563,0.9527622249268334,0.8278682383012346,0.7751063468550186,0.596544323382042
0.5794380292205003,0.8442545361175144,0.5139898797770355,0.7674011913021991,0.8045192093741701,0.752421216647234,0.8383548382239779,0.8177999104949117,0.8259597856559892,0.9058245564226988,0.8660179518522609,0.9232546999384984,0.8633599164480762,0.9318932646920842,0.0,1.0,0.8383998836528322,0.9720776968115548,0.9233485012084593,0.8884642570273534,0.9597908124260057,0.7235854732120354,0.7448260856227661,0.7487464321121867,0.8145316712865431,0.9026639551924193,0.794127499882249,0.8628730550559208,0.876387308241153,0.7676471140774793,0.8826071455974496,0.43372612472062716,0.5643871193845048,0.5345672582848531,0.4894823469309879,0.5610616138473657,0.7111446698973618,0.7521727837510326,0.7619567659524047,0.5151411143089105,0.5417926130062343,0.6670567089489445,0.845057801047411,0.610999749262258,0.9735688108673343,0.7873157075616439,0.7717894268852269,0.7965692244448327,0.8364069646520566,0.6182099384519459,0.7197787774381915,0.6416866193734445,0.862663875875275,0.9369357093223687,0.9612878970404457,0.758132062147132,0.5642816367542565
0.630460527384171,0.7929245466942768,0.5275640881298818,0.7453604463082623,0.933838977376823,0.8016874944671163,0.8762502071255774,0.8741073067717724,0.8909021188128087,0.923614399786906,0.8392456626483163,0.9126058697646497,0.9041498585443121,1.0,1.0,0.0,0.8657311123858,0.9040932853982766,0.9535778672922968,0.8941651855931149,0.9719644462660623,0.7784286453524007,0.7542847843487293,0.7720690267808293,0.8145944604719393,0.8947520523603885,0.7914498718134936,0.855889058441463,0.8799526839385193,0.84711377427815,0.7943402853647306,0.44123626755737255,0.5750366127483819,0.5467026985915513,0.5230392757086094,0.5691468166929229,0.7148975543892254,0.7630353196160766,0.7520632504748763,0.5353590601631955,0.5340764921368183,0.6864951404730754,0.8220082164696061,0.6208716506781127,0.8752489813842601,0.8734198045225863,0.7906096529693105,0.7665808376717393,0.8171758910489959,0.605998053207523,0.7236595930038171,0.6355814405159218,0.8497256987618297,0.9326732731417222,0.8680831368167967,0.7927375011953416,0.5668624164416686
0.724996637112134,0.6781967940142424,0.4172204580187958,0.5836650344433268,0.835878634569545,0.8832783279502167,0.8378481095839156,0.8449960650603924,0.9062970611481721,0.8556276683524705,0.8112023055698889,0.8118478381048257,0.8561190154288502,0.9364300632646952,0.8383998836528322,0.8657311123858,0.0,0.7678937587272614,0.8418892949861737,0.8398129512434362,0.8321975691979067,0.777363197464123,0.8256716614371951,0.7998785944891473,0.8146592521489056,0.903381731723239,0.7356116843055911,0.8449565508638331,0.9052482180674921,0.891582541201142,0.8591304608025061,0.46362610338669935,0.6233493980740877,0.619748057773063,0.593893048835494,0.6504951113319026,0.7838028510872312,0.7766474000723912,0.7147844118256975,0.5934400625142598,0.5683379950720425,0.7369737194131241,0.7575798888690123,0.6576321888381201,0.8068105146073032,0.7994384221921648,0.7974000244868851,0.798328500908862,0.8499160418591211,0.6970831658367131,0.7604862260504831,0.6403571831377802,0.9533835903188851,0.8968218747154711,0.7817584781309873,0.8022212996066104,0.6042553830009489
0.6501628025794892,0.8202036323251959,0.431342801610799,0.6288514903439254,0.8403483031543106,0.8733107027519742,0.9366969206946371,0.9422479883665894,0.9679375686829677,0.8407902345771501,0.9424879740014941,0.9388493738829269,0.8668460553549677,0.9049331645007239,0.9720776968115548,0.9040932853982766,0.7678937587272614,0.0,0.888849367265236,0.9084574043617885,0.8504381355884575,0.7908516360691359,0.7710817916997237,0.7785572007426662,0.8878747568914892,0.9016179674832475,0.7871035706251758,0.7730992119485288,0.8697959288062733,0.821912904823191,0.7861159241179758,0.48316507588208274,0.631513412876526,0.6053310617601655,0.5381328248259638,0.6449446433435962,0.7656008922126242,0.7381005406857297,0.7980557800167017,0.6215565551931738,0.5895477637408446,0.7020741548184365,0.8074338132683111,0.754032232697091,0.950047112352723,0.8775761414166621,0.8505405906354334,0.909341256233547,0.8488689157937461,0.73307654698709,0.8246211438617933,0.75800351575466,0.8262413756432821,0.944765889674193,1.0,0.8528352409567967,0.71777019375419
0.6303701722017118,0.7574350725596488,0.438535348973572,0.6265718341477436,0.7601166609738791,0.8534198697876746,0.9184161324689324,0.8853095013023419,0.8829351387496188,0.9116770428472043,0.8744343819517966,0.9393702737925304,0.8992112480844269,0.9234290338000979,0.9233485012084593,0.9535778672922968,0.8418892949861737,0.888849367265236,0.0,0.955941924505891,1.0,0.8016743148985235,0.8276321312168694,0.8272247823443115,0.8280215225571208,0.9460867000059141,0.7767767376991087,0.8783637638905201,0.8847883892217521,0.799251103838338,0.8074805015657647,0.49447500359954527,0.6546000919135339,0.6316331348335987,0.5798175042279176,0.5911419322746214,0.7193946555194033,0.8495754944672205,0.7804179113561649,0.5931570034581553,0.5767322236126957,0.7385358706781421,0.8619850464010396,0.6802521541359602,0.9612926704759919,0.8572379893255326,0.8433473912959507,0.8720724807091256,0.8746159580256665,0.680343717016503,0.8032304540640102,0.7005340752216082,0.8350379768778017,0.9465508806104548,0.9004411338287739,0.8154291502758715,0.6749174167667046
0.7204427560510098,0.7376827096529299,0.3925936945103645,0.5644886233863471,0.799668092711209,0.9441544066017498,0.988984439999895,0.8816489674793916,0.9377230674676018,0.8812809061270162,0.9192482173152996,0.8192386753428695,0.8612921627301596,0.8526791444874288,0.8884642570273534,0.8941651855931149,0.8398129512434362,0.9084574043617885,0.955941924505891,0.0,0.8909752992776138,0.8613853423012902,0.8259249368582117,0.8839711005340808,0.8848492402316733,0.9186298649136153,0.7623170660854696,0.804493265332772,0.968362474330679,0.9234436607257502,0.8264668828241706,0.5240582344682333,0.729788727181924,0.6276393989620714,0.6249896504136118,0.6644966079161847,0.7496935905858196,0.8201939713417111,0.8036683631022404,0.6560644273858979,0.6895132278987531,0.7957662752719082,0.8320089527386741,0.7342302823099907,0.9699727787549066,0.9388063593286395,0.8140961121461463,0.8885901694596874,0.9342930566792479,0.7638353549863983,0.8166168115373621,0.7677201272869204,0.9021717124515338,0.9271933234793631,0.9820913664517928,0.8736921798740559,0.7440492722458978
0.5477053953328316,0.8289082860047463,0.49383899702118916,0.7190493094929925,0.7896249585980161,0.7610294663241353,0.8194250152392756,0.8588292287563632,0.8094464026965844,0.8344671644720816,0.8431169654916864,0.8884597235460678,0.892312346894505,0.9175566782395312,0.9597908124260057,0.9719644462660623,0.8321975691979067,0.8504381355884575,1.0,0.8909752992776138,0.0,0.7330012200274277,0.7512503447773026,0.7480549366693305,0.7510725536254763,0.858198855468415,0.7219824833821431,0.9087249897794691,0.8672214332394638,0.7735046296580805,0.7660798011130098,0.42790587837113575,0.5568825744139251,0.5406338862823504,0.5023056767779195,0.5484244603523882,0.702002631147412,0.7700151059619219,0.7391197005255379,0.5273945531692623,0.5256042386061794,0.6783523190477406,0.8133430390004739,0.6009239837216572,0.8745331993258861,0.7988431698942906,0.7733074849048377,0.7924827971874822,0.8110900574239918,0.6341705714574165,0.6880024514828968,0.6051646872898191,0.9096790577974398,0.9432384092641339,0.8925401112073159,0.7732114475538717,0.5851025372018406
0.7774563091005046,0.5703524931019235,0.3378523102127471,0.5123505360227145,0.7608320403924183,0.8742436168571134,0.8539589460485465,0.9022547622391233,0.9131310766968365,0.8264457102547857,0.7943883117958271,0.6909743567078875,0.727275390642917,0.7401331395053005,0.7235854732120354,0.7784286453524007,0.777363197464123,0.7908516360691359,0.8016743148985235,0.8613853423012902,0.7330012200274277,0.0,0.9556835025957121,0.9814221274795593,0.9125219330276408,0.9769599399545505,0.7859497327593028,0.7604576858318711,0.9126629219330706,0.9493907769497618,0.8093473046549342,0.6686805035277551,0.89288651070201,0.8515477160122916,0.7906598015921823,0.7556801040987267,0.807829547225859,0.9480276762077434,0.8988143311688829,0.8176467887301018,0.8170985283843614,0.947050941448381,0.7926131661465666,0.8429802878927238,0.938186632130318,0.9721302351464362,0.9247351495190762,0.8500291615150293,0.9152246825540634,0.8370319881425521,0.8077812283364534,0.7124465342432109,0.8109736438223868,0.8134161077619402,0.7562471346426589,0.8977773127893047,0.808747638508564
0.7847955644470272,0.56666126288531,0.3251945957878185,0.49830911263708494,0.7220781889362481,0.9056244142674873,0.9490132502186915,0.8505630074369078,0.9069250038297523,0.8696210303746892,0.8257629649347035,0.7072299971502429,0.6954125735764848,0.7560069634752209,0.7448260856227661,0.7542847843487293,0.8256716614371951,0.7710817916997237,0.8276321312168694,0.8259249368582117,0.7512503447773026,0.9556835025957121,0.0,1.0,0.8573294816374796,0.9577669454919973,0.8247347116277588,0.7948357820920139,0.9889543588541716,0.9828264479066537,0.8744039956678104,0.7678310876174512,0.9063082326450582,0.8740593743499279,0.9082230509733372,0.7940958578826282,0.7890979668327581,0.9805810512612626,0.8715649145983437,0.8612921527412333,0.8592614360035069,0.9280966306642499,0.8054227173014321,0.8332954099853349,0.883638726705776,0.9622573027001659,0.9723908184085588,0.9315359314030137,0.9755236608323545,0.8733535098853458,0.8629332927341156,0.7379472453500434,0.8375930304355951,0.808302580860629,0.7179154970131056,0.9507000825269722,0.8488244937215924
0.8618720344300757,0.5881223142539147,0.3367404926970899,0.5207439696327928,0.7750752717742606,0.9607461247795778,0.9298541088679079,0.8716307094476673,0.9364851896934541,0.9094648084350125,0.8015149012587655,0.7342667866455431,0.7317237757494839,0.7815017795687866,0.7487464321121867,0.7720690267808293,0.7998785944891473,0.7785572007426662,0.8272247823443115,0.8839711005340808,0.7480549366693305,0.9814221274795593,1.0,0.0,0.8942406196408496,1.0,0.8969283315494915,0.8221579862999915,0.9749789115336827,0.9625793296441548,0.936762206363326,0.7202911718647715,0.9017298806172684,0.8986466891258612,0.8885318339656204,0.7683044110493211,0.81500412120907,0.9808485997162324,0.8860562276638166,0.8341229290410392,0.8736481753071141,1.0,0.7728527979224198,0.8722702577015495,0.9665484048446846,0.991979520980649,0.9665258398712764,0.8960759431980775,0.9145392179722274,0.8216514841834253,0.895940472722496,0.6959462066316717,0.849276089516796,0.8288514330512023,0.7391449156014439,0.879588416896329,0.8687268172367871
0.8235004249844071,0.6735654692338432,0.38813787614856504,0.6048285094018216,0.827703622327599,0.9274899314181255,0.9532409121020684,0.8624408477169597,0.9414544476850745,0.8496459619170199,0.9225096555949982,0.8194311565379974,0.7842977994173765,0.837959980658786,0.8145316712865431,0.8145944604719393,0.8146592521489056,0.8878747568914892,0.8280215225571208,0.8848492402316733,0.7510725536254763,0.9125219330276408,0.8573294816374796,0.8942406196408496,0.0,1.0,0.9984669160496953,0.8317758942843118,0.9489732505333163,0.9693342601943862,0.915925744332139,0.5665614964360671,0.7479009102882108,0.7351451318069298,0.6623528267153174,0.803550116021042,0.8720747961858013,0.8215101040439845,0.7260670013138383,0.7125888662481443,0.7287607686833426,0.8441514994176728,0.7420527454091729,0.8447666193235341,0.8360836457307427,0.890347537481269,0.9980581124619606,0.8861841180712063,0.9401538100268565,0.7950555258540342,0.959048023741448,0.7144795026667575,0.8955115193803637,0.8544726218704329,0.8344757492641821,0.919363917351874,0.8308709904550349
0.8367555682472861,0.7080909599549857,0.3964719339857927,0.6099372798287885,0.9692384648151001,0.9293169648494296,0.9712409386673289,1.0,1.0,0.9568848905100655,0.9447571488365102,0.8629384599888702,0.8651703803869755,0.9073033110435981,0.9026639551924193,0.8947520523603885,0.903381731723239,0.9016179674832475,0.9460867000059141,0.9186298649136153,0.858198855468415,0.9769599399545505,0.9577669454919973,1.0,1.0,0.0,0.9583605068052018,0.9060503451215819,1.0,0.9474818921231116,0.9954111482472735,0.6259881110743112,0.8081596128570538,0.8372688235175358,0.7405665581064815,0.8329772871435621,0.869603008717581,0.9299242702198102,0.8459403599726815,0.7829233211238871,0.7554388744998541,0.9268489240695418,0.8528825434086778,0.8605635383282629,0.9458587492952275,1.0,1.0,0.9707124886291159,1.0,0.8391487398357811,0.9134869418937074,0.6933424343313881,0.905819041267397,0.9430789561652231,0.8674545157841304,0.998607177363468,0.8141068077359562
0.7316180105786593,0.6899663346664583,0.4028621866189855,0.6208727458797664,0.8830567504454494,0.8678789996190825,0.8564051492326268,0.852411460709305,0.875841048387445,0.8181859722564975,0.860124425951492,0.7419624671478632,0.739647354328889,0.7735563508339726,0.794127499882249,0.7914498718134936,0.7356116843055911,0.7871035706251758,0.7767767376991087,0.7623170660854696,0.7219824833821431,0.7859497327593028,0.8247347116277588,0.8969283315494915,0.9984669160496953,0.9583605068052018,0.0,0.8271018032974614,0.8660264774040135,0.8837992389755503,0.9106615237212519,0.5515622203836072,0.7382562087427799,0.7167879877589058,0.6983609602393849,0.7540943275114772,0.8537955158259894,0.8326823671473081,0.7260080180949436,0.6937056494109789,0.683095598589579,0.8263543467869614,0.7333379840750676,0.7969588628777254,0.8280011608832163,0.8804403444123458,0.886846725795955,0.807696614349908,0.8778510291233413,0.6570500753487012,0.8714955751202794,0.5760589121187728,0.8119844912611065,0.7819913761483385,0.7274853102510451,0.8482799072945519,0.7449517169530507
0.6573765567025599,0.8226962444274892,0.5343898755000088,0.7520330829035444,0.9547970899445678,0.7778119192950682,0.8307967212237388,0.820118985179405,0.790086670340714,0.959017144207913,0.7925878876844319,0.88543210746836,0.8327647570858461,0.9456410866144801,0.8628730550559208,0.855889058441463,0.8449565508638331,0.7730992119485288,0.8783637638905201,0.804493265332772,0.9087249897794691,0.7604576858318711,0.7948357820920139,0.8221579862999915,0.8317758942843118,0.9060503451215819,0.8271018032974614,0.0,0.8681822713457545,0.8579536738219636,0.910072531037795,0.44730578009271826,0.5708081019549823,0.5639457588603349,0.5360963410196727,0.5931971310285408,0.7960890426783993,0.7829800350207512,0.7264547413240662,0.5483870370613594,0.5494494351214335,0.6823965510976537,0.7751555144682811,0.5983609594517385,0.8251657436871681,0.8060657082506797,0.8525984745943366,0.7173448835246944,0.8787717380910377,0.6081371176765439,0.7100682898108142,0.5315364517254084,0.8292321413619969,0.8963118865449761,0.7955179702144677,0.713607298321361,0.5568046480007771
0.8115630904100606,0.6951935775306818,0.3829514316134783,0.5893882142588838,0.8293535330468538,0.9350769744941957,0.9901441493617972,0.9933822462901888,0.9426893846566232,0.9295834554490342,0.9431795970100488,0.8815737588275983,0.8788308477750014,0.8754936526848647,0.876387308241153,0.8799526839385193,0.9052482180674921,0.8697959288062733,0.8847883892217521,0.968362474330679,0.8672214332394638,0.9126629219330706,0.9889543588541716,0.9749789115336827,0.9489732505333163,1.0,0.8660264774040135,0.8681822713457545,0.0,0.9846074686426889,0.9070282469792872,0.6086044032815872,0.7896568812648076,0.7645773199344333,0.7252754608368798,0.7569549814109798,0.904493335763932,0.9367810337374279,0.9063111934945374,0.6972603412395225,0.7726575109662189,0.8698993672507336,0.8303753555293848,0.8043140138139433,0.9528216774916314,0.9970377845801703,0.9970632199580826,0.9618429634258815,0.9733051654396855,0.813041069876262,0.8710206999576577,0.7180610955943707,0.9670227858950097,0.9955389485080067,0.8791593872479059,0.9137331366403781,0.7932460587472233
0.8189849444414493,0.6219773165237223,0.3533749612258371,0.5406957131721719,0.8514095496280412,0.9558214631960801,0.9247214633955093,0.9078013204346591,0.9273341090089796,0.8834491405199043,0.8515321933589064,0.7709594646607231,0.7696276963429388,0.8525263004183303,0.7676471140774793,0.84711377427815,0.891582541201142,0.821912904823191,0.799251103838338,0.9234436607257502,0.7735046296580805,0.9493907769497618,0.9828264479066537,0.9625793296441548,0.9693342601943862,0.9474818921231116,0.8837992389755503,0.8579536738219636,0.9846074686426889,0.0,1.0,0.6253856772475016,0.8650905829327358,0.7661135554140404,0.7971666248585968,0.8435218194925326,0.8933204910470692,0.9195937423681966,0.8174499259444356,0.7964837025578805,0.8470688141999455,0.9096148695199083,0.7528339579953248,0.8553301731874053,0.8633250398288983,0.9504281940907402,0.9320935550107058,0.9384782112115679,0.9997684061746112,0.893240159553084,0.8806535733112544,0.6806418815505128,0.9216577324124116,0.862413380619993,0.7423523364883601,0.9627065046101552,0.7728288230088144
0.8544996932576133,0.6843449954083998,0.41758515974165217,0.6278134458644201,0.8710429608261613,0.8712301076256033,0.8483828716290532,0.8596178354674965,0.9431132815303562,0.8882210963416974,0.801723305599765,0.8155583566176039,0.7698215560286514,0.8331532127522508,0.8826071455974496,0.7943402853647306,0.8591304608025061,0.7861159241179758,0.8074805015657647,0.8264668828241706,0.7660798011130098,0.8093473046549342,0.8744039956678104,0.936762206363326,0.915925744332139,0.9954111482472735,0.9106615237212519,0.910072531037795,0.9070282469792872,1.0,0.0,0.5452155949751889,0.7281349100441409,0.7126797883262238,0.694220118343209,0.7945706453632224,0.8528242251352895,0.7947211575843466,0.7814423681860373,0.6943222272728273,0.6648652762475425,0.9141864420494376,0.7383720443290069,0.7168963782020771,0.8096163156253021,0.8731804366643444,0.9405404959474558,0.7943165198791596,0.9598739763874646,0.7311254863333988,0.7964752736560199,0.5833354217804074,0.8767442987686347,0.8272982063350985,0.7639226201954237,0.8421283271502268,0.6816149490687607
0.5868782079901047,0.3370716155074833,0.2036705948864145,0.29202073318043004,0.46859163696435313,0.5989048500149959,0.6016957309148748,0.565431472010061,0.569960099912968,0.497499511858568,0.5172602527761857,0.4238464018054708,0.4360983970060237,0.428662680835547,0.43372612472062716,0.44123626755737255,0.46362610338669935,0.48316507588208274,0.49447500359954527,0.5240582344682333,0.42790587837113575,0.6686805035277551,0.7678310876174512,0.7202911718647715,0.5665614964360671,0.6259881110743112,0.5515622203836072,0.44730578009271826,0.6086044032815872,0.6253856772475016,0.5452155949751889,0.0,0.8384910131345412,0.8231702512138026,0.8328538872495044,0.6689540155389605,0.5222276585890764,0.6770400921691409,0.5815798797467354,0.7790212891261469,0.8026874078832783,0.7294058581776983,0.4821790068955642,0.7465084972353762,0.6081619746038456,0.6551814474243461,0.6194516977630012,0.654836825386629,0.5964842662902663,0.6516953209123364,0.6012750020238509,0.5469097569946546,0.5240460851371661,0.48018359757135204,0.4475767492956958,0.6494906023137792,0.7509548148588367
0.815879629626378,0.4475409564639464,0.24170641341145926,0.3576806061309034,0.6066364477012979,0.8546113408490733,0.7979991844630209,0.7635229194268041,0.841237276457977,0.6538190388065307,0.672384922950444,0.543831402606778,0.5779278930876849,0.5839259163735797,0.5643871193845048,0.5750366127483819,0.6233493980740877,0.631513412876526,0.6546000919135339,0.729788727181924,0.5568825744139251,0.89288651070201,0.9063082326450582,0.9017298806172684,0.7479009102882108,0.8081596128570538,0.7382562087427799,0.5708081019549823,0.7896568812648076,0.8650905829327358,0.7281349100441409,0.8384910131345412,0.0,0.9586638775544635,0.9515118267697426,0.8480354786205949,0.7016079800670687,0.9130016221035159,0.7980675058505897,0.9271636732302792,0.9788409966802462,0.9471893664835681,0.6468528932674947,0.9862268749579339,0.7430677069759127,0.8713455826356914,0.8303247315945367,0.8241379076113261,0.864547648601056,0.8082911006445928,0.7880369291233923,0.6916692296965267,0.6966433619591226,0.6324663995448876,0.5792349129536603,0.8358319969817611,0.9456873454296907
0.7905935819039036,0.4105670785475491,0.2264138356174546,0.3401555191553375,0.573477987869702,0.8154788453483434,0.7500674025190232,0.7327004565552383,0.7540274182296024,0.6228882149750442,0.6664265004400485,0.5155210683679489,0.566159913451514,0.5685852969483675,0.5345672582848531,0.5467026985915513,0.619748057773063,0.6053310617601655,0.6316331348335987,0.6276393989620714,0.5406338862823504,0.8515477160122916,0.8740593743499279,0.8986466891258612,0.7351451318069298,0.8372688235175358,0.7167879877589058,0.5639457588603349,0.7645773199344333,0.7661135554140404,0.7126797883262238,0.8231702512138026,0.9586638775544635,0.0,0.9173098224891634,0.8375790131988486,0.7233521396621452,0.9034110407373633,0.7795358587574432,0.9190132312749085,0.9040945728569129,0.8689536350732191,0.5968604156540628,0.9317946886436788,0.7348870237832554,0.7754099404051265,0.8161666714318864,0.8338341510232125,0.7778810090852114,0.7912688418510856,0.7795994003416034,0.675192744338156,0.6543315406308519,0.6061226448495427,0.5387831288086612,0.8193243487084979,0.9080923213605472
0.7918622651401833,0.389339040539386,0.22681236445802094,0.3374614565208073,0.5665483850772101,0.717756195803551,0.6931862157051907,0.7114852039360416,0.698006871870135,0.5857522196236139,0.5828924809795369,0.49328785851689416,0.5160633050757754,0.5365740885272586,0.4894823469309879,0.5230392757086094,0.593893048835494,0.5381328248259638,0.5798175042279176,0.6249896504136118,0.5023056767779195,0.7906598015921823,0.9082230509733372,0.8885318339656204,0.6623528267153174,0.7405665581064815,0.6983609602393849,0.5360963410196727,0.7252754608368798,0.7971666248585968,0.694220118343209,0.8328538872495044,0.9515118267697426,0.9173098224891634,0.0,0.8048753251877776,0.6746625402621518,0.8219798620784236,0.7067347085776966,0.8719551802501958,1.0,0.9047591334725603,0.563950774414479,0.7855185890568696,0.7115403812630611,0.7586025731794069,0.7668703374954094,0.7235341151549178,0.724108381645738,0.7366269253683596,0.7006840740506433,0.6067537326015536,0.6067281317082678,0.5779534949868684,0.4980308677217206,0.7531718378162245,0.7922943446452899
0.9122946560486208,0.45171404907182033,0.24370852950970956,0.3680727780423548,0.6523238525410807,0.8374409839866901,0.805718733940556,0.7472652337388602,0.8161201771145222,0.6299018651028897,0.7041868193417802,0.5787737537408548,0.6234347232018335,0.6696756738373718,0.5610616138473657,0.5691468166929229,0.6504951113319026,0.6449446433435962,0.5911419322746214,0.6644966079161847,0.5484244603523882,0.7556801040987267,0.7940958578826282,0.7683044110493211,0.803550116021042,0.8329772871435621,0.7540943275114772,0.5931971310285408,0.7569549814109798,0.8435218194925326,0.7945706453632224,0.6689540155389605,0.8480354786205949,0.8375790131988486,0.8048753251877776,0.0,0.7623211676600329,0.7782087765149304,0.6802793683241514,0.8590812503092907,0.8487020888655152,0.8448848759385589,0.5591158703752702,0.8188858410591033,0.6652869951443836,0.7942449924551958,0.8674187683960034,0.8174232442844853,0.8157196036345693,0.7805191087371292,0.7634743038643721,0.6062980301108354,0.7429034905249199,0.6562560659473332,0.5589804531688156,0.8076651375379099,0.7587284094626112
