Cingulate area 2,Glomerular layer of the accessory olfactory bulb,Glomerular layer of the olfactory bulb,"Olfactory bulb, unspecified",Frontal association cortex,Cornu ammonis 3,Dentate gyrus,Cornu ammonis 2,Cornu ammonis 1,Fasciola cinereum,Subiculum,Postrhinal cortex,Presubiculum,Parasubiculum,Perirhinal area 35,Perirhinal area 36,Medial entorhinal cortex,Lateral entorhinal cortex,Primary auditory area,"Secondary auditory area, dorsal part","Secondary auditory area, ventral part","Piriform cortex, layer 1","Piriform cortex, layer 2","Piriform cortex, layer 3",Ventrolateral orbital area,Lateral orbital area,Ventral orbital area,Medial orbital area,Dorsolateral orbital area,Prelimbic area,Secondary motor area,Frontal association area 3,Primary motor area,"Agranular insular cortex, ventral area",Agranular insular cortex dorsal area,Cingulate area 1,Infralimbic area,Dysgranular insular cortex,Granular insular cortex,"Primary somatosensory area, forelimb representation","Primary somatosensory area, dysgranular zone","Primary somatosensory area, face representation",Secondary somatosensory area,"Primary somatosensory area, hindlimb representation","Agranular insular cortex, posterior area","Primary somatosensory area, barrel field",Retrosplenial dysgranular area,"Primary somatosensory area, trunk representation",Retrosplenial granular area,"Parietal association cortex, lateral area","Parietal association cortex, medial area","Parietal association cortex, posterior area",Primary visual area,"Secondary visual area, lateral part",Temporal association cortex,"Secondary visual area, medial part",Nucleus of the lateral olfactory tract
0.0,0.42457852640012267,0.16492637483543143,0.28018282192179844,0.37081473488904076,0.8319395911829062,0.9310385108912264,0.9957532812940844,0.7983056466146132,0.8826340919371299,0.7481559282952828,0.6002940365669998,0.8279417885917199,0.6264200129332084,0.8204973883956483,0.705910767818411,0.6473683434006776,0.7125941655660909,0.8623120791748934,0.829797270662426,0.8121627457038774,0.945122287470277,0.9193690553047812,0.9551847650278623,0.5649887510682133,0.5516519261374396,0.5198024216459737,0.4085513121492289,0.4313459111263408,0.5579892478778068,0.649701959769127,0.6367820132894209,0.9061369657453832,0.712447286600183,0.5407732341104532,0.9386457375069996,0.7628446926515564,0.8721343549915107,0.9525064043744411,0.9785284800243792,0.8915008503328034,0.8703054617419158,0.8828554754974485,0.8584056795565803,0.8487303941966118,0.9015280547234548,0.9578310643166695,0.9730310184750707,0.8362014717596685,0.8037168257001165,0.8234419313098631,0.7778948594790706,0.8109087527330318,0.7605387129349336,0.6650020224466348,0.7955459599166892,0.8630930743040048
0.42457852640012267,0.0,0.4396445823634981,0.8084182086506041,0.8646682760577162,0.46585748592272663,0.4611912640390199,0.4333400993699683,0.46679767338391964,0.36548850342289285,0.4858800297547035,0.6713170994817447,0.5516029861799256,0.6469638142433034,0.5291642027631737,0.557926403324876,0.7074761844710867,0.5654644170096432,0.5255114709709051,0.4980262607207939,0.5389732998830336,0.5323778166377242,0.49270203773323085,0.4467763027017996,0.886969074894804,0.8348514576070665,0.7509235482872489,0.8198941291821326,0.8080935545300727,0.6522004421245344,0.796300933332753,0.6915556237039516,0.5733470612244266,0.6556901515042045,0.7033252608462734,0.4699000353292562,0.5495755732174084,0.5512160277774915,0.5617388918232972,0.4765457380647002,0.3711468486163387,0.5639750848922698,0.5876375535950442,0.42100917639637553,0.5630277623189407,0.4069508037083607,0.4337258967123759,0.3938318386964558,0.38586988235911474,0.3066985485530328,0.49702302273687915,0.40764131947472915,0.47734440578466836,0.5818500403116281,0.6387241493138113,0.3914235992250767,0.4214843922800655
0.16492637483543143,0.4396445823634981,0.0,0.6602456483964166,0.401230365822264,0.18014616741852493,0.1803341058977042,0.17071745907747354,0.18002280228410567,0.1529177897265842,0.1917818564362607,0.25914302972136133,0.20743778960562473,0.26896369281131394,0.20192469165209548,0.20591948089509676,0.2656119468883969,0.2243438491401054,0.1951829958347312,0.18986531064264053,0.19805881491982522,0.1956680673572147,0.18956639183525376,0.1746725164063906,0.32386374305148874,0.2890962509860406,0.2956972966243988,0.3672040766125924,0.3252241981823695,0.2585815010386307,0.278076505234873,0.24657308034001357,0.2064486277183303,0.2316361941752179,0.2528152933127864,0.18501488259866558,0.19332288418003712,0.20654673803797133,0.2083098429892209,0.18108251272446685,0.1518724328421343,0.20861999155711242,0.20098917662877833,0.1650235675193289,0.20080835479373577,0.1667034870149496,0.1676813541905644,0.16410434224815135,0.15982538453504125,0.13239777157665006,0.17964669136983816,0.17299163524949385,0.1867601915700665,0.21558609184350083,0.23996787927539487,0.15521082032348554,0.16663475425095448
0.28018282192179844,0.8084182086506041,0.6602456483964166,0.0,0.7589911938583758,0.31308185945453065,0.3111736412606205,0.2907618545375973,0.3105915875248552,0.24908515717582497,0.3304827505675644,0.4670300221595819,0.3547345383083151,0.4550190257910089,0.3521743986451498,0.358773783813656,0.47503221635062953,0.3793778592750022,0.33883805814288087,0.3302203782238609,0.36383651364036523,0.34581746061453655,0.33939258669989797,0.29556887017840067,0.6094733285742467,0.5496401791000795,0.5554289370284746,0.6422679025954671,0.6042479458966793,0.4403291068259353,0.5035604088446264,0.46770030611987995,0.35600315283942874,0.4113623373402424,0.488060628829709,0.29822290541335816,0.34822299296944387,0.36516355726190014,0.3675850040287505,0.3054669565760672,0.24548119770560048,0.3574861117472606,0.3634781752572578,0.2772666429749325,0.3393626164250467,0.27181083189634736,0.286180070200384,0.26485913018013885,0.2626647615241422,0.21220283571117696,0.33979132446196736,0.2819817608310622,0.3309555621290235,0.3731547752190629,0.4366221075915345,0.2702093253778753,0.2835575029131145
0.37081473488904076,0.8646682760577162,0.401230365822264,0.7589911938583758,0.0,0.4003324081692626,0.4000949176803026,0.39367911338030187,0.40790179544480054,0.3231951581887276,0.4235295197604594,0.5988540464030123,0.47917145777261727,0.5512923779702017,0.4768619826786567,0.4672637154838164,0.5951159076648932,0.48953142896176194,0.45554097080752926,0.43915692440767157,0.4965247095021233,0.44957879852372057,0.45149803138179745,0.4020629893565397,0.7433112928991117,0.6674904943136999,0.6317649813198236,0.7146726120457215,0.7836494349659173,0.5074189531765089,0.6466393344466856,0.6120139774002297,0.4707229414609005,0.5586893155828114,0.6384523413771549,0.37648659135901,0.4722068318750451,0.49306419527319756,0.500372764789061,0.38485423078875886,0.3071231958260507,0.4667786177148988,0.48379212946371347,0.3678830313537963,0.45489202092799114,0.3533319304668105,0.36755169111597147,0.3433168871151674,0.3303316537573361,0.2754324232357279,0.46283955746986477,0.3576530088371672,0.4413615803527848,0.46072115714450396,0.5793468516330184,0.36007035009512584,0.392062409215203
0.8319395911829062,0.46585748592272663,0.18014616741852493,0.31308185945453065,0.4003324081692626,0.0,0.9812621466119622,0.9386436223035194,0.9332740736532626,0.803327947839886,0.8993123642741858,0.7806936928607817,0.892492685998958,0.7984358973632624,0.9737413456937818,0.8591718170530253,0.816734136115589,0.9041155931054063,0.9792955720022375,0.9745919945029787,0.8671185372088869,0.9728082561881236,0.9280806248280794,0.902730965226206,0.6014294682407462,0.6290791266014546,0.5580320797680566,0.45049464323674926,0.5106391452043558,0.5806416210000237,0.6571838617725352,0.8277674728781286,0.8908172460850838,0.7522273518475591,0.6108404312631222,0.8719822479868847,0.7368338030902188,0.9559055139492794,0.8822508031000617,0.8816135797859646,0.8541466884535462,0.8257113768935821,0.8421918917827326,0.8319661400274789,0.8682556740730745,0.9521503495351185,0.8607014074679763,0.8768026320822406,0.7757678529453746,0.8270989464440206,0.8713041147975776,0.9061822380191468,0.9327424838687105,0.8639398383665147,0.8308432910254616,0.8144841486349567,0.8989780075427791
0.9310385108912264,0.4611912640390199,0.1803341058977042,0.3111736412606205,0.4000949176803026,0.9812621466119622,0.0,1.0,1.0,0.8658228857413474,0.9524941391701357,0.7627670675841933,0.8790910956988958,0.844119191033585,0.9475300328932961,0.9256050129887629,0.8478616615695725,0.8661952727374295,0.9762709419314153,0.9948863097639977,0.8886719129464301,1.0,0.9951703687582103,1.0,0.6253166716351691,0.6372877296868018,0.5981967047725556,0.466405728763779,0.48784689426122263,0.6634842157036559,0.7342162271449537,0.7615373641868654,0.9458613966097861,0.7815965146030543,0.6191051480663256,0.9664308991556934,0.78911682472759,1.0,0.952693804771791,0.9937541383504593,1.0,0.9119014835690945,0.983071210124759,0.9611814863088165,1.0,0.9911725045138373,0.9802117225131461,0.9539975122794284,0.8938907857850537,0.8944233511872963,0.9770560593550068,0.9735369607085125,0.9628861902800457,0.9013134114831324,0.8333569075616248,0.9179851733184179,0.9083519418391219
0.9957532812940844,0.4333400993699683,0.17071745907747354,0.2907618545375973,0.39367911338030187,0.9386436223035194,1.0,0.0,0.9913919679944005,0.9224699572507827,0.8786048396214362,0.7345567222689771,0.9474216244123764,0.7968242240548767,1.0,0.9024968137129139,0.79746956790978,0.8968548532469138,0.9539061555915397,0.9912935451677359,0.9115516415833813,0.9883498811622862,0.9766968811202846,0.9945550267598078,0.6011340775192047,0.6444874995828871,0.5752554387331156,0.4537952556703469,0.49550539550809,0.627241262508774,0.7137729828380183,0.7609500442563805,0.9496450514178207,0.7493778465450036,0.6184470462196193,0.8961152917132136,0.817241475660215,0.9883550603957383,0.9631962321695007,0.899146042920938,1.0,0.9338804864879167,0.9367684467264934,0.892314210918673,0.9467358103346611,0.9760596291205231,0.9482011289478547,0.9277588669152281,0.8097876871416145,0.9952226702608348,1.0,0.9912180996392222,1.0,0.8804755966729427,0.8285503421062032,0.8248737936739007,0.9522446822247524
0.7983056466146132,0.46679767338391964,0.18002280228410567,0.3105915875248552,0.40790179544480054,0.9332740736532626,1.0,0.9913919679944005,0.0,0.8057987735943738,0.9812995350467845,0.781158596247912,0.9310670845036315,0.7984243132879577,0.8890321113458396,0.8798792716174735,0.8519484837010206,0.8799138787855084,0.9206873336865656,1.0,0.8968213747975343,0.9292377773691844,1.0,0.9787902183300792,0.605250197141855,0.6350617677073572,0.5682729537732347,0.4555117370082761,0.513249553967827,0.5875121433163242,0.6564944099714015,0.7623905132329315,0.8853314505250443,0.749321209840659,0.6276839731265178,0.8790357188878676,0.737962047505444,0.876800236088452,0.952074141205582,0.8613401275666155,0.8973413133666983,0.8526513237415054,0.8813991014033856,0.8280744797671514,0.9370670257831062,0.9221012048425475,0.8522273430272654,0.8908126998636855,0.8111501835449112,0.8842191304759239,0.9814764480780236,0.9823682143841826,0.9609050404820104,0.8957392051894224,0.8811864932113579,0.8290154738844419,0.9298687963156262
0.8826340919371299,0.36548850342289285,0.1529177897265842,0.24908515717582497,0.3231951581887276,0.803327947839886,0.8658228857413474,0.9224699572507827,0.8057987735943738,0.0,0.7787770017319853,0.5811656108624549,0.7705851966226333,0.6368480476604504,0.7843875460301936,0.737400929622278,0.6066780132371853,0.7038785751069454,0.8350722395749441,0.8421370780313645,0.7615733761358205,0.8287391911120052,0.8109039697628532,0.8359986410428768,0.47888979231285345,0.47233925859395337,0.4347674631957229,0.35796970323683214,0.3788350528123225,0.4810613572325602,0.5283799424663966,0.5569890875470646,0.7616997471893098,0.5774019371848418,0.4823055289109491,0.8796093441763649,0.6640790383176506,0.7838431355278638,0.7844710325878306,0.8300755326165002,0.9431567522522865,0.7649398145616619,0.7505364131729604,0.799064540143349,0.8047831338187991,0.9168559305466414,0.9436737993117171,0.8738379531756846,0.7507991448455696,0.8824594223745655,0.7386373770222607,0.8123226477245884,0.8135078901125482,0.7024631582205613,0.631428687903234,0.7088805921073594,0.8298290159501576
0.7481559282952828,0.4858800297547035,0.1917818564362607,0.3304827505675644,0.4235295197604594,0.8993123642741858,0.9524941391701357,0.8786048396214362,0.9812995350467845,0.7787770017319853,0.0,0.7655406854896614,0.9100780842628468,0.7913126628557584,0.892100284421141,0.8475134024375126,0.8619914957672509,0.9063935027126506,0.95614043466475,0.9856413067708872,0.8515870853375422,0.9104548331352983,0.9119092687088313,0.9281765064215755,0.6222583553641463,0.6367653812028954,0.5624619697188334,0.4934816269049041,0.505780275463183,0.5724827774034874,0.6664752121938099,0.7647382412177511,0.9127192351370093,0.6971246497318453,0.5823202152424753,0.8479816655057822,0.721970811470518,0.8838034370053265,0.8521426508709709,0.8748417599270943,0.8541919457519712,0.8127716742964032,0.8564859792631015,0.8631939227198548,0.9105367096993157,0.8927757150728018,0.896685301779998,0.8783139350682334,0.7856730030696089,0.7784818783808312,0.8815164479826082,0.9065805016603894,0.9272183129710563,0.8766372945009202,0.8434258158893914,0.8093867557618901,0.9091769441059964
0.6002940365669998,0.6713170994817447,0.25914302972136133,0.4670300221595819,0.5988540464030123,0.7806936928607817,0.7627670675841933,0.7345567222689771,0.781158596247912,0.5811656108624549,0.7655406854896614,0.0,0.8660729130526909,0.9146219094760962,0.859839660764847,0.8567228543002516,0.9932632945334299,0.8930471905776175,0.8597392606227414,0.8433022459121443,0.8359787519119838,0.8214424960180898,0.793971188398755,0.7471788237387577,0.8342065431903376,0.796479425975537,0.8053503729916685,0.6794410341157222,0.7245491839642146,0.734531106520681,0.7926638265649064,0.8855321901235096,0.7960260523352787,0.8667724725397424,0.8116018088294205,0.6991412178391287,0.7409571923211902,0.8796893884547557,0.8363348767191559,0.673358679586222,0.6131261173165798,0.7602637087933236,0.7639518689067136,0.6502405697059231,0.820550381111637,0.6486335455885052,0.6242551370025274,0.6414315963033065,0.5562045793744018,0.5529195920025093,0.7595577676744267,0.7236704061041329,0.7994639207427316,0.8579844952434275,0.8985614316081726,0.596853318318907,0.6801121204837522
0.8279417885917199,0.5516029861799256,0.20743778960562473,0.3547345383083151,0.47917145777261727,0.892492685998958,0.8790910956988958,0.9474216244123764,0.9310670845036315,0.7705851966226333,0.9100780842628468,0.8660729130526909,0.0,0.8636723469579649,0.9633497135760254,0.9146977697702977,0.9030298293265058,0.887911395579898,0.9597962654532264,0.9662074327041371,0.9072692392907347,0.970881590058524,0.941400888532969,0.9115895404860115,0.710601096516228,0.688522947757335,0.6345735041005066,0.5322982980565547,0.5962662384178324,0.6818830941876798,0.7630138932989868,0.828890332629132,0.9370303255580552,0.7967053355580784,0.67508562121571,0.9006235436398027,0.8166251701659771,0.9958208248893856,0.9549462344526967,0.8994938625579519,0.7761936545132647,0.9348178565985079,0.9096599170209456,0.7911073825482066,0.9734660518431182,0.8782970212942761,0.7781635371927321,0.8607459090611772,0.7177240635794989,0.7476577685750372,0.8147100521188329,0.8823224669919928,0.9037059954705592,0.9356053999349457,0.9202274677756597,0.7077209639769307,0.8712593316338456
0.6264200129332084,0.6469638142433034,0.26896369281131394,0.4550190257910089,0.5512923779702017,0.7984358973632624,0.844119191033585,0.7968242240548767,0.7984243132879577,0.6368480476604504,0.7913126628557584,0.9146219094760962,0.8636723469579649,0.0,0.8813368991834928,0.8535475557262728,0.95721822088439,0.8821274189648116,0.851851182895279,0.8256957085199595,0.7861731056039232,0.8089409663561214,0.8128172313815487,0.7674670775818965,0.7796380444768554,0.7537510576454507,0.6671383281136971,0.6116751536637564,0.6888822980890268,0.6703903590342072,0.7684789308926087,0.9073008332135686,0.826388507864196,0.8815308636937522,0.7349224983640271,0.7213156885546086,0.7239147481123602,0.8610322710456438,0.9082578078531578,0.7234161654176741,0.6515197925514706,0.8655652357554005,0.8149881896147989,0.6168998271943849,0.8612600389880612,0.7402236991996123,0.6560258879880725,0.6534799553447342,0.6086220322181715,0.5784410556330629,0.7140908298050406,0.7191172652439181,0.844624264234147,0.9046065885858272,0.9952270809246456,0.6013863023407764,0.6801580108207825
0.8204973883956483,0.5291642027631737,0.20192469165209548,0.3521743986451498,0.4768619826786567,0.9737413456937818,0.9475300328932961,1.0,0.8890321113458396,0.7843875460301936,0.892100284421141,0.859839660764847,0.9633497135760254,0.8813368991834928,0.0,0.9596909091297734,0.9147281279866746,0.9559576439665689,1.0,0.934854182684164,0.9056084515810489,0.9837944697580288,0.9704918563350288,0.8841811883777418,0.7192980106209119,0.7127146210708131,0.6670698710068932,0.5316769681918275,0.5976135631258489,0.7224947511287609,0.7535738500937521,0.8028134638241972,0.9065164064686431,0.8236422893279562,0.7034377898878775,0.864362375530166,0.8683898224105241,1.0,0.9825114753077516,0.8862238190834596,0.8244157674213174,0.9313535486314244,0.8972684433042996,0.869070291065596,1.0,0.8446578039383495,0.8325682464575107,0.8328415458405382,0.6701550162416607,0.768635697078436,0.910926127438131,0.8632116590968683,0.9813648461878092,0.9329313826768243,0.9224131280348211,0.7324191834506656,0.8083479213027536
0.705910767818411,0.557926403324876,0.20591948089509676,0.358773783813656,0.4672637154838164,0.8591718170530253,0.9256050129887629,0.9024968137129139,0.8798792716174735,0.737400929622278,0.8475134024375126,0.8567228543002516,0.9146977697702977,0.8535475557262728,0.9596909091297734,0.0,0.9060393231338543,0.9147183950905337,0.9388482896680274,0.8681933842400396,0.9012794563898059,0.8557941415136997,0.8691139921581422,0.8228804999940451,0.6829624122562776,0.7016916482288932,0.6451324797161864,0.55151801571686,0.579444360222731,0.6747542431548872,0.7591669101903427,0.7622787348674334,0.88565187818117,0.8220327519114068,0.6650518266294594,0.7581775746587025,0.7822918234716195,0.9234618212591121,0.9094215630861592,0.7188543650234601,0.7339608230152521,0.8244366803207651,0.8764267131479027,0.8037933165108397,0.9478417552223601,0.7982747893281238,0.7742201278452464,0.7779100204114014,0.6621071934308367,0.7162879155107018,0.8805219429876617,0.8395823961636626,0.9051451449402121,0.856349655921199,0.9587915054933566,0.6553395800880899,0.8209833639319798
0.6473683434006776,0.7074761844710867,0.2656119468883969,0.47503221635062953,0.5951159076648932,0.816734136115589,0.8478616615695725,0.79746956790978,0.8519484837010206,0.6066780132371853,0.8619914957672509,0.9932632945334299,0.9030298293265058,0.95721822088439,0.9147281279866746,0.9060393231338543,0.0,0.9995248813398999,0.8772221110191437,0.8821815210386926,0.8275731682675156,0.8375719130593818,0.853739197656221,0.7629951447088694,0.8204487400737221,0.8000659825169607,0.7655765661002837,0.6871309416750178,0.6834864140314828,0.7202785910046536,0.9251390110459387,0.9154716950477543,0.8304803724291336,0.8391035645767085,0.770747904677235,0.7511359322482896,0.7301290749896782,0.8724686306946372,0.8926205357579925,0.7352986098755977,0.6648195849606848,0.8202664086209797,0.8458916769766653,0.6727391710336833,0.9099963687805274,0.7036809019237971,0.6757428727891892,0.678683958642295,0.598805146579369,0.5709541728905524,0.8209369467268389,0.7989386593556588,0.8570785440506647,0.9045442189780946,1.0,0.6373758999500981,0.7391492906770656
0.7125941655660909,0.5654644170096432,0.2243438491401054,0.3793778592750022,0.48953142896176194,0.9041155931054063,0.8661952727374295,0.8968548532469138,0.8799138787855084,0.7038785751069454,0.9063935027126506,0.8930471905776175,0.887911395579898,0.8821274189648116,0.9559576439665689,0.9147183950905337,0.9995248813398999,0.0,0.9151641990158178,0.9132365361602637,0.9165342772728085,0.9009433735181389,0.8500464572646966,0.8685383137329192,0.6899912938723588,0.7178676073932714,0.6643817388903055,0.5770460304237769,0.6147395734669849,0.7133175567653236,0.7771857898917237,0.8692308834157244,0.8918522341461653,0.8493163675669435,0.7197921767791171,0.8217735933028398,0.7545915468881746,0.9332067793658783,0.9084146560662159,0.81211629740194,0.7514694748962104,0.845456190857286,0.9101300217047993,0.7576795713666834,0.9076011662696278,0.8017128140975918,0.7462948383480528,0.8110397301342452,0.6788735249548368,0.7227818665565537,0.7993360181004879,0.8945244960037481,0.9553521952825432,0.9337944198554402,0.8794856508033481,0.674635799189435,0.7872986793283856
0.8623120791748934,0.5255114709709051,0.1951829958347312,0.33883805814288087,0.45554097080752926,0.9792955720022375,0.9762709419314153,0.9539061555915397,0.9206873336865656,0.8350722395749441,0.95614043466475,0.8597392606227414,0.9597962654532264,0.851851182895279,1.0,0.9388482896680274,0.8772221110191437,0.9151641990158178,0.0,1.0,0.9915303137502438,0.9930615733156384,1.0,0.9385942064478573,0.654153322978925,0.6894909143825472,0.6124006346065901,0.504099591519578,0.54917288931481,0.6588547922357614,0.7310375067968407,0.8507102732888954,0.946663349469369,0.8264433875189554,0.6833322639152715,0.8572702537763129,0.8406873918638851,0.988894734447635,1.0,0.8453582395440485,0.8904313422399102,0.8681180591996759,0.9500472850901786,0.7960021071624269,1.0,0.9282427408567256,0.9165834241432984,0.8535239895053106,0.7423601975396735,0.8247520843977575,0.9336909107998993,0.9344679495044179,0.9647074468393458,0.8986391513223897,0.9241977387623902,0.772663894404686,0.931923791655123
0.829797270662426,0.4980262607207939,0.18986531064264053,0.3302203782238609,0.43915692440767157,0.9745919945029787,0.9948863097639977,0.9912935451677359,1.0,0.8421370780313645,0.9856413067708872,0.8433022459121443,0.9662074327041371,0.8256957085199595,0.934854182684164,0.8681933842400396,0.8821815210386926,0.9132365361602637,1.0,0.0,0.8948876306874869,0.9736166199977598,0.9757210313462241,0.9426046058726809,0.6563885082003773,0.6733851277160867,0.655937387998057,0.5174031225229553,0.5147091699247648,0.6617634813143122,0.732068556208715,0.8437706314180248,0.9719764606202792,0.8105038365289625,0.682099434760917,0.9450342073977209,0.8164203015519292,1.0,1.0,0.9131639987018728,0.9510433079056273,0.9290954409753589,0.9760129702463106,0.9206634146111966,0.9490922936017048,0.8969767394328905,0.8489054137204459,0.8855125263674244,0.8032016728891732,0.8014762538909848,0.9734002358652815,0.9165093497973266,0.9657843856144421,0.8991667904451266,0.8640179308508452,0.7906430358798543,0.8889689276767138
0.8121627457038774,0.5389732998830336,0.19805881491982522,0.36383651364036523,0.4965247095021233,0.8671185372088869,0.8886719129464301,0.9115516415833813,0.8968213747975343,0.7615733761358205,0.8515870853375422,0.8359787519119838,0.9072692392907347,0.7861731056039232,0.9056084515810489,0.9012794563898059,0.8275731682675156,0.9165342772728085,0.9915303137502438,0.8948876306874869,0.0,0.9254679680750413,0.9603103678538406,0.854041002155041,0.6989521312926587,0.7219753103213313,0.6256257239592274,0.5412803873153604,0.5882022932942336,0.6363054367221457,0.7143086183641332,0.8642146630940624,0.9101230776469722,0.7913086004773515,0.7004312657865684,0.7972687083040875,0.778394905243724,0.8792382425223544,0.8612975184781015,0.7888170387002845,0.7731022271035486,0.8317659621699652,0.8783496180351005,0.7546167369636355,0.9400574220102694,0.8030663179302856,0.8251084289600543,0.7884047597452313,0.6832505043986383,0.7661914027916101,0.9553055348993365,0.7898907635614341,0.8848789599387199,0.8846397142894563,0.898755336380264,0.7352103273998406,0.8754930137945394
0.945122287470277,0.5323778166377242,0.1956680673572147,0.34581746061453655,0.44957879852372057,0.9728082561881236,1.0,0.9883498811622862,0.9292377773691844,0.8287391911120052,0.9104548331352983,0.8214424960180898,0.970881590058524,0.8089409663561214,0.9837944697580288,0.8557941415136997,0.8375719130593818,0.9009433735181389,0.9930615733156384,0.9736166199977598,0.9254679680750413,0.0,1.0,0.9833345332717457,0.6880852229421093,0.7170741794283175,0.6708184710343181,0.5169327394520189,0.5697256361549327,0.7109445721946099,0.8216315969614884,0.8738423643933678,0.966777786892334,0.8566731336348562,0.6868124023995993,0.9067165285708009,0.8097434732473096,0.9855805289116132,0.9653513056739036,0.9074790453101158,0.8596354820579339,0.9391321002845608,0.9928900575237654,0.8704155683944345,0.9551059116715079,0.9298934271330972,0.9333655573393177,0.8897037983535675,0.764891377374949,0.8250528607822197,0.8955649996167019,0.874647676806314,0.9295367505552237,0.9297886998163314,0.879300116054518,0.7902223882661267,0.8155213336734581
0.9193690553047812,0.49270203773323085,0.18956639183525376,0.33939258669989797,0.45149803138179745,0.9280806248280794,0.9951703687582103,0.9766968811202846,1.0,0.8109039697628532,0.9119092687088313,0.793971188398755,0.941400888532969,0.8128172313815487,0.9704918563350288,0.8691139921581422,0.853739197656221,0.8500464572646966,1.0,0.9757210313462241,0.9603103678538406,1.0,0.0,0.9827648607620783,0.6730452461486955,0.7306575541212119,0.6354916880350928,0.508720130048677,0.5486537323287239,0.6745875817229842,0.7322814097299376,0.8788135064894701,0.9228750802548567,0.8434950477435198,0.6905699470386204,0.8894651268635276,0.8536195080188598,0.9690123360077217,0.9414329932077298,0.9000930476949656,0.8804020911498562,0.9400897914933762,0.9733199717396509,0.8688138057220965,0.905138622719229,0.9471026836214083,0.9190213253739751,0.90573417471159,0.7865961966996973,0.8160074654566226,0.9605074559753675,0.8877530652121602,0.9121710664857815,0.8913931724365569,0.8931798044008438,0.8011900814867611,0.8339843819737629
0.9551847650278623,0.4467763027017996,0.1746725164063906,0.29556887017840067,0.4020629893565397,0.902730965226206,1.0,0.9945550267598078,0.9787902183300792,0.8359986410428768,0.9281765064215755,0.7471788237387577,0.9115895404860115,0.7674670775818965,0.8841811883777418,0.8228804999940451,0.7629951447088694,0.8685383137329192,0.9385942064478573,0.9426046058726809,0.854041002155041,0.9833345332717457,0.9827648607620783,0.0,0.6059838450754349,0.621645195404961,0.5485621339163407,0.44557594391293315,0.47642678130248367,0.5971868225146885,0.6650474437190628,0.7174862823944818,0.9193622537843811,0.7629763405338812,0.6228948658906565,0.8657436713727243,0.7549919076609037,0.9334020353537008,0.9303860244686047,0.8914851837855092,0.8930232740560183,0.9049268051639369,0.9312413444105859,0.8988389297645635,0.9459417750029627,0.9344423929040249,0.9416133738355876,0.9106349513922537,0.8193007357501083,0.867452171776943,0.9538444857850406,0.919827144645725,0.9143583332993244,0.8581396823936875,0.8128862643232796,0.8100316887558461,0.914709021296982
0.5649887510682133,0.886969074894804,0.32386374305148874,0.6094733285742467,0.7433112928991117,0.6014294682407462,0.6253166716351691,0.6011340775192047,0.605250197141855,0.47888979231285345,0.6222583553641463,0.8342065431903376,0.710601096516228,0.7796380444768554,0.7192980106209119,0.6829624122562776,0.8204487400737221,0.6899912938723588,0.654153322978925,0.6563885082003773,0.6989521312926587,0.6880852229421093,0.6730452461486955,0.6059838450754349,0.0,0.9547935820852569,0.9769748282068748,0.8825458824820711,0.7991662147112097,0.8645185546350652,0.9443209775940336,0.8508343093929815,0.695193247615905,0.8519392923359358,0.8891931682688436,0.6132390901983055,0.7179554353837582,0.7547994124837846,0.7637648596691597,0.5880653350689872,0.4854311710577982,0.6821059635750449,0.7729969611991534,0.5511611861516177,0.6882282747522629,0.5188388139894639,0.5609981905376485,0.5120625884439497,0.47562466750046783,0.40789945910077674,0.6749014703358243,0.5326685473126822,0.6558250703402732,0.74491894743303,0.8066009043126628,0.5034986485300923,0.5435653641203942
0.5516519261374396,0.8348514576070665,0.2890962509860406,0.5496401791000795,0.6674904943136999,0.6290791266014546,0.6372877296868018,0.6444874995828871,0.6350617677073572,0.47233925859395337,0.6367653812028954,0.796479425975537,0.688522947757335,0.7537510576454507,0.7127146210708131,0.7016916482288932,0.8000659825169607,0.7178676073932714,0.6894909143825472,0.6733851277160867,0.7219753103213313,0.7170741794283175,0.7306575541212119,0.621645195404961,0.9547935820852569,0.0,0.8919492669040902,0.8594509000108694,0.8544036277729365,0.7832222381495768,0.9039756162102722,0.8681499846115219,0.7302581840244503,0.8429543534057513,0.9232789241979946,0.5946006877455536,0.7441369855107149,0.7879273240990378,0.7530967534745467,0.5711634784625415,0.47862515628323077,0.7348556410748671,0.7062525753581024,0.5292914623390431,0.6544685109358898,0.4971067653643301,0.5556880993965989,0.503733429841542,0.46778388064967713,0.4379896921904919,0.690562074129753,0.5555580724474779,0.686143767099218,0.7080784812643129,0.8361566909567972,0.49116681660933603,0.5234942054265925
0.5198024216459737,0.7509235482872489,0.2956972966243988,0.5554289370284746,0.6317649813198236,0.5580320797680566,0.5981967047725556,0.5752554387331156,0.5682729537732347,0.4347674631957229,0.5624619697188334,0.8053503729916685,0.6345735041005066,0.6671383281136971,0.6670698710068932,0.6451324797161864,0.7655765661002837,0.6643817388903055,0.6124006346065901,0.655937387998057,0.6256257239592274,0.6708184710343181,0.6354916880350928,0.5485621339163407,0.9769748282068748,0.8919492669040902,0.0,0.9330832958148727,0.7861867174110388,0.9411362144219766,0.985147017997068,0.8035092776726402,0.6855519865240873,0.8258641921511959,0.9080819670007805,0.6133948517752617,0.7226819215442837,0.8097637379302316,0.7526524877284241,0.5790771861498358,0.48291531813974964,0.726972318620988,0.7071998628640933,0.49937338380546425,0.6578522721019656,0.48506327905662444,0.5259802641693337,0.4586625281012949,0.43829840370273915,0.39272310892604917,0.6175914111065917,0.4827755517461325,0.6140904158732242,0.6762152057775056,0.7798551930284442,0.45025036419580655,0.49949034270829806
0.4085513121492289,0.8198941291821326,0.3672040766125924,0.6422679025954671,0.7146726120457215,0.45049464323674926,0.466405728763779,0.4537952556703469,0.4555117370082761,0.35796970323683214,0.4934816269049041,0.6794410341157222,0.5322982980565547,0.6116751536637564,0.5316769681918275,0.55151801571686,0.6871309416750178,0.5770460304237769,0.504099591519578,0.5174031225229553,0.5412803873153604,0.5169327394520189,0.508720130048677,0.44557594391293315,0.8825458824820711,0.8594509000108694,0.9330832958148727,0.0,0.8281311295588663,0.7149824732431964,0.7433207431342647,0.7151992068463587,0.5404220005281992,0.6753925969331414,0.8576733069799832,0.4517264054055833,0.5670012208303388,0.6196826810811121,0.5544763715424588,0.43047830461067577,0.3648287105304447,0.5345281060880664,0.5291338123528836,0.39311962542450657,0.538925692775382,0.3848828478191126,0.3965355754609871,0.3707294022691113,0.349396383900201,0.31305174279993075,0.5016124061156033,0.4084776185234235,0.4929071027916463,0.5685919861338338,0.6772652907700982,0.3737792991501525,0.3915228698478056
0.4313459111263408,0.8080935545300727,0.3252241981823695,0.6042479458966793,0.7836494349659173,0.5106391452043558,0.48784689426122263,0.49550539550809,0.513249553967827,0.3788350528123225,0.505780275463183,0.7245491839642146,0.5962662384178324,0.6888822980890268,0.5976135631258489,0.579444360222731,0.6834864140314828,0.6147395734669849,0.54917288931481,0.5147091699247648,0.5882022932942336,0.5697256361549327,0.5486537323287239,0.47642678130248367,0.7991662147112097,0.8544036277729365,0.7861867174110388,0.8281311295588663,0.0,0.622111134539201,0.7468700087463508,0.8405043871000955,0.5547896237634923,0.7648140392375387,0.8449811624338428,0.42657138955832263,0.6362265523113477,0.6272176278100664,0.5884826365515325,0.4293644534474752,0.36926276225886673,0.5956323844120848,0.5604658502564617,0.3906747532226515,0.5327062580120661,0.400875798838634,0.4166162365291966,0.38900329873143397,0.359724333064972,0.3575355094713306,0.537158824676604,0.4459815665607919,0.5378252283908465,0.5804043529026679,0.7234457916868706,0.3894794488593358,0.4272731038942263
0.5579892478778068,0.6522004421245344,0.2585815010386307,0.4403291068259353,0.5074189531765089,0.5806416210000237,0.6634842157036559,0.627241262508774,0.5875121433163242,0.4810613572325602,0.5724827774034874,0.734531106520681,0.6818830941876798,0.6703903590342072,0.7224947511287609,0.6747542431548872,0.7202785910046536,0.7133175567653236,0.6588547922357614,0.6617634813143122,0.6363054367221457,0.7109445721946099,0.6745875817229842,0.5971868225146885,0.8645185546350652,0.7832222381495768,0.9411362144219766,0.7149824732431964,0.622111134539201,0.0,0.8613092603838146,0.696616168274154,0.731847490134942,0.8184225012947445,0.8286658138729992,0.7175465614954428,0.7138091944097615,0.8559897415246365,0.801576632750404,0.6346927262820653,0.530378765502143,0.7505042680645644,0.7578854798988494,0.5201367672505053,0.6779930470341707,0.5196482709969351,0.5491336775965588,0.48692843375594086,0.46545495192190756,0.42601656148546446,0.6156278004750186,0.5330219015792923,0.6341782365548685,0.7044293058959965,0.7167999489716211,0.4649934365578265,0.5082297524454041
0.649701959769127,0.796300933332753,0.278076505234873,0.5035604088446264,0.6466393344466856,0.6571838617725352,0.7342162271449537,0.7137729828380183,0.6564944099714015,0.5283799424663966,0.6664752121938099,0.7926638265649064,0.7630138932989868,0.7684789308926087,0.7535738500937521,0.7591669101903427,0.9251390110459387,0.7771857898917237,0.7310375067968407,0.732068556208715,0.7143086183641332,0.8216315969614884,0.7322814097299376,0.6650474437190628,0.9443209775940336,0.9039756162102722,0.985147017997068,0.7433207431342647,0.7468700087463508,0.8613092603838146,0.0,0.8887049682569496,0.7891750000203535,0.907560923120025,0.892046717261115,0.6905759005762568,0.8117551863282529,0.9322121729773564,0.8290511082749767,0.6921376559547264,0.5585014485773788,0.7900025325614204,0.8135948196559935,0.5979548701595179,0.7660509394351142,0.593666087220138,0.6491415202570553,0.5426596186951108,0.5267924263766104,0.4707048301215613,0.757376640610458,0.6115037783924013,0.7274988352812369,0.8042419526853744,0.8449084365186024,0.5684564362198903,0.5948798147737924
0.6367820132894209,0.6915556237039516,0.24657308034001357,0.46770030611987995,0.6120139774002297,0.8277674728781286,0.7615373641868654,0.7609500442563805,0.7623905132329315,0.5569890875470646,0.7647382412177511,0.8855321901235096,0.828890332629132,0.9073008332135686,0.8028134638241972,0.7622787348674334,0.9154716950477543,0.8692308834157244,0.8507102732888954,0.8437706314180248,0.8642146630940624,0.8738423643933678,0.8788135064894701,0.7174862823944818,0.8508343093929815,0.8681499846115219,0.8035092776726402,0.7151992068463587,0.8405043871000955,0.696616168274154,0.8887049682569496,0.0,0.8316829231715497,0.9561593118981079,0.9309996570654241,0.6641743978015358,0.9329910001197599,0.9528933042768933,0.8462830805338265,0.6028079799071268,0.587913012415477,0.8666796245323704,0.8023537886792735,0.5679502019485344,0.7669653317945888,0.6147355646766022,0.6314562610087113,0.5820788540814188,0.5309523545891652,0.5580352087024097,0.7661796571793268,0.682109492983371,0.819618122131149,0.8556327906739102,0.9667174084127272,0.5604782769827182,0.6399884096032757
0.9061369657453832,0.5733470612244266,0.2064486277183303,0.35600315283942874,0.4707229414609005,0.8908172460850838,0.9458613966097861,0.9496450514178207,0.8853314505250443,0.7616997471893098,0.9127192351370093,0.7960260523352787,0.9370303255580552,0.826388507864196,0.9065164064686431,0.88565187818117,0.8304803724291336,0.8918522341461653,0.946663349469369,0.9719764606202792,0.9101230776469722,0.966777786892334,0.9228750802548567,0.9193622537843811,0.695193247615905,0.7302581840244503,0.6855519865240873,0.5404220005281992,0.5547896237634923,0.731847490134942,0.7891750000203535,0.8316829231715497,0.0,0.9339689021057735,0.7095167536453089,0.931855918937812,0.7977808970156205,1.0,0.978375124430712,0.896438606436139,0.9045698484185867,0.9792080475982018,0.9842463776451852,0.8324226437610467,0.9687927400938787,0.8894792827113471,0.9656311704440079,0.8221396586869368,0.7775266268058634,0.7308422230369604,0.8933782548133566,0.8514116134127075,0.9326854899917862,0.9509259836294877,0.8659380680253244,0.7616117795446501,0.8300002974696472
0.712447286600183,0.6556901515042045,0.2316361941752179,0.4113623373402424,0.5586893155828114,0.7522273518475591,0.7815965146030543,0.7493778465450036,0.749321209840659,0.5774019371848418,0.6971246497318453,0.8667724725397424,0.7967053355580784,0.8815308636937522,0.8236422893279562,0.8220327519114068,0.8391035645767085,0.8493163675669435,0.8264433875189554,0.8105038365289625,0.7913086004773515,0.8566731336348562,0.8434950477435198,0.7629763405338812,0.8519392923359358,0.8429543534057513,0.8258641921511959,0.6753925969331414,0.7648140392375387,0.8184225012947445,0.907560923120025,0.9561593118981079,0.9339689021057735,0.0,0.9074548077481898,0.7685499234055897,0.8771116359211749,0.9815678493121193,0.9041679334297696,0.7049592944842911,0.6329306454932597,0.9680074650133073,0.8365239574201453,0.6429201821940687,0.7872891137238183,0.6362233954074549,0.6770685198373045,0.6427366317556155,0.5518147347411345,0.5574566106689106,0.7916190969574065,0.7001923402422429,0.782954680239239,0.8618480992271075,0.8941061389006151,0.5600395743345008,0.640575628993151
0.5407732341104532,0.7033252608462734,0.2528152933127864,0.488060628829709,0.6384523413771549,0.6108404312631222,0.6191051480663256,0.6184470462196193,0.6276839731265178,0.4823055289109491,0.5823202152424753,0.8116018088294205,0.67508562121571,0.7349224983640271,0.7034377898878775,0.6650518266294594,0.770747904677235,0.7197921767791171,0.6833322639152715,0.682099434760917,0.7004312657865684,0.6868124023995993,0.6905699470386204,0.6228948658906565,0.8891931682688436,0.9232789241979946,0.9080819670007805,0.8576733069799832,0.8449811624338428,0.8286658138729992,0.892046717261115,0.9309996570654241,0.7095167536453089,0.9074548077481898,0.0,0.5939197839705201,0.8496344512560466,0.8432480168185618,0.7427309472769577,0.5650718292483444,0.49754065992971835,0.761248901645194,0.726829986307976,0.5027735989090469,0.6747182609114217,0.5029870908433722,0.5440778352715143,0.4699590740967192,0.44989878023856317,0.43326026551137825,0.700621550754507,0.5088264393111223,0.6431071664524861,0.6686518689395953,0.8207203042611972,0.4886215750614495,0.5172939631812284
0.9386457375069996,0.4699000353292562,0.18501488259866558,0.29822290541335816,0.37648659135901,0.8719822479868847,0.9664308991556934,0.8961152917132136,0.8790357188878676,0.8796093441763649,0.8479816655057822,0.6991412178391287,0.9006235436398027,0.7213156885546086,0.864362375530166,0.7581775746587025,0.7511359322482896,0.8217735933028398,0.8572702537763129,0.9450342073977209,0.7972687083040875,0.9067165285708009,0.8894651268635276,0.8657436713727243,0.6132390901983055,0.5946006877455536,0.6133948517752617,0.4517264054055833,0.42657138955832263,0.7175465614954428,0.6905759005762568,0.6641743978015358,0.931855918937812,0.7685499234055897,0.5939197839705201,0.0,0.7123258795921159,0.9920656006737054,0.9758372581623571,0.9862695926029548,0.9294840984306981,0.9278590701734469,0.9489354693586873,0.818146051706227,0.905123292174773,0.8769661062755821,0.9368153713936304,0.8763648197841349,0.8112070325170727,0.785573880884468,0.8127934135818848,0.8692070522034965,0.8709448401367614,0.851971787445779,0.7514369175012979,0.7666988338148104,0.7870030475783273
