Cingulate area 2,Glomerular layer of the accessory olfactory bulb,Glomerular layer of the olfactory bulb,"Olfactory bulb, unspecified",Frontal association cortex,Cornu ammonis 3,Dentate gyrus,Cornu ammonis 2,Cornu ammonis 1,Fasciola cinereum,Subiculum,Postrhinal cortex,Presubiculum,Parasubiculum,Perirhinal area 35,Perirhinal area 36,Medial entorhinal cortex,Lateral entorhinal cortex,Primary auditory area,"Secondary auditory area, dorsal part","Secondary auditory area, ventral part","Piriform cortex, layer 1","Piriform cortex, layer 2","Piriform cortex, layer 3",Ventrolateral orbital area,Lateral orbital area,Ventral orbital area,Medial orbital area,Dorsolateral orbital area,Prelimbic area,Secondary motor area,Frontal association area 3,Primary motor area,"Agranular insular cortex, ventral area",Agranular insular cortex dorsal area,Cingulate area 1,Infralimbic area,Dysgranular insular cortex,Granular insular cortex,"Primary somatosensory area, forelimb representation","Primary somatosensory area, dysgranular zone","Primary somatosensory area, face representation",Secondary somatosensory area,"Primary somatosensory area, hindlimb representation","Agranular insular cortex, posterior area","Primary somatosensory area, barrel field",Retrosplenial dysgranular area,"Primary somatosensory area, trunk representation",Retrosplenial granular area,"Parietal association cortex, lateral area","Parietal association cortex, medial area","Parietal association cortex, posterior area",Primary visual area,"Secondary visual area, lateral part",Temporal association cortex,"Secondary visual area, medial part",Nucleus of the lateral olfactory tract
0.0,0.48236585214275435,0.23577665710176193,0.3561746833379199,0.6869788039359301,0.7944274579473057,0.6962627521623567,0.7738081029130113,0.6968518087947461,0.6961813586814615,0.6539235215272883,0.5212539882231948,0.5818132460786195,0.5235612096245653,0.689832625020271,0.7095508054225208,0.5297471076421625,0.6975128820928971,0.7144123638848323,0.6572071859057309,0.7170604876080537,0.7901179079076364,0.8100153440087348,0.8593437189761894,0.5362860822644805,0.6146119736565357,0.4813256196549705,0.5515177973128557,0.6647514196459567,0.660796976512196,0.7054579895853751,0.7147751793586928,0.9006859433819732,0.805639030741615,0.7249342870610739,0.9092044499615042,0.5401314425242805,0.7702552163188481,0.8465230824898542,0.8893262061377789,0.80033711687391,0.8383939922460893,0.8070035575651452,0.7463759145622099,0.9703215740164141,0.847153927685277,0.6159727180500162,0.775962594785733,0.7107026924918856,0.7864109283217872,0.898253048985031,0.8243883186766084,0.5555550021777703,0.5275821371428874,0.5883513044622662,0.5960625232791433,0.7819617065943912
0.48236585214275435,0.0,0.5187191507136236,0.8100905237605845,0.6040544798709269,0.775182758277464,0.7895785602320434,0.5992860557882395,0.6959181410044114,0.7648065122649446,0.7928927408957768,0.8254403387347189,0.8279325118530483,0.8419626382707212,0.6820472578847103,0.6229021483786199,0.9045444555315234,0.7619461707314925,0.7376054804386203,0.6988191982604028,0.7577236239970578,0.6939226773701247,0.6365439821659928,0.6334772344908591,0.8391931605474552,0.7807524162723275,0.8390442032754337,0.8120635580823139,0.7487430804683172,0.7669567320505406,0.7810638032696953,0.7306515767876635,0.647222592084572,0.7240855746097025,0.7617183118708016,0.5789130181831194,0.858737639313606,0.7048135978311504,0.6790693960665212,0.6394679749878103,0.6522021477443564,0.6276638573874452,0.6858064135178775,0.5884946347682384,0.6009804445549667,0.6674456864934474,0.7798612722210166,0.6502449238904751,0.7749023463504089,0.6614121986299961,0.5639336631840499,0.6509576131135398,0.8192026760147054,0.8985097677676542,0.8669190464937274,0.9137794945421165,0.3739177341605927
0.23577665710176193,0.5187191507136236,0.0,0.6850298866115226,0.2646631742055597,0.3553658370132053,0.41665369201826963,0.2737044569227012,0.35752947460667656,0.41050366728639803,0.40603770148427315,0.514555151647444,0.4741502587657192,0.5364286611219713,0.3233149836771561,0.34189660835870567,0.5374583765850354,0.37854148001606025,0.36222183529516155,0.3909436844697254,0.3756723113177259,0.29652791556287633,0.2800947023472661,0.27447981196387305,0.36946666255443317,0.35118556136283,0.4027264108720121,0.370624389844661,0.3236638655359009,0.33383264525243944,0.343621439969012,0.3452474882752294,0.31057018276536696,0.329564326076093,0.36036792409261803,0.2871519702195472,0.44140605250193904,0.31875410310464103,0.30521181997004354,0.2937415830228147,0.28935357005556667,0.30023615472594445,0.3402038657548425,0.27515494764297144,0.26843841310564465,0.29770983085074365,0.4348503443937828,0.31985827458426797,0.3792158932727818,0.3363615868125295,0.2549930760255923,0.3022336880163197,0.4699366581001093,0.5424317985666719,0.4716217891044377,0.4752177263177187,0.18803760849966722
0.3561746833379199,0.8100905237605845,0.6850298866115226,0.0,0.4244050976300193,0.5731409502420013,0.6306931222099834,0.42430738953293623,0.5444286350265607,0.6386279248320558,0.6519522436734766,0.7900412157846066,0.735669637725901,0.7691297843186614,0.5074485755848201,0.5012254440558157,0.7631614060844772,0.5941801143879977,0.5769054443781272,0.5850653854305836,0.6064541187710399,0.4805954765456419,0.4447174705799059,0.44363528206833375,0.5933276948035097,0.5653201971820851,0.6470854827205739,0.5996139997250611,0.5319578057050619,0.5273417921105673,0.5676482971196778,0.5283569010096346,0.506939440836062,0.5263529957708003,0.5802327818517586,0.4492801403351915,0.6744304823112974,0.510638541298867,0.4800222861601405,0.46512198167878666,0.4603625215681348,0.4747941688002673,0.5322335181655459,0.43735219133393,0.42902833102383653,0.47540562365728717,0.6659454875780995,0.4869717400162264,0.5982498405005227,0.5271914947766512,0.4125655675498975,0.473449160082057,0.75744079747094,0.8059137878044358,0.7085703381709937,0.7849840410799966,0.2829526021708405
0.6869788039359301,0.6040544798709269,0.2646631742055597,0.4244050976300193,0.0,0.8888576685864087,0.7689797814725038,0.8741629498826067,0.7934153385763154,0.709608979904003,0.7741858532799617,0.6651964162600713,0.6942215851656897,0.6787868976700959,0.8457305477711019,0.8778294151152646,0.635146102933254,0.9095069736544517,0.864620289896828,0.7960601010177795,0.8829980814356614,0.8596845817702302,0.8507568933987776,0.8766499937140626,0.6573389339354623,0.787148295216189,0.6154102459829797,0.7298215634072194,0.8270686587651659,0.7714315756766943,0.7858219718691835,0.8996368948228085,0.7983734719389011,0.8160282952260173,0.742486265338197,0.7113562471885017,0.5733947858218704,0.806427751303453,0.7519556139340179,0.7697184954987654,0.7975285410018412,0.8546505611881325,0.7804468112282281,0.7086430908016075,0.7682997860337824,0.798309875965024,0.7191262411762205,0.816607792692681,0.7285788397861035,0.8755963859979279,0.8250977746041569,0.7581665654047665,0.6812686776992989,0.6345950485489074,0.7391767789132297,0.7305601784659909,0.6741118652057921
0.7944274579473057,0.775182758277464,0.3553658370132053,0.5731409502420013,0.8888576685864087,0.0,0.9963723324616968,0.9775784333464733,0.970214146388031,1.0,1.0,0.9179898908942635,0.9877790502876067,0.8549455138571846,0.9570203279193238,0.973389858188319,0.8575596854499813,1.0,1.0,0.9994880633320999,1.0,1.0,0.9325269881063555,0.9466985029989622,0.8548175109038831,0.9271243770408346,0.7561848183478165,0.8209428229807846,0.9372179350182466,0.9345697309481206,0.942003651992354,1.0,0.9813235535118549,1.0,0.9649031703379024,0.9042810731906749,0.8604360255331173,0.9853632098705233,1.0,0.9515562669110728,0.8961762054684604,1.0,0.9884596972589738,0.8537256662818874,0.9179190183424496,0.8904952649859732,0.9056843004448959,0.9965163894991109,0.9631959415212346,1.0,0.9275499064964867,0.9919391012126958,0.9153123899611071,0.8164467075700012,0.9576795159461743,0.946758154551348,0.6825450683132023
0.6962627521623567,0.7895785602320434,0.41665369201826963,0.6306931222099834,0.7689797814725038,0.9963723324616968,0.0,0.8548020124517994,0.8943653115203627,0.9855907199664276,1.0,0.9585378888734183,1.0,0.9649753337495642,0.8392181088356272,0.9472099977416135,0.8850353023071009,0.999677109933465,0.9147903157686194,0.9673262919128988,0.9986691574318233,0.8200392284360645,0.7952855490170609,0.8625536668205898,0.7626460852026372,0.819998356123593,0.7781759901530838,0.8363046992001218,0.8383820637112268,0.8663207591936112,0.8705636101696772,0.9622483470453398,0.9289128611104425,0.9325362990465882,0.898239831884867,0.8118329452121429,0.8430841463101441,0.8795385310722845,0.9249136857421993,0.8689476732201422,0.8241126939657736,0.8948736639499435,0.9035384097738187,0.7459665801566787,0.8051658576876961,0.8190839175063231,0.9211357740007788,0.9102447434178621,0.8904942816362952,0.9659475637202303,0.7932251614462354,0.8748221179668222,0.9167789499222041,0.8921901740274454,0.9638300338271887,1.0,0.5302581916644078
0.7738081029130113,0.5992860557882395,0.2737044569227012,0.42430738953293623,0.8741629498826067,0.9775784333464733,0.8548020124517994,0.0,0.8702840365606159,0.8593201584900576,0.8002440096933584,0.6923994747653639,0.7541700784311594,0.691008525244424,0.8255454473801458,0.8653087808115874,0.6702694607968718,0.8942500470541335,0.923904968502129,0.8028930647329376,0.9187668423310126,0.9506570375272524,0.9029360980726787,0.9750112777689061,0.6608460094076574,0.7588002638559206,0.6300269120007701,0.7317371298559485,0.832288762337596,0.8149260376892519,0.8601800610588851,0.9382810858247461,0.9284003494761417,0.9631462033790579,0.8907332790300071,0.853827511039684,0.6469124074643055,0.9193399443316177,0.9195123580918924,0.9232699021782789,0.8907369232878986,0.9608124212316691,0.9371722351433768,0.7819160021712575,0.9195706196430636,0.9821640031932586,0.7836939443678276,0.9299674488584875,0.8297489848515385,0.936306372681285,0.9260541423600986,0.9789088478535355,0.7419668570152028,0.6899516372856969,0.8178562144852065,0.763602144421247,0.7555820332099799
0.6968518087947461,0.6959181410044114,0.35752947460667656,0.5444286350265607,0.7934153385763154,0.970214146388031,0.8943653115203627,0.8702840365606159,0.0,0.911187680635993,0.868444129237558,0.8682550843054055,0.8805087570862365,0.8308220988794908,0.8467356176753751,0.9376604431920565,0.8056895464796359,0.9476021913927906,0.918248421781813,0.9328349646498381,0.9467502869061547,0.8915684827512766,0.8349935030682327,0.832450791157724,0.7792596363537826,0.7839241111154811,0.7065365737153055,0.8340231827651455,0.8929898937332699,0.8380377598713162,0.8701078252051578,0.8620988192732079,0.968553143755614,0.9242505795733931,0.8788062484353015,0.8146623459740817,0.7430771701821919,0.8609173145838857,0.8639756952871248,0.861511149686034,0.8154820997676885,0.9269112307613318,0.9171660767819562,0.768187594308049,0.8424961525656393,0.9036315239252439,0.8785520740227926,0.8973506063414785,0.9083960880020229,0.9551060980427087,0.8033886581874695,0.8308577569535804,0.817385772147354,0.8085692747729407,0.9092518434903379,0.910496368795522,0.5946473485894894
0.6961813586814615,0.7648065122649446,0.41050366728639803,0.6386279248320558,0.709608979904003,1.0,0.9855907199664276,0.8593201584900576,0.911187680635993,0.0,0.9573601106328059,0.8838289882009718,0.8861461486099665,0.8703869986768122,0.8826852971409552,0.8665318491633285,0.8785121165043646,0.9496839958107596,0.9694976333597681,0.9452657411561498,1.0,0.8453687982637149,0.8388872382508809,0.8593153540454646,0.7715732783437241,0.8347512331624398,0.7185545940297463,0.8250206321778224,0.8404338259883571,0.8433111914052202,0.9216401275366652,0.9118350555102126,0.9007030003259785,0.8959603542572148,0.9414079284268504,0.8603731956408144,0.8832914600149682,0.9020586929770996,0.8782014652110901,0.8779710414245565,0.8414869441768094,0.915244115975383,0.9421399306556731,0.836685842887267,0.8053371528958407,0.8720474969011235,0.9493578532808046,0.9003820596383406,0.9759707050292247,0.9856238035258245,0.8113410392007261,0.8898357222952383,0.9308011997965162,0.8490212002960174,1.0,0.9910266719324176,0.5855772187510272
0.6539235215272883,0.7928927408957768,0.40603770148427315,0.6519522436734766,0.7741858532799617,1.0,1.0,0.8002440096933584,0.868444129237558,0.9573601106328059,0.0,0.9321243191640888,0.9524631239607524,0.8914144530255599,0.8983586560909467,0.915625628959053,0.8914495998528531,0.9997054937703027,0.9944686606063309,0.9518464140942823,0.9138090166840775,0.852934823882534,0.7925821966470796,0.8504476401518692,0.7903779020330584,0.847720732918388,0.7575863635910899,0.8241907051348345,0.9157216679270245,0.8439444419287693,0.8776263732626656,0.9695683613133007,0.8740559322413524,0.905824928125847,0.9024580343435302,0.7521954422728703,0.8192247093490826,0.8779257819348149,0.8591300140359179,0.8236424422400845,0.7950541789220257,0.8927759897625105,0.878823423227863,0.7363110437696414,0.7690392341839284,0.8418096542596541,0.8756287710983649,0.8739476941395475,0.8187428974280063,1.0,0.7318939718309077,0.8369662916747592,0.945815826975711,0.8788380410291574,1.0,0.9205480624431286,0.5273681168084507
0.5212539882231948,0.8254403387347189,0.514555151647444,0.7900412157846066,0.6651964162600713,0.9179898908942635,0.9585378888734183,0.6923994747653639,0.8682550843054055,0.8838289882009718,0.9321243191640888,0.0,1.0,1.0,0.7939465704515325,0.7867842920315535,0.9694014545920577,0.8964550133383621,0.906690644471816,0.8869939289024842,0.9448348266390822,0.7120299368793427,0.693463569193772,0.74377860457269,0.7387255253894659,0.8145306964310473,0.7567100203952428,0.8062473820273892,0.8087504059681775,0.7512816940524285,0.8242988864464241,0.8726569207846265,0.799361594939391,0.8290763064428553,0.880393001464588,0.6635053083822862,0.8157855069952104,0.7798864476483366,0.7253229856150919,0.7063943633982995,0.6819425279088323,0.7355517574527287,0.8540629885729293,0.6448037626034127,0.6553417648309889,0.7631120294791228,0.8716474037733047,0.7521370664203122,0.8278813548160869,0.8357823254539312,0.6514481502884201,0.725706848750781,0.9911441166670084,0.9871576688892352,1.0,0.9646660009082066,0.4397139267601812
0.5818132460786195,0.8279325118530483,0.4741502587657192,0.735669637725901,0.6942215851656897,0.9877790502876067,1.0,0.7541700784311594,0.8805087570862365,0.8861461486099665,0.9524631239607524,1.0,0.0,0.969294597227474,0.7758292539102087,0.8373958743478084,0.9381471091987273,0.9716588152683092,0.9947763613070663,0.9321562425858287,0.9260105205542261,0.7687479374240463,0.7315801051530711,0.7681461085069698,0.7766921335068641,0.758272007637707,0.7546052121805136,0.8341218489918616,0.8059319241740336,0.785816787970465,0.8683685773145265,0.9048929194627902,0.7976218949604315,0.8229349188757972,0.8797195405361744,0.707261586398355,0.8548986048294301,0.8055801524523406,0.767222894956846,0.7335431039957985,0.6987194461220926,0.7997038469068258,0.8306817211806171,0.6468414778142154,0.6734069183864281,0.7613955483241401,0.845527182094131,0.7398574836747803,0.797747875228991,0.839996986731721,0.663808767521684,0.7682472861677584,0.9442324571674945,0.9765514347020725,0.9898912817312111,0.9833252957141374,0.44328328189310184
0.5235612096245653,0.8419626382707212,0.5364286611219713,0.7691297843186614,0.6787868976700959,0.8549455138571846,0.9649753337495642,0.691008525244424,0.8308220988794908,0.8703869986768122,0.8914144530255599,1.0,0.969294597227474,0.0,0.786977155982076,0.8012905125569363,0.8911306887878045,0.9551550368816455,0.855499224267664,0.9155474200137371,0.9636779158722175,0.7127705867504184,0.6327300618174102,0.681988750745533,0.7105661017702687,0.7120318680944204,0.7241458126004824,0.7745605260312182,0.7510333292386374,0.7527998118137557,0.7390111574516367,0.8393884066036157,0.6916539856124783,0.7724772794937124,0.8199372776564309,0.624364379375301,0.7422320150506501,0.7371235649748867,0.6972008435632193,0.6394920834659592,0.6477146633672164,0.7409269936110848,0.7488175139045506,0.5915554375922663,0.6232509896631138,0.6844223145405042,0.8299803174614635,0.7099343379849572,0.7719038806990484,0.829990560512515,0.6045876980074634,0.725543032766131,0.9390115264847726,0.9858274579374093,0.9796921806164175,1.0,0.40391865091986784
0.689832625020271,0.6820472578847103,0.3233149836771561,0.5074485755848201,0.8457305477711019,0.9570203279193238,0.8392181088356272,0.8255454473801458,0.8467356176753751,0.8826852971409552,0.8983586560909467,0.7939465704515325,0.7758292539102087,0.786977155982076,0.0,0.9243048812350976,0.754610049972464,0.9274584850715114,0.8924966703734672,0.8447068067591044,0.9906840981616843,0.8635955818790979,0.7974879536471787,0.8195698394998928,0.680342765523026,0.7652685298660313,0.6378100906906717,0.7669589735552238,0.8307069973908624,0.7657625008273404,0.8466821140024972,0.9224809042309031,0.8687844317294083,0.847229195079721,0.7950658476716287,0.7371633881756092,0.6692889815586467,0.8812010140047997,0.7661396356760491,0.7893083483645035,0.8061166326270669,0.849970916259864,0.8346409061755686,0.6799202311302912,0.8040949906167055,0.810617451284549,0.7788298723690263,0.8601995398371654,0.8070678289589193,0.9253280668443058,0.7740292181258029,0.8188272611743775,0.7966483584398947,0.7286287897597649,0.9294229173590414,0.87707851397422,0.6100368719028197
0.7095508054225208,0.6229021483786199,0.34189660835870567,0.5012254440558157,0.8778294151152646,0.973389858188319,0.9472099977416135,0.8653087808115874,0.9376604431920565,0.8665318491633285,0.915625628959053,0.7867842920315535,0.8373958743478084,0.8012905125569363,0.9243048812350976,0.0,0.7717196422535147,1.0,0.9886220970874177,0.946473491962536,1.0,0.8546175120712356,0.8381016689305636,0.9778175149561765,0.6802248683922217,0.772571086219976,0.6155359787513296,0.7577580995545186,0.8126225081708057,0.8078762215010532,0.7992795597907266,0.9892790749413967,0.8510040375168623,0.8836580949162366,0.8618434075381549,0.7861523359495891,0.6414669968012535,0.850842590495387,0.8692668697393863,0.8193170253845862,0.7877302925254359,0.918021519576872,0.8846959144350791,0.7177241283111242,0.8028122493573472,0.8906026556749232,0.7982931105965813,0.8904471276172943,0.9134412717056323,0.9609928658039049,0.8193638393471184,0.8807204752856641,0.8371261975002816,0.7679182096164522,0.9251885242196015,0.8791551459954147,0.6078263984399923
0.5297471076421625,0.9045444555315234,0.5374583765850354,0.7631614060844772,0.635146102933254,0.8575596854499813,0.8850353023071009,0.6702694607968718,0.8056895464796359,0.8785121165043646,0.8914495998528531,0.9694014545920577,0.9381471091987273,0.8911306887878045,0.754610049972464,0.7717196422535147,0.0,0.9055056012833307,0.8811603882322636,0.8356750961083399,0.9275483694318356,0.6985863634725247,0.6593919508290264,0.7130589058406208,0.8134050131382862,0.8289191809688123,0.749100566949861,0.8317833867392961,0.7957043922158865,0.7680201638388848,0.7620788796422631,0.7864878801666395,0.7481847937268893,0.7940996040027902,0.8378989500001232,0.6375654525377089,0.8800851828582718,0.7415503877232953,0.7001742660255654,0.6825532052902276,0.6558791589349017,0.6910442305074256,0.771080758905468,0.6303093555470309,0.6275326011284376,0.6944993505709642,0.9209057215857664,0.7456685138788575,0.8499922724356745,0.7992550936179432,0.6277752173353914,0.686524751294587,0.8884409788355193,0.9162568641594253,0.9483127075964228,0.985710372548357,0.4170381044408723
0.6975128820928971,0.7619461707314925,0.37854148001606025,0.5941801143879977,0.9095069736544517,1.0,0.999677109933465,0.8942500470541335,0.9476021913927906,0.9496839958107596,0.9997054937703027,0.8964550133383621,0.9716588152683092,0.9551550368816455,0.9274584850715114,1.0,0.9055056012833307,0.0,1.0,0.9805144979172217,1.0,0.8836849769996377,0.8416758077581232,0.8867431907755865,0.7622618376855629,0.8578720214795484,0.7539270749214368,0.8217355412500214,0.8819311059721898,0.8687459051084025,0.8555995980140642,1.0,0.9360523869398523,0.8955337567437901,0.9359086093763521,0.7930781738780895,0.7799560292843289,0.9184335450573827,0.8557828165628921,0.8309635735528227,0.7949496736128112,0.9273423078436978,0.9734872213781967,0.7401038345966113,0.8330583424901522,0.9090891778901524,0.9309623876957791,0.9166693600993778,0.9173695599259577,0.9583958704746631,0.8039075587217904,0.920330242201635,0.9088389450910669,0.8628448058187229,0.9904557676742168,0.9754595017595966,0.5807714281642029
0.7144123638848323,0.7376054804386203,0.36222183529516155,0.5769054443781272,0.864620289896828,1.0,0.9147903157686194,0.923904968502129,0.918248421781813,0.9694976333597681,0.9944686606063309,0.906690644471816,0.9947763613070663,0.855499224267664,0.8924966703734672,0.9886220970874177,0.8811603882322636,1.0,0.0,0.9481782866856517,1.0,0.9019866369932977,0.8341059756071079,0.91935404325178,0.7443036628087499,0.8244721352069383,0.7071285381714343,0.8155682208135061,0.8633755270496316,0.8266244492140247,0.8831955277627572,1.0,0.9445179422883164,0.9898164069967321,0.9657141752530599,0.784512998053237,0.7807949224379117,0.9404870344515747,0.9147579631986229,0.8440049391201753,0.8662037498977676,0.8849716034505093,1.0,0.7656270721405215,0.8960057150284975,0.9272081388018868,0.8364015536646209,0.906681285811515,0.9257845472486144,1.0,0.9147434527214219,0.9845380723584388,0.9050139198723859,0.8320856145427971,0.991407567942443,0.940934194676085,0.6194275441917418
0.6572071859057309,0.6988191982604028,0.3909436844697254,0.5850653854305836,0.7960601010177795,0.9994880633320999,0.9673262919128988,0.8028930647329376,0.9328349646498381,0.9452657411561498,0.9518464140942823,0.8869939289024842,0.9321562425858287,0.9155474200137371,0.8447068067591044,0.946473491962536,0.8356750961083399,0.9805144979172217,0.9481782866856517,0.0,0.9379169521954223,0.8361746677637736,0.8306315690519737,0.8536003126236101,0.7082754053417705,0.7947471233170941,0.6692409627357366,0.7494574469431877,0.8415463731701283,0.8161926707074505,0.8289906633493074,0.9654058570818573,0.83912948597834,0.918925095018693,0.9121422015325608,0.7754510600486135,0.7315361288167808,0.8798023713439149,0.8732004907109051,0.8090997907928726,0.7856813715804738,0.8875619038362806,0.8944414314949821,0.7281375175936707,0.8314462467869453,0.8476076790913697,0.8289436232951961,0.8658026670775558,0.8535385541609916,0.85965135625534,0.7313088840998941,0.8660781344071149,0.9128773242097211,0.8387470177046608,0.9568095152372408,0.954533239386286,0.5369538611629876
0.7170604876080537,0.7577236239970578,0.3756723113177259,0.6064541187710399,0.8829980814356614,1.0,0.9986691574318233,0.9187668423310126,0.9467502869061547,1.0,0.9138090166840775,0.9448348266390822,0.9260105205542261,0.9636779158722175,0.9906840981616843,1.0,0.9275483694318356,1.0,1.0,0.9379169521954223,0.0,0.9119480721143445,0.8293518385630234,0.906884235618169,0.7634412949246567,0.8672362475089648,0.7491010928923878,0.8296639276566657,0.950917728886367,0.8502942586162241,0.9024031766759254,0.9893025269868505,0.9193450646415611,0.9763709062741782,0.9340103330142213,0.8097321683597586,0.7867878805830806,0.9651720522169158,0.946400183563209,0.887712415419477,0.8441850949078112,0.9826737090668568,0.9865393780629471,0.7872594046784814,0.8598830566530459,0.9433142026493659,0.9766296733751814,0.9822134468388155,0.9528946565918416,0.9907762367357168,0.8873133959433851,0.8989965088542012,0.9741221119953589,0.8831886682490172,1.0,1.0,0.631446532668509
0.7901179079076364,0.6939226773701247,0.29652791556287633,0.4805954765456419,0.8596845817702302,1.0,0.8200392284360645,0.9506570375272524,0.8915684827512766,0.8453687982637149,0.852934823882534,0.7120299368793427,0.7687479374240463,0.7127705867504184,0.8635955818790979,0.8546175120712356,0.6985863634725247,0.8836849769996377,0.9019866369932977,0.8361746677637736,0.9119480721143445,0.0,0.9531490033008974,1.0,0.7572274921700176,0.8042547108369235,0.7592511102220523,0.7762244475246414,0.9436811594527443,0.8598997887298562,0.9906766922239741,0.9336239431335501,1.0,0.9516349325063346,0.8690035667863992,0.8654645771081608,0.7499879113177416,0.9413716342804701,0.9318910836528287,0.9638396707376864,0.8942205720322994,0.9698211921495916,0.9270647318278183,0.896204643744279,0.9689569804115059,0.9098739823130937,0.8184556667435059,0.9799242039512857,0.9050772350181594,0.9345967608697818,0.9687301578602695,0.9024498727371189,0.7386726873129147,0.6706235971601263,0.8297787238931948,0.7786866263421129,0.745180956321436
0.8100153440087348,0.6365439821659928,0.2800947023472661,0.4447174705799059,0.8507568933987776,0.9325269881063555,0.7952855490170609,0.9029360980726787,0.8349935030682327,0.8388872382508809,0.7925821966470796,0.693463569193772,0.7315801051530711,0.6327300618174102,0.7974879536471787,0.8381016689305636,0.6593919508290264,0.8416758077581232,0.8341059756071079,0.8306315690519737,0.8293518385630234,0.9531490033008974,0.0,0.975376718997962,0.7735421630230023,0.8643072205210875,0.7326810896944165,0.7834770880784714,0.8933765539400316,0.8889599785515122,0.9688882452482244,0.9163495893437623,0.9729749711681459,0.9234244539378236,0.8859122643643674,0.876132354842163,0.7440735324922262,0.9527625400370854,0.9097341830497206,0.9298428549863553,0.8007805447296783,0.9918277176066852,0.9297113804362176,0.8855247774997024,0.9336501209228878,0.9222939959327715,0.774882959310751,0.893808253400224,0.8620592747331551,0.9247455603712625,0.919148510143456,0.926103004382737,0.7490162293074554,0.6372775445536332,0.7994132491186641,0.8135387908409278,0.7250772577782623
0.8593437189761894,0.6334772344908591,0.27447981196387305,0.44363528206833375,0.8766499937140626,0.9466985029989622,0.8625536668205898,0.9750112777689061,0.832450791157724,0.8593153540454646,0.8504476401518692,0.74377860457269,0.7681461085069698,0.681988750745533,0.8195698394998928,0.9778175149561765,0.7130589058406208,0.8867431907755865,0.91935404325178,0.8536003126236101,0.906884235618169,1.0,0.975376718997962,0.0,0.7184908451734244,0.8405612198277621,0.6789008082387493,0.7495286182543737,0.8729460135763625,0.9458068901535358,0.9306611139862919,0.9955530189539648,0.9902380469280939,0.9270637643485714,0.8989776290674153,0.9014859429817886,0.7356336268821401,0.90704632214583,0.9538951817032966,0.9269271847869824,0.8865513869015313,1.0,0.9414778518009231,0.909933059371652,0.9589893142703908,0.9799047751730342,0.7687673561650799,0.9861210339172762,0.8352962170047922,1.0,0.9859498959878369,0.9232940579304157,0.7463658531550602,0.6558939272287816,0.7817507255383732,0.8013798434870004,0.7492331360176117
0.5362860822644805,0.8391931605474552,0.36946666255443317,0.5933276948035097,0.6573389339354623,0.8548175109038831,0.7626460852026372,0.6608460094076574,0.7792596363537826,0.7715732783437241,0.7903779020330584,0.7387255253894659,0.7766921335068641,0.7105661017702687,0.680342765523026,0.6802248683922217,0.8134050131382862,0.7622618376855629,0.7443036628087499,0.7082754053417705,0.7634412949246567,0.7572274921700176,0.7735421630230023,0.7184908451734244,0.0,0.9095928899014076,0.8431200621280182,0.9227790045807177,0.9284158814977991,0.887243735219687,0.917954902707215,0.8213213530941916,0.7664173066462115,0.7600618908853587,0.8116577009806731,0.6334089171212423,0.8967376687070111,0.7801537671030172,0.7303159594283746,0.7108686861888893,0.6720983431170234,0.7258193684541723,0.7013054728561808,0.6796196377003804,0.6629871891993943,0.7102773426080148,0.8266723561914178,0.6838674747771193,0.7777992226887336,0.7394451366365181,0.6745146853705769,0.6688360232232307,0.7353365760766032,0.7026601711178316,0.8029288635146701,0.820622845005529,0.4891949314066886
0.6146119736565357,0.7807524162723275,0.35118556136283,0.5653201971820851,0.787148295216189,0.9271243770408346,0.819998356123593,0.7588002638559206,0.7839241111154811,0.8347512331624398,0.847720732918388,0.8145306964310473,0.758272007637707,0.7120318680944204,0.7652685298660313,0.772571086219976,0.8289191809688123,0.8578720214795484,0.8244721352069383,0.7947471233170941,0.8672362475089648,0.8042547108369235,0.8643072205210875,0.8405612198277621,0.9095928899014076,0.0,0.8339029699393005,0.9523894189735397,0.9218611285237907,0.8969510890420387,0.9031055969371442,0.8720808319895847,0.8821836273759892,0.8666902408597381,0.8964623544654354,0.7055985082404931,0.8828747008664941,0.82018626995051,0.7588003272390902,0.7662912171632361,0.7469738212675365,0.8467235863894761,0.7708766711612813,0.7512333421816558,0.7394375235519424,0.817370659269207,0.8925415615909997,0.8400561813580536,0.8450584489899844,0.8370963559675187,0.7787693447937503,0.7777292634052742,0.7709937171646707,0.7378276564500195,0.8265758844321885,0.8623266832621429,0.5723257035145224
0.4813256196549705,0.8390442032754337,0.4027264108720121,0.6470854827205739,0.6154102459829797,0.7561848183478165,0.7781759901530838,0.6300269120007701,0.7065365737153055,0.7185545940297463,0.7575863635910899,0.7567100203952428,0.7546052121805136,0.7241458126004824,0.6378100906906717,0.6155359787513296,0.749100566949861,0.7539270749214368,0.7071285381714343,0.6692409627357366,0.7491010928923878,0.7592511102220523,0.7326810896944165,0.6789008082387493,0.8431200621280182,0.8339029699393005,0.0,0.8904943263686802,0.7989734099714242,0.8494910532156172,0.8372448922791991,0.7195926095123213,0.6616223379128229,0.7115478028140666,0.7834863441880969,0.5609205735858417,0.8428589320072697,0.6885241933782335,0.6411750273182445,0.6533943668032454,0.5842986169785301,0.6670771645292112,0.6762567332647933,0.631405796114656,0.5729201411963749,0.6665753279122205,0.733394366912794,0.6517369529259412,0.7286197497328485,0.7054299688493187,0.5766800848311835,0.6099653864760186,0.7797212596020651,0.7447209538620776,0.8045669657951502,0.8061854931676209,0.417503140864783
0.5515177973128557,0.8120635580823139,0.370624389844661,0.5996139997250611,0.7298215634072194,0.8209428229807846,0.8363046992001218,0.7317371298559485,0.8340231827651455,0.8250206321778224,0.8241907051348345,0.8062473820273892,0.8341218489918616,0.7745605260312182,0.7669589735552238,0.7577580995545186,0.8317833867392961,0.8217355412500214,0.8155682208135061,0.7494574469431877,0.8296639276566657,0.7762244475246414,0.7834770880784714,0.7495286182543737,0.9227790045807177,0.9523894189735397,0.8904943263686802,0.0,0.9925582518074675,0.838118041014105,0.9729256149124866,0.8579558883711274,0.7895320606188094,0.7616893171938375,0.8834163560652674,0.6036928832550564,0.8285972818660668,0.7889191105286648,0.7024467074721373,0.6735530210897773,0.6693549179728082,0.7778829595175201,0.7325002639299921,0.6821311996070779,0.6281333110001396,0.7022756093153414,0.788486289950871,0.7504916322746579,0.7509825567692509,0.7666365506088825,0.6523056993449337,0.6863553189689191,0.7945752276126441,0.7982316284952493,0.8528897909297715,0.8521423245865296,0.4735622690682058
0.6647514196459567,0.7487430804683172,0.3236638655359009,0.5319578057050619,0.8270686587651659,0.9372179350182466,0.8383820637112268,0.832288762337596,0.8929898937332699,0.8404338259883571,0.9157216679270245,0.8087504059681775,0.8059319241740336,0.7510333292386374,0.8307069973908624,0.8126225081708057,0.7957043922158865,0.8819311059721898,0.8633755270496316,0.8415463731701283,0.950917728886367,0.9436811594527443,0.8933765539400316,0.8729460135763625,0.9284158814977991,0.9218611285237907,0.7989734099714242,0.9925582518074675,0.0,0.9212962901795295,1.0,0.9337640023840239,0.8460264993764265,0.8773790311403704,0.8839252772715661,0.7426099720875944,0.8107863101480718,0.9365333216443501,0.835862681978951,0.9033198001270841,0.7663189108028305,0.8679249999896229,0.8148611522403078,0.8109586052293465,0.8255733019535264,0.8560487883292582,0.8608900751019329,0.8574498061814014,0.935190366233804,0.8987628541092745,0.8165115756713484,0.8465914285238082,0.8226105974449432,0.7352118294790082,0.8498756185675305,0.9211784983939737,0.5858003935285773
0.660796976512196,0.7669567320505406,0.33383264525243944,0.5273417921105673,0.7714315756766943,0.9345697309481206,0.8663207591936112,0.8149260376892519,0.8380377598713162,0.8433111914052202,0.8439444419287693,0.7512816940524285,0.785816787970465,0.7527998118137557,0.7657625008273404,0.8078762215010532,0.7680201638388848,0.8687459051084025,0.8266244492140247,0.8161926707074505,0.8502942586162241,0.8598997887298562,0.8889599785515122,0.9458068901535358,0.887243735219687,0.8969510890420387,0.8494910532156172,0.838118041014105,0.9212962901795295,0.0,0.988990678981707,0.9405341106103687,0.9033514406683284,0.890759512579398,0.9060578803506163,0.8395025634925766,0.8749486688629712,0.849681469519225,0.9170042393278469,0.9009798462122074,0.7954565609792037,0.8891744685366603,0.8242782177291236,0.8110171843584008,0.8033390847813232,0.8743390321650416,0.8427148896258456,0.813389784160891,0.8530186785458931,0.897253044613824,0.8271043709700232,0.8388333430260745,0.7455552862198604,0.7169627340194328,0.8338255104297784,0.8757492210529869,0.5869486922241044
0.7054579895853751,0.7810638032696953,0.343621439969012,0.5676482971196778,0.7858219718691835,0.942003651992354,0.8705636101696772,0.8601800610588851,0.8701078252051578,0.9216401275366652,0.8776263732626656,0.8242988864464241,0.8683685773145265,0.7390111574516367,0.8466821140024972,0.7992795597907266,0.7620788796422631,0.8555995980140642,0.8831955277627572,0.8289906633493074,0.9024031766759254,0.9906766922239741,0.9688882452482244,0.9306611139862919,0.917954902707215,0.9031055969371442,0.8372448922791991,0.9729256149124866,1.0,0.988990678981707,0.0,0.9882245528917283,0.9497976714119166,0.9386704261982814,1.0,0.816112265902855,0.8651921317096212,0.9303665367315824,0.9516360095235475,0.885938690146253,0.8466018092907851,0.9351912914223068,0.852788975814796,0.8502891753634865,0.8316851041593639,0.8938811914262568,0.8644213037840986,0.8813857280820048,0.9509096364471569,0.9484708165008243,0.8352302557974696,0.8301559785508443,0.8399390738979162,0.7559374044264118,0.8940645278039563,0.9150581976216309,0.6064331964254746
0.7147751793586928,0.7306515767876635,0.3452474882752294,0.5283569010096346,0.8996368948228085,1.0,0.9622483470453398,0.9382810858247461,0.8620988192732079,0.9118350555102126,0.9695683613133007,0.8726569207846265,0.9048929194627902,0.8393884066036157,0.9224809042309031,0.9892790749413967,0.7864878801666395,1.0,1.0,0.9654058570818573,0.9893025269868505,0.9336239431335501,0.9163495893437623,0.9955530189539648,0.8213213530941916,0.8720808319895847,0.7195926095123213,0.8579558883711274,0.9337640023840239,0.9405341106103687,0.9882245528917283,0.0,0.993909968644752,0.9722755584736895,0.9906157855901268,0.8864976731792198,0.7705847459042264,0.927505930597562,0.9896527225057701,0.9147891657584506,0.8243822947997425,1.0,1.0,0.8124462258861536,0.8364220468927362,0.9440872981992467,0.8450407976562403,0.9325755583721949,0.8910599333811893,0.9599488959389542,0.9514287208155568,0.9642408416325873,0.893927115577223,0.8409023313817442,0.9320444825683849,0.9407098938466127,0.6498163022246642
0.9006859433819732,0.647222592084572,0.31057018276536696,0.506939440836062,0.7983734719389011,0.9813235535118549,0.9289128611104425,0.9284003494761417,0.968553143755614,0.9007030003259785,0.8740559322413524,0.799361594939391,0.7976218949604315,0.6916539856124783,0.8687844317294083,0.8510040375168623,0.7481847937268893,0.9360523869398523,0.9445179422883164,0.83912948597834,0.9193450646415611,1.0,0.9729749711681459,0.9902380469280939,0.7664173066462115,0.8821836273759892,0.6616223379128229,0.7895320606188094,0.8460264993764265,0.9033514406683284,0.9497976714119166,0.993909968644752,0.0,0.998506196365597,0.8982359920545162,0.9796155412063386,0.79821616046594,1.0,0.9805983098538811,0.9963509142826352,0.9282478348765236,1.0,0.9804640657141608,0.9091117270181461,0.9733234161042715,0.9164370129913857,0.8688716448503688,0.9753067090124463,0.9206000532658422,0.9915777268135787,0.9369799219471558,0.9309916364120034,0.7961257343720496,0.6960933339580486,0.8424643330548437,0.8527316380291494,0.7244587239566153
0.805639030741615,0.7240855746097025,0.329564326076093,0.5263529957708003,0.8160282952260173,1.0,0.9325362990465882,0.9631462033790579,0.9242505795733931,0.8959603542572148,0.905824928125847,0.8290763064428553,0.8229349188757972,0.7724772794937124,0.847229195079721,0.8836580949162366,0.7940996040027902,0.8955337567437901,0.9898164069967321,0.918925095018693,0.9763709062741782,0.9516349325063346,0.9234244539378236,0.9270637643485714,0.7600618908853587,0.8666902408597381,0.7115478028140666,0.7616893171938375,0.8773790311403704,0.890759512579398,0.9386704261982814,0.9722755584736895,0.998506196365597,0.0,0.9348698970939449,0.8865461664156672,0.897476503644819,0.9242519684593932,0.9938497966775848,0.9783189491215127,0.9300442909240558,0.9887997840120076,0.9270892988269774,0.9173890336072235,0.9358521878941636,0.9694398372225432,0.9077075314684601,0.9790745156179337,0.9881327516588864,0.9803212736352505,0.9413880940864042,0.9532338669708791,0.8100511639131471,0.8305760299541174,0.8977232082571687,0.8848043383309575,0.6680906446929696
0.7249342870610739,0.7617183118708016,0.36036792409261803,0.5802327818517586,0.742486265338197,0.9649031703379024,0.898239831884867,0.8907332790300071,0.8788062484353015,0.9414079284268504,0.9024580343435302,0.880393001464588,0.8797195405361744,0.8199372776564309,0.7950658476716287,0.8618434075381549,0.8378989500001232,0.9359086093763521,0.9657141752530599,0.9121422015325608,0.9340103330142213,0.8690035667863992,0.8859122643643674,0.8989776290674153,0.8116577009806731,0.8964623544654354,0.7834863441880969,0.8834163560652674,0.8839252772715661,0.9060578803506163,1.0,0.9906157855901268,0.8982359920545162,0.9348698970939449,0.0,0.8464968337737965,0.851051434644162,0.9690236143382122,0.9065461821396796,0.8602745604859823,0.8414467545287884,0.8946072416465345,0.9621255921391043,0.7938438163126561,0.8069244425500122,0.9368414358934196,0.8417754049313249,0.8684389352583834,0.8806013553008167,0.888661495612194,0.82127035166097,0.8827921692542204,0.876229156298425,0.8375151774202295,0.8851637882124214,0.897109022077897,0.572967241316012
0.9092044499615042,0.5789130181831194,0.2871519702195472,0.4492801403351915,0.7113562471885017,0.9042810731906749,0.8118329452121429,0.853827511039684,0.8146623459740817,0.8603731956408144,0.7521954422728703,0.6635053083822862,0.707261586398355,0.624364379375301,0.7371633881756092,0.7861523359495891,0.6375654525377089,0.7930781738780895,0.784512998053237,0.7754510600486135,0.8097321683597586,0.8654645771081608,0.876132354842163,0.9014859429817886,0.6334089171212423,0.7055985082404931,0.5609205735858417,0.6036928832550564,0.7426099720875944,0.8395025634925766,0.816112265902855,0.8864976731792198,0.9796155412063386,0.8865461664156672,0.8464968337737965,0.0,0.669058919142295,0.8503854891523042,0.9976146582232028,0.9517540410920006,0.8557808385919595,0.925119226118903,0.8457108868621445,0.8368792183474285,0.9407207864724219,0.8656105580893619,0.700602116714173,0.8766066977679489,0.8141428211464989,0.7981775437268865,0.911911026724918,0.9212994369290166,0.6912045177822574,0.6441192233651865,0.7344108820312314,0.6903108695079673,0.705061722612155
0.5401314425242805,0.858737639313606,0.44140605250193904,0.6744304823112974,0.5733947858218704,0.8604360255331173,0.8430841463101441,0.6469124074643055,0.7430771701821919,0.8832914600149682,0.8192247093490826,0.8157855069952104,0.8548986048294301,0.7422320150506501,0.6692889815586467,0.6414669968012535,0.8800851828582718,0.7799560292843289,0.7807949224379117,0.7315361288167808,0.7867878805830806,0.7499879113177416,0.7440735324922262,0.7356336268821401,0.8967376687070111,0.8828747008664941,0.8428589320072697,0.8285972818660668,0.8107863101480718,0.8749486688629712,0.8651921317096212,0.7705847459042264,0.79821616046594,0.897476503644819,0.851051434644162,0.669058919142295,0.0,0.7900066642804049,0.7269945615886114,0.7808709282643298,0.7109166400704997,0.7928438384632961,0.801131159099228,0.7848208134440032,0.6859631981730624,0.7499713574314165,0.9608164273209303,0.7517563328328825,0.8780702433664441,0.7772678846854081,0.6658448327919781,0.6624287509425443,0.7661346553044011,0.8176437135600768,0.8662835716501589,0.921473703977493,0.4754276065054357
