Cingulate area 2,Glomerular layer of the accessory olfactory bulb,Glomerular layer of the olfactory bulb,"Olfactory bulb, unspecified",Frontal association cortex,Cornu ammonis 3,Dentate gyrus,Cornu ammonis 2,Cornu ammonis 1,Fasciola cinereum,Subiculum,Postrhinal cortex,Presubiculum,Parasubiculum,Perirhinal area 35,Perirhinal area 36,Medial entorhinal cortex,Lateral entorhinal cortex,Primary auditory area,"Secondary auditory area, dorsal part","Secondary auditory area, ventral part","Piriform cortex, layer 1","Piriform cortex, layer 2","Piriform cortex, layer 3",Ventrolateral orbital area,Lateral orbital area,Ventral orbital area,Medial orbital area,Dorsolateral orbital area,Prelimbic area,Secondary motor area,Frontal association area 3,Primary motor area,"Agranular insular cortex, ventral area",Agranular insular cortex dorsal area,Cingulate area 1,Infralimbic area,Dysgranular insular cortex,Granular insular cortex,"Primary somatosensory area, forelimb representation","Primary somatosensory area, dysgranular zone","Primary somatosensory area, face representation",Secondary somatosensory area,"Primary somatosensory area, hindlimb representation","Agranular insular cortex, posterior area","Primary somatosensory area, barrel field",Retrosplenial dysgranular area,"Primary somatosensory area, trunk representation",Retrosplenial granular area,"Parietal association cortex, lateral area","Parietal association cortex, medial area","Parietal association cortex, posterior area",Primary visual area,"Secondary visual area, lateral part",Temporal association cortex,"Secondary visual area, medial part",Nucleus of the lateral olfactory tract
0.0,0.41262108177052587,0.33602694196488603,0.514640799654419,0.33721681501763734,0.7704653824576526,0.7576231919971729,0.6999198194171153,0.7635551547586418,0.7692419564748779,0.7608456405593108,0.6962112660788857,0.7668990564000538,0.5857440480281254,0.5945031117736134,0.5353240386133417,0.4655185042758449,0.6886526801568918,0.5162160403126499,0.5770781036757958,0.4770747708515153,0.8388378283457756,0.8510268752410867,0.9238038702835052,0.8042521166844144,0.9235505263421443,0.8588143291603993,0.5933630467052243,0.8215300426328567,0.7857061511275322,0.9003501343789784,0.8619771339811406,0.9167079281695182,0.9431850536087845,0.8248706942506318,0.8236333995549829,0.8049431877940657,0.9425914417942979,0.8650858405545806,0.8488054802495892,0.9991129957269654,0.8855390479111045,0.7899367236326029,0.886671529920417,0.7758398395771038,0.7748361252733911,0.9084321016445954,0.7635127965919443,0.8816847135555894,0.7846313731089675,0.7305364936649041,0.5028607146853656,0.6891828956743916,0.6297590024034719,0.6231516462035293,0.8619184536845572,0.5956735305728402
0.41262108177052587,0.0,0.7952498545457062,0.8444314679210496,0.9155462017291958,0.7006223584370853,0.6405687095781966,0.7344552378219548,0.6537379291404478,0.708451989176302,0.6343904452459307,0.5433654278470985,0.5578075493157841,0.6390621470612838,0.7752184233386122,0.8785185014071497,0.7023040169752138,0.6249712481149337,0.81989194105968,0.733982931808603,0.8790703620145116,0.5642446154339957,0.5275727201647542,0.5478043967943914,0.5736526055373662,0.48829768252108113,0.5555765264502028,0.6678118296121301,0.4309861877995468,0.6394307191567451,0.5357896923673865,0.5113268731368787,0.4424265810716119,0.42390574874089404,0.5491225172466608,0.5362361187265763,0.5832943300467319,0.4991196334725048,0.49611014351845,0.3967615462114404,0.4228185859053298,0.5299064915053143,0.5819105479447545,0.48599664968447903,0.5076951896951329,0.6603995774327125,0.480312129605061,0.5284551461318364,0.5302383874455094,0.645655952299467,0.6395271012169689,0.32157485091043586,0.8045898719833108,0.8029714134460882,0.7125232657413293,0.5383487883588589,0.697275537473056
0.33602694196488603,0.7952498545457062,0.0,0.8229206931362757,0.9735977131836032,0.5751744973080495,0.5521004772342876,0.5537152205388199,0.5969125336798867,0.6005944993643543,0.6018648644983203,0.42805326054648524,0.5344482830328832,0.5668368939001213,0.6513470515557721,0.7744409255950792,0.6314536386329148,0.48004990798708097,0.6872437838805393,0.5521172222150627,0.7679716240883013,0.4543181774171831,0.4239718002067551,0.44308897331806557,0.45588425379208325,0.40467290396648886,0.4687769919859972,0.6150854916626272,0.3452125576764251,0.5671686057146365,0.4748161656217432,0.4583919760360544,0.3838222263677199,0.36175079549611827,0.4525360190976237,0.44807833319520785,0.5409864397100665,0.3926956407449677,0.3915291353569872,0.3359284197605491,0.3367106498558147,0.4427722531524265,0.4436148371624515,0.4027689120650343,0.3805398226638282,0.5165898919587162,0.4120752435076542,0.3975765275348217,0.46393732344348887,0.4940594749521656,0.5284393278017706,0.22713009231615958,0.6719942184319393,0.6707372938361297,0.6626202812958151,0.48789056108452666,0.544272399919347
0.514640799654419,0.8444314679210496,0.8229206931362757,0.0,0.8531150869489602,0.939617349107993,0.8227318250949853,0.8280861055311738,0.8977834595305108,0.8221396765577088,0.9505874448450522,0.6491611854959447,0.7872548771613966,0.7583690711775848,0.9185178392705776,1.0,0.6999567125836832,0.6763729171400219,0.8024324749032895,0.7417936958659742,0.8483847545285264,0.6939226880757948,0.6591638060461616,0.6980065677899588,0.7255761889969743,0.6389046133381305,0.7520326805020614,0.8733040011230155,0.5365789026861393,0.8452399514768028,0.703844258333327,0.7335093782518722,0.624887933794239,0.569388799601453,0.6965918972594937,0.688215957944462,0.8384747718441459,0.6064882749154418,0.6014324546269776,0.5275022040730024,0.5298156914115784,0.7022153514146435,0.700737387918105,0.6101099986120532,0.5644191459294909,0.7981241968958326,0.631828715343481,0.5797911451092707,0.7514889763484949,0.7438402587541325,0.7860535998161803,0.32457343799006516,0.9965507588023299,0.8964996697478252,0.8626451094115861,0.7270985003041062,0.739449834933939
0.33721681501763734,0.9155462017291958,0.9735977131836032,0.8531150869489602,0.0,0.592938899264063,0.5281562070441251,0.6024236647956879,0.5809077470057198,0.5836558088716103,0.5903225423837907,0.4473257091520189,0.5284007363414439,0.5720097694075005,0.6882605636521022,0.8059785396778743,0.6761290274768594,0.5007414968300549,0.7608078552048452,0.6027710984027548,0.8170322036282198,0.4489780740998027,0.4168846536052432,0.4521610995287447,0.48014256484025836,0.4166901162566205,0.4904557668992492,0.6660015375493461,0.35266508964455623,0.5725189282498067,0.4707262848363402,0.45355677093921215,0.38546940375923255,0.3542053486205366,0.4583147796053216,0.4643464092290762,0.5464666976762889,0.4053576385310933,0.3929432362530291,0.3383412901174134,0.3473812769212641,0.4475098640093791,0.4562202357720847,0.4031738248928091,0.3930646799605115,0.543926830631616,0.39846648189716316,0.4080238215481377,0.46843753448634706,0.5233411870970445,0.5393814733189053,0.2526401898265359,0.6924781638336774,0.7607425470174806,0.6829737571111617,0.4775834132618034,0.5721298330524035
0.7704653824576526,0.7006223584370853,0.5751744973080495,0.939617349107993,0.592938899264063,0.0,0.9699190693194064,0.9612296208638001,0.9454669963627101,1.0,0.9695253863746602,0.7530344159110978,0.8986202300131032,0.7777532738687444,0.8903732944156413,0.9186242119331983,0.7004405113499972,0.8814196396075212,0.7971823556012683,0.8353888402027024,0.7826339300642531,0.9563192060573485,0.9030212522403842,0.9461843470816047,0.9576867095834818,0.8720349210299607,0.9722379348511688,0.8020904072714301,0.7009596338492478,0.9971311171287895,0.9594259569496942,0.8949684290250325,0.8257090662449903,0.8247005162875647,0.9041421080837182,0.9053353015603206,0.9436882323099182,0.8413103068346564,0.8635595934150302,0.7890119895683351,0.7872243791465102,0.9264404918500057,0.8878871770744045,0.917661115714675,0.7807246791614669,1.0,0.8711571137007699,0.8626223758357997,0.9641831110022336,0.9560014104451466,0.9460997178220275,0.4808586237829352,1.0,0.873062496790963,0.8914173839302084,0.88276971581996,0.8397344538304139
0.7576231919971729,0.6405687095781966,0.5521004772342876,0.8227318250949853,0.5281562070441251,0.9699190693194064,0.0,0.9494306511034475,0.8979333201125549,0.9179236866928608,0.9714029830520876,0.7078215198067171,0.8868300336363337,0.7688518720596091,0.8846417057020042,0.8415477377679923,0.6182339407691625,0.737385261178111,0.7108842023448401,0.7090688215729075,0.6876919800766157,0.9266183330108815,0.8623286055709036,0.9141508529189013,0.9231173523172617,0.8364864485640751,0.849489774170071,0.7383786907702776,0.6962898703962558,0.9169896946078941,0.9172470629405147,0.8896143171390647,0.8052036780000487,0.7505786540432039,0.829357559766153,0.8515221029490146,0.922613022155503,0.8197840978325688,0.8119505023777969,0.7124467438229546,0.7849946833620582,0.8480012405379564,0.896964454388841,0.8233959344031055,0.7171544949231565,0.9115490953803501,0.8107692151544157,0.7388196335436641,0.9449432922364845,0.8196478457514786,0.8674633812444871,0.4297193943280544,0.9436114760731682,0.8353998086537532,0.8400040978065738,0.9283169854654943,0.7178416478032525
0.6999198194171153,0.7344552378219548,0.5537152205388199,0.8280861055311738,0.6024236647956879,0.9612296208638001,0.9494306511034475,0.0,0.8901151966273149,0.9050827110865718,0.9150432864727585,0.8515933183084946,0.8257223577932348,0.8194197219773358,0.9379240611723023,0.8952052232399443,0.7535543689509236,0.9644570378717493,0.8558910409734691,0.9304397732217761,0.8789561970925099,0.9306631397068276,0.8295525200018329,0.9768472984508456,0.9164966380813488,0.7953723281853557,0.8948051612814174,0.818516719030884,0.7168755906043004,0.9548308342767011,0.8740003384344412,0.8128921728687512,0.7971955636621559,0.7436803172336993,0.8361140370499696,0.8925455505399778,0.9518249928007328,0.8544482703999821,0.8828911796993496,0.7115182707784533,0.7239009968494615,0.8888967958186639,0.8266146195994258,0.8445142008093849,0.8505374518557198,0.9741843951682868,0.7735261138892163,0.8666684280351791,0.8260007473465438,0.9751869047249503,0.8530557442361479,0.5754591428204379,1.0,0.9795765754570278,0.9259961232937985,0.8197879701589778,0.8217790999734762
0.7635551547586418,0.6537379291404478,0.5969125336798867,0.8977834595305108,0.5809077470057198,0.9454669963627101,0.8979333201125549,0.8901151966273149,0.0,0.9803642200957043,1.0,0.7607237135828329,0.8903592664098915,0.8798933033322434,0.8829908802582389,0.9365811289448991,0.6535209758888406,0.7665075832120951,0.7512950556379331,0.7139425984806157,0.7400647185918477,0.9008009455715976,0.881263553776324,0.9493679662561946,0.8976382520311315,0.8694504962719397,0.8809502192085655,0.7835365864848641,0.7112642381874381,0.9140014281221173,0.9420443860631075,0.9107731182920883,0.8301585445106839,0.7779610282999287,0.8728834373107188,0.8488877873609079,0.8714157681764709,0.869206935792401,0.7587074186526944,0.7017523514903241,0.7295206443979353,0.8998279791407334,0.8408778781817753,0.7941221541812538,0.6891815570300275,0.9348668568114822,0.8831288353681827,0.7063434411971227,0.8990668288734583,0.8523861044662943,0.9033623935208723,0.4286101386593431,0.9956783073806696,0.8467031440519773,0.8899516943607619,0.941722284931872,0.7417895071593458
0.7692419564748779,0.708451989176302,0.6005944993643543,0.8221396765577088,0.5836558088716103,1.0,0.9179236866928608,0.9050827110865718,0.9803642200957043,0.0,0.9617369994073642,0.7385353871505133,0.9019712018853752,0.8125718745015649,0.9178509790345971,0.8401253509844422,0.6391218812636298,0.8158812736493608,0.7717103161015395,0.7068147845217869,0.7639728842568162,0.8674325328672942,0.8927971743753725,0.914599025144034,0.8688552050094196,0.841732331707808,0.8486025602423245,0.7503098666272123,0.7249281624144541,0.9513834620166179,0.9671686634760573,0.8727557421328183,0.7943549449571304,0.8126563042762526,0.8811800845875285,0.8461759160283114,0.9360033937495363,0.8266480150601507,0.8122209131650776,0.6591321778766758,0.7330884527049499,0.8668234723572393,0.867402276974215,0.7842917824997282,0.7408766486350303,1.0,0.8431954161936054,0.7536425237672199,0.9631596979811043,0.9013622631220146,0.9264025524790567,0.4161012210987933,0.99329915254923,0.8672646018753329,0.8782502690927432,0.8516960059774673,0.7725057168734474
0.7608456405593108,0.6343904452459307,0.6018648644983203,0.9505874448450522,0.5903225423837907,0.9695253863746602,0.9714029830520876,0.9150432864727585,1.0,0.9617369994073642,0.0,0.818263760269991,0.9867547881579474,0.9192558379784435,0.9421955018094016,0.8572426193884671,0.6168824044358081,0.7474680701743996,0.7273671887839592,0.6957563864454938,0.7085812656341719,0.8697347294156595,0.8750199271389918,0.944380430889415,0.8496568075626565,0.8373189735116069,0.8800012701658689,0.9039762589960938,0.7769635286167393,0.9378759241602789,0.9276042221390967,0.951279930301254,0.7909111539608452,0.8135270369808361,0.856672888391684,0.7930393653741332,0.9172639128433132,0.8070169298953399,0.7700849460597676,0.6752686789987328,0.7444674567221387,0.8940130442931487,0.8482497084239325,0.8417422474818875,0.6747379346507718,0.9143222963041815,0.9100720766901362,0.707588562349977,0.9072924571863616,0.8336551970497843,0.8389852564639445,0.41283068740873796,1.0,0.8595912218543235,0.9912689324032137,0.8874590515542814,0.7153741642049546
0.6962112660788857,0.5433654278470985,0.42805326054648524,0.6491611854959447,0.4473257091520189,0.7530344159110978,0.7078215198067171,0.8515933183084946,0.7607237135828329,0.7385353871505133,0.818263760269991,0.0,0.8264910892650942,0.8005532191702368,0.751647646112259,0.6880832007718756,0.5643191616636283,0.7742309185745896,0.6551237654775285,0.7183771330396179,0.608630608756854,0.7812048436091197,0.7393925118077153,0.8457514079543543,0.6772117145180195,0.6713142511067917,0.7273675358487086,0.7236667986360447,0.7407655240450329,0.7541709550934704,0.7840330925684988,0.7807013634943283,0.6858994636054822,0.7537491195397399,0.762265317490009,0.6955353477192114,0.7653783829004335,0.775436142892972,0.754281892053192,0.6231472542608364,0.7346769373545483,0.7758846831912021,0.7163732241685862,0.7022845145470143,0.7410450496913961,0.7564840194087686,0.6927566956892056,0.745959892465639,0.7631949321622629,0.715511920072757,0.652024414392894,0.5544402469058222,0.7935954793272139,0.8457563860546697,0.7694945839662837,0.6664341768495928,0.6116934399789627
0.7668990564000538,0.5578075493157841,0.5344482830328832,0.7872548771613966,0.5284007363414439,0.8986202300131032,0.8868300336363337,0.8257223577932348,0.8903592664098915,0.9019712018853752,0.9867547881579474,0.8264910892650942,0.0,0.8542112782148725,0.8299158170512931,0.8149183954237763,0.5554551257894589,0.7010024886314669,0.6926807678354683,0.645433560450887,0.6638813954155411,0.8206058207106519,0.7898347921259744,0.8399997570124523,0.8048586050906444,0.8044473871419614,0.818326333984458,0.8461934644505694,0.7416143253524405,0.8527152856467994,0.9286357470623935,0.8580262713658308,0.7711271234840645,0.8197246544339829,0.8215987899780379,0.7540998460665682,0.856880041398716,0.8004577460373735,0.7851751504468779,0.6703463575334907,0.7298275707010069,0.8759438792037971,0.7633991105618232,0.8195250635613384,0.6666475379362828,0.8042439275290668,0.8471869333031998,0.6812953490687923,0.9353471076635352,0.7863261812134636,0.7655693002189825,0.4093712696280754,0.9546963962071171,0.8062560475598062,0.8785867799380227,0.8568049827247382,0.6511946905245823
0.5857440480281254,0.6390621470612838,0.5668368939001213,0.7583690711775848,0.5720097694075005,0.7777532738687444,0.7688518720596091,0.8194197219773358,0.8798933033322434,0.8125718745015649,0.9192558379784435,0.8005532191702368,0.8542112782148725,0.0,0.7902609014765691,0.860291528463975,0.5646094215892055,0.6958842995212947,0.702197610465013,0.668635847777287,0.6823845575500022,0.7394000258075021,0.6778397692994318,0.7293871835298701,0.6675793848841548,0.6481358516182956,0.6409127739445153,0.8345583720799892,0.6837852529818673,0.7725245696441811,0.8387391782419549,0.8007762430529785,0.6349198489064984,0.6589190912791895,0.7243229662138443,0.6510637055704098,0.7811717724083725,0.6693998860335053,0.6463189767590206,0.5210168694912278,0.605588622858614,0.7813889540462268,0.6587974776981227,0.6912274265619297,0.5973417502040191,0.7606046099101647,0.6688879551656542,0.6005454499971824,0.7118292739629035,0.6674311504366695,0.6753760114455162,0.43889735982144035,0.9492880001434284,0.866925549126659,0.9593263343280829,0.6720877443957795,0.572801205894408
0.5945031117736134,0.7752184233386122,0.6513470515557721,0.9185178392705776,0.6882605636521022,0.8903732944156413,0.8846417057020042,0.9379240611723023,0.8829908802582389,0.9178509790345971,0.9421955018094016,0.751647646112259,0.8299158170512931,0.7902609014765691,0.0,0.9845327616435029,0.7661372967443207,0.7612827880642623,0.8190440167347649,0.797129876495195,0.9231166363743301,0.7613247003500477,0.7543063565749557,0.824608548107574,0.7980256204262355,0.6627570774955482,0.8174802760308197,0.8469186794552082,0.6217955158024809,0.8880209613207246,0.8129888364238439,0.7620248932226993,0.6883738714817986,0.6394167969411432,0.7548257924017933,0.7752559792828085,0.8852957915467826,0.7099109433559039,0.7317017412573144,0.5987209176772738,0.6232297488781557,0.7733739393073886,0.7775570531270791,0.7060011358911953,0.6958481248377983,0.913044251779151,0.7182157155157679,0.6902191389629135,0.781581822033816,0.8477630295072984,0.8565300313886756,0.4152329300191042,1.0,0.9258006296166928,0.9187070836121447,0.7627721228496828,0.8129558016470214
0.5353240386133417,0.8785185014071497,0.7744409255950792,1.0,0.8059785396778743,0.9186242119331983,0.8415477377679923,0.8952052232399443,0.9365811289448991,0.8401253509844422,0.8572426193884671,0.6880832007718756,0.8149183954237763,0.860291528463975,0.9845327616435029,0.0,0.7789260445435018,0.7733388112759256,0.9096088440597274,0.8488524861540079,0.9828650331682486,0.8070221057282085,0.7120047349067913,0.7216686403886909,0.7225273986848267,0.6301561596434561,0.7440793450641604,0.9167596197907297,0.5426123585920053,0.8953455424613886,0.746760299393817,0.7671669963908673,0.6229642553680194,0.6066555643775967,0.719601340985531,0.7057312597910894,0.8294339465235717,0.6690157062059056,0.6451056873832396,0.5463816996104243,0.5721667326640072,0.7014820207872928,0.7144522014073544,0.6712937920855911,0.6119545765173271,0.8433087900060906,0.6610850866572019,0.64393739839603,0.7186503430638278,0.7862859642431017,0.763347481273874,0.3985420651114131,1.0,0.9585262735444449,0.9801707073038916,0.7224701108729574,0.7794531169778883
0.4655185042758449,0.7023040169752138,0.6314536386329148,0.6999567125836832,0.6761290274768594,0.7004405113499972,0.6182339407691625,0.7535543689509236,0.6535209758888406,0.6391218812636298,0.6168824044358081,0.5643191616636283,0.5554551257894589,0.5646094215892055,0.7661372967443207,0.7789260445435018,0.0,0.8223641350536788,0.8892058490957679,0.9031489093286699,0.8691781833384864,0.6088785053218305,0.5971488249178084,0.6234399916693075,0.6302848161276768,0.49332874046465813,0.6078319563573099,0.6768714236149367,0.4277800737458088,0.7034514737196996,0.610929028523819,0.5470825969978883,0.5249791571127606,0.4506505884933486,0.5439396767474028,0.6570429961602464,0.6868828814226043,0.5769469521683893,0.5577285910382198,0.5104837476484112,0.5078825596550269,0.5078119562710869,0.615408565788646,0.5773913374907407,0.6540696290326078,0.733002581720312,0.5101331539873617,0.6487228594987356,0.5915379478905952,0.7302586418437581,0.65363885637989,0.42525456961771063,0.6997258318839925,0.7752915868258486,0.625254463415488,0.5685939338230969,0.8730439947574659
0.6886526801568918,0.6249712481149337,0.48004990798708097,0.6763729171400219,0.5007414968300549,0.8814196396075212,0.737385261178111,0.9644570378717493,0.7665075832120951,0.8158812736493608,0.7474680701743996,0.7742309185745896,0.7010024886314669,0.6958842995212947,0.7612827880642623,0.7733388112759256,0.8223641350536788,0.0,0.8313548073691878,0.8950857877945294,0.7481518275986594,0.8727200298830229,0.8387506951826452,0.9171220816960021,0.8094269805539821,0.7364648611771009,0.8338164902729025,0.7231007506670658,0.6176383818303515,0.8208910011248329,0.7824550048141105,0.7316052739831511,0.7019894087007014,0.6861373931563746,0.7741135900445654,0.9495675449723376,0.8505463338011274,0.821111784024803,0.8458902949610564,0.7699080446719769,0.7637640518072847,0.7262492524703963,0.8452220687101509,0.8565923826459483,0.9770274797011799,0.9254374898241652,0.7564456964142035,0.9301166606872002,0.8443831642181123,0.9328631537617778,0.8645780810091446,0.6066698220720981,0.8056983536535164,0.8291102153947619,0.7196257398400938,0.7761904525650642,0.8950159481104204
0.5162160403126499,0.81989194105968,0.6872437838805393,0.8024324749032895,0.7608078552048452,0.7971823556012683,0.7108842023448401,0.8558910409734691,0.7512950556379331,0.7717103161015395,0.7273671887839592,0.6551237654775285,0.6926807678354683,0.702197610465013,0.8190440167347649,0.9096088440597274,0.8892058490957679,0.8313548073691878,0.0,0.9459916799009536,0.9383265378384458,0.7338479463834402,0.6260494826989677,0.7386012295676357,0.703359687725295,0.5773711598733366,0.682125450617229,0.7600371492979711,0.5215982265299354,0.7578309663151837,0.6970834207360619,0.6183445429057418,0.5649294908116437,0.52831941061537,0.6499460976750729,0.7045616553637131,0.7236743912513864,0.6803367487238646,0.6224255031371676,0.5158301520172968,0.5328295408982517,0.6123103949248556,0.6762268358019716,0.6322262230968891,0.6935421845390612,0.7697802066134245,0.5838146419638638,0.6909125791920158,0.6712947244234847,0.7735838244329564,0.7420809100452556,0.4638585638947622,0.9019322454330881,0.8938479803737587,0.7970051819905118,0.6182664927122871,0.8562683931986301
0.5770781036757958,0.733982931808603,0.5521172222150627,0.7417936958659742,0.6027710984027548,0.8353888402027024,0.7090688215729075,0.9304397732217761,0.7139425984806157,0.7068147845217869,0.6957563864454938,0.7183771330396179,0.645433560450887,0.668635847777287,0.797129876495195,0.8488524861540079,0.9031489093286699,0.8950857877945294,0.9459916799009536,0.0,0.830806190291502,0.8025872658082845,0.7714941137865154,0.7908434470151328,0.7691772492996938,0.5988601277103436,0.7071177786338754,0.7238073902042637,0.550299697466528,0.8119542377181351,0.7182745117700582,0.6376568378014961,0.6159633569412905,0.5533162105501581,0.6645962912681068,0.7766788537704059,0.7832373334984256,0.7409041805132519,0.7170586720328457,0.6059227616349744,0.6423049127679779,0.6420337437330277,0.7366502657107676,0.689590663139169,0.8098778247239495,0.8366308371327058,0.6320831841742537,0.8431090117600301,0.7052183944976348,0.8881766153879137,0.7693812664858299,0.5999806682570641,0.8348889287358023,0.8878538575468977,0.7481531656913684,0.6381760936679309,0.8940861240966186
0.4770747708515153,0.8790703620145116,0.7679716240883013,0.8483847545285264,0.8170322036282198,0.7826339300642531,0.6876919800766157,0.8789561970925099,0.7400647185918477,0.7639728842568162,0.7085812656341719,0.608630608756854,0.6638813954155411,0.6823845575500022,0.9231166363743301,0.9828650331682486,0.8691781833384864,0.7481518275986594,0.9383265378384458,0.830806190291502,0.0,0.64190456334125,0.6105609604416219,0.6393367306435291,0.6575332543514947,0.528959520848505,0.6606866511606627,0.8033972582009755,0.4905157070286164,0.7695961101333645,0.6257881863805669,0.5944181583584706,0.5415968900807366,0.5007092321141113,0.5767611711699973,0.6447829300840928,0.7453997392367024,0.5885216267967136,0.5814221675537756,0.478548225730805,0.4885366828880364,0.5801910181062802,0.6124778677547769,0.5806091566213217,0.6172641612839624,0.7093915865120369,0.567313986843111,0.6013954814730976,0.643742225329831,0.7272432367839168,0.6924241717724247,0.36755334120554944,0.8285955465852509,0.8550833132236048,0.7833495894878966,0.6065258277470189,0.811075933656715
0.8388378283457756,0.5642446154339957,0.4543181774171831,0.6939226880757948,0.4489780740998027,0.9563192060573485,0.9266183330108815,0.9306631397068276,0.9008009455715976,0.8674325328672942,0.8697347294156595,0.7812048436091197,0.8206058207106519,0.7394000258075021,0.7613247003500477,0.8070221057282085,0.6088785053218305,0.8727200298830229,0.7338479463834402,0.8025872658082845,0.64190456334125,0.0,0.922299982751726,0.9870549780708974,0.9277642972230313,0.8493549120692209,0.9835664609892033,0.6944460099862593,0.7778089099005239,0.9080793878513395,0.9086041469518065,0.8511329559880298,0.9348206874938043,0.8515689984139162,0.8582334068909206,0.9429811633470495,0.9455212212850734,0.9134529691654248,0.8769527529510525,0.8698359713734981,0.8921482048021947,0.8631251325580884,0.9404227440761402,0.9591674004841356,0.8693289537809317,0.9730142965576344,0.9635214710501463,0.868374005240984,0.9151040856347763,0.9736340283566444,1.0,0.5455813468899324,0.9241426324409279,0.7786622456899726,0.7986402302370278,0.901848487090566,0.7913719033929147
0.8510268752410867,0.5275727201647542,0.4239718002067551,0.6591638060461616,0.4168846536052432,0.9030212522403842,0.8623286055709036,0.8295525200018329,0.881263553776324,0.8927971743753725,0.8750199271389918,0.7393925118077153,0.7898347921259744,0.6778397692994318,0.7543063565749557,0.7120047349067913,0.5971488249178084,0.8387506951826452,0.6260494826989677,0.7714941137865154,0.6105609604416219,0.922299982751726,0.0,1.0,0.9076182740191062,0.8662991391568303,0.9270341248651014,0.7131986378038591,0.8084359415743959,0.9298624392275827,0.9241376698324872,0.8747034383532052,0.9207722157251081,0.9304745412988669,0.8282204193624304,0.9955858929222192,0.9199883580928403,1.0,0.9580176701336575,0.8828352458393081,0.9023103849386258,0.9021051175221751,0.9292527016450463,0.9760266366175517,0.8740250095505299,0.941177722340102,0.935486024173459,0.8722692349904733,0.9405658136081416,0.9582731044510128,0.8845521134671879,0.5781279759165927,0.844177843729384,0.796252510534433,0.7225382382177636,0.9058441293943301,0.7489836040623171
0.9238038702835052,0.5478043967943914,0.44308897331806557,0.6980065677899588,0.4521610995287447,0.9461843470816047,0.9141508529189013,0.9768472984508456,0.9493679662561946,0.914599025144034,0.944380430889415,0.8457514079543543,0.8399997570124523,0.7293871835298701,0.824608548107574,0.7216686403886909,0.6234399916693075,0.9171220816960021,0.7386012295676357,0.7908434470151328,0.6393367306435291,0.9870549780708974,1.0,0.0,0.9748626402278086,0.8689394078321864,1.0,0.7377728681701432,0.786820389305763,0.9109821234105338,0.9341093775070816,0.9609239775523404,0.9832793364536748,0.9375748570204736,0.9653128738219605,0.9861291786984557,1.0,1.0,0.9734642280723337,0.9336469846565739,0.9727315542977423,0.993025322114435,0.9564812832242103,1.0,1.0,1.0,0.9347089906677967,0.9394390578737424,0.9912019596896762,0.9362614802119721,0.9088167148694879,0.6441154560522835,0.9199379739370622,0.8052190731530127,0.7665194845615323,0.957645472527512,0.8219982197816246
0.8042521166844144,0.5736526055373662,0.45588425379208325,0.7255761889969743,0.48014256484025836,0.9576867095834818,0.9231173523172617,0.9164966380813488,0.8976382520311315,0.8688552050094196,0.8496568075626565,0.6772117145180195,0.8048586050906444,0.6675793848841548,0.7980256204262355,0.7225273986848267,0.6302848161276768,0.8094269805539821,0.703359687725295,0.7691772492996938,0.6575332543514947,0.9277642972230313,0.9076182740191062,0.9748626402278086,0.0,0.9274291350059337,0.9320353565815361,0.6951095565180987,0.7109375348839754,0.8991577817388031,0.8544493443498431,0.8710122974244074,0.8840494782467161,0.7818233417093005,0.8748331937831603,0.9354126308599261,0.885298305274529,0.8546305847469268,0.8433523705053388,0.8566104514373879,0.8108758126439533,0.883610952411129,0.9222229597135128,0.8948672352150291,0.7853180177485732,0.9050167687399449,0.8811071796352955,0.8305717162192,0.8891731101977878,0.8507119478594265,0.9359372940202887,0.5268238656309215,0.8684952937203124,0.7502136450816806,0.7503361413929851,0.892840998748033,0.787669362249586
0.9235505263421443,0.48829768252108113,0.40467290396648886,0.6389046133381305,0.4166901162566205,0.8720349210299607,0.8364864485640751,0.7953723281853557,0.8694504962719397,0.841732331707808,0.8373189735116069,0.6713142511067917,0.8044473871419614,0.6481358516182956,0.6627570774955482,0.6301561596434561,0.49332874046465813,0.7364648611771009,0.5773711598733366,0.5988601277103436,0.528959520848505,0.8493549120692209,0.8662991391568303,0.8689394078321864,0.9274291350059337,0.0,0.8484536923835877,0.6342690169094066,0.7847336571424401,0.8603131655303576,0.8580295387853176,0.951636577953128,0.9273609649382313,0.8542771837454186,0.8819767391126568,0.8311916687658855,0.8836984389100722,0.9180141512709933,0.8701138977597394,0.8678803983707939,0.8905127645192309,0.9317757447638969,0.8588406936710083,0.829162631931248,0.7015321799979953,0.854704924545402,0.9036705756097568,0.7231304621048561,0.8936020095967319,0.8172180804819088,0.8010707728192117,0.4503824596517258,0.7819232176732243,0.6633705225119757,0.6856221306873072,0.8477295094313014,0.6698880716560783
0.8588143291603993,0.5555765264502028,0.4687769919859972,0.7520326805020614,0.4904557668992492,0.9722379348511688,0.849489774170071,0.8948051612814174,0.8809502192085655,0.8486025602423245,0.8800012701658689,0.7273675358487086,0.818326333984458,0.6409127739445153,0.8174802760308197,0.7440793450641604,0.6078319563573099,0.8338164902729025,0.682125450617229,0.7071177786338754,0.6606866511606627,0.9835664609892033,0.9270341248651014,1.0,0.9320353565815361,0.8484536923835877,0.0,0.7475048925820292,0.7583361068596792,0.9284306928324756,0.9598204647561033,0.8974589735894266,0.8723294936858667,0.7829413812577146,0.8159418532770666,0.9641927641930345,0.9358623813629583,0.8738511643443105,0.8376521835750138,0.8589379623176451,0.8510220131055427,0.8866671302082816,0.9359600248645328,0.9442553629442043,0.8105207141001924,0.9214553322357978,0.9135771370784622,0.7931189638720993,0.9377276363940192,0.917937402046098,0.8770468408944622,0.5075482445976423,0.8524711535349183,0.7968417766296995,0.7538276266943447,0.9258824140021324,0.8187339374820038
0.5933630467052243,0.6678118296121301,0.6150854916626272,0.8733040011230155,0.6660015375493461,0.8020904072714301,0.7383786907702776,0.818516719030884,0.7835365864848641,0.7503098666272123,0.9039762589960938,0.7236667986360447,0.8461934644505694,0.8345583720799892,0.8469186794552082,0.9167596197907297,0.6768714236149367,0.7231007506670658,0.7600371492979711,0.7238073902042637,0.8033972582009755,0.6944460099862593,0.7131986378038591,0.7377728681701432,0.6951095565180987,0.6342690169094066,0.7475048925820292,0.0,0.6444386085085106,0.8956578251764581,0.7773454950079481,0.7373520076185276,0.6443188232223096,0.6425149127943378,0.6966126532620084,0.6919132618898414,0.7712508198881656,0.678365045816942,0.660704824570355,0.5450623674760646,0.6122347378707932,0.7311342790548392,0.6582289159529402,0.6644231565792512,0.6140697560629735,0.7434123635316504,0.6633737722671026,0.5827704765110695,0.7061185737878455,0.7161453937538343,0.63409277931093,0.4231105182576609,0.9336290621917332,0.9330113020936027,0.8981780177695002,0.6943068852457747,0.7045991438686904
0.8215300426328567,0.4309861877995468,0.3452125576764251,0.5365789026861393,0.35266508964455623,0.7009596338492478,0.6962898703962558,0.7168755906043004,0.7112642381874381,0.7249281624144541,0.7769635286167393,0.7407655240450329,0.7416143253524405,0.6837852529818673,0.6217955158024809,0.5426123585920053,0.4277800737458088,0.6176383818303515,0.5215982265299354,0.550299697466528,0.4905157070286164,0.7778089099005239,0.8084359415743959,0.786820389305763,0.7109375348839754,0.7847336571424401,0.7583361068596792,0.6444386085085106,0.0,0.7328649400211359,0.8439490055689951,0.7658521515891383,0.7878744427579102,0.8561873688627258,0.7420758770525794,0.7582462503267478,0.7277827343814002,0.8589360827641169,0.7868560430532189,0.7010247470842872,0.7549586653478588,0.8192958918188139,0.6842873158872095,0.7630802483671005,0.6715253400649875,0.7405881379705721,0.8132279987462329,0.6571330795176735,0.7928503148004741,0.6932210102318106,0.636721659166884,0.5035550013077102,0.7178269996792596,0.6345968566413915,0.6692611236360245,0.7048728699086154,0.5307998722704137
0.7857061511275322,0.6394307191567451,0.5671686057146365,0.8452399514768028,0.5725189282498067,0.9971311171287895,0.9169896946078941,0.9548308342767011,0.9140014281221173,0.9513834620166179,0.9378759241602789,0.7541709550934704,0.8527152856467994,0.7725245696441811,0.8880209613207246,0.8953455424613886,0.7034514737196996,0.8208910011248329,0.7578309663151837,0.8119542377181351,0.7695961101333645,0.9080793878513395,0.9298624392275827,0.9109821234105338,0.8991577817388031,0.8603131655303576,0.9284306928324756,0.8956578251764581,0.7328649400211359,0.0,1.0,0.8870558475302744,0.8664054310664656,0.766793035537524,0.819698144213111,0.9113586001042838,0.9816282274000625,0.9022079359548625,0.8158822641980013,0.7436762576953561,0.7780602115713654,0.8533551869204203,0.8181728197322083,0.8965920481582319,0.8152537774753342,0.9102287308849749,0.8398827274991931,0.7737255696958477,0.8795867082763966,0.909285381362444,0.820536110596618,0.4759135626924148,0.9782182459670766,0.903455408402449,0.9064303834052836,0.8997339143018201,0.8190556904704673
0.9003501343789784,0.5357896923673865,0.4748161656217432,0.703844258333327,0.4707262848363402,0.9594259569496942,0.9172470629405147,0.8740003384344412,0.9420443860631075,0.9671686634760573,0.9276042221390967,0.7840330925684988,0.9286357470623935,0.8387391782419549,0.8129888364238439,0.746760299393817,0.610929028523819,0.7824550048141105,0.6970834207360619,0.7182745117700582,0.6257881863805669,0.9086041469518065,0.9241376698324872,0.9341093775070816,0.8544493443498431,0.8580295387853176,0.9598204647561033,0.7773454950079481,0.8439490055689951,1.0,0.0,0.989544303131419,0.9141196848060399,0.9314468666329759,0.8614928348716687,0.8940568225211415,0.8973188769334229,0.9391823831207169,0.8612184002583784,0.8172343604124426,0.8949313221803316,0.986884252887994,0.9059085604624535,0.9217217907534137,0.7679219229766315,0.9108880821816553,0.981874776454325,0.7643874035846727,0.96926679827462,0.8679517842208331,0.8573432802257104,0.4887893564117101,0.9205395611116236,0.7881493779929666,0.819376418876864,0.8857056491077421,0.7038187250983603
0.8619771339811406,0.5113268731368787,0.4583919760360544,0.7335093782518722,0.45355677093921215,0.8949684290250325,0.8896143171390647,0.8128921728687512,0.9107731182920883,0.8727557421328183,0.951279930301254,0.7807013634943283,0.8580262713658308,0.8007762430529785,0.7620248932226993,0.7671669963908673,0.5470825969978883,0.7316052739831511,0.6183445429057418,0.6376568378014961,0.5944181583584706,0.8511329559880298,0.8747034383532052,0.9609239775523404,0.8710122974244074,0.951636577953128,0.8974589735894266,0.7373520076185276,0.7658521515891383,0.8870558475302744,0.989544303131419,0.0,0.9448735922201735,0.8727978807295931,0.8608152606879361,0.837349628094256,0.9263582711079666,0.8915671415818796,0.850009411707731,0.8652150444001402,0.8576703715448473,0.9639484280866545,0.8496386574239296,0.8883906454520001,0.7300723011656562,0.8628500255702278,0.9225764072222246,0.7073775890788861,0.9223402179469025,0.8015501914254545,0.8305077897882914,0.45031342499025007,0.9393882156210571,0.7589275355275182,0.8016172552983686,0.9390544238529023,0.6760135358651623
0.9167079281695182,0.4424265810716119,0.3838222263677199,0.624887933794239,0.38546940375923255,0.8257090662449903,0.8052036780000487,0.7971955636621559,0.8301585445106839,0.7943549449571304,0.7909111539608452,0.6858994636054822,0.7711271234840645,0.6349198489064984,0.6883738714817986,0.6229642553680194,0.5249791571127606,0.7019894087007014,0.5649294908116437,0.6159633569412905,0.5415968900807366,0.9348206874938043,0.9207722157251081,0.9832793364536748,0.8840494782467161,0.9273609649382313,0.8723294936858667,0.6443188232223096,0.7878744427579102,0.8664054310664656,0.9141196848060399,0.9448735922201735,0.0,0.8946596676110742,0.8125510832896427,0.929388729364394,0.8681539198675203,0.8566129038860517,0.8788055951175794,0.8925326754002457,0.8515454403371832,0.8695241834008253,0.8691709003958712,0.9495009175620054,0.7929381183994653,0.8764151180085153,0.9159248083985779,0.7831107156686222,0.8781245286373512,0.825854356564436,0.7771133105757569,0.5250065546563241,0.7877363918991348,0.6590306801794003,0.6961536802579689,0.8785188962906691,0.6396596287498871
0.9431850536087845,0.42390574874089404,0.36175079549611827,0.569388799601453,0.3542053486205366,0.8247005162875647,0.7505786540432039,0.7436803172336993,0.7779610282999287,0.8126563042762526,0.8135270369808361,0.7537491195397399,0.8197246544339829,0.6589190912791895,0.6394167969411432,0.6066555643775967,0.4506505884933486,0.6861373931563746,0.52831941061537,0.5533162105501581,0.5007092321141113,0.8515689984139162,0.9304745412988669,0.9375748570204736,0.7818233417093005,0.8542771837454186,0.7829413812577146,0.6425149127943378,0.8561873688627258,0.766793035537524,0.9314468666329759,0.8727978807295931,0.8946596676110742,0.0,0.8394915507244786,0.8221136676732193,0.8192438738417207,0.9404355987215854,0.8832243058452491,0.7828661957220874,0.9079893900250874,0.9132093593652268,0.7957800622091483,0.8556863228462905,0.6951650245698803,0.8087929676674552,0.8448366798944975,0.7126209311913888,0.8564664804936059,0.7320643715337526,0.7206677319853942,0.493756734603936,0.7342674290802278,0.6294890178561795,0.7166410114918724,0.8380043612571034,0.5838673180055942
0.8248706942506318,0.5491225172466608,0.4525360190976237,0.6965918972594937,0.4583147796053216,0.9041421080837182,0.829357559766153,0.8361140370499696,0.8728834373107188,0.8811800845875285,0.856672888391684,0.762265317490009,0.8215987899780379,0.7243229662138443,0.7548257924017933,0.719601340985531,0.5439396767474028,0.7741135900445654,0.6499460976750729,0.6645962912681068,0.5767611711699973,0.8582334068909206,0.8282204193624304,0.9653128738219605,0.8748331937831603,0.8819767391126568,0.8159418532770666,0.6966126532620084,0.7420758770525794,0.819698144213111,0.8614928348716687,0.8608152606879361,0.8125510832896427,0.8394915507244786,0.0,0.8110116722835503,0.8440364741329466,0.8207006100339458,0.8026962531520901,0.7534492346612894,0.8117890919933853,0.8709817644453387,0.8327126239593444,0.82168524867842,0.7297629494600848,0.8943488445689923,0.8263628011249882,0.7806230872157391,0.8718397424393979,0.7930233830185648,0.7984529818235698,0.47862383824035454,0.8402802005562646,0.7487368002166177,0.803790323627649,0.8353295296440222,0.6887589002882988
0.8236333995549829,0.5362361187265763,0.44807833319520785,0.688215957944462,0.4643464092290762,0.9053353015603206,0.8515221029490146,0.8925455505399778,0.8488877873609079,0.8461759160283114,0.7930393653741332,0.6955353477192114,0.7540998460665682,0.6510637055704098,0.7752559792828085,0.7057312597910894,0.6570429961602464,0.9495675449723376,0.7045616553637131,0.7766788537704059,0.6447829300840928,0.9429811633470495,0.9955858929222192,0.9861291786984557,0.9354126308599261,0.8311916687658855,0.9641927641930345,0.6919132618898414,0.7582462503267478,0.9113586001042838,0.8940568225211415,0.837349628094256,0.929388729364394,0.8221136676732193,0.8110116722835503,0.0,0.9295159311049865,0.9268798918460269,0.8912115252416756,0.8600155621432948,0.8771149020838732,0.7969702053822267,0.9170091114530999,0.8925027186960445,0.8904964022887031,0.9002344256896564,0.8194168049589619,0.890192665219808,0.8930567473584032,0.9189592615455783,0.8974559824991285,0.5269989842275888,0.8000504377225951,0.7376735429236204,0.723001052295605,0.9003322320873329,0.8218345359696801
