Cingulate area 2,Glomerular layer of the accessory olfactory bulb,Glomerular layer of the olfactory bulb,"Olfactory bulb, unspecified",Frontal association cortex,Cornu ammonis 3,Dentate gyrus,Cornu ammonis 2,Cornu ammonis 1,Fasciola cinereum,Subiculum,Postrhinal cortex,Presubiculum,Parasubiculum,Perirhinal area 35,Perirhinal area 36,Medial entorhinal cortex,Lateral entorhinal cortex,Primary auditory area,"Secondary auditory area, dorsal part","Secondary auditory area, ventral part","Piriform cortex, layer 1","Piriform cortex, layer 2","Piriform cortex, layer 3",Ventrolateral orbital area,Lateral orbital area,Ventral orbital area,Medial orbital area,Dorsolateral orbital area,Prelimbic area,Secondary motor area,Frontal association area 3,Primary motor area,"Agranular insular cortex, ventral area",Agranular insular cortex dorsal area,Cingulate area 1,Infralimbic area,Dysgranular insular cortex,Granular insular cortex,"Primary somatosensory area, forelimb representation","Primary somatosensory area, dysgranular zone","Primary somatosensory area, face representation",Secondary somatosensory area,"Primary somatosensory area, hindlimb representation","Agranular insular cortex, posterior area","Primary somatosensory area, barrel field",Retrosplenial dysgranular area,"Primary somatosensory area, trunk representation",Retrosplenial granular area,"Parietal association cortex, lateral area","Parietal association cortex, medial area","Parietal association cortex, posterior area",Primary visual area,"Secondary visual area, lateral part",Temporal association cortex,"Secondary visual area, medial part",Nucleus of the lateral olfactory tract
0.0,0.7344950853150708,0.21717807020517158,0.37562340512435816,0.7364530204201754,0.7790535062166024,0.7073985096404588,0.777185379579392,0.782781529120374,0.7133970182975043,0.7200938310556115,0.5574501137270421,0.5075032522995053,0.45990892562792646,0.7019539953008795,0.7083899033401927,0.6099722122079271,0.6887910084022514,0.6074994402819682,0.6465359070086442,0.6484706951883683,0.796237778414812,0.826136267729465,0.8469775655122438,0.8050470185645464,0.7992610317926483,0.7530303314755803,0.8201505534646972,0.8805429085765728,0.8981475883172875,0.8450184377487359,0.8679055628651735,0.9354529959768687,0.9259919306298918,0.8933917158302022,0.88713196956032,0.830764270293304,0.7581503567162742,0.8259272597144992,0.8609419253082216,0.8180741951891061,0.8601650606641498,0.8143842894894792,0.8190101538632578,0.8071006468026517,0.8331245065181209,0.7673436401935959,0.767608026813588,0.7747171172813093,0.6229807372384923,0.7478912424677294,0.7826483403763193,0.6530310424479002,0.6035085024754475,0.6321283384988603,0.8020248127234879,0.890904129127135
0.7344950853150708,0.0,0.2619359726451278,0.4869465940312577,0.8996393082120748,0.8206849234129974,0.7104432471774901,0.8131217004198905,0.8222729185702076,0.7960907971326973,0.7932819697107815,0.7252873371157095,0.5754340745908715,0.5906719452170659,0.8177804045203422,0.7639131724214248,0.8072415909634206,0.8384086519041062,0.8046804109820721,0.7357428549205494,0.7929451775686704,0.9031939645682882,0.8815477675571265,0.8997718693844984,0.7313628693701733,0.8028640101168203,0.7281786176024937,0.8098757287998116,0.8621970349078663,0.7287847768624078,0.7283929593517301,0.8168725103750544,0.8315633895272604,0.9600359640374448,0.8891178223411751,0.7473696429369582,0.8915009173526962,0.8575269577155941,0.8864340426450112,0.8463468925641845,0.7966837819883639,0.8174800515820492,0.8443289277774614,0.9145152089394686,0.8560094898776953,0.808379371422973,0.7671926025927875,0.8223192992420072,0.8802510339690985,0.7778842346504008,0.7816823946304888,0.8683567034993945,0.690389305386728,0.6967609434599197,0.7514646842878787,0.8557377444106361,0.8544510342327254
0.21717807020517158,0.2619359726451278,0.0,0.6601732246701222,0.3034570809244448,0.3008223481496199,0.31778533708292117,0.27910269506298446,0.29386508602258443,0.34170345188630336,0.3048363065667197,0.32662026871695243,0.36929510893902123,0.41750043599104186,0.28730220053950195,0.28980573546889293,0.35054897170597976,0.3044659801563939,0.3598023737160829,0.3801487311160897,0.3271740883771214,0.24372820182199195,0.2538894652690768,0.24424945438382284,0.264787086237573,0.270715307894086,0.2574482752964446,0.27948433600260153,0.2276849348211567,0.22629182384827037,0.24414141969450526,0.22605084329290615,0.24036390296082336,0.2515540493528939,0.2277209897556164,0.1958284807216203,0.22522721546037652,0.27615532766182227,0.2542381622238262,0.22484632548837533,0.23022267706191563,0.2380751272794811,0.2553453761889324,0.23387035901706857,0.22649767509519003,0.24594804165321218,0.2838213037400226,0.31406621707740534,0.286080736747361,0.2874687059130774,0.2735199663515448,0.29249860857676074,0.3258940398336118,0.33865289343989224,0.3028011379860471,0.2954039250216152,0.18930644659527832
0.37562340512435816,0.4869465940312577,0.6601732246701222,0.0,0.570146822771525,0.5657091820879058,0.5834985637677085,0.5089323849371774,0.5575663765129623,0.6400558042176354,0.5351880716482841,0.5933068086580573,0.6129697273913761,0.6935019525411807,0.5303001706484402,0.5221995140236624,0.6343787519463909,0.5641060424547638,0.6441714027328961,0.6835614964925274,0.6282265889241928,0.43309866188776636,0.47245161085737486,0.44927216545468723,0.47913797082046106,0.5044161721594841,0.4584027330738793,0.5019193578344151,0.4189371899942276,0.3959987684267279,0.42809048030074814,0.407097109672525,0.43544196295035525,0.45940300355017555,0.4153057098989322,0.336264054676024,0.4041012886465106,0.5041371789556927,0.46545111930499583,0.4104922060011604,0.4146921829042113,0.43356936096840276,0.4645707509065215,0.42060252729523345,0.41231857774867564,0.44547229315137943,0.5189971639531384,0.5587502792266819,0.549673497028373,0.534498692777094,0.4955658066357114,0.5490742648372579,0.5719856289977691,0.5973268381743956,0.564534330474079,0.5605756424213671,0.3386500113465735
0.7364530204201754,0.8996393082120748,0.3034570809244448,0.570146822771525,0.0,0.878859860684734,0.8873356950511578,0.8359003818523644,0.9197950039663114,0.9681201287667182,0.8396195748490353,0.8335832119322973,0.6885194274116605,0.7171422896184939,0.884838991270709,0.8001960622832507,0.8867517578977341,0.876627277548898,0.9188783250894498,0.8804646730483153,0.847229800266509,0.8681755584485795,0.9090578667104314,0.8734441694265589,0.8564897841531368,0.8964133260371484,0.8064357329965962,0.900599209595161,0.8543486379464715,0.7882156900234822,0.8229416380202923,0.8737091943429406,0.8508651271993213,0.8874754888816428,0.8577456459038681,0.7204457225627697,0.781855126968888,0.9491209006100548,0.9010395617906669,0.8233740757180772,0.8388134961810109,0.8304365773718949,0.8964369713193958,0.8251143059713745,0.8263884926521673,0.8319972345380455,0.8702902173673787,0.8757325536308185,0.8637643392158371,0.8785869529922189,0.8883526028041905,0.841743539735635,0.7718799028763702,0.829978625581934,0.8403861812271589,0.9398232830871018,0.7137958472540675
0.7790535062166024,0.8206849234129974,0.3008223481496199,0.5657091820879058,0.878859860684734,0.0,0.9373180198460386,1.0,0.9444208874813071,0.8448645144077714,0.9569293761682691,0.8491756912147027,0.7204053429558279,0.6855202339576106,0.9407586029245795,0.912518439853944,0.8808021364263976,0.9905567787645925,0.9191553028066021,0.9563887968426248,0.9214995781030724,0.9093969264162993,0.9229814049448443,0.8743098997005878,0.9661347455772946,0.9267563026656336,0.9129057283150982,0.9502072967781959,0.8986797590734875,0.8595641969829294,0.8596161904830015,0.8756954015118183,0.9294146727110392,0.9404820332491761,0.8913448466611172,0.7507226910030298,0.7814573887589066,0.9386453222962982,0.940422237792704,0.8858301433150044,0.8402067768475128,0.9312928218274305,0.9616687838080064,0.8306257289539797,0.8738952871052571,0.8973154064280616,0.9188760813661873,0.9489081879131307,0.9030704606196435,0.8404647418457696,0.9000692592685313,0.9411404056859496,0.8838915702281014,0.839120590972504,0.8472838150048488,0.9964414400525954,0.7781692103149831
0.7073985096404588,0.7104432471774901,0.31778533708292117,0.5834985637677085,0.8873356950511578,0.9373180198460386,0.0,0.9636307409079367,0.9711909703545718,0.8907484154577652,1.0,0.8760378303847849,0.810953568977952,0.7951975787081631,0.9386294193143122,0.9306034113876838,0.9366689681468761,0.9415811009909363,0.8902420339383016,0.891473139365091,0.8849824326743417,0.7987529472217426,0.8599534650302713,0.8163450959177849,0.9658435547503401,0.9157446464280729,0.9020479140515146,0.9129895536542714,0.7867227133215947,0.7546972295724842,0.7728364125886118,0.839135940701206,0.8637522702132568,0.8231161015658603,0.7316684467234079,0.6797181971026551,0.7105394282531535,0.8795875827118214,0.8713319200156813,0.7111501345583247,0.7538372245858622,0.8238854275340757,0.8534457179669802,0.7908221949585841,0.762558511486441,0.8011782252289976,0.9562066156195392,0.9049610380791666,0.9925655659980932,0.8177156598463408,0.9535246719952539,0.8916457580092365,0.981484303753279,0.9200149488658884,0.962297229572542,0.9675823168053166,0.6697238651225665
0.777185379579392,0.8131217004198905,0.27910269506298446,0.5089323849371774,0.8359003818523644,1.0,0.9636307409079367,0.0,1.0,0.8239866267646585,0.9884807977498573,0.8442683179385857,0.797778981497147,0.7434386281852536,1.0,0.9297505260137641,0.9007490742932592,0.9680597366721541,0.8475851158804689,0.8827136931027465,0.9214966114475681,0.937033378036114,0.9241220816647362,0.8979059019909412,0.9650331292188741,1.0,0.9772771123075081,1.0,0.9224731859060816,0.8975593661487316,0.858073514101713,0.9469887599081648,0.9362568108686594,0.9717220696705403,0.8745910193571093,0.7463191851939706,0.7599731160642421,0.9074304648107262,0.8812086174656972,0.8280043517732305,0.8094367679869787,0.897499652975362,0.9561581042729949,0.8290624008377876,0.8589629903272655,0.9166065536111665,0.983886191149056,0.9505493901583375,1.0,0.8797111651881535,0.9816254828426549,0.9061815927718607,0.9576221374817561,0.9023581311166096,0.8647209390722337,1.0,0.824846237684569
0.782781529120374,0.8222729185702076,0.29386508602258443,0.5575663765129623,0.9197950039663114,0.9444208874813071,0.9711909703545718,1.0,0.0,0.8672484512438685,0.9942387739416606,0.8980705620492839,0.793449869654492,0.7758924412585267,0.9575065071166441,0.9323216666623984,0.9964986086881775,0.98972966767873,0.9376639112669111,0.9179323009347582,0.9382091690751059,0.9223356663997746,0.9384262150640538,0.9440155937346936,0.939589077750372,0.9994406676244992,0.9855375930061304,0.9810197834436587,0.8871619694288235,0.9171958174919786,0.8686827289578555,0.8828735982037516,0.9381791020592811,0.8814562923125068,0.8201625829288773,0.747280914501997,0.7729852126773635,0.905316148196244,0.8992055875881406,0.8212714414940405,0.8163910320595293,0.9078061066060119,0.9425625637000318,0.8256376827623981,0.8505231474891162,0.8948174216697348,0.9916944191857014,0.9720168482174283,0.9639800260793748,0.9220069871987305,0.9979957472392004,0.9814752162205544,1.0,0.9939170546082811,0.8963279922213314,1.0,0.7932643893624022
0.7133970182975043,0.7960907971326973,0.34170345188630336,0.6400558042176354,0.9681201287667182,0.8448645144077714,0.8907484154577652,0.8239866267646585,0.8672484512438685,0.0,0.8575027330484146,0.8531983274753283,0.7220666187295571,0.7557827159453874,0.8477805109114738,0.7870969779973015,0.9151141874761265,0.9262709539065882,0.8512854609930736,0.8659585728988469,0.905524946425459,0.7647854739835708,0.7821075284125585,0.8402226936618551,0.8026255700594056,0.835464341683591,0.7638097158148822,0.8500733757230153,0.7918168602177147,0.7039197566646755,0.7818172901130994,0.7731889894371449,0.8343245272199187,0.8315537555094439,0.7870586683805159,0.6501620973011086,0.705902668346677,0.8640685938024543,0.7735135613766454,0.7626536863619063,0.7619970487173223,0.7263408541210981,0.7247778475177157,0.7915790932948163,0.7420665974845292,0.7373712637368393,0.9214407250153965,0.809984858394006,0.9044241312941432,0.896041596432888,0.845119736824472,0.7475432959926771,0.7816068970039196,0.8092234087911178,0.8227846966479843,0.9072759088183696,0.6589005407439577
0.7200938310556115,0.7932819697107815,0.3048363065667197,0.5351880716482841,0.8396195748490353,0.9569293761682691,1.0,0.9884807977498573,0.9942387739416606,0.8575027330484146,0.0,0.9112560975522218,0.8482934780952767,0.8086349855357934,0.9611267952744871,0.9997804138287089,0.9514369875294038,0.9535208013000438,0.9275785984955331,0.8755721074774584,0.949969884123498,0.8237929296392988,0.8647345850701338,0.8773570622213647,0.9429983789592852,0.9960830712230427,0.9102753566726793,0.9458236547400527,0.818640266911451,0.7989119553645724,0.7882460323573702,0.8473756073517649,0.837716539581562,0.8603824794412649,0.7385803462034226,0.6473349043814592,0.7226832820299676,0.8408034423547616,0.8998617559236665,0.7686295559289581,0.7338290445480186,0.7865192401909826,0.8457311973855416,0.7260164208510325,0.7910452769531846,0.7932020767039517,0.9232565906422892,0.8668501100833783,0.9169612597776702,0.8286760937443882,0.9150803859357594,0.839523945155182,0.9747434085722265,0.9949934394189155,0.9549740743858792,0.9971508320335666,0.7175901305854043
0.5574501137270421,0.7252873371157095,0.32662026871695243,0.5933068086580573,0.8335832119322973,0.8491756912147027,0.8760378303847849,0.8442683179385857,0.8980705620492839,0.8531983274753283,0.9112560975522218,0.0,0.828638322952364,0.8691426407706672,0.8745388453282807,0.8621794814656631,1.0,0.9259969402765085,0.9544780130343964,0.8911225038197653,0.9670137574385744,0.7766721166361352,0.8029397001402014,0.779437299955532,0.8027206893930898,0.8711002402219251,0.793137560324784,0.8240717287768092,0.7178834750487391,0.6215619577009133,0.6617019539097366,0.7719475451758485,0.6858304928080017,0.7555923852330279,0.6601136061976742,0.5660054280868979,0.5845844591428845,0.7952610973588933,0.7430761945323135,0.6733748416763479,0.6822531411630741,0.6553694388493447,0.7511457504044903,0.6860287138938391,0.6969937085056174,0.7346205973536577,0.8927135475483885,0.8308414715656992,0.8454112165297276,0.8888995532297416,0.8613020342900635,0.7188333424449431,0.9049517272997247,0.9006316180021665,0.9755314163805371,0.9002896499382141,0.5812055813095678
0.5075032522995053,0.5754340745908715,0.36929510893902123,0.6129697273913761,0.6885194274116605,0.7204053429558279,0.810953568977952,0.797778981497147,0.793449869654492,0.7220666187295571,0.8482934780952767,0.828638322952364,0.0,0.8716132139459698,0.735791604590211,0.7908649197829168,0.8841483327484876,0.7940048399588492,0.7793181496241888,0.7930204841668721,0.7497116401077868,0.6246492886919648,0.624902146895216,0.6267332327090215,0.7307922012048658,0.677422506766975,0.7133794523113851,0.753133981355048,0.5620186584979434,0.5939063223471506,0.5784030685071634,0.5935947000608774,0.6140365866267564,0.6006126411711232,0.5336178880815687,0.45932139505758196,0.5085422282439663,0.6141730731999182,0.6318129067939349,0.507238965133328,0.5170872703384621,0.5833714449645425,0.6215300984028773,0.5003889945317802,0.5648140875050385,0.5550517523304106,0.7647503022188282,0.7334049261498363,0.6420755258286829,0.6567967332016741,0.7115183588963397,0.666627253281819,0.8843216366941877,0.9088679935366636,0.7988642509787806,0.7991824678938884,0.5035125161023547
0.45990892562792646,0.5906719452170659,0.41750043599104186,0.6935019525411807,0.7171422896184939,0.6855202339576106,0.7951975787081631,0.7434386281852536,0.7758924412585267,0.7557827159453874,0.8086349855357934,0.8691426407706672,0.8716132139459698,0.0,0.7958281932767121,0.7992347362204634,0.9145324977583733,0.7983821265560846,0.8493623621205179,0.8574546244774989,0.8376494405614603,0.5995619934313031,0.6187106889370739,0.612557425870312,0.677257104215249,0.695678542443826,0.672606302725858,0.6896245341631597,0.554403202252167,0.5276351161992502,0.5240665227954685,0.565876429799706,0.5622806226652916,0.6176513996104973,0.5114830060548813,0.4372435847386112,0.49123709455628994,0.6548461827591303,0.6197358967090201,0.5019635103792991,0.5376026665652935,0.5659130085547044,0.5977488441606816,0.5168143381613188,0.558950245838874,0.5479451427483334,0.727129657824845,0.7079193843307515,0.6773202187679228,0.7247151388962229,0.6630074049198689,0.6871875634586457,0.8267358639950859,0.8691641176355943,0.8870589467270036,0.7268801527474501,0.4861360130221982
0.7019539953008795,0.8177804045203422,0.28730220053950195,0.5303001706484402,0.884838991270709,0.9407586029245795,0.9386294193143122,1.0,0.9575065071166441,0.8477805109114738,0.9611267952744871,0.8745388453282807,0.735791604590211,0.7958281932767121,0.0,0.9405044787191817,0.9254491546589606,0.9805769668875783,0.9577272610071824,0.8982139806678179,0.9399769223640868,0.88301745369448,0.9401539135700991,0.9195255925948442,0.9032734361497479,0.9806753320650524,0.8812854813083516,0.9508638144762875,0.8751272599442936,0.7851554285958,0.7859983588318274,0.8745700579291854,0.893461099285965,0.8654622117711352,0.742004126356818,0.7123103594514786,0.6799858151870447,0.8927151041696372,0.8921672694892913,0.7715548172498018,0.786497410966848,0.8454815056535664,0.8778071709853771,0.7448659105486516,0.8801785931729386,0.8605358188610259,0.978906599608702,0.8926936378689772,0.9239522458198336,0.9597837674708999,0.9150862375848599,0.8830050731672083,0.9608513113677423,0.8764855384097539,0.97953680187236,0.9874201650379413,0.7613490164898906
0.7083899033401927,0.7639131724214248,0.28980573546889293,0.5221995140236624,0.8001960622832507,0.912518439853944,0.9306034113876838,0.9297505260137641,0.9323216666623984,0.7870969779973015,0.9997804138287089,0.8621794814656631,0.7908649197829168,0.7992347362204634,0.9405044787191817,0.0,0.8908258875500941,0.9745357785138397,0.9088111256535332,0.8616343886941187,0.9936722955870126,0.7956024052321188,0.8182283695307789,0.8227144415752785,0.8577684161339836,0.8785870767324023,0.9012846163100802,0.9247562462603636,0.7865285986494056,0.7566937399123214,0.7705864142754422,0.8335054745794508,0.7789879022848107,0.7928363538926004,0.7324865077650256,0.6535871138007855,0.6772213264732228,0.856757764941941,0.8742515292042006,0.6862835583582505,0.7180245658766939,0.789793295845272,0.9033169579911755,0.7088898579776248,0.7903221897467194,0.7677984690326327,0.931350423903249,0.8854042791430423,0.881816583354665,0.8318684320670331,0.8714375425473223,0.8881150584939964,0.9921145695188309,0.9106291002986564,0.928482105062989,0.9619709287511498,0.7021340951602094
0.6099722122079271,0.8072415909634206,0.35054897170597976,0.6343787519463909,0.8867517578977341,0.8808021364263976,0.9366689681468761,0.9007490742932592,0.9964986086881775,0.9151141874761265,0.9514369875294038,1.0,0.8841483327484876,0.9145324977583733,0.9254491546589606,0.8908258875500941,0.0,1.0,1.0,0.9619333393840608,0.9764701719826285,0.7852221677812856,0.8018955951027703,0.8172074405545369,0.8400717675983009,0.8538184864176533,0.834952179822393,0.8510470511585684,0.7364888307758128,0.6929779316584169,0.713562092750316,0.7682028068337589,0.7791556249770415,0.7946972733601275,0.6881431533993178,0.5983573681864265,0.6328928666530944,0.9092361055439906,0.8349147322319984,0.7036352451692376,0.7140685555563112,0.7474228710536764,0.8472337816134858,0.7055847312241741,0.8094753678388433,0.7352025284731564,0.9287259946271678,0.8827701387731118,0.8298158929335329,0.9239527498594583,0.8532013388145471,0.8243205074289839,0.9401146400999562,1.0,0.9448283610822549,0.9133240725514781,0.651516053789055
0.6887910084022514,0.8384086519041062,0.3044659801563939,0.5641060424547638,0.876627277548898,0.9905567787645925,0.9415811009909363,0.9680597366721541,0.98972966767873,0.9262709539065882,0.9535208013000438,0.9259969402765085,0.7940048399588492,0.7983821265560846,0.9805769668875783,0.9745357785138397,1.0,0.0,0.956521225097907,0.9373508567732256,0.9986201603439218,0.8257579300907334,0.9396188673453307,0.8431257876206,0.8743458008601098,0.8938336699328621,0.8599971025494254,0.9499956838962859,0.8258115860239793,0.7755522749204747,0.7501351759880786,0.8243648518924677,0.8792953619077117,0.9067664096225548,0.7922718846516419,0.6694614758308379,0.7697703725317449,0.894271955090379,0.8997955436117524,0.7512228167423561,0.8202613933785141,0.828868744048246,0.8778950855738917,0.796418644729888,0.8158148076019518,0.8401158735720006,0.9465878082629867,0.9340140282430723,0.9081411167555683,0.8808803397082242,0.9496475466103796,0.8955302659499988,0.975220946931361,0.9444654164123321,0.9541363060537987,1.0,0.7584367313459961
0.6074994402819682,0.8046804109820721,0.3598023737160829,0.6441714027328961,0.9188783250894498,0.9191553028066021,0.8902420339383016,0.8475851158804689,0.9376639112669111,0.8512854609930736,0.9275785984955331,0.9544780130343964,0.7793181496241888,0.8493623621205179,0.9577272610071824,0.9088111256535332,1.0,0.956521225097907,0.0,0.9445761799561494,0.9628686530054049,0.7884879108373002,0.8348535219073017,0.8055341080863421,0.7996458832496645,0.8487942708802267,0.7828132762460346,0.850881280996131,0.6996066618313255,0.6631538971695824,0.6935137121982207,0.7385125371150459,0.7253014674109786,0.8140508392419651,0.7104853767166553,0.5845067271144708,0.6374307647137056,0.8705799454461138,0.8304781225120789,0.69254919412661,0.7386091694322814,0.7325319143725498,0.8345257715599697,0.7298257120091566,0.7699806300952081,0.7670400688359283,0.8340885063891831,0.8806402797591266,0.8921691621435086,0.8423150078227518,0.864266200649758,0.8706815278161242,0.8464437537831364,0.9336010956321461,0.9056477043313523,0.9246544769675649,0.621540187675984
0.6465359070086442,0.7357428549205494,0.3801487311160897,0.6835614964925274,0.8804646730483153,0.9563887968426248,0.891473139365091,0.8827136931027465,0.9179323009347582,0.8659585728988469,0.8755721074774584,0.8911225038197653,0.7930204841668721,0.8574546244774989,0.8982139806678179,0.8616343886941187,0.9619333393840608,0.9373508567732256,0.9445761799561494,0.0,0.9622010648707541,0.7679817197286896,0.7910232879656505,0.7661102132665416,0.7706753036977784,0.8314585029758222,0.7626828959802407,0.8366374916816764,0.7524905873222686,0.6924354389199112,0.7050831579500978,0.701593034065651,0.7531729925848776,0.8157574742007863,0.7302559455744437,0.5827936577548133,0.6729356148138496,0.8315029657028998,0.8193220340490609,0.7095557420567051,0.7062363653620107,0.7367394920950675,0.8578031439043777,0.712629943348415,0.7036348743824493,0.8091368053643062,0.8337844153916937,0.9333588357515218,0.9269085619226611,0.7598295074529222,0.818619594412389,0.9054840114747051,0.9032624148117268,0.9313498066476132,0.9149477423771891,0.8492445289171959,0.6171736917941515
0.6484706951883683,0.7929451775686704,0.3271740883771214,0.6282265889241928,0.847229800266509,0.9214995781030724,0.8849824326743417,0.9214966114475681,0.9382091690751059,0.905524946425459,0.949969884123498,0.9670137574385744,0.7497116401077868,0.8376494405614603,0.9399769223640868,0.9936722955870126,0.9764701719826285,0.9986201603439218,0.9628686530054049,0.9622010648707541,0.0,0.8109721727716092,0.8856288674388304,0.8476178196148152,0.8096669080966634,0.9043690874819186,0.8373032306776081,0.8636145329976058,0.770655653494679,0.686533112550854,0.6940046932771352,0.8071224787874507,0.8161805111805629,0.8177876263802959,0.7264832079324672,0.6244198346825958,0.6972076579340887,0.9108784149203448,0.8389401932397286,0.7277485805862164,0.7356186940473874,0.7733244249026019,0.8479380454085949,0.7372361629015514,0.7613286057367111,0.8002446474180885,0.8773223715393639,0.9103173689400418,0.88701340149865,0.8847831128777932,0.9110492700063366,0.8991521625869425,0.9402493172038909,0.8930945725448292,0.8941064157379592,0.9377396358974605,0.655870233196598
0.796237778414812,0.9031939645682882,0.24372820182199195,0.43309866188776636,0.8681755584485795,0.9093969264162993,0.7987529472217426,0.937033378036114,0.9223356663997746,0.7647854739835708,0.8237929296392988,0.7766721166361352,0.6246492886919648,0.5995619934313031,0.88301745369448,0.7956024052321188,0.7852221677812856,0.8257579300907334,0.7884879108373002,0.7679817197286896,0.8109721727716092,0.0,0.9391918949477177,0.9083717670650772,0.809644691355092,0.9145627190758965,0.8520226413305192,0.8670257795988849,0.9254159347423402,0.8230218842804475,0.7991824610120827,0.9104235640183904,0.9228518301710101,0.9180513784140187,0.8667616016754159,0.8122568366905201,0.7939653957757768,0.9010966437052499,0.9253767455571025,0.8667453433293313,0.8812621129148782,0.9024899703437229,0.9446505224816614,0.8519874918071998,0.9197581569057096,0.930883493041022,0.9209108662102996,0.8556937510969945,0.8936322015725735,0.7990879581992275,0.8916502353805722,0.8089432480775547,0.7521645188206861,0.7397628997496618,0.7928753375952855,0.9214754454820916,0.8652524146221217
0.826136267729465,0.8815477675571265,0.2538894652690768,0.47245161085737486,0.9090578667104314,0.9229814049448443,0.8599534650302713,0.9241220816647362,0.9384262150640538,0.7821075284125585,0.8647345850701338,0.8029397001402014,0.624902146895216,0.6187106889370739,0.9401539135700991,0.8182283695307789,0.8018955951027703,0.9396188673453307,0.8348535219073017,0.7910232879656505,0.8856288674388304,0.9391918949477177,0.0,0.9620053012141709,0.8042159302805569,0.9218046220729733,0.8394405070673616,0.9201726153420124,0.9908715978453859,0.8246756715759527,0.8818150261466086,0.9658751640225661,0.8701514545154411,0.9874560865307048,0.9096528608934173,0.8232170863612153,0.8576150123469415,0.9498678940737757,0.9780656098105643,0.9181302650301637,0.9197200699802188,0.9384049603445549,0.9881626547350879,0.9861464743317511,0.94421371230199,0.9973190828651717,0.9329253494372974,0.8764432456116124,0.9407760789848141,0.8585259489612511,0.9036255428079962,0.9325394907341028,0.8039608578236151,0.7780036041523738,0.805337195032726,0.9142008255806858,0.9098590203086221
0.8469775655122438,0.8997718693844984,0.24424945438382284,0.44927216545468723,0.8734441694265589,0.8743098997005878,0.8163450959177849,0.8979059019909412,0.9440155937346936,0.8402226936618551,0.8773570622213647,0.779437299955532,0.6267332327090215,0.612557425870312,0.9195255925948442,0.8227144415752785,0.8172074405545369,0.8431257876206,0.8055341080863421,0.7661102132665416,0.8476178196148152,0.9083717670650772,0.9620053012141709,0.0,0.8864999233061446,0.9508163379435315,0.8690553216175312,0.9291498456801178,0.9547185517994499,0.9338759756478573,0.8745924454806194,1.0,0.98668207424275,0.9585000847370995,0.9476449304748435,0.8767848721714219,0.8246083579286976,0.9391739426520938,0.9248506127388827,0.94419717591085,0.9326737777816818,0.9388698997712359,0.9759900507422568,0.8903021298617495,0.9358938324109395,1.0,0.9444383795328453,0.8855303698959897,0.9516393383175378,0.8974608051829015,0.9070482160463149,0.8267640800233461,0.7261102055733378,0.7594963971274703,0.7666414414195601,0.9524489449895004,0.9044940866450683
0.8050470185645464,0.7313628693701733,0.264787086237573,0.47913797082046106,0.8564897841531368,0.9661347455772946,0.9658435547503401,0.9650331292188741,0.939589077750372,0.8026255700594056,0.9429983789592852,0.8027206893930898,0.7307922012048658,0.677257104215249,0.9032734361497479,0.8577684161339836,0.8400717675983009,0.8743458008601098,0.7996458832496645,0.7706753036977784,0.8096669080966634,0.809644691355092,0.8042159302805569,0.8864999233061446,0.0,0.9443751100567963,0.9408466338086735,0.9677818567750669,0.8411039747610687,0.871500955891538,0.8760715293141143,0.939921405472505,0.9386522104300485,0.8448143223025627,0.8291072732316095,0.7281975625357804,0.7158571386170498,0.8548051002270526,0.8542902527417441,0.772979181447438,0.8095145062233429,0.9405354896806211,0.8608166931716631,0.7738142766121485,0.8305275626585836,0.7937531337833302,0.9907053053841466,0.8670665813646451,0.9435132882142374,0.7705486755288028,0.8755340058511376,0.8349333921103125,0.854644897256045,0.9021972006107996,0.8256794236611839,0.968502053833296,0.8220099883436324
0.7992610317926483,0.8028640101168203,0.270715307894086,0.5044161721594841,0.8964133260371484,0.9267563026656336,0.9157446464280729,1.0,0.9994406676244992,0.835464341683591,0.9960830712230427,0.8711002402219251,0.677422506766975,0.695678542443826,0.9806753320650524,0.8785870767324023,0.8538184864176533,0.8938336699328621,0.8487942708802267,0.8314585029758222,0.9043690874819186,0.9145627190758965,0.9218046220729733,0.9508163379435315,0.9443751100567963,0.0,0.9660892703750228,1.0,0.935341764558378,0.9066826691828497,0.838420343995184,0.959561222530444,0.96716838647999,0.9406123756432533,0.8453680524638687,0.8526801101299523,0.7884569306457742,0.8924303228415459,0.9507301285747553,0.8664636441598553,0.8555255320619901,0.9402281674913793,0.9451795931826609,0.8559894790408071,0.8919555466162765,0.8781021189692818,0.9840661029543465,0.9820183288657497,0.9955398359383009,0.8634121259265589,0.9417383224054756,0.8736785882929825,0.8835104660122091,0.9190899692397134,0.836474688203231,0.9719679747761006,0.8182009318125242
0.7530303314755803,0.7281786176024937,0.2574482752964446,0.4584027330738793,0.8064357329965962,0.9129057283150982,0.9020479140515146,0.9772771123075081,0.9855375930061304,0.7638097158148822,0.9102753566726793,0.793137560324784,0.7133794523113851,0.672606302725858,0.8812854813083516,0.9012846163100802,0.834952179822393,0.8599971025494254,0.7828132762460346,0.7626828959802407,0.8373032306776081,0.8520226413305192,0.8394405070673616,0.8690553216175312,0.9408466338086735,0.9660892703750228,0.0,0.914225828244218,0.8770393645228243,0.8858427019682805,0.8538384744540571,0.8969506165733523,0.9087793577791613,0.8437067194062843,0.7930062485454656,0.7399783234091218,0.7160991412150158,0.7884104907535656,0.8577939024241907,0.7883079531894115,0.786362664327168,0.8637254826530859,0.8088404452262509,0.7441612336077389,0.781637656697187,0.8264476085206011,0.9384776740788398,0.8395864551088031,0.9741753744910518,0.7523400528774258,0.9006105522079093,0.8034731088133221,0.9701059682951158,0.8663173791655913,0.8532817034812525,0.9931425045978235,0.8278627271512446
0.8201505534646972,0.8098757287998116,0.27948433600260153,0.5019193578344151,0.900599209595161,0.9502072967781959,0.9129895536542714,1.0,0.9810197834436587,0.8500733757230153,0.9458236547400527,0.8240717287768092,0.753133981355048,0.6896245341631597,0.9508638144762875,0.9247562462603636,0.8510470511585684,0.9499956838962859,0.850881280996131,0.8366374916816764,0.8636145329976058,0.8670257795988849,0.9201726153420124,0.9291498456801178,0.9677818567750669,1.0,0.914225828244218,0.0,0.8891261894790298,0.9108805062023171,0.8582802010044428,0.9173837025351377,0.9370326267744886,0.9220462911528827,0.9147166657548215,0.774701697071586,0.7639065828017385,0.9159483907701408,0.8872257363269748,0.8639089624178249,0.843940372056456,0.9850156377418032,0.9021379755023491,0.8270377731259445,0.8282829047781939,0.8367724638867209,0.9871238981006188,0.970506169799549,0.9457090094696304,0.8224669385636175,0.9369195268641259,0.8934679998497899,0.9666790997792827,0.8873129628034929,0.9017164575858095,1.0,0.7818034369447007
0.8805429085765728,0.8621970349078663,0.2276849348211567,0.4189371899942276,0.8543486379464715,0.8986797590734875,0.7867227133215947,0.9224731859060816,0.8871619694288235,0.7918168602177147,0.818640266911451,0.7178834750487391,0.5620186584979434,0.554403202252167,0.8751272599442936,0.7865285986494056,0.7364888307758128,0.8258115860239793,0.6996066618313255,0.7524905873222686,0.770655653494679,0.9254159347423402,0.9908715978453859,0.9547185517994499,0.8411039747610687,0.935341764558378,0.8770393645228243,0.8891261894790298,0.0,0.9219300048228135,0.9087734508173335,0.9850036999466506,1.0,0.9899655933404107,0.9762893657846481,0.8929645224205306,0.857158488856109,0.8769217612587208,0.9225924404692638,0.9759034489995356,0.9288115654180723,0.8964781045566365,0.9510847461676003,0.9350654867302626,0.9325041474103837,0.8757689447333551,0.8815076240449145,0.8509833370427338,0.898884603742836,0.7824932590707361,0.8831595726457102,0.8311483457326474,0.7595702377543241,0.7053256157423079,0.7724749776219546,0.9591871127686107,0.9155080832901992
0.8981475883172875,0.7287847768624078,0.22629182384827037,0.3959987684267279,0.7882156900234822,0.8595641969829294,0.7546972295724842,0.8975593661487316,0.9171958174919786,0.7039197566646755,0.7989119553645724,0.6215619577009133,0.5939063223471506,0.5276351161992502,0.7851554285958,0.7566937399123214,0.6929779316584169,0.7755522749204747,0.6631538971695824,0.6924354389199112,0.686533112550854,0.8230218842804475,0.8246756715759527,0.9338759756478573,0.871500955891538,0.9066826691828497,0.8858427019682805,0.9108805062023171,0.9219300048228135,0.0,0.9398560759234719,0.9170212853116991,0.9479469904323355,0.9391815264941045,0.8860571662289989,0.9019298069605536,0.7939418605866092,0.8327426489134105,0.8780330685164456,0.80908641078278,0.8905238612071158,0.9776465779505276,0.9084722754857407,0.817583766464704,0.8295907552405587,0.8839395919971583,0.8485064721611115,0.8062590052723922,0.885954125938464,0.6412224595098945,0.8352101823719096,0.7525049833013104,0.717587975774375,0.750920100462393,0.6875103061012556,0.905319190277715,0.8552349242834957
0.8450184377487359,0.7283929593517301,0.24414141969450526,0.42809048030074814,0.8229416380202923,0.8596161904830015,0.7728364125886118,0.858073514101713,0.8686827289578555,0.7818172901130994,0.7882460323573702,0.6617019539097366,0.5784030685071634,0.5240665227954685,0.7859983588318274,0.7705864142754422,0.713562092750316,0.7501351759880786,0.6935137121982207,0.7050831579500978,0.6940046932771352,0.7991824610120827,0.8818150261466086,0.8745924454806194,0.8760715293141143,0.838420343995184,0.8538384744540571,0.8582802010044428,0.9087734508173335,0.9398560759234719,0.0,0.8473766064709208,0.942426843549464,0.8888560512033055,0.824671205677343,0.7928716758046398,0.8032853630188352,0.8020762100736981,0.8348474922223861,0.8863728506491751,0.8199761845821676,0.8790646340311535,0.826984087764368,0.8204765305851158,0.7720269728624691,0.8173812521123881,0.8373546722442162,0.8074556919666972,0.9046977102769435,0.6826878539734799,0.8085007926690361,0.7567299037798105,0.7180279560300474,0.7025582153695649,0.6848983839435996,0.8815793065737325,0.8268503024199337
0.8679055628651735,0.8168725103750544,0.22605084329290615,0.407097109672525,0.8737091943429406,0.8756954015118183,0.839135940701206,0.9469887599081648,0.8828735982037516,0.7731889894371449,0.8473756073517649,0.7719475451758485,0.5935947000608774,0.565876429799706,0.8745700579291854,0.8335054745794508,0.7682028068337589,0.8243648518924677,0.7385125371150459,0.701593034065651,0.8071224787874507,0.9104235640183904,0.9658751640225661,1.0,0.939921405472505,0.959561222530444,0.8969506165733523,0.9173837025351377,0.9850036999466506,0.9170212853116991,0.8473766064709208,0.0,0.9832466822576603,0.9457225205968895,0.943789287635169,0.9231026215547921,0.8785418067590689,0.9148534068129064,0.9367117779538149,0.9168812895459226,0.9533189982717984,0.9317388094778835,0.9400443250248479,0.8894988414449694,0.8853685851771556,0.9041047518734796,1.0,0.853820467571332,0.9410470633135722,0.7703467171953114,0.9332054046662747,0.8257445464734388,0.8111466137704331,0.7818402598810388,0.7699570608102695,0.9267748098786504,0.9877931138806398
0.9354529959768687,0.8315633895272604,0.24036390296082336,0.43544196295035525,0.8508651271993213,0.9294146727110392,0.8637522702132568,0.9362568108686594,0.9381791020592811,0.8343245272199187,0.837716539581562,0.6858304928080017,0.6140365866267564,0.5622806226652916,0.893461099285965,0.7789879022848107,0.7791556249770415,0.8792953619077117,0.7253014674109786,0.7531729925848776,0.8161805111805629,0.9228518301710101,0.8701514545154411,0.98668207424275,0.9386522104300485,0.96716838647999,0.9087793577791613,0.9370326267744886,1.0,0.9479469904323355,0.942426843549464,0.9832466822576603,0.0,0.9584141948502811,0.9263533731965434,0.9340499347468203,0.8902441725159761,0.8840225266212483,0.9717138496325217,0.9567424636177099,0.8875565500868673,0.9986943409755996,0.9325738706282236,0.9711033792737199,0.9347544181043789,0.9416252327690796,0.9399074535889457,0.9147021905205729,0.8859334672793824,0.8169490902340043,0.9104599406014942,0.8265212720217369,0.7554001354133086,0.751021309285719,0.7412942733088377,0.9618235099260815,0.9513170891415313
0.9259919306298918,0.9600359640374448,0.2515540493528939,0.45940300355017555,0.8874754888816428,0.9404820332491761,0.8231161015658603,0.9717220696705403,0.8814562923125068,0.8315537555094439,0.8603824794412649,0.7555923852330279,0.6006126411711232,0.6176513996104973,0.8654622117711352,0.7928363538926004,0.7946972733601275,0.9067664096225548,0.8140508392419651,0.8157574742007863,0.8177876263802959,0.9180513784140187,0.9874560865307048,0.9585000847370995,0.8448143223025627,0.9406123756432533,0.8437067194062843,0.9220462911528827,0.9899655933404107,0.9391815264941045,0.8888560512033055,0.9457225205968895,0.9584141948502811,0.0,1.0,0.9722015288808143,0.9200361504507847,0.9419374832224368,0.9547949352798983,0.893369225700458,0.9600721043688575,1.0,0.9455815667909959,1.0,0.9351304026636399,0.995082403680502,0.8778523738197045,0.9485002442666202,0.9537475760878765,0.7822196620549362,0.8797195474945754,0.8964660330988877,0.7886196955195112,0.7111359842640166,0.788991875356028,0.951951075031387,0.9697505263006145
0.8933917158302022,0.8891178223411751,0.2277209897556164,0.4153057098989322,0.8577456459038681,0.8913448466611172,0.7316684467234079,0.8745910193571093,0.8201625829288773,0.7870586683805159,0.7385803462034226,0.6601136061976742,0.5336178880815687,0.5114830060548813,0.742004126356818,0.7324865077650256,0.6881431533993178,0.7922718846516419,0.7104853767166553,0.7302559455744437,0.7264832079324672,0.8667616016754159,0.9096528608934173,0.9476449304748435,0.8291072732316095,0.8453680524638687,0.7930062485454656,0.9147166657548215,0.9762893657846481,0.8860571662289989,0.824671205677343,0.943789287635169,0.9263533731965434,1.0,0.0,0.9060867260227997,0.8420215652790803,0.8900247407179845,0.891987536273668,0.9221475306507582,0.8365914733114677,0.8924003791678695,0.938914726709418,0.8869101171315397,0.8221135079946974,0.8681820462020969,0.804063198574363,0.8097202512222782,0.9246116800600521,0.7540881368969113,0.8229889368077951,0.802919380868948,0.6992055003940545,0.6756177826434201,0.7046660075584452,0.9010621543145187,0.9115839064910538
0.88713196956032,0.7473696429369582,0.1958284807216203,0.336264054676024,0.7204457225627697,0.7507226910030298,0.6797181971026551,0.7463191851939706,0.747280914501997,0.6501620973011086,0.6473349043814592,0.5660054280868979,0.45932139505758196,0.4372435847386112,0.7123103594514786,0.6535871138007855,0.5983573681864265,0.6694614758308379,0.5845067271144708,0.5827936577548133,0.6244198346825958,0.8122568366905201,0.8232170863612153,0.8767848721714219,0.7281975625357804,0.8526801101299523,0.7399783234091218,0.774701697071586,0.8929645224205306,0.9019298069605536,0.7928716758046398,0.9231026215547921,0.9340499347468203,0.9722015288808143,0.9060867260227997,0.0,0.8580605910124993,0.7801368229653697,0.856955447426597,0.9099400003744429,0.8785108599119786,0.8746400716263237,0.8108071962947715,0.8676174267162872,0.8300844701101858,0.8660137745417604,0.7191773510880243,0.7083948801429575,0.7811792243451957,0.6765508329833717,0.7310847771686,0.693866910103017,0.5952422420316438,0.5942478552455919,0.6091441115434413,0.7908596415380198,0.9429265387791541
