Cingulate area 2,Glomerular layer of the accessory olfactory bulb,Glomerular layer of the olfactory bulb,"Olfactory bulb, unspecified",Frontal association cortex,Cornu ammonis 3,Dentate gyrus,Cornu ammonis 2,Cornu ammonis 1,Fasciola cinereum,Subiculum,Postrhinal cortex,Presubiculum,Parasubiculum,Perirhinal area 35,Perirhinal area 36,Medial entorhinal cortex,Lateral entorhinal cortex,Primary auditory area,"Secondary auditory area, dorsal part","Secondary auditory area, ventral part","Piriform cortex, layer 1","Piriform cortex, layer 2","Piriform cortex, layer 3",Ventrolateral orbital area,Lateral orbital area,Ventral orbital area,Medial orbital area,Dorsolateral orbital area,Prelimbic area,Secondary motor area,Frontal association area 3,Primary motor area,"Agranular insular cortex, ventral area",Agranular insular cortex dorsal area,Cingulate area 1,Infralimbic area,Dysgranular insular cortex,Granular insular cortex,"Primary somatosensory area, forelimb representation","Primary somatosensory area, dysgranular zone","Primary somatosensory area, face representation",Secondary somatosensory area,"Primary somatosensory area, hindlimb representation","Agranular insular cortex, posterior area","Primary somatosensory area, barrel field",Retrosplenial dysgranular area,"Primary somatosensory area, trunk representation",Retrosplenial granular area,"Parietal association cortex, lateral area","Parietal association cortex, medial area","Parietal association cortex, posterior area",Primary visual area,"Secondary visual area, lateral part",Temporal association cortex,"Secondary visual area, medial part",Nucleus of the lateral olfactory tract
0.0,0.1704586256706192,0.10347337828921069,0.14047950741455437,0.1312952128821895,0.31230101539798405,0.30024506426363223,0.2571836474823948,0.3026825334153704,0.23567380621223052,0.30246862774483313,0.25414010663918024,0.24121337966647627,0.25674136873822145,0.1945538078106502,0.19517943569858617,0.22967685380307923,0.2981651592588569,0.550769976008287,0.5314710072208313,0.29162332155070186,0.35058794520017217,0.37094147125903426,0.44318662077140636,0.17589455109313115,0.21126551626169507,0.16045527188046566,0.14766579041634323,0.19138359276813632,0.36938657684397547,0.3018939923150076,0.34167906622665056,0.44210904688582514,0.43127619547532786,0.3741974053807567,0.8327194321950802,0.38219478301109316,0.43500126628043395,0.47456232729032516,0.6470961230006818,0.6423306855236615,0.4726120362072783,0.5964593131306669,0.4378542891040728,0.3269870765688837,0.5025058241927118,0.32837125743096346,0.48693631513068564,0.3292174980295733,0.26265335406155016,0.3592434658907553,0.5768285410990737,0.3240438140054609,0.3815303274504355,0.262941350970109,0.3737108351796021,0.4677816360950628
0.1704586256706192,0.0,0.5116973453085488,0.7953455152621123,0.7369383398840956,0.7126407746120921,0.6699413882053301,0.7670533102801911,0.6347441381836194,0.6939492822224336,0.6435823368108281,0.501052361542502,0.7255357873492319,0.6862409257291505,0.6245744626246595,0.6217251020133555,0.6814804466787167,0.6373031651734918,0.3803593575910398,0.3016353602824303,0.4811953868803192,0.5322087065444435,0.526341734222771,0.4332007996854068,0.5861011368522746,0.793451644360323,0.6031556373049686,0.6270831308356998,0.8108104552845061,0.47666725834377016,0.6086785615728646,0.5344529579656048,0.4984474895067684,0.4468723942400807,0.5446050519558719,0.23480144070948245,0.5114967760610157,0.4703905304830176,0.40422781174195044,0.31251529743858714,0.2769850981861295,0.42848171589371276,0.24859774979167146,0.452453303192081,0.5062690352199904,0.3311711125962709,0.5963097622491695,0.40637389209389124,0.5770617396722308,0.6067761715654932,0.4560809579387948,0.34311233061984303,0.514412965235989,0.4253256283056736,0.4246832460527536,0.5053238311940952,0.3697993480248092
0.10347337828921069,0.5116973453085488,0.0,0.7084212855949463,0.4734296481122278,0.3424563412776461,0.3502918329579496,0.3984955326139433,0.35604834220691167,0.4103227464334289,0.3606934047839668,0.41645288414508425,0.42185683714865924,0.40468108934534347,0.5467679929900792,0.5734769065647836,0.5072775630011109,0.37804923515331706,0.22893248486063567,0.19952865125899716,0.3620695560257013,0.3097280570684616,0.29689660068188123,0.25716265405738553,0.30161627703396926,0.42762235486597017,0.3281794794344694,0.34485418699268255,0.49067729053262404,0.2280865261444854,0.32858186423700547,0.31748129573816525,0.26770586351097253,0.26433861975798584,0.2947841751335359,0.13514675273823945,0.31231883135907906,0.27326592794250426,0.24672573890242044,0.19628675800771764,0.16581377125355434,0.2602948946280462,0.16315470848398336,0.2383987016434492,0.321859244186801,0.21603554793048424,0.30478693196076506,0.2427424759234863,0.29091010516344434,0.36007804120095405,0.29287647559832225,0.1971790428119823,0.3394446036400269,0.2931689826255726,0.3983324345005144,0.25822572308355385,0.2385332594129328
0.14047950741455437,0.7953455152621123,0.7084212855949463,0.0,0.7002621927047716,0.5293122719322126,0.5442612124420916,0.5899384318055144,0.5266405199534588,0.6108057453286484,0.5420298071542345,0.5266453857222587,0.642934138689325,0.6024527046053954,0.6932066435445191,0.6695597429525553,0.6644688240363816,0.5095101844486973,0.3220805610620824,0.2804796424656733,0.4561648622316282,0.47186387952479114,0.4492831521528314,0.38428297206826295,0.5212231480249667,0.7253986063243051,0.5570139360903396,0.5526806780293179,0.7476981239170986,0.3713082580244222,0.5310914533518136,0.4715855928228636,0.41084456318642115,0.3883179339938959,0.4656909339425887,0.18735125732205274,0.45593995744317684,0.4001770854863406,0.3665746129996855,0.27430937204588207,0.23591760527711356,0.37507013051484944,0.2225746385861004,0.3657753188831021,0.4443084112684915,0.306634816252973,0.4769717807962169,0.36372475728458276,0.4766079887712613,0.5273542725037743,0.41593111837698526,0.27819443238539276,0.4749976271855854,0.39620499063186365,0.47680707079795664,0.38535006022517077,0.33562346175922436
0.1312952128821895,0.7369383398840956,0.4734296481122278,0.7002621927047716,0.0,0.47132832891171556,0.4643087271566664,0.5203083714859771,0.4504761379604199,0.4847329777607199,0.4394866188831961,0.33688258481281436,0.49793492043197274,0.4670027219216777,0.39556102593972353,0.40311211628711513,0.45811158690342413,0.37942141650599287,0.24490163580675842,0.21577460535204285,0.30763235766364516,0.3884506878467384,0.36842118172430055,0.3222714853093658,0.6845418204426801,0.7262825474473005,0.7375439921070971,0.8116238255847642,0.7395025963852027,0.3879557434376873,0.49494977294264186,0.4251702166148001,0.35169980998942846,0.3368819202358049,0.39606465673399216,0.1624767444829244,0.36337953006018825,0.30327657831174804,0.27819438659433826,0.23415100780368409,0.20990375228233152,0.3165824165354491,0.1800062334499916,0.33061057879596234,0.3011781319988198,0.23660622011118826,0.4065753777631736,0.303868778865805,0.38427929356014684,0.3749827353295472,0.3077225066550986,0.21645925579232503,0.3391768659207531,0.2612773191574996,0.28519022646693976,0.3374352071394593,0.24174785413087507
0.31230101539798405,0.7126407746120921,0.3424563412776461,0.5293122719322126,0.47132832891171556,0.0,0.9478152232500255,0.8950598823798398,0.9251748852950976,0.8301264731110464,0.9998339731871677,0.7416054279486745,0.8795466134533116,0.9366307988955161,0.6905014511337105,0.7174252325231089,0.8197552103706403,0.8818992849466206,0.7226769640583203,0.5759585979521024,0.7460874073044288,0.8461131229071422,0.9382056214455021,0.7858431589864021,0.5605988699063459,0.8013957231168541,0.5084001256260404,0.45511584479810896,0.7768167200848578,0.7787539054009365,0.8470685140551911,0.8682902712451227,0.8633893529173096,0.8120424018014705,0.9064015476729526,0.4495285071289197,0.9327010427641698,0.857504718653102,0.7605324058128967,0.6262816568350621,0.5066530823327531,0.8003232718082541,0.4462452302142601,0.7656272194611281,0.8238887037614653,0.6506951445577794,0.8430010696161941,0.7604428496876462,0.9038053629535615,0.8870248426902316,0.7952509136726403,0.684587344127626,0.8746021649483383,0.7464083235282122,0.6208975980963559,0.7772334641195282,0.7244212564794983
0.30024506426363223,0.6699413882053301,0.3502918329579496,0.5442612124420916,0.4643087271566664,0.9478152232500255,0.0,0.8838195849972893,0.9179682461369262,0.8528295479211531,0.9177709991930123,0.6806030334573978,0.8684312520458269,0.9323876581620398,0.6876001057314152,0.667446382631866,0.798399989650237,0.7932191797590342,0.6913063714910173,0.5601062574790383,0.7000128656718725,0.8406099126245768,0.9219999351660895,0.797851922332564,0.5595308457725603,0.82927793878722,0.517905313810334,0.4741097434819344,0.771616427117803,0.7435906290080676,0.8870541711309362,0.8546835693436358,0.8297656707800157,0.7889833123979633,0.8715065293726914,0.41990483799399697,0.8954644431257794,0.8205114708765069,0.7238855501894487,0.596512606468703,0.49724140118927757,0.765312161365433,0.4380208489988808,0.7722440214696205,0.8087573589105224,0.6106634945642395,0.8266463873089235,0.7119746052011158,0.8562978453067435,0.8450462149449428,0.7535010963501504,0.6285203667413838,0.8138992227167529,0.7250843337577688,0.6288670631327599,0.7700511340611,0.6992419216049205
0.2571836474823948,0.7670533102801911,0.3984955326139433,0.5899384318055144,0.5203083714859771,0.8950598823798398,0.8838195849972893,0.0,0.9601901758744135,0.8660063419879737,0.9086065147204965,0.7295600076768922,0.9365372564363996,0.9408622604457348,0.7763927866373457,0.7582558730688443,0.8885284610361585,0.8649643848056844,0.6044682369448187,0.49970542963498815,0.7628704590592653,0.7998840629601711,0.8300507538186042,0.6998063737816623,0.5123028804381355,0.8727131695087139,0.5008183043870497,0.4816256292347862,0.8220201441663967,0.6826888051708119,0.772921821292598,0.9005071922164751,0.7794095248139145,0.7413161128108806,0.8119783205417519,0.35803797318550346,0.8952585014322172,0.7120046036939032,0.6235373645832811,0.5222793056834227,0.4373833326218159,0.7279165895250478,0.3709305780132514,0.696630254278564,0.7173257774090357,0.5572891536325314,0.7758749444733866,0.669858333493483,0.8050484896614772,0.8414473913544857,0.7336803679831524,0.5503741824881877,0.7809780049354483,0.69443209916079,0.6282713370326466,0.685266335825974,0.589251422602213
0.3026825334153704,0.6347441381836194,0.35604834220691167,0.5266405199534588,0.4504761379604199,0.9251748852950976,0.9179682461369262,0.9601901758744135,0.0,0.8148316440484837,0.9622425330701109,0.8158430371082369,0.8232983369364546,0.8642038175923361,0.7502859007200048,0.7372122961768154,0.8521721052752482,0.8463549069132386,0.7374650624512392,0.6466390467925075,0.7872705975688155,0.9154351398177417,0.9473457554030098,0.8787733948048824,0.47645195994577555,0.7967082298374938,0.44058064714963446,0.39980970796402265,0.7420222404649571,0.6841497396838091,0.8527016034356905,0.910019441756755,0.8820888844314277,0.8433201139431221,0.9741060796218785,0.41617393233501626,0.9025757605646334,0.8526993258582324,0.7658951576414719,0.6595797632159324,0.5493637810456651,0.9298343166355749,0.47411979003750593,0.779609610619701,0.7851115522629069,0.6921874233755764,0.8343080205780645,0.8123761741601675,0.9104918118797259,0.8725402596755012,0.8484262647283929,0.6002503662669344,0.8912220455511322,0.7886478206138292,0.7389330952293031,0.8276399502744526,0.7499014618056657
0.23567380621223052,0.6939492822224336,0.4103227464334289,0.6108057453286484,0.4847329777607199,0.8301264731110464,0.8528295479211531,0.8660063419879737,0.8148316440484837,0.0,0.9071655256629314,0.6244034057568092,0.7302622086305498,0.735013102153435,0.711243714815064,0.6680003449583234,0.7534783263006012,0.7235357445131364,0.5272077903075382,0.46966595117679144,0.5900264042506921,0.776246332957314,0.7499585877777243,0.6430913244593941,0.42635123749001347,0.7023480918343492,0.42257005475955445,0.40603172900028645,0.7744784518892521,0.5641628342406865,0.741835397661396,0.7141622520372439,0.7078722998351188,0.7056876459617863,0.7738495639618445,0.3132578736600595,0.8363345570476927,0.6439976693935413,0.6031123278239612,0.489426310220996,0.4105757586360081,0.6481129293081843,0.3614141451461778,0.6527896409879911,0.6665405032641798,0.5142425366504557,0.7728098512306265,0.6391421805302109,0.7558503930500455,0.8136136491919387,0.7143075918927541,0.4634817708277901,0.6871239222607548,0.5826856515154052,0.5493854364640698,0.650351429172668,0.5546309629375796
0.30246862774483313,0.6435823368108281,0.3606934047839668,0.5420298071542345,0.4394866188831961,0.9998339731871677,0.9177709991930123,0.9086065147204965,0.9622425330701109,0.9071655256629314,0.0,0.7531634063764301,0.8429727897753717,0.8814825992906906,0.7267245982357791,0.7086089812386817,0.9078017438290336,0.9217245221627985,0.7276614659763742,0.5921153806423264,0.7371925725388233,0.8939856747615224,0.8979924074584277,0.8207169103633732,0.4580394076234474,0.7906832159209886,0.4396733317456773,0.4164026994537869,0.760009007606377,0.7092547535638624,0.8483052206146334,0.9109452343668252,0.8804450835376848,0.8311200609208651,0.9721179872859166,0.4108427237634463,0.9138978960691837,0.835455425967422,0.7653485476159259,0.6435037490436658,0.4975185934729647,0.8312418769337868,0.4646126969374089,0.7897103391026012,0.8217582350071075,0.65367007063091,0.874799038650565,0.7785459354041331,0.9341397033841226,0.9213668396862008,0.7800227869757299,0.5940139803154194,0.9043342208875376,0.727782419540991,0.6735326949590157,0.7942707990942156,0.7284999179641265
0.25414010663918024,0.501052361542502,0.41645288414508425,0.5266453857222587,0.33688258481281436,0.7416054279486745,0.6806030334573978,0.7295600076768922,0.8158430371082369,0.6244034057568092,0.7531634063764301,0.0,0.7530089306567873,0.8283980633584993,0.8742044239575272,0.8867228375130688,0.8682909670044797,0.9262038802034911,0.6554814687596855,0.5324189263805242,0.9575596101756224,0.7065967884795404,0.6957902369797168,0.6771014373376238,0.3353801459759148,0.5912968706676466,0.3288959024535176,0.31207124186715657,0.6044557985072189,0.4498444367971329,0.6093840349232628,0.7945668958075329,0.6457060099443064,0.604843146891388,0.6946509029509114,0.34392461451324763,0.7157308045245707,0.7507519356819321,0.6305484208674452,0.5105829076968029,0.41689614402584757,0.7283329805574226,0.3968382315464788,0.5528208249935758,0.8055692815799999,0.5683620971150491,0.6106664383457522,0.6037655824545014,0.6038812654303464,0.6141157022511828,0.6536681792543113,0.5342853327985038,0.8820105712413824,0.8129511969047968,0.9743214046881891,0.5517706057416374,0.6340922781088978
0.24121337966647627,0.7255357873492319,0.42185683714865924,0.642934138689325,0.49793492043197274,0.8795466134533116,0.8684312520458269,0.9365372564363996,0.8232983369364546,0.7302622086305498,0.8429727897753717,0.7530089306567873,0.0,0.9760849091293119,0.8060271897641179,0.8211061780783829,0.8604096817935472,0.8720311488881058,0.5914335873236731,0.463861919547207,0.8204956401444078,0.7244844961737081,0.731036081455536,0.6504883555639901,0.4910467117025627,0.7846852761182778,0.473789536415996,0.4571048940127824,0.8172008373660731,0.596909042023966,0.7560075403446118,0.7907999464579005,0.6731469470546427,0.6706640834109637,0.7752127946667625,0.32991177469995936,0.7863469470762782,0.6686354491653855,0.6256924699561109,0.4794979215264864,0.4074231858865274,0.6893780178608264,0.35578234983626,0.6089267899954356,0.7369155039701281,0.5086139599851153,0.7354671546771369,0.5944108540203206,0.7210134902610862,0.7544562092425853,0.6444224913679107,0.5101316713056142,0.7564310992972799,0.6684649291824443,0.7074958278337551,0.6215675176989199,0.5796472414394735
0.25674136873822145,0.6862409257291505,0.40468108934534347,0.6024527046053954,0.4670027219216777,0.9366307988955161,0.9323876581620398,0.9408622604457348,0.8642038175923361,0.735013102153435,0.8814825992906906,0.8283980633584993,0.9760849091293119,0.0,0.8494828593949747,0.8598882009194794,0.946347951829221,0.9789829292972407,0.6250150346595827,0.4817198258580636,0.8485846475167154,0.7834256034732867,0.8015120962626793,0.6851200669868469,0.46671282480656834,0.7784279931527869,0.44696642581714785,0.4156391080753776,0.75133960324388,0.6157613983165213,0.7551670911116969,0.9208811257459435,0.7176459357550098,0.6882144963556777,0.8399593006773505,0.3562301126745491,0.83108001117815,0.711380796136611,0.6188915988724402,0.5020463331434363,0.42572066275182263,0.6910143483460608,0.3814823482776734,0.6486735620846281,0.8331894065254861,0.5519006197466922,0.7098415099072491,0.6382844681364847,0.7921474688764172,0.7643622693915811,0.7101040873988552,0.5527757480655081,0.8627142023379691,0.7392282989495255,0.7204374121250136,0.6412944345543454,0.6571035099054013
0.1945538078106502,0.6245744626246595,0.5467679929900792,0.6932066435445191,0.39556102593972353,0.6905014511337105,0.6876001057314152,0.7763927866373457,0.7502859007200048,0.711243714815064,0.7267245982357791,0.8742044239575272,0.8060271897641179,0.8494828593949747,0.0,0.9651700189080935,0.9270499326485323,0.75776868133702,0.5052112903828168,0.4318983625489106,0.7796224137573219,0.6804968255121899,0.653694771238847,0.5517489085181636,0.34350540275066793,0.6024824304040289,0.3514734677364073,0.3412244192288038,0.6928689732743866,0.425287717953083,0.6096273282906104,0.6685240445575737,0.5754119856615415,0.5533289724441128,0.6271161955686376,0.2681139207628898,0.6391114280380503,0.6063496954864648,0.5223168738979197,0.4042436801606867,0.34070529840690755,0.5833782884491158,0.32916640348812776,0.49318935270680936,0.6920807816478168,0.49056970650577775,0.6154526399967982,0.5409025004659901,0.6055723216611343,0.7323322715672399,0.6364739309507673,0.4410876585391784,0.7356603756457475,0.6674735195977489,0.7977587990244863,0.5285569173736011,0.5398795744342747
0.19517943569858617,0.6217251020133555,0.5734769065647836,0.6695597429525553,0.40311211628711513,0.7174252325231089,0.667446382631866,0.7582558730688443,0.7372122961768154,0.6680003449583234,0.7086089812386817,0.8867228375130688,0.8211061780783829,0.8598882009194794,0.9651700189080935,0.0,0.9875458325574011,0.8528746294322422,0.5213780609578031,0.429631111607256,0.8429281023752822,0.6408222687094264,0.621071551577414,0.5759900876891966,0.3494014412769897,0.6058662986039299,0.3562450236522068,0.33702605761205245,0.6792416088230792,0.41981560636353316,0.5931322757878312,0.6631179350272599,0.5754672668947722,0.5322193325473228,0.6423373544612092,0.27106975344514084,0.63449116270698,0.5984736332124231,0.5292006547779385,0.41319903661847823,0.333410659080334,0.5881138284374817,0.3275042980936614,0.47857083580885734,0.7076015410060388,0.47054577546756643,0.5809593757346658,0.5096712847126854,0.6047490869950451,0.6953093181198265,0.6144852113764876,0.4512613721893296,0.7988591139464375,0.6717708471315362,0.8518054748605483,0.5219234407587612,0.5440959210210469
0.22967685380307923,0.6814804466787167,0.5072775630011109,0.6644688240363816,0.45811158690342413,0.8197552103706403,0.798399989650237,0.8885284610361585,0.8521721052752482,0.7534783263006012,0.9078017438290336,0.8682909670044797,0.8604096817935472,0.946347951829221,0.9270499326485323,0.9875458325574011,0.0,0.9524622374063522,0.584426970298325,0.47031590916223553,0.8355669209410325,0.7354413318177511,0.6897077180311765,0.644877451212103,0.3980981687945755,0.7109940713771462,0.3915276536450735,0.37140453157194914,0.7325387193386027,0.4997654226776734,0.6911542862915183,0.7779250982056571,0.6425160281838467,0.615682580886117,0.7033849552004611,0.31181163628876635,0.7546687384108255,0.6648746079405858,0.5831874111443457,0.47900424648676976,0.3753497834950493,0.6534256083825543,0.344124475718029,0.5618170734637881,0.8044645614519778,0.4956523080635533,0.6355688711796804,0.6152509090938495,0.6915931569624594,0.723082484591664,0.6277720190493431,0.4776370974308654,0.7840549320869602,0.7067035260430532,0.8613975620891211,0.5645793008269586,0.5718793072479403
0.2981651592588569,0.6373031651734918,0.37804923515331706,0.5095101844486973,0.37942141650599287,0.8818992849466206,0.7932191797590342,0.8649643848056844,0.8463549069132386,0.7235357445131364,0.9217245221627985,0.9262038802034911,0.8720311488881058,0.9789829292972407,0.75776868133702,0.8528746294322422,0.9524622374063522,0.0,0.7183865273055695,0.5573461891688429,0.8799978795683667,0.7948180651898366,0.8135292637640974,0.7282010837805705,0.3697826121938745,0.6130626321076665,0.3632850502308517,0.3516703317465581,0.6347914949769518,0.5675233256121576,0.690670520671742,0.8379568403957403,0.7681545726730924,0.7085505440952687,0.814575204841416,0.41351672169947234,0.7837879433370263,0.7947680588888161,0.7613506208209346,0.5858583391885147,0.4703892528602223,0.7672192280478142,0.4421355930346612,0.6595951832615828,0.8707942906136544,0.6296561836988991,0.69618769328846,0.7401983685578996,0.7632342885694071,0.7444222167628742,0.7479269102749878,0.652221220556599,0.9181642279011377,0.8677405272204145,0.8463289818915027,0.6460719044249834,0.7165041032463815
0.550769976008287,0.3803593575910398,0.22893248486063567,0.3220805610620824,0.24490163580675842,0.7226769640583203,0.6913063714910173,0.6044682369448187,0.7374650624512392,0.5272077903075382,0.7276614659763742,0.6554814687596855,0.5914335873236731,0.6250150346595827,0.5052112903828168,0.5213780609578031,0.584426970298325,0.7183865273055695,0.0,0.8667732095264424,0.7356055756927826,0.7663227938328733,0.7871896411319751,0.9356642924656716,0.29440515262590394,0.4280687073037614,0.2720424209335771,0.24959404531551097,0.4266222453502156,0.6008435355938471,0.6047919936551827,0.7333934864874473,0.8510750472583389,0.7848832991912003,0.7976741349126113,0.6299917074530358,0.7957133505369036,0.8966280049279819,0.8412112009812573,0.9030878268920504,0.7476000903682783,0.9600115325615305,0.7016631348052222,0.7540672284908246,0.802181675011203,0.8510684154188358,0.6725852413172602,0.8839822488104707,0.6987369189936358,0.6267482372545484,0.7603619514985274,0.9145374463666508,0.8322808027213412,0.8582323495875628,0.6618855703121613,0.7449317799010148,0.9104234390556074
0.5314710072208313,0.3016353602824303,0.19952865125899716,0.2804796424656733,0.21577460535204285,0.5759585979521024,0.5601062574790383,0.49970542963498815,0.6466390467925075,0.46966595117679144,0.5921153806423264,0.5324189263805242,0.463861919547207,0.4817198258580636,0.4318983625489106,0.429631111607256,0.47031590916223553,0.5573461891688429,0.8667732095264424,0.0,0.5591724267527703,0.7026206226208866,0.7193085684112251,0.8738181348919241,0.259884098626865,0.3829337386554017,0.23942291657351975,0.22063876810056868,0.353045941307594,0.5411139453673574,0.5458544298160752,0.6424846191098683,0.8210672868066505,0.7596444250672965,0.7188549527498548,0.6422589580096194,0.6998508235704832,0.8434551449908286,0.8245419851866581,0.9709294314534075,0.8825420519433215,0.8392593205376279,0.855432891850828,0.8100830465390796,0.6415578405845923,0.9805644823664111,0.6543146772473732,0.9408151336927044,0.7110392854579327,0.5772272188213478,0.8079953649492696,0.8715823583821465,0.7258162678775315,0.8055700708538216,0.5220512299933148,0.7848996900881465,1.0
0.29162332155070186,0.4811953868803192,0.3620695560257013,0.4561648622316282,0.30763235766364516,0.7460874073044288,0.7000128656718725,0.7628704590592653,0.7872705975688155,0.5900264042506921,0.7371925725388233,0.9575596101756224,0.8204956401444078,0.8485846475167154,0.7796224137573219,0.8429281023752822,0.8355669209410325,0.8799978795683667,0.7356055756927826,0.5591724267527703,0.0,0.7302942139931115,0.701380935861828,0.6965194543349966,0.31916610600635137,0.549080432988278,0.30827808354383607,0.2825907580874339,0.5648392555957111,0.5061705834211371,0.6320694075944395,0.8181995811690609,0.6837186641247239,0.660482698245307,0.6830583412357035,0.376689346833623,0.7906985345481956,0.7380281564674294,0.6730782082117481,0.5715843780264478,0.4470209027303528,0.7537262287427241,0.41148197140984044,0.5786077210383358,0.8604607622537273,0.5713192877736929,0.6013970397288001,0.6470782337739382,0.6354741675201432,0.6618872098890491,0.6833979499317947,0.5611358723648047,0.8747488020846158,0.8310523222749108,0.9624592439496789,0.5702551294527967,0.6543895073614694
0.35058794520017217,0.5322087065444435,0.3097280570684616,0.47186387952479114,0.3884506878467384,0.8461131229071422,0.8406099126245768,0.7998840629601711,0.9154351398177417,0.776246332957314,0.8939856747615224,0.7065967884795404,0.7244844961737081,0.7834256034732867,0.6804968255121899,0.6408222687094264,0.7354413318177511,0.7948180651898366,0.7663227938328733,0.7026206226208866,0.7302942139931115,0.0,0.9425662336467465,0.9395345743490345,0.45747947323394056,0.6859891117186427,0.4277065786491685,0.4007528076177576,0.6352325206638737,0.6971431704771834,0.8453684143701149,0.8677629911646725,0.8328482249841707,0.8530750376590236,0.9435830956064823,0.4608349293416003,0.9180658365253517,0.9087010657602382,0.8629744682310462,0.6898655302490003,0.6130183499400403,0.8970277714410496,0.5662313635118968,0.829770100471931,0.8946825636073875,0.7584122730028792,0.8311227656167565,0.8557716857984569,0.8714561368049635,0.8227882816862468,0.911597953641545,0.7092998027555457,0.8112581755090136,0.8576402555671797,0.6829198882185497,0.8273840586599317,0.8307897787717666
0.37094147125903426,0.526341734222771,0.29689660068188123,0.4492831521528314,0.36842118172430055,0.9382056214455021,0.9219999351660895,0.8300507538186042,0.9473457554030098,0.7499585877777243,0.8979924074584277,0.6957902369797168,0.731036081455536,0.8015120962626793,0.653694771238847,0.621071551577414,0.6897077180311765,0.8135292637640974,0.7871896411319751,0.7193085684112251,0.701380935861828,0.9425662336467465,0.0,0.9374094824519823,0.46145725590229686,0.7078841986872704,0.41699844544536646,0.3846792705768982,0.64189009999464,0.8077015121226613,0.8408485333777066,0.8441872094330501,0.9534216993544863,0.9132801367907314,0.905375573954756,0.5178228527586517,0.9562509225655815,0.8839621953487007,0.8592440516552482,0.7403283009758023,0.6357423275180709,0.8369675241443029,0.5415493031960904,0.8521865783706818,0.8183775940838134,0.7871145996501772,0.8184184736454522,0.871642975296563,0.8830212600595898,0.8788827549255165,0.9580366146536716,0.7458477484949632,0.9055439741838528,0.8455447498172759,0.6603891912762117,0.8053255800444945,0.8736269893172113
0.44318662077140636,0.4332007996854068,0.25716265405738553,0.38428297206826295,0.3222714853093658,0.7858431589864021,0.797851922332564,0.6998063737816623,0.8787733948048824,0.6430913244593941,0.8207169103633732,0.6771014373376238,0.6504883555639901,0.6851200669868469,0.5517489085181636,0.5759900876891966,0.644877451212103,0.7282010837805705,0.9356642924656716,0.8738181348919241,0.6965194543349966,0.9395345743490345,0.9374094824519823,0.0,0.39401268539095435,0.6006500437261537,0.35532537688352794,0.32206849402856264,0.5286923162757692,0.7442116658611936,0.7575078307568444,0.8538616969643011,0.9428734856946832,0.9060795078575102,0.9221403884782796,0.6059324776904847,0.9245973425868507,0.9700812147255489,0.9545187194470492,0.8801472692674529,0.7959919663101549,0.9746625092609541,0.7327497075162702,0.9212614698794136,0.8576447785798499,0.9350585891661929,0.8121433942961389,1.0,0.8421020741978136,0.7095713966931165,0.9313246932398273,0.8876043771484847,0.8394214160506375,0.8874292691288995,0.6554128021880117,0.8428938879874561,1.0
0.17589455109313115,0.5861011368522746,0.30161627703396926,0.5212231480249667,0.6845418204426801,0.5605988699063459,0.5595308457725603,0.5123028804381355,0.47645195994577555,0.42635123749001347,0.4580394076234474,0.3353801459759148,0.4910467117025627,0.46671282480656834,0.34350540275066793,0.3494014412769897,0.3980981687945755,0.3697826121938745,0.29440515262590394,0.259884098626865,0.31916610600635137,0.45747947323394056,0.46145725590229686,0.39401268539095435,0.0,0.79902588376868,0.9592210322482442,0.8966641864787047,0.6759748473912537,0.6107982222398315,0.6429065481587075,0.5001786501753186,0.45717351766774844,0.40580137132590394,0.44916713208720255,0.2184421674395324,0.4106360508706875,0.38332104541980566,0.353946905738964,0.2848283347577706,0.2723734450064319,0.39046596976319786,0.2239711724166972,0.42583996771013866,0.3281431670187423,0.281560693224617,0.4681528697568071,0.3681357376199925,0.44520758291637774,0.38818440418517713,0.3464860081692083,0.2775484984116708,0.37624003752463886,0.2996196548386824,0.28651605334827895,0.4215928487773307,0.2931840905538136
0.21126551626169507,0.793451644360323,0.42762235486597017,0.7253986063243051,0.7262825474473005,0.8013957231168541,0.82927793878722,0.8727131695087139,0.7967082298374938,0.7023480918343492,0.7906832159209886,0.5912968706676466,0.7846852761182778,0.7784279931527869,0.6024824304040289,0.6058662986039299,0.7109940713771462,0.6130626321076665,0.4280687073037614,0.3829337386554017,0.549080432988278,0.6859891117186427,0.7078841986872704,0.6006500437261537,0.79902588376868,0.0,0.7265593576548597,0.7029756781843719,0.9340700465205529,0.6788906358154377,0.8929407501586033,0.7859003363302929,0.636415561585118,0.6322173527848665,0.6895747287774201,0.27060936851277706,0.7134262096984687,0.5493734883148884,0.5038816321008603,0.42848947918784597,0.35948519213472635,0.5715571441266323,0.30478927973797654,0.5943250617592915,0.5263337931160251,0.4170508166339801,0.7071366789865461,0.5670418967557802,0.6862969803647999,0.6189233493924584,0.5676905984554463,0.37903894159046914,0.6399281524601435,0.47046834773293456,0.47599328936040164,0.584392187754147,0.4587231746178242
0.16045527188046566,0.6031556373049686,0.3281794794344694,0.5570139360903396,0.7375439921070971,0.5084001256260404,0.517905313810334,0.5008183043870497,0.44058064714963446,0.42257005475955445,0.4396733317456773,0.3288959024535176,0.473789536415996,0.44696642581714785,0.3514734677364073,0.3562450236522068,0.3915276536450735,0.3632850502308517,0.2720424209335771,0.23942291657351975,0.30827808354383607,0.4277065786491685,0.41699844544536646,0.35532537688352794,0.9592210322482442,0.7265593576548597,0.0,1.0,0.7171654383379805,0.5412067024184767,0.5822452452275666,0.45048044019806266,0.4056303460541426,0.35995064289201967,0.41631254266769296,0.20019319495766658,0.37511364925205193,0.34656912012594315,0.3150575356440488,0.2588609140468733,0.2422364301676943,0.3497732772616997,0.2050219779513766,0.37883242319497723,0.31464672357520795,0.2593630711947945,0.4501077665935702,0.331960782367277,0.4141390356515183,0.3579432693451009,0.32284478820787543,0.2539727709112212,0.3614153760419657,0.2803459111049786,0.2729665502766447,0.3958808352594464,0.2643478424075885
0.14766579041634323,0.6270831308356998,0.34485418699268255,0.5526806780293179,0.8116238255847642,0.45511584479810896,0.4741097434819344,0.4816256292347862,0.39980970796402265,0.40603172900028645,0.4164026994537869,0.31207124186715657,0.4571048940127824,0.4156391080753776,0.3412244192288038,0.33702605761205245,0.37140453157194914,0.3516703317465581,0.24959404531551097,0.22063876810056868,0.2825907580874339,0.4007528076177576,0.3846792705768982,0.32206849402856264,0.8966641864787047,0.7029756781843719,1.0,0.0,0.6788635175593943,0.466931516670844,0.5371727784138859,0.4158690006607705,0.36665759924504415,0.3415205466299463,0.3886643702579738,0.18126248925965052,0.35345560534814713,0.31497018647196046,0.28677151020810115,0.23824669578892865,0.22263796818002518,0.3184326488443602,0.190366699166088,0.3526176282447352,0.29344753968813597,0.23898067117161398,0.41762168703929625,0.3106588780693774,0.3791151269595446,0.34181322450219653,0.3028395587888887,0.230987537502962,0.32796094275666676,0.2589988980014584,0.2650836840018839,0.3661039174650267,0.24561927870051253
0.19138359276813632,0.8108104552845061,0.49067729053262404,0.7476981239170986,0.7395025963852027,0.7768167200848578,0.771616427117803,0.8220201441663967,0.7420222404649571,0.7744784518892521,0.760009007606377,0.6044557985072189,0.8172008373660731,0.75133960324388,0.6928689732743866,0.6792416088230792,0.7325387193386027,0.6347914949769518,0.4266222453502156,0.353045941307594,0.5648392555957111,0.6352325206638737,0.64189009999464,0.5286923162757692,0.6759748473912537,0.9340700465205529,0.7171654383379805,0.6788635175593943,0.0,0.558230198770502,0.7581657247401394,0.7097404725503696,0.566103308517289,0.5790734117188285,0.621441234793065,0.2521153555091123,0.6429827867567863,0.5256140312501147,0.4795482723141367,0.376964567967689,0.328936165151217,0.5374539983160989,0.2830130237251413,0.5283021757647836,0.5272721793939911,0.3993634534847408,0.6211041633827797,0.5074670909000571,0.603753116525309,0.6465257163218621,0.5316011558726763,0.3638844646490922,0.6131180861000642,0.46593674021221576,0.5223983071526032,0.5420476589408908,0.42794579732359767
0.36938657684397547,0.47666725834377016,0.2280865261444854,0.3713082580244222,0.3879557434376873,0.7787539054009365,0.7435906290080676,0.6826888051708119,0.6841497396838091,0.5641628342406865,0.7092547535638624,0.4498444367971329,0.596909042023966,0.6157613983165213,0.425287717953083,0.41981560636353316,0.4997654226776734,0.5675233256121576,0.6008435355938471,0.5411139453673574,0.5061705834211371,0.6971431704771834,0.8077015121226613,0.7442116658611936,0.6107982222398315,0.6788906358154377,0.5412067024184767,0.466931516670844,0.558230198770502,0.0,0.7583264116532169,0.7305649029308148,0.8100788125483794,0.7329084309521895,0.7464796506176127,0.506513215394903,0.7611022136577064,0.6834306109935934,0.6546691814185853,0.617769268844415,0.546567696164826,0.6871220164899849,0.4407417100137195,0.8027192281488497,0.5917748713472225,0.5530100992320304,0.745959393083323,0.6956159548017722,0.7801606519373367,0.6456073253693699,0.67016466443106,0.6317111883479313,0.6051923376558829,0.5642484410449127,0.40790482180511073,0.7744557059538726,0.6043001797105954
0.3018939923150076,0.6086785615728646,0.32858186423700547,0.5310914533518136,0.49494977294264186,0.8470685140551911,0.8870541711309362,0.772921821292598,0.8527016034356905,0.741835397661396,0.8483052206146334,0.6093840349232628,0.7560075403446118,0.7551670911116969,0.6096273282906104,0.5931322757878312,0.6911542862915183,0.690670520671742,0.6047919936551827,0.5458544298160752,0.6320694075944395,0.8453684143701149,0.8408485333777066,0.7575078307568444,0.6429065481587075,0.8929407501586033,0.5822452452275666,0.5371727784138859,0.7581657247401394,0.7583264116532169,0.0,0.8350223581225082,0.8761076793899957,0.7754138746428699,0.8604661842663389,0.4066411415062482,0.8597659724142568,0.7447997156706139,0.6824388163475579,0.6022224679509794,0.5084326651065241,0.7674074312261648,0.42722126413836303,0.7672851742796697,0.6511276278241793,0.5868236126906919,0.802754245604167,0.7548737544610494,0.7604229680893502,0.677550292193784,0.7076225008983464,0.5378265992259722,0.7454035636163154,0.6136187314352952,0.5559884873786567,0.7389490208793301,0.5942358704792335
0.34167906622665056,0.5344529579656048,0.31748129573816525,0.4715855928228636,0.4251702166148001,0.8682902712451227,0.8546835693436358,0.9005071922164751,0.910019441756755,0.7141622520372439,0.9109452343668252,0.7945668958075329,0.7907999464579005,0.9208811257459435,0.6685240445575737,0.6631179350272599,0.7779250982056571,0.8379568403957403,0.7333934864874473,0.6424846191098683,0.8181995811690609,0.8677629911646725,0.8441872094330501,0.8538616969643011,0.5001786501753186,0.7859003363302929,0.45048044019806266,0.4158690006607705,0.7097404725503696,0.7305649029308148,0.8350223581225082,0.0,0.8860294122421756,0.8384658603438936,0.8954727108090454,0.44182889062224506,0.8759447681376237,0.8682049937106808,0.7711339680500673,0.6770682863036199,0.58074470865072,0.8959616473019988,0.48808423324737654,0.7261537955651576,0.788359100321328,0.7069034148586368,0.7540166669921055,0.830557102065403,0.751576976975876,0.7282104148837271,0.7730404562247922,0.648208496871695,0.9310091995826844,0.7811024810947433,0.7505435214982743,0.7188774990049643,0.739370829490148
0.44210904688582514,0.4984474895067684,0.26770586351097253,0.41084456318642115,0.35169980998942846,0.8633893529173096,0.8297656707800157,0.7794095248139145,0.8820888844314277,0.7078722998351188,0.8804450835376848,0.6457060099443064,0.6731469470546427,0.7176459357550098,0.5754119856615415,0.5754672668947722,0.6425160281838467,0.7681545726730924,0.8510750472583389,0.8210672868066505,0.6837186641247239,0.8328482249841707,0.9534216993544863,0.9428734856946832,0.45717351766774844,0.636415561585118,0.4056303460541426,0.36665759924504415,0.566103308517289,0.8100788125483794,0.8761076793899957,0.8860294122421756,0.0,0.9598598277563253,0.9604439029811532,0.6050287816607072,0.9551618734926685,0.987081647945506,0.9233292590895512,0.855522983493465,0.7553932796947087,0.96322378818076,0.6121829246664449,0.9197525910877767,0.814764301178766,0.8573281962223739,0.9144402914051082,0.9974173783324888,0.8967874110013383,0.7634760584809178,0.8694294941284928,0.8187754938527061,0.8560919306800718,0.8645264445754204,0.6085442003771583,0.8380659359750856,0.9261466389989431
0.43127619547532786,0.4468723942400807,0.26433861975798584,0.3883179339938959,0.3368819202358049,0.8120424018014705,0.7889833123979633,0.7413161128108806,0.8433201139431221,0.7056876459617863,0.8311200609208651,0.604843146891388,0.6706640834109637,0.6882144963556777,0.5533289724441128,0.5322193325473228,0.615682580886117,0.7085505440952687,0.7848832991912003,0.7596444250672965,0.660482698245307,0.8530750376590236,0.9132801367907314,0.9060795078575102,0.40580137132590394,0.6322173527848665,0.35995064289201967,0.3415205466299463,0.5790734117188285,0.7329084309521895,0.7754138746428699,0.8384658603438936,0.9598598277563253,0.0,0.9325098328856167,0.5556273121069889,0.9865858122267855,0.8991862119782771,0.8341019012466486,0.792198514991794,0.6972743540415604,0.8522905974902815,0.6080429033142273,0.9020966698654995,0.7247571661093115,0.7920361424064176,0.8070921094934296,0.9442167867976006,0.805220781981232,0.7691605623584953,0.8925203698646706,0.7309157033305367,0.8075589402974963,0.8457572822034262,0.5644808530810739,0.8491884245666977,0.8750301010334851
0.3741974053807567,0.5446050519558719,0.2947841751335359,0.4656909339425887,0.39606465673399216,0.9064015476729526,0.8715065293726914,0.8119783205417519,0.9741060796218785,0.7738495639618445,0.9721179872859166,0.6946509029509114,0.7752127946667625,0.8399593006773505,0.6271161955686376,0.6423373544612092,0.7033849552004611,0.814575204841416,0.7976741349126113,0.7188549527498548,0.6830583412357035,0.9435830956064823,0.905375573954756,0.9221403884782796,0.44916713208720255,0.6895747287774201,0.41631254266769296,0.3886643702579738,0.621441234793065,0.7464796506176127,0.8604661842663389,0.8954727108090454,0.9604439029811532,0.9325098328856167,0.0,0.5306994303744311,0.9680423235862053,0.9028614093565158,0.8401630535362654,0.7420472451758452,0.667313243798975,0.896196197213815,0.5691494060044421,0.8942453321603409,0.8407948655180946,0.8140956657143913,0.8551890181294218,0.8838240789709721,0.9455019872689479,0.820185411187908,0.8941518371935232,0.7487497393697238,0.9068973089148958,0.8421033158314828,0.646045766298816,0.8180753581002761,0.8281960795446893
