Cingulate area 2,Glomerular layer of the accessory olfactory bulb,Glomerular layer of the olfactory bulb,"Olfactory bulb, unspecified",Frontal association cortex,Cornu ammonis 3,Dentate gyrus,Cornu ammonis 2,Cornu ammonis 1,Fasciola cinereum,Subiculum,Postrhinal cortex,Presubiculum,Parasubiculum,Perirhinal area 35,Perirhinal area 36,Medial entorhinal cortex,Lateral entorhinal cortex,Primary auditory area,"Secondary auditory area, dorsal part","Secondary auditory area, ventral part","Piriform cortex, layer 1","Piriform cortex, layer 2","Piriform cortex, layer 3",Ventrolateral orbital area,Lateral orbital area,Ventral orbital area,Medial orbital area,Dorsolateral orbital area,Prelimbic area,Secondary motor area,Frontal association area 3,Primary motor area,"Agranular insular cortex, ventral area",Agranular insular cortex dorsal area,Cingulate area 1,Infralimbic area,Dysgranular insular cortex,Granular insular cortex,"Primary somatosensory area, forelimb representation","Primary somatosensory area, dysgranular zone","Primary somatosensory area, face representation",Secondary somatosensory area,"Primary somatosensory area, hindlimb representation","Agranular insular cortex, posterior area","Primary somatosensory area, barrel field",Retrosplenial dysgranular area,"Primary somatosensory area, trunk representation",Retrosplenial granular area,"Parietal association cortex, lateral area","Parietal association cortex, medial area","Parietal association cortex, posterior area",Primary visual area,"Secondary visual area, lateral part",Temporal association cortex,"Secondary visual area, medial part",Nucleus of the lateral olfactory tract
0.0,0.798179909110895,0.28992916775544125,0.4766552500666326,0.7059115493666188,0.8107914613678798,0.7967280663115577,0.7037092315966614,0.8245439182739065,0.7128148934038606,0.8288240624084952,0.5062394503111656,0.8261064920156349,0.8618491045353919,0.618271266752528,0.6087902223614092,0.7610329631076921,0.7400278476841864,0.8217519958764772,0.9216609914208335,0.7716704272853058,0.7640710658936959,0.748810844501258,0.7591459393083326,0.749589180331416,0.6706848814252203,0.6857047927190856,0.649489039952447,0.6334201055820028,0.8845248750481428,0.8388821649451618,0.7911977593641899,0.8202868066427146,0.8289516822709625,0.7465557595346847,0.8237263631782593,0.8100435221383124,0.7789267942757316,0.776191285454336,0.7853601367703326,0.8129891845404879,0.896773172628645,0.6819777914036799,0.7787616862653888,0.6780786957794256,0.7860983359362614,0.9413366015460308,0.8657125953796574,0.8989629770971455,0.7114710862088344,0.9274959123391718,0.902331009650949,0.979156278953544,0.9303303055304387,0.6206613168911427,0.7845252724826317,0.7860003189031896
0.798179909110895,0.0,0.289902038424278,0.5122242845342594,0.7594590839681955,0.8103136470706672,0.8787948042952558,0.7539722039530102,0.8267284584332178,0.724272706767946,0.8531951511826892,0.5509307549470419,0.7741386690401231,0.9024103552286009,0.6477246773260503,0.704158241601315,0.7502769322138488,0.8386805742894948,0.8052017848941583,0.7848779185727031,0.7210520226573347,0.8065107300835063,0.8034182737868569,0.78347654341349,0.8662115299438443,0.751781955170982,0.7418207291957438,0.7007852943887337,0.6801978666231637,0.8266199376014532,0.826693205273392,0.7675289255361212,0.8055228646031426,0.7690752724192411,0.7596312349540699,0.8153753768550925,0.7090214087700537,0.7797310359563331,0.8448621844866654,0.7760087827839378,0.7342791362240431,0.8302119374229,0.7022782014644522,0.7646051790486855,0.7500968317637694,0.7219269051255496,0.7562785332635182,0.7375645354424765,0.7255781039155298,0.6992035184819178,0.7745507040016277,0.8068838961295371,0.8007533876019893,0.8383033500138043,0.7058899201441655,0.7255282371025694,0.7985864373332062
0.28992916775544125,0.289902038424278,0.0,0.7320370839123921,0.34860175203070615,0.2272231112820714,0.268059049465576,0.20538600863529413,0.2506113046465493,0.1998846335470224,0.2996371949540571,0.41728065505401923,0.29207497310177916,0.3735834635388596,0.19525144794352944,0.18421076828206262,0.40952201638624147,0.3625750184728299,0.21531593264440052,0.2535778361848181,0.1801824885431576,0.2504464242459431,0.24906252740398122,0.22941258855199137,0.2811534828634572,0.2664424404775654,0.2702173786450698,0.4185191950013277,0.327829606370912,0.2708565818470549,0.26911106199566864,0.26111843075481006,0.25001449646322316,0.34680947812447754,0.3653914544237835,0.24505603980921473,0.30139989544732426,0.31581660185470195,0.3468435208581912,0.2428972281668736,0.2235773339170179,0.29539373761924964,0.4211246455324706,0.30326429064199656,0.19888831773205445,0.27597162302773953,0.3499279638663465,0.30933347188532884,0.3324425238378758,0.18867827065762466,0.30674155615451354,0.26543167603623624,0.2872884186759314,0.31144513297924753,0.2481137105966274,0.28430705336769013,0.1980591829412173
0.4766552500666326,0.5122242845342594,0.7320370839123921,0.0,0.6606627983481618,0.38248421358182816,0.45545407255754816,0.3466096856072166,0.424453518653859,0.33163699881278186,0.5060640817313077,0.632148615846274,0.47697618471378206,0.6340159645574556,0.32311195307895246,0.2953554541110099,0.7046477249713298,0.6348279971526644,0.3592426929988025,0.40896939190980586,0.2891661322299363,0.4518673572768501,0.4394618748878133,0.40271885455067324,0.5150018512063923,0.5050789612860946,0.5244785844711893,0.7971606187727128,0.6386882947849206,0.48072272419153156,0.45828023767684284,0.46872076912191546,0.4468907589006687,0.6058672728232202,0.6632578301055747,0.4313794277901113,0.4514740575081466,0.5559665926827859,0.6278669686884325,0.42269893039151707,0.36686057907136527,0.518291912194146,0.7657068414657474,0.5425988241956161,0.3298316699919496,0.4468485600773688,0.5779389889546953,0.51603587745255,0.540670048094405,0.3160941591423331,0.5308995731817383,0.43579296469065204,0.47829195652082684,0.5253873822191537,0.42674311988867314,0.4712309360121131,0.32687057178896
0.7059115493666188,0.7594590839681955,0.34860175203070615,0.6606627983481618,0.0,0.6527788496778962,0.7547629928230922,0.5853004557658281,0.7106914441176407,0.5996512112529806,0.7789125407713576,0.612759507103903,0.7109897673498833,0.8617444420916694,0.5436463301567073,0.5387495576098167,0.7997010012014475,0.8077853818608518,0.6297436801362161,0.6465587029545162,0.5501992421668603,0.7556072292187409,0.776617554728723,0.7301745140548128,0.8415819245272543,0.834707393516571,0.841826755755115,0.9584971415450064,0.8468052359571339,0.9269616366522686,0.7682154512105548,0.8642613436852107,0.7050499438305488,0.8773261083672783,0.9054507073017026,0.7351072372766304,0.618990412273175,0.7840657200639083,0.8358925034331881,0.730035405628352,0.6272329625978211,0.774078269762521,0.7131074318830103,0.796462259485585,0.5394548856964932,0.5628515948981516,0.749280266516623,0.6769186342909408,0.7003893596213608,0.514828510362267,0.7466169492223804,0.6783541792455693,0.7275621558053531,0.8271273203375488,0.6789946536380567,0.6894720296622484,0.6109912069532482
0.8107914613678798,0.8103136470706672,0.2272231112820714,0.38248421358182816,0.6527788496778962,0.0,0.9154813493399572,0.9361597559167617,0.9750764978436115,0.827253317226238,0.8911606148024238,0.5009067338171214,0.8383968716108896,0.7537175948646458,0.806936216568276,0.8851598731418931,0.7362142602089828,0.7782741617265032,0.8500935935312375,0.8221407354456228,0.8663846619694675,0.8636002316392651,0.8607479656331861,0.951940795200629,0.7750771442452461,0.7634177144843144,0.7922987512694311,0.6031931832383862,0.6528250539920422,0.9118125754444889,0.868624472250501,0.8374184934869894,0.9147178651510398,0.7403960299975039,0.7289074126238069,0.9266469255896039,0.6852865812386426,0.7759635866878665,0.7654514361999768,0.920420111359964,0.8955047973041982,0.8113249233850514,0.5928877321934011,0.8815702833029301,0.9289510607517666,0.7136958865473068,0.6905170991504848,0.7304128470130649,0.7351527546638386,0.8495325701548427,0.7630924907762241,0.7742417042721994,0.7824708707118304,0.8206308625163018,0.8117092234217436,0.8284250921328795,0.9356965658488207
0.7967280663115577,0.8787948042952558,0.268059049465576,0.45545407255754816,0.7547629928230922,0.9154813493399572,0.0,0.8346032107518905,0.9432741222812966,0.748075794389015,0.9436109574878876,0.5969967509468768,0.9062292406144159,0.8896741899971569,0.811987084017282,0.84980687835012,0.8179201258897109,0.8918209229301783,0.8086379552331748,0.7674061917371432,0.7675216266425968,0.9096618986401775,0.9061597002105496,0.8599024886839033,0.7901029181777864,0.8031340772365557,0.7837744113587328,0.6913693609632833,0.7007585875840813,0.9258831262543036,0.8515717708409691,0.808082311657751,0.860664216616165,0.8171139111306136,0.8399217501855682,0.8182154758615631,0.7295619336310666,0.8191946717651915,0.8679975971041488,0.8561269713835775,0.7536927102556272,0.8165094957500367,0.6925246282634021,0.8718160463342591,0.8434725817209132,0.6858474361358214,0.7381060121831574,0.72547417381074,0.734285997913649,0.7123809517420072,0.810148035337044,0.768638221140789,0.7843181340946818,0.9009567808582057,0.825459313018588,0.7730644119049722,0.8699656150628482
0.7037092315966614,0.7539722039530102,0.20538600863529413,0.3466096856072166,0.5853004557658281,0.9361597559167617,0.8346032107518905,0.0,0.8018314133344613,0.8239795461775696,0.7562552300645291,0.4343681808535189,0.6530895535111576,0.6497694098695386,0.7829765547790336,0.8793602176894048,0.5905691052943841,0.674649936829601,0.8804388690827568,0.7575476493883957,0.9382847116978625,0.819892543376749,0.8427988551095842,0.9107132953785075,0.7328172656578673,0.7413666419331828,0.6809930058667523,0.5052465596265681,0.5730212663695929,0.7935777977701707,0.7723762841992802,0.7597889158726268,0.8756951930113112,0.6957408392805597,0.6295114932118985,0.8276677496813694,0.5757829473922763,0.7507555099506451,0.7091716538953077,0.8767357683413713,0.8258268747047705,0.766617582845179,0.5439514558404875,0.7676652932294759,0.8491680174462298,0.6901996132740241,0.6203890823209783,0.6495473957852601,0.6355602940075038,0.8911411487211972,0.7342068340594582,0.7954023164165133,0.7365675277531806,0.7105208147706094,0.675231594546204,0.7083084777948065,0.8581308164292251
0.8245439182739065,0.8267284584332178,0.2506113046465493,0.424453518653859,0.7106914441176407,0.9750764978436115,0.9432741222812966,0.8018314133344613,0.0,0.774721052560962,0.92436544983244,0.540115715024881,0.9059061300177331,0.8572641458533586,0.7869829458134251,0.8241981001567186,0.7503385655266784,0.7866957654246104,0.8374553982062677,0.7956540220317684,0.8664843775702536,0.8783056690188195,0.8752164579012738,0.886891085306027,0.7961049245983722,0.7529569569486801,0.721005287162568,0.6468993166610894,0.6524839464833997,0.9416914951533247,0.807564795841036,0.831057726560705,0.8722126925331224,0.7946939654208571,0.7854353969037939,0.8337066273574812,0.7233504456740844,0.8635034080028849,0.8295409669431606,0.8912242433867512,0.7812612256845511,0.8018868159274373,0.6081386582052297,0.8631665387330089,0.8707170525758613,0.695910329390009,0.7280540813566673,0.75507719794343,0.7894048569393668,0.7891126922527277,0.7921048262464525,0.7805777948733409,0.8152595123821597,0.8258585084576598,0.7899762035961182,0.7873162002343422,0.9348658818092194
0.7128148934038606,0.724272706767946,0.1998846335470224,0.33163699881278186,0.5996512112529806,0.827253317226238,0.748075794389015,0.8239795461775696,0.774721052560962,0.0,0.7036656723339862,0.46101245765840326,0.6770531162989519,0.67300476394193,0.7925206576969642,0.7493671501697021,0.5854120188586781,0.6503214538352471,0.8499388169595733,0.7759471877085412,0.8471358723557987,0.8093214744597872,0.8070820864783089,0.8532208501020642,0.7602082006672811,0.7053528787163682,0.6902114350520534,0.5383975046667143,0.5747814289854764,0.8557884363391696,0.84045718923635,0.7615652246227739,0.8568068135740423,0.6477029959506869,0.6057573502420337,0.8813279263790781,0.5868287085629448,0.7180889042228938,0.7072654921907153,0.9106158811145503,0.863724566842687,0.7367007098728774,0.5140015979836909,0.7312133961847512,0.8854800126410579,0.6617167401357925,0.6030948201855322,0.6080832829634474,0.5899016074298886,0.8175299553447312,0.6719613081496615,0.7494453498251636,0.679050213421263,0.7053574068966358,0.7413013940917592,0.7046694534348746,0.8445790061731709
0.8288240624084952,0.8531951511826892,0.2996371949540571,0.5060640817313077,0.7789125407713576,0.8911606148024238,0.9436109574878876,0.7562552300645291,0.92436544983244,0.7036656723339862,0.0,0.663218736943521,0.9830641319865661,0.9062581825148455,0.7505420189668858,0.7171309119362099,0.8341531304771518,0.9293297371382315,0.7681987134228002,0.8412539124665581,0.7218088549458871,0.8144872171774113,0.8488287574335875,0.8635795393661433,0.793287068876544,0.7677129111000781,0.7651118141144251,0.7581435981692038,0.7551052866911078,0.8664287310089682,0.8104242212171323,0.8536638083446886,0.8777932578576457,0.8799858612779221,0.8962874639191558,0.7742412514582451,0.8461224868796314,0.8560268402863294,0.8809829086264279,0.8561722712775708,0.789728774800549,0.8335048359902612,0.7053298823833286,0.8976303029181668,0.7960134029330068,0.6975067784652268,0.8348151514641503,0.7687458178346738,0.8340390491570996,0.6685965712126692,0.8551328981100561,0.8616702993980115,0.8592228772249787,0.9787197527591694,0.8041505960519112,0.779126488968979,0.8188229416116941
0.5062394503111656,0.5509307549470419,0.41728065505401923,0.632148615846274,0.612759507103903,0.5009067338171214,0.5969967509468768,0.4343681808535189,0.540115715024881,0.46101245765840326,0.663218736943521,0.0,0.6367118322932792,0.731437063071838,0.48998292967260454,0.4581820610800924,0.7910764513178287,0.7146809246028363,0.4325422807601269,0.4708161026974105,0.38305618455092,0.545769863775611,0.503723357980221,0.5185085206857567,0.5781769509989317,0.554802234913645,0.5359471486263918,0.7699109524686473,0.5992972183392878,0.5887380108947619,0.5360696301983181,0.5501709586930296,0.5429805337651472,0.5898055358064583,0.6423835815930165,0.5062488039475247,0.5337992846381079,0.5496216671373728,0.6096628085245137,0.5176546878777233,0.4411202343521299,0.5099989712272763,0.6517387987755969,0.6154317532458117,0.4411623657500708,0.41091473356801556,0.5024738094842256,0.4667111991093118,0.5273573265864202,0.3625282864647779,0.5174911928827745,0.4700339341308881,0.47789090943628887,0.5950667644440055,0.6875254530809534,0.5094107166787043,0.49922487194042436
0.8261064920156349,0.7741386690401231,0.29207497310177916,0.47697618471378206,0.7109897673498833,0.8383968716108896,0.9062292406144159,0.6530895535111576,0.9059061300177331,0.6770531162989519,0.9830641319865661,0.6367118322932792,0.0,0.9408726533918861,0.6297004034262657,0.6535175842368078,0.786176764688039,0.8435752756296578,0.7125047493630022,0.7769264800680802,0.6853176307437279,0.7425961038426729,0.7365005624828361,0.7843391736535997,0.7266907744263905,0.6703624665785918,0.6779155569772886,0.6930142106645844,0.685926733521829,0.9153115720745812,0.7770127464028528,0.720309753971249,0.7462721370023033,0.8023947055186194,0.7479080789411024,0.7534797298204534,0.8947830413356207,0.7314791240283276,0.6982293057026177,0.7134979156211629,0.7026537811722813,0.7407788891052849,0.6461852129355588,0.7867241913854648,0.6703051597811334,0.6831874407013776,0.7636019524838336,0.7049774806070894,0.8464346755161957,0.6186411724979706,0.7314392982356439,0.7246732081986678,0.7918028781997897,0.9000317894011862,0.732576148014196,0.7709571124411846,0.8445582541404826
0.8618491045353919,0.9024103552286009,0.3735834635388596,0.6340159645574556,0.8617444420916694,0.7537175948646458,0.8896741899971569,0.6497694098695386,0.8572641458533586,0.67300476394193,0.9062581825148455,0.731437063071838,0.9408726533918861,0.0,0.6108730619794076,0.6339712045749295,0.9097528664731249,0.97261286997679,0.7478599569959228,0.8580930404340567,0.6444533775392636,0.7611920393037598,0.7523802218466534,0.75490665007532,0.8260748351092653,0.7193248721744673,0.7332217086313482,0.839624359875345,0.7393386650484589,0.9277250765644256,0.7979060327484694,0.7695446055205142,0.7916242432973847,0.7940803591438281,0.8579440245872569,0.8574118852393416,0.9060523683152673,0.8505369342034077,0.899889960009844,0.7814193438483924,0.7057529257703545,0.9085056161024551,0.8447145971273539,0.9138941928102057,0.6924025884392749,0.8147295851886486,0.8880527398490576,0.8438405150117692,0.9269535693737996,0.6229350376546229,0.8905853646824217,0.8477026018151328,0.8799431013501812,0.9793472684350825,0.7030785922516776,0.8444087898350395,0.7194788750578064
0.618271266752528,0.6477246773260503,0.19525144794352944,0.32311195307895246,0.5436463301567073,0.806936216568276,0.811987084017282,0.7829765547790336,0.7869829458134251,0.7925206576969642,0.7505420189668858,0.48998292967260454,0.6297004034262657,0.6108730619794076,0.0,0.8548134623556826,0.6020712888009956,0.6731991863204378,0.714158228512145,0.6084288550719135,0.7615125167693942,0.7389950835082258,0.774402493027998,0.7538900061708561,0.6746348815295694,0.6133804389798162,0.6419336536864312,0.5375957878827978,0.5446096993204228,0.7263994441489993,0.6807151757736464,0.6825923583570993,0.7866396470642386,0.5883184251727852,0.5705353360252333,0.7272048474245644,0.5273503403699695,0.655531903148652,0.6360591880847946,0.8311054687924871,0.649903930854705,0.6112075641746251,0.4758252837243275,0.6629445966882146,0.7901515205742713,0.4965393372274592,0.5149053594923119,0.48910230338191474,0.5340762742533484,0.6672608831785928,0.6034555339351789,0.6295615133540137,0.5575256093797016,0.6071354052696653,0.849426459308918,0.5703399815016694,0.8399199762782591
0.6087902223614092,0.704158241601315,0.18421076828206262,0.2953554541110099,0.5387495576098167,0.8851598731418931,0.84980687835012,0.8793602176894048,0.8241981001567186,0.7493671501697021,0.7171309119362099,0.4581820610800924,0.6535175842368078,0.6339712045749295,0.8548134623556826,0.0,0.5619986548588086,0.6504970356217841,0.7602188934160585,0.6393758859761685,0.8550397160733854,0.7364919938252168,0.7689118742685265,0.8033635437981722,0.6517867962665119,0.6347363264674661,0.6017077393105053,0.4851370822620565,0.5121170193897145,0.7157773220445922,0.6808264553276446,0.6803657322359072,0.7866888081991622,0.557347423356683,0.5643875026106853,0.7220269159963179,0.5371998891850739,0.6329745183126657,0.5877196080398984,0.8164020304255216,0.6774633587325852,0.5613163332683577,0.4620410867300639,0.6544479679105271,0.8390449359716635,0.5058997121642393,0.511885885851448,0.5174553316122672,0.5305285917523314,0.7270731789713791,0.5739865646647611,0.619922597873596,0.6002986097919736,0.644385498789179,0.7997130970024281,0.5822131366324522,0.9123376629726363
0.7610329631076921,0.7502769322138488,0.40952201638624147,0.7046477249713298,0.7997010012014475,0.7362142602089828,0.8179201258897109,0.5905691052943841,0.7503385655266784,0.5854120188586781,0.8341531304771518,0.7910764513178287,0.786176764688039,0.9097528664731249,0.6020712888009956,0.5619986548588086,0.0,1.0,0.5922462353687686,0.6759576287976093,0.5260211458456185,0.7589627938050748,0.7266085488267601,0.7181345848702965,0.8051287856640184,0.7379464565086863,0.7106252729051341,0.8425811206435233,0.7575489770857746,0.8377418815144415,0.7714414605288233,0.7377530228260291,0.7587001622337187,0.8309247396312588,0.9197883656473481,0.7461449236044276,0.721061556830804,0.8345696766897179,0.9780683888263337,0.7523382637344003,0.6157051543883886,0.8069875672474929,0.8731827888440303,0.8669618124401731,0.5989757375808189,0.6779917688551779,0.7687711871756046,0.6947444432135713,0.7791323330525737,0.5531679509771833,0.7702304489490557,0.7219452458829808,0.7932856463559763,0.7847239045429891,0.7325423889779991,0.7753936818038603,0.6137709068308687
0.7400278476841864,0.8386805742894948,0.3625750184728299,0.6348279971526644,0.8077853818608518,0.7782741617265032,0.8918209229301783,0.674649936829601,0.7866957654246104,0.6503214538352471,0.9293297371382315,0.7146809246028363,0.8435752756296578,0.97261286997679,0.6731991863204378,0.6504970356217841,1.0,0.0,0.6724897359025007,0.737291358719159,0.6271019332812181,0.8085239082027482,0.7820010595769107,0.789936611973113,0.8263924174130911,0.7534003132605456,0.7171007268846643,0.8425970559359082,0.7647485061737012,0.8887413848663127,0.8571337399758568,0.7727389021278596,0.7895017918814743,0.8787027794760872,0.9500381262667454,0.766995887269525,0.7779488256325982,0.8591254650952592,0.9764499349310926,0.7885642087600945,0.6834084963440631,0.8102785185292928,0.8369909853575488,0.8947177965003574,0.6824844331652082,0.6848356116444196,0.775135885157584,0.7442892348055655,0.7921367873372844,0.6032338948375794,0.8076409054368174,0.764298331176414,0.7442287192171247,0.8565586554616321,0.7999791750873826,0.8233626957080504,0.6960252629174928
0.8217519958764772,0.8052017848941583,0.21531593264440052,0.3592426929988025,0.6297436801362161,0.8500935935312375,0.8086379552331748,0.8804388690827568,0.8374553982062677,0.8499388169595733,0.7681987134228002,0.4325422807601269,0.7125047493630022,0.7478599569959228,0.714158228512145,0.7602188934160585,0.5922462353687686,0.6724897359025007,0.0,0.9141807211069614,1.0,0.8041764144605036,0.845235720783357,0.9220155334782064,0.7542667114640865,0.713302303174983,0.689089783287794,0.5229146306913798,0.5633636940338622,0.8389550597980822,0.8366250626224039,0.7933118590406022,0.852932925533459,0.7043104088023026,0.6564258271930393,0.9088844933656786,0.7164203367838196,0.795692598339419,0.7096827235596952,0.8817799894020386,0.9098000389923264,0.8319444659715858,0.5445282552905539,0.7427692869981143,0.9146332423564663,0.7618448512064193,0.7284677611664949,0.7809178099496599,0.7602307597793034,0.9616738145125564,0.7806833767318231,0.9461193589126711,0.942211559265989,0.815861855629476,0.6585019733931646,0.7539166521014853,0.9018133007844219
0.9216609914208335,0.7848779185727031,0.2535778361848181,0.40896939190980586,0.6465587029545162,0.8221407354456228,0.7674061917371432,0.7575476493883957,0.7956540220317684,0.7759471877085412,0.8412539124665581,0.4708161026974105,0.7769264800680802,0.8580930404340567,0.6084288550719135,0.6393758859761685,0.6759576287976093,0.737291358719159,0.9141807211069614,0.0,0.793815020134461,0.7451717752478564,0.7357497143727852,0.7980469273614252,0.7536614074304404,0.6738411318087472,0.64106816513368,0.5492301348578846,0.6066900278587007,0.8227343388094883,0.8606206251370709,0.7452273179510005,0.786496731310767,0.757939864797723,0.6434450612281304,0.8406230951716984,0.8198437975210778,0.8138294601969458,0.7617942948237962,0.8125099373387383,0.8828019349129964,0.8561474534814326,0.6247396306574136,0.8061473655456781,0.7434970006055368,0.9458915255534343,0.8616249329571289,0.8967964908432268,0.8925559911599109,0.7995872322936425,0.8320959246342116,0.9449450227654151,0.9887165108169815,0.896959255898094,0.6080285097305506,0.8657668426485855,0.8638416185882354
0.7716704272853058,0.7210520226573347,0.1801824885431576,0.2891661322299363,0.5501992421668603,0.8663846619694675,0.7675216266425968,0.9382847116978625,0.8664843775702536,0.8471358723557987,0.7218088549458871,0.38305618455092,0.6853176307437279,0.6444533775392636,0.7615125167693942,0.8550397160733854,0.5260211458456185,0.6271019332812181,1.0,0.793815020134461,0.0,0.7715929617153457,0.8170571400394211,0.8438800154202744,0.7037011604206275,0.6380450120062252,0.6519786216564637,0.4681255635398363,0.5099917842897372,0.8027724985626425,0.7450316677695876,0.718141520760378,0.8009208169299978,0.6135065451706605,0.5866359640383263,0.808834498736667,0.618000621841743,0.6762912799538575,0.5943870237906546,0.8236538774242559,0.8181003486917025,0.7379012584293181,0.45715895564096387,0.6694415393351068,0.8739799667461439,0.6850761910602853,0.6454337453264378,0.6566780773031673,0.6430979206537636,0.9583393879885505,0.6930136418622147,0.8386982312558001,0.7494908090446892,0.7265568360599314,0.6424987176523983,0.7002015386014048,0.9225778226659003
0.7640710658936959,0.8065107300835063,0.2504464242459431,0.4518673572768501,0.7556072292187409,0.8636002316392651,0.9096618986401775,0.819892543376749,0.8783056690188195,0.8093214744597872,0.8144872171774113,0.545769863775611,0.7425961038426729,0.7611920393037598,0.7389950835082258,0.7364919938252168,0.7589627938050748,0.8085239082027482,0.8041764144605036,0.7451717752478564,0.7715929617153457,0.0,0.8907629573559278,0.9370984789767862,0.8751208309309445,0.8210480818752454,0.8417240517333892,0.7167879241068833,0.7086109157495095,0.9523372201640291,0.9096867399662979,0.8794944956551943,0.9325702374270518,0.8242866351854713,0.785676623624323,0.8586559624377434,0.6634560848314381,0.8168822779700655,0.8475512206186216,0.9701948320214977,0.8446936632527821,0.80241246403758,0.707562932381991,0.9157416675438234,0.791792510229758,0.6895814563778092,0.7343261359513295,0.7136877756572725,0.690141100124661,0.808684987618147,0.8279759342737609,0.812322136700678,0.7755087201018462,0.8227773243292218,0.7830893205294838,0.8424890815397154,0.8041133705283829
0.748810844501258,0.8034182737868569,0.24906252740398122,0.4394618748878133,0.776617554728723,0.8607479656331861,0.9061597002105496,0.8427988551095842,0.8752164579012738,0.8070820864783089,0.8488287574335875,0.503723357980221,0.7365005624828361,0.7523802218466534,0.774402493027998,0.7689118742685265,0.7266085488267601,0.7820010595769107,0.845235720783357,0.7357497143727852,0.8170571400394211,0.8907629573559278,0.0,0.9585852923751871,0.8857004604869202,0.9076472365319553,0.8964091857591037,0.6992200488035615,0.7646583444687877,0.979137093426125,0.922107158156443,0.9457526927899067,0.9362841987270876,0.8623566792284947,0.7961919317693544,0.8935485840715077,0.6133635171978632,0.8499642646570487,0.8428431592994463,0.9697951958472748,0.8432990374494457,0.8482340217837337,0.6671644966116,0.9377621155627414,0.8369454705284878,0.6822212875088473,0.7055055293958503,0.7110335965788682,0.6640017730487314,0.7724969440938765,0.7863397912748887,0.7935608027794014,0.7859685636285159,0.7917833783460068,0.7936012542342337,0.7574605013198413,0.835754015853375
0.7591459393083326,0.78347654341349,0.22941258855199137,0.40271885455067324,0.7301745140548128,0.951940795200629,0.8599024886839033,0.9107132953785075,0.886891085306027,0.8532208501020642,0.8635795393661433,0.5185085206857567,0.7843391736535997,0.75490665007532,0.7538900061708561,0.8033635437981722,0.7181345848702965,0.789936611973113,0.9220155334782064,0.7980469273614252,0.8438800154202744,0.9370984789767862,0.9585852923751871,0.0,0.900676193372146,0.9073850646712908,0.9022908870742323,0.6477511984366019,0.7089680105311815,1.0,0.9083818474648466,0.9505757308392283,0.9921479516103965,0.7985221912359605,0.8170386781974383,0.9349527292720515,0.6392418297093142,0.8459444924348836,0.812908649483336,0.9967379894781303,0.870802061877269,0.8756766418850698,0.6158804421830908,0.8481907206857551,0.9211557083165957,0.6972393635256311,0.6941580285566185,0.676272202723571,0.6935976868789572,0.8576446484845124,0.7786959319526187,0.8313770885741466,0.7807286558920266,0.7744365186707263,0.8444440612937751,0.7774491642348736,0.931331386874718
0.749589180331416,0.8662115299438443,0.2811534828634572,0.5150018512063923,0.8415819245272543,0.7750771442452461,0.7901029181777864,0.7328172656578673,0.7961049245983722,0.7602082006672811,0.793287068876544,0.5781769509989317,0.7266907744263905,0.8260748351092653,0.6746348815295694,0.6517867962665119,0.8051287856640184,0.8263924174130911,0.7542667114640865,0.7536614074304404,0.7037011604206275,0.8751208309309445,0.8857004604869202,0.900676193372146,0.0,0.9445075102981246,0.8575319596082811,0.8313109884216053,0.7971817416160293,1.0,0.8901230775439171,0.8891534484487534,0.9300170483519955,0.869099811908709,0.7990468090289994,0.8232443959944165,0.609926372439967,0.8933476473173297,0.9054913644635514,0.9498854247251426,0.7701450677774396,0.8572035169318784,0.760026376123474,0.8622041866515191,0.7304868996278276,0.6747869563702995,0.7280013374255581,0.749605049777199,0.6778600442459527,0.677788041938873,0.8301233188927761,0.7757928569278396,0.7391827625246749,0.8053738123132012,0.7409304108073719,0.7662143886545701,0.7277025584446409
0.6706848814252203,0.751781955170982,0.2664424404775654,0.5050789612860946,0.834707393516571,0.7634177144843144,0.8031340772365557,0.7413666419331828,0.7529569569486801,0.7053528787163682,0.7677129111000781,0.554802234913645,0.6703624665785918,0.7193248721744673,0.6133804389798162,0.6347363264674661,0.7379464565086863,0.7534003132605456,0.713302303174983,0.6738411318087472,0.6380450120062252,0.8210480818752454,0.9076472365319553,0.9073850646712908,0.9445075102981246,0.0,0.9983337394970445,0.7526190657400621,0.8967915119722945,0.9741528494995539,0.8493324294198273,0.9478666138460241,0.8680144269629895,0.8814019099744168,0.8383490585063843,0.8227635569335304,0.5927682117943541,0.8463180779206615,0.8231946256314122,0.8411659319872645,0.6903556014205707,0.797553649159969,0.6829625981251586,0.8553643523257429,0.6368413964812575,0.6009131193258891,0.6884194487465596,0.6476805098184224,0.6006192146474226,0.6360343278598519,0.7421116517278724,0.7059828150799771,0.7047262055476713,0.7497175540955772,0.6981681173009796,0.7159280399357697,0.7103637866543916
0.6857047927190856,0.7418207291957438,0.2702173786450698,0.5244785844711893,0.841826755755115,0.7922987512694311,0.7837744113587328,0.6809930058667523,0.721005287162568,0.6902114350520534,0.7651118141144251,0.5359471486263918,0.6779155569772886,0.7332217086313482,0.6419336536864312,0.6017077393105053,0.7106252729051341,0.7171007268846643,0.689089783287794,0.64106816513368,0.6519786216564637,0.8417240517333892,0.8964091857591037,0.9022908870742323,0.8575319596082811,0.9983337394970445,0.0,0.7718652492215615,0.8716919068058133,0.9391057385143731,0.8928308465445444,0.9375428467550859,0.8261057616354418,0.8176601045266747,0.8471838423995006,0.7869069760397646,0.5855134746160747,0.8179008803763664,0.7824512608660916,0.8322101968398238,0.7168445548860467,0.7821106950660076,0.6813768158906112,0.8122046399030779,0.6672118675877547,0.5883229062316682,0.6771557532509056,0.6483677649577483,0.6181839257586302,0.6389229122835104,0.7010299717605454,0.6853926411735135,0.6955114812084172,0.7557235615215141,0.7137500316697185,0.7068931361393845,0.6737168213866194
0.649489039952447,0.7007852943887337,0.4185191950013277,0.7971606187727128,0.9584971415450064,0.6031931832383862,0.6913693609632833,0.5052465596265681,0.6468993166610894,0.5383975046667143,0.7581435981692038,0.7699109524686473,0.6930142106645844,0.839624359875345,0.5375957878827978,0.4851370822620565,0.8425811206435233,0.8425970559359082,0.5229146306913798,0.5492301348578846,0.4681255635398363,0.7167879241068833,0.6992200488035615,0.6477511984366019,0.8313109884216053,0.7526190657400621,0.7718652492215615,0.0,0.801929621210729,0.8353311055448267,0.7358569523238924,0.7159655793290987,0.6870356018164934,0.7771951059954314,0.8694757176443025,0.6519261554148048,0.5646643517053697,0.7436980688545817,0.775950183535173,0.6778782704345676,0.532061008410943,0.6585284644107132,0.8209640535100298,0.7596699825244357,0.47868870500882366,0.531477636371162,0.6752610723447432,0.6026571644823174,0.6009435511922355,0.4504216484895694,0.6876911589316358,0.5733443639201019,0.6333094892521308,0.6955193109843059,0.7362773372809889,0.6011294592606524,0.5575831832162469
0.6334201055820028,0.6801978666231637,0.327829606370912,0.6386882947849206,0.8468052359571339,0.6528250539920422,0.7007585875840813,0.5730212663695929,0.6524839464833997,0.5747814289854764,0.7551052866911078,0.5992972183392878,0.685926733521829,0.7393386650484589,0.5446096993204228,0.5121170193897145,0.7575489770857746,0.7647485061737012,0.5633636940338622,0.6066900278587007,0.5099917842897372,0.7086109157495095,0.7646583444687877,0.7089680105311815,0.7971817416160293,0.8967915119722945,0.8716919068058133,0.801929621210729,0.0,0.8718366783894784,0.725643774794316,0.8415870575854217,0.7213957886845824,0.8111450763697732,0.8906858885871979,0.6728769859803362,0.5737303622527654,0.7518325771289941,0.7413143662451143,0.7111801223206274,0.6028810015169325,0.7038484971537884,0.7240241744286382,0.8145093637855279,0.5303844262244833,0.5282250180137043,0.6597610976261614,0.6073945561669717,0.6216646186939437,0.5007688746096391,0.6986346699654787,0.5947732773355012,0.6607832177330005,0.7081675163418196,0.6485710410012916,0.6378327047396967,0.6046196875544244
0.8845248750481428,0.8266199376014532,0.2708565818470549,0.48072272419153156,0.9269616366522686,0.9118125754444889,0.9258831262543036,0.7935777977701707,0.9416914951533247,0.8557884363391696,0.8664287310089682,0.5887380108947619,0.9153115720745812,0.9277250765644256,0.7263994441489993,0.7157773220445922,0.8377418815144415,0.8887413848663127,0.8389550597980822,0.8227343388094883,0.8027724985626425,0.9523372201640291,0.979137093426125,1.0,1.0,0.9741528494995539,0.9391057385143731,0.8353311055448267,0.8718366783894784,0.0,0.9327718486891484,0.9764907579711416,0.96097030545457,0.9208805308004032,0.887065335425236,0.9050295277452483,0.684386599705901,0.948699545093146,0.896406977132793,0.9362851532227497,0.8638650671494595,0.8711366335818118,0.7327054989913937,0.960307397581163,0.7989843662601418,0.7212416922420143,0.7590267244509071,0.7577958556947763,0.7729988961316551,0.7711193307353388,0.8676783810631851,0.8536665447743566,0.8840282010982874,0.9096994490769416,0.8493613555249175,0.7867294876821465,0.8694873520687905
0.8388821649451618,0.826693205273392,0.26911106199566864,0.45828023767684284,0.7682154512105548,0.868624472250501,0.8515717708409691,0.7723762841992802,0.807564795841036,0.84045718923635,0.8104242212171323,0.5360696301983181,0.7770127464028528,0.7979060327484694,0.6807151757736464,0.6808264553276446,0.7714414605288233,0.8571337399758568,0.8366250626224039,0.8606206251370709,0.7450316677695876,0.9096867399662979,0.922107158156443,0.9083818474648466,0.8901230775439171,0.8493324294198273,0.8928308465445444,0.7358569523238924,0.725643774794316,0.9327718486891484,0.0,0.8390109478756524,0.9545915771702197,0.8113956436586779,0.8297349184193622,0.8917369465197931,0.6683500570112806,0.9514418127716148,0.9030382024888738,0.9135296092067049,0.849131346070057,0.9408750231336265,0.7093610701124513,0.9021285081525781,0.7821150681582378,0.7522178199542889,0.7349375855158828,0.7845049131466434,0.7324361520699834,0.7634066690104551,0.8076663509568948,0.8393403758545755,0.787923208648112,0.8289429055725688,0.7135462382272423,0.859128109037427,0.8022484399610529
0.7911977593641899,0.7675289255361212,0.26111843075481006,0.46872076912191546,0.8642613436852107,0.8374184934869894,0.808082311657751,0.7597889158726268,0.831057726560705,0.7615652246227739,0.8536638083446886,0.5501709586930296,0.720309753971249,0.7695446055205142,0.6825923583570993,0.6803657322359072,0.7377530228260291,0.7727389021278596,0.7933118590406022,0.7452273179510005,0.718141520760378,0.8794944956551943,0.9457526927899067,0.9505757308392283,0.8891534484487534,0.9478666138460241,0.9375428467550859,0.7159655793290987,0.8415870575854217,0.9764907579711416,0.8390109478756524,0.0,0.8674214438022239,0.8480648254571931,0.810695877170041,0.8482094388381037,0.6187391218128538,0.8253770268184873,0.8265165727633972,0.8791766879609568,0.752735602900164,0.8715953254492705,0.6710592595136878,0.8737316994305045,0.7097701420710686,0.6256863948123812,0.7497657822952758,0.7157460486293559,0.671255692359404,0.7172260998413711,0.7400839796609251,0.6992991069930323,0.7654799045157993,0.7844406798469997,0.7316041671508093,0.7369720036440301,0.778166998680582
0.8202868066427146,0.8055228646031426,0.25001449646322316,0.4468907589006687,0.7050499438305488,0.9147178651510398,0.860664216616165,0.8756951930113112,0.8722126925331224,0.8568068135740423,0.8777932578576457,0.5429805337651472,0.7462721370023033,0.7916242432973847,0.7866396470642386,0.7866888081991622,0.7587001622337187,0.7895017918814743,0.852932925533459,0.786496731310767,0.8009208169299978,0.9325702374270518,0.9362841987270876,0.9921479516103965,0.9300170483519955,0.8680144269629895,0.8261057616354418,0.6870356018164934,0.7213957886845824,0.96097030545457,0.9545915771702197,0.8674214438022239,0.0,0.7850013777106317,0.8153620356481522,0.8872708500324398,0.6514706041191802,0.8937013262559724,0.9056582997642797,1.0,0.890947876768925,0.9231179076628934,0.6943781745251928,0.9367955424085953,0.8615274722299122,0.7247014066791787,0.7620732945402918,0.7513181916883525,0.7030931678959209,0.8757269515178044,0.7695365194585141,0.8655368600000938,0.7670556905860526,0.8246536199254206,0.7857135719632441,0.8011617656338338,0.8797207702864289
0.8289516822709625,0.7690752724192411,0.34680947812447754,0.6058672728232202,0.8773261083672783,0.7403960299975039,0.8171139111306136,0.6957408392805597,0.7946939654208571,0.6477029959506869,0.8799858612779221,0.5898055358064583,0.8023947055186194,0.7940803591438281,0.5883184251727852,0.557347423356683,0.8309247396312588,0.8787027794760872,0.7043104088023026,0.757939864797723,0.6135065451706605,0.8242866351854713,0.8623566792284947,0.7985221912359605,0.869099811908709,0.8814019099744168,0.8176601045266747,0.7771951059954314,0.8111450763697732,0.9208805308004032,0.8113956436586779,0.8480648254571931,0.7850013777106317,0.0,0.9361893980744609,0.7973639935967728,0.7065945507295778,0.8916412844953822,0.9138494712715232,0.8079142006277104,0.7090688356758956,0.8989902972193611,0.8311140319378106,0.9227912085604459,0.646621941030174,0.7628619416786989,0.8932327068031096,0.8386804260084724,0.8024956267982698,0.6463662888451206,0.8543541021466657,0.7898014831905991,0.837945861089288,0.8454252965186352,0.6562000570142751,0.8092655875326592,0.659371519013538
0.7465557595346847,0.7596312349540699,0.3653914544237835,0.6632578301055747,0.9054507073017026,0.7289074126238069,0.8399217501855682,0.6295114932118985,0.7854353969037939,0.6057573502420337,0.8962874639191558,0.6423835815930165,0.7479080789411024,0.8579440245872569,0.5705353360252333,0.5643875026106853,0.9197883656473481,0.9500381262667454,0.6564258271930393,0.6434450612281304,0.5866359640383263,0.785676623624323,0.7961919317693544,0.8170386781974383,0.7990468090289994,0.8383490585063843,0.8471838423995006,0.8694757176443025,0.8906858885871979,0.887065335425236,0.8297349184193622,0.810695877170041,0.8153620356481522,0.9361893980744609,0.0,0.7766474720620891,0.672210229376819,0.9198254644170999,0.9065680107134555,0.7840572010873031,0.6485675723312839,0.8377779377269149,0.8381536113584803,0.8881645892125836,0.5936329621785728,0.7337413536808902,0.8281888705010196,0.7495441920810068,0.7439711146616561,0.5485132797805647,0.8326503969242708,0.7580664397867752,0.7542679048489289,0.8692154720867282,0.7137951697591272,0.7859627169002341,0.6513374055298731
0.8237263631782593,0.8153753768550925,0.24505603980921473,0.4313794277901113,0.7351072372766304,0.9266469255896039,0.8182154758615631,0.8276677496813694,0.8337066273574812,0.8813279263790781,0.7742412514582451,0.5062488039475247,0.7534797298204534,0.8574118852393416,0.7272048474245644,0.7220269159963179,0.7461449236044276,0.766995887269525,0.9088844933656786,0.8406230951716984,0.808834498736667,0.8586559624377434,0.8935485840715077,0.9349527292720515,0.8232443959944165,0.8227635569335304,0.7869069760397646,0.6519261554148048,0.6728769859803362,0.9050295277452483,0.8917369465197931,0.8482094388381037,0.8872708500324398,0.7973639935967728,0.7766474720620891,0.0,0.677037352786233,0.8547966019011636,0.8108915081175407,0.967404782087931,0.8742421199952588,0.8884349750318319,0.6495085170491365,0.8811324730432355,0.8045360013663136,0.7203041693586616,0.7514347321487456,0.7655512493910489,0.7355340413204805,0.8030285626052688,0.8408389426723368,0.9004957981087927,0.8306334655231816,0.8069405281123117,0.717618396130366,0.7994897436697357,0.8207581070896328
