Cingulate area 2,Glomerular layer of the accessory olfactory bulb,Glomerular layer of the olfactory bulb,"Olfactory bulb, unspecified",Frontal association cortex,Cornu ammonis 3,Dentate gyrus,Cornu ammonis 2,Cornu ammonis 1,Fasciola cinereum,Subiculum,Postrhinal cortex,Presubiculum,Parasubiculum,Perirhinal area 35,Perirhinal area 36,Medial entorhinal cortex,Lateral entorhinal cortex,Primary auditory area,"Secondary auditory area, dorsal part","Secondary auditory area, ventral part","Piriform cortex, layer 1","Piriform cortex, layer 2","Piriform cortex, layer 3",Ventrolateral orbital area,Lateral orbital area,Ventral orbital area,Medial orbital area,Dorsolateral orbital area,Prelimbic area,Secondary motor area,Frontal association area 3,Primary motor area,"Agranular insular cortex, ventral area",Agranular insular cortex dorsal area,Cingulate area 1,Infralimbic area,Dysgranular insular cortex,Granular insular cortex,"Primary somatosensory area, forelimb representation","Primary somatosensory area, dysgranular zone","Primary somatosensory area, face representation",Secondary somatosensory area,"Primary somatosensory area, hindlimb representation","Agranular insular cortex, posterior area","Primary somatosensory area, barrel field",Retrosplenial dysgranular area,"Primary somatosensory area, trunk representation",Retrosplenial granular area,"Parietal association cortex, lateral area","Parietal association cortex, medial area","Parietal association cortex, posterior area",Primary visual area,"Secondary visual area, lateral part",Temporal association cortex,"Secondary visual area, medial part",Nucleus of the lateral olfactory tract
0.0,0.24856699932845142,0.1760633692518574,0.25087526725824627,0.2883825544695383,0.9329730951714053,0.9221012493685821,0.9037590306241393,0.9105089820246215,0.9280182860085695,0.8322947369391165,0.7243176564422074,0.8231329860165015,0.6601851738375023,0.8640231971972623,0.7857310644757223,0.6750785906627158,0.7795606899013136,0.8578457586788126,0.8503137602534601,0.7662021341087591,0.6762859170117382,0.6547947187501327,0.8457705616710499,0.33472395369837793,0.34924679613525167,0.3147519615686519,0.2965896503769843,0.3573017128405009,0.39708347599842875,0.4617827839464458,0.33229974131395024,0.6062276769794859,0.41429592860522096,0.32151156634590505,0.6336373543316914,0.41487345644730544,0.5428598201438597,0.601111965791628,0.8342721063234065,0.8686372642395968,0.578623598122495,0.7967826599073279,0.8352330847821221,0.8096140715747955,0.8951115953429266,0.8966327547263667,0.8671909538955879,0.9143153353635792,0.7380717239457762,0.7924181365653487,0.9471867462353326,0.8519364476030523,0.8907928094381482,0.7333983543905158,0.8166223585720818,0.7114930322665696
0.24856699932845142,0.0,0.2937505738688098,0.633750318217799,0.7926166171458034,0.2706976216163213,0.27535632285605594,0.29086572976897995,0.2957007526106682,0.19543893903203288,0.25995716680471104,0.2961637127991133,0.28755818026467866,0.2815474643907082,0.2620050513962407,0.2793966503449683,0.31328104537147544,0.33072793228440206,0.27855296544460967,0.3218265413001363,0.31942759795592385,0.43278472082775776,0.44472418868455177,0.3691046081141154,0.8377350806355206,0.747657211635819,0.8370670237532406,0.8722588737568125,0.7455905010753423,0.7437393518422613,0.5981175626794999,0.8463540015735739,0.5071391697375877,0.6701961947162222,0.815425411210574,0.5267826611563128,0.7165244884996101,0.5760498947840846,0.5244113091316612,0.3422319650341424,0.28966997648259474,0.5264278760913891,0.3371425257780445,0.2379838049779146,0.33193820573588795,0.23990708168297586,0.26274888187191076,0.3045295737812177,0.28149321059474636,0.4293646677930313,0.2893767403542213,0.20054499879288346,0.27664196080418,0.29858464650552946,0.2860375053372503,0.23627521293609044,0.29129615388473246
0.1760633692518574,0.2937505738688098,0.0,0.5612100937474442,0.275353929592242,0.21388215757387147,0.22263960072818534,0.20519706059932397,0.19605528752392148,0.1616230883609121,0.20170842548155601,0.2564840943966701,0.25549916585709054,0.22095514980285505,0.2236666398826941,0.24503902664572302,0.2819997421161063,0.24118485097362177,0.20113366227709426,0.2112768119408699,0.23099277012204814,0.23354289217476054,0.23266152398900708,0.2134951878624707,0.31544500594669855,0.3085674816347084,0.2924167322027694,0.2613227291683428,0.3161282655447543,0.3143823344986368,0.27087136230670245,0.3173464059857895,0.2538648698093351,0.30034931355910666,0.30871966680575624,0.2548025128928981,0.34497212346723477,0.2880076764684659,0.282297073864634,0.2130348698335426,0.19637800989930507,0.27262153754252727,0.24796611132894944,0.1674578982085363,0.22579830141232576,0.181871048211731,0.18575669947302803,0.17943555501396977,0.21999634758059816,0.24943902603706752,0.21223318450727338,0.1591158166015664,0.2226433334805441,0.24149119235472302,0.24019356909713865,0.19071259282041977,0.2128566246393355
0.25087526725824627,0.633750318217799,0.5612100937474442,0.0,0.6141336095666942,0.31021770028746487,0.3221319533740762,0.30939225965998596,0.3041726034612753,0.2179277205183834,0.2909745496601134,0.3567447706715986,0.3580433168002405,0.3348787326680961,0.30840927654955724,0.3493732795537735,0.3897010596535956,0.3776816667832134,0.30526827809124774,0.3325167094771418,0.3557333141988827,0.4350451513646246,0.42471130504970467,0.35646093255560185,0.7102064468105725,0.6987829954114435,0.6681709679869937,0.5948900471813036,0.7072567335929018,0.7030473738987776,0.5545028711419152,0.7203336046516897,0.49225111631287577,0.6030692477580223,0.6759200982020755,0.4872657787993267,0.7381742055372182,0.5567726592027332,0.5380798632447714,0.3385052067164906,0.29373859234476385,0.49451071874976343,0.3833123091801994,0.24836627323021027,0.35492618725675057,0.2578369982201969,0.2779817039318212,0.2937645565489895,0.31909343675242696,0.43996438192658704,0.3199813084337709,0.21898307960683253,0.3248583338042436,0.35420372770165465,0.34638239542994376,0.2652032842349146,0.32875150808803694
0.2883825544695383,0.7926166171458034,0.275353929592242,0.6141336095666942,0.0,0.3228710096368351,0.31852658567490405,0.368017709465254,0.33443553079196586,0.25041411696714316,0.3102538997581911,0.3531443898811522,0.34665512227203826,0.3506356777132711,0.31626288706765665,0.3460017027067791,0.348276667221631,0.3813586165402136,0.32276540715268237,0.36962872883187825,0.3752089401241054,0.515403472209251,0.5765041156537403,0.4396710258709139,0.8610759784594626,0.8421458989103107,0.9433288805626888,0.9969316113879314,0.8671601828308584,0.7222825597941434,0.7127630142663656,0.8645190857946773,0.5720659933940654,0.7724066442286525,0.857418235205789,0.5783687159867954,0.7487075136518093,0.6636565740833457,0.6034673110505986,0.37013080257547143,0.3173450566374535,0.5541287745208773,0.3652674309670041,0.2821644713572248,0.3841653705653106,0.27351253557089283,0.2938117571916182,0.3533799247658237,0.32195597671087206,0.4913119765996026,0.32107088119118105,0.2610137017050739,0.3361049095944607,0.35622231309208174,0.33597439499356074,0.27687997675768544,0.36148646915252086
0.9329730951714053,0.2706976216163213,0.21388215757387147,0.31021770028746487,0.3228710096368351,0.0,1.0,0.9185330196107099,0.9682100288185064,0.8412898103445714,0.9281007302372497,0.9025062475044242,0.9476718458181951,0.7427125741358382,0.8593257418744227,0.8937818490452653,0.8610202489807117,0.9074635638675483,0.8816944793279229,0.9559620158293182,0.8372534629196337,0.7319679623964462,0.7519316367438725,0.8953104213318841,0.38639031586711675,0.39536399123517346,0.3662498224820311,0.3326120768536153,0.41807074505115716,0.44808651485348416,0.5280093489316307,0.37086158331558294,0.6518755994718515,0.47044519398269347,0.3700818030170009,0.6847061750919052,0.4952968487969844,0.642151809039913,0.7278967703271008,0.8916091987976034,0.951881810793662,0.6691185636728725,0.93690174754194,0.824740787282664,0.9460010004743633,0.8598939659190382,0.8806241652262514,0.8396505380696303,1.0,0.8421241483493336,0.8797458270828588,0.9424200823666573,0.9488546899711602,1.0,0.8332116054817608,0.8711138761596211,0.7991630329308297
0.9221012493685821,0.27535632285605594,0.22263960072818534,0.3221319533740762,0.31852658567490405,1.0,0.0,0.9098156585464413,0.9571861001451109,0.8864820604727061,0.9453370121534332,0.8691533582396285,0.9759418984091686,0.8127971684647147,1.0,1.0,0.8686424297652915,0.9366667634476599,0.9307256267779369,0.9846263580370124,0.835553383483928,0.7405797298203214,0.7275801682726899,0.9050988892272338,0.391226460279113,0.42120664635892147,0.3709192675639474,0.33897483317442206,0.4221353129553597,0.47141958599790856,0.5539723613879629,0.3890960717514732,0.69491050916642,0.47988682635827173,0.3860371211112318,0.6725466979137824,0.5355536587530654,0.6458094523595883,0.7401604639675583,0.9494163468047577,0.9399659874006783,0.6880192160226165,1.0,0.8939385066045036,0.9551103001083596,0.9743767885320205,0.873371119541455,0.9183420552701581,1.0,0.8672350105211168,0.9351439779333174,0.8237281442340164,0.9393462951738146,0.9824674597820112,0.9556064618779162,0.9346975598171934,0.772143187756993
0.9037590306241393,0.29086572976897995,0.20519706059932397,0.30939225965998596,0.368017709465254,0.9185330196107099,0.9098156585464413,0.0,0.96372004726822,0.8519470811650607,0.9076339426033851,0.8809668266616656,0.926861588529607,0.8356988637628301,0.9049620278999149,0.9000408850491799,0.8232882881858344,0.9806347119602212,0.9920449820120275,0.9494554440230515,0.9228030976215017,0.8084216208934983,0.814178512603762,0.985422468815134,0.4106356356596095,0.4370034842555177,0.39807399929028503,0.36582148844001133,0.44369672003687505,0.4896809511649691,0.6055059420025773,0.41724894166415377,0.7457360978581684,0.515365274988219,0.4032013635766335,0.7482966144619992,0.5226692472150609,0.6886418139100481,0.7560362589538127,0.9211017374528714,0.9191628341350914,0.7489597149014459,0.8731235751124754,0.8863078005118797,0.9860297342163565,0.8368587168763484,0.872167902162596,0.9038640925573231,0.9846638774943268,0.888224479929679,0.8793014467355206,0.9135550954840143,0.8886105966655389,0.9380604769384957,0.815228799840462,0.8880196279088262,0.8315518720764368
0.9105089820246215,0.2957007526106682,0.19605528752392148,0.3041726034612753,0.33443553079196586,0.9682100288185064,0.9571861001451109,0.96372004726822,0.0,0.8749296266046227,0.8949043287987616,0.8720469758196773,0.8323422965557478,0.8312899339826376,0.9538508758886991,0.8833447463228347,0.8071942189344106,0.9299632461354913,0.9910727153538124,0.922268620425682,0.9019564205343702,0.8062432232893317,0.7366395638884892,0.9183570797747183,0.4044670900008721,0.4238111123805862,0.39435189894230804,0.3686040114564292,0.43795789174012745,0.48488572319843687,0.5713330791568152,0.40912341652635464,0.6858810554432263,0.49994854777654485,0.39084434471946006,0.6919898927716112,0.5117957808814366,0.6613149711041082,0.7526373013219387,0.9622650390609386,0.9449878518466438,0.6848823088942748,0.9766509637553816,0.8630959190911939,0.9276469288011977,0.8844002069240701,0.9287314501908193,0.9132799979047188,0.9789633639124917,0.8923693934262256,0.9885036637068525,0.9420007300668999,0.9868440027169174,1.0,0.8624465158214674,0.8594842779143942,0.8578127113792497
0.9280182860085695,0.19543893903203288,0.1616230883609121,0.2179277205183834,0.25041411696714316,0.8412898103445714,0.8864820604727061,0.8519470811650607,0.8749296266046227,0.0,0.791926601790502,0.6909789948633778,0.7254269634806575,0.6544093910189938,0.8073514297055879,0.7451796734834629,0.6246253694750333,0.7722346695279636,0.851563063287928,0.7733024101780969,0.7059166013631646,0.5720024417013452,0.5770265225215151,0.7938607225080714,0.26736874400278776,0.2902942902445737,0.2629803432371394,0.2582856402374858,0.30667997647554873,0.31393133992969874,0.3960563663114699,0.27066073936529245,0.47253027433930056,0.3496572130649338,0.2631784212539917,0.4872157363279205,0.35329384230752875,0.4469793361680674,0.5035955338765393,0.7351670368972918,0.7744044928522301,0.4674418734831151,0.6879419609051511,0.9975877064272229,0.7705953534629301,0.8982373280074754,0.8764981011986827,0.8389054851816983,0.8615025333195175,0.6436816526967881,0.7629826128758224,0.9845345722650993,0.8294763997701466,0.7797117927298161,0.6775792482971167,0.8471833465899586,0.6787718897932871
0.8322947369391165,0.25995716680471104,0.20170842548155601,0.2909745496601134,0.3102538997581911,0.9281007302372497,0.9453370121534332,0.9076339426033851,0.8949043287987616,0.791926601790502,0.0,0.9467994393000502,0.8635718899466477,0.840154564440986,0.9125764667343945,0.931357559720482,0.8218669002803879,0.934690342759706,0.9205221279661322,0.8827891418061452,0.8221869128160251,0.7378109730807401,0.7809407608727105,0.9159970744592179,0.37823974069800714,0.3983411138603793,0.35841142777691987,0.33044065530717437,0.40336823472951755,0.4472325695468949,0.5126867226462606,0.3667685172212784,0.6586831791214924,0.4648477463613117,0.35458831372463084,0.6738047307795865,0.47703245535603955,0.6229912258290413,0.7128213399838143,0.9042573632763791,0.8978587263502357,0.6615301899157546,0.8718928105594983,0.8382688533384188,0.8849103366177643,0.8821411178590248,0.8910752506527043,0.9090683433018277,0.9132752287771894,0.8033890140332913,0.9034310419221757,0.8706238874460428,0.9641925354042242,0.9283315434122098,0.8635828775110079,0.8752135632841539,0.8175646059147607
0.7243176564422074,0.2961637127991133,0.2564840943966701,0.3567447706715986,0.3531443898811522,0.9025062475044242,0.8691533582396285,0.8809668266616656,0.8720469758196773,0.6909789948633778,0.9467994393000502,0.0,0.9466598686023562,0.9156164627406503,0.9201556856953368,0.962840394067354,0.9463919265428962,0.9839286281631658,0.8652015917916517,0.9000151545959334,0.9367264487333071,0.7971585959240051,0.7643238881155969,0.8512059124371516,0.4291086639016256,0.4598932911665523,0.4172307780714374,0.36508108347716905,0.4806297779469197,0.5252634504447671,0.5979630754170286,0.42496550320246934,0.7336406640820513,0.5231719851703007,0.4156955321846022,0.70948974689239,0.5887517544365355,0.7287633964883937,0.8757971037921469,0.9306095800445974,0.8659373991420157,0.7363249970057478,0.9135497482108058,0.6954813988030178,0.8588686220088345,0.7473105724841035,0.8036794083778984,0.8473310949937412,0.8520419854525898,0.9037487291603276,0.9286457887618164,0.7040469539391833,0.9337025106474732,1.0,0.9537285533217797,0.7772036472997007,0.8239939116767832
0.8231329860165015,0.28755818026467866,0.25549916585709054,0.3580433168002405,0.34665512227203826,0.9476718458181951,0.9759418984091686,0.926861588529607,0.8323422965557478,0.7254269634806575,0.8635718899466477,0.9466598686023562,0.0,0.8646459792957301,0.9275871609112638,1.0,0.8971069998531126,0.9718972643029058,0.8881887929628679,0.9278307760266445,0.9485711566421396,0.7675184856861093,0.7481541256215652,0.8423941903002328,0.42189777567675246,0.45251785617358675,0.38733235699163976,0.356069322309366,0.4577102082216997,0.5101995785039894,0.5779561558070567,0.4054683871886558,0.6879937309494054,0.5175468457493188,0.39305714616202153,0.7001052771777126,0.5541788345838029,0.6777791937135851,0.8429837243779197,0.8940484833537546,0.8971269031013307,0.7130994475613951,0.8949350982160174,0.7412717751588705,0.9444564851399517,0.7959968028761588,0.8064310386018763,0.7628389575154529,0.9167471357803294,0.8887385856343268,0.8818235167806714,0.7477284330739209,0.938212015207975,0.9677531927378703,0.9313748237248002,0.8103398099421372,0.8601767479305766
0.6601851738375023,0.2815474643907082,0.22095514980285505,0.3348787326680961,0.3506356777132711,0.7427125741358382,0.8127971684647147,0.8356988637628301,0.8312899339826376,0.6544093910189938,0.840154564440986,0.9156164627406503,0.8646459792957301,0.0,0.8918224253908018,0.9268221980151155,0.804668772822349,0.8992623291663048,0.8903129038646763,0.8438748793159733,0.9013439871040327,0.7283229772070398,0.8052963154862444,0.830707468596725,0.4066834976171414,0.4273741496031533,0.3954047955299602,0.3652269363382016,0.451527446262781,0.4823757999900249,0.5562194858496756,0.3959328757922466,0.6758329855507178,0.507052509607213,0.37933194151677413,0.6567945084984297,0.5429300518949457,0.6620367342419133,0.7403466896564292,0.7649962146469507,0.7650223635419264,0.6685990622983059,0.8128164246233198,0.7201166578028794,0.8014961418637142,0.6851616498988212,0.7998352196562206,0.8358421647943391,0.808755441852454,0.8675897752014823,0.8695447343400348,0.712405566048843,0.9042754166977275,0.8773829814134462,0.866783143263351,0.7484168077929151,0.8380268140603209
0.8640231971972623,0.2620050513962407,0.2236666398826941,0.30840927654955724,0.31626288706765665,0.8593257418744227,1.0,0.9049620278999149,0.9538508758886991,0.8073514297055879,0.9125764667343945,0.9201556856953368,0.9275871609112638,0.8918224253908018,0.0,0.9958333500168343,0.8778993563587204,1.0,1.0,0.9229911752094674,0.9171123625101391,0.718879604110042,0.7329889690477588,0.8924763009253625,0.37555131680667625,0.3972613561370377,0.35648773924113714,0.33214837375396306,0.41363604804256504,0.4505577969191491,0.5323888357056481,0.37036464624972726,0.6251308881952381,0.4811016223943465,0.35482733368811353,0.6298176068184563,0.4895723077858903,0.6293578293706399,0.7237812098581146,0.9150600122711637,0.8698168919069863,0.6414335492591442,0.8988729604957186,0.8035490111909365,0.9721441239286577,0.8475058936943798,0.9188600798693203,0.8783822756233652,0.9905695990628687,0.8201896869591877,0.9510008139769349,0.8905671901783139,0.9804404863366838,0.9754412317183623,0.9145421649974639,0.9610732260215205,0.8687634072829942
0.7857310644757223,0.2793966503449683,0.24503902664572302,0.3493732795537735,0.3460017027067791,0.8937818490452653,1.0,0.9000408850491799,0.8833447463228347,0.7451796734834629,0.931357559720482,0.962840394067354,1.0,0.9268221980151155,0.9958333500168343,0.0,0.9470417090289308,1.0,0.9381925739963484,0.9610026687452253,0.9297395508191867,0.7481064793780997,0.7969808246601161,0.898392246323068,0.3865103564806482,0.4407500375308543,0.38704316010996864,0.36038323427290103,0.44397891379691296,0.47554111056796244,0.5479532962132239,0.3923542924148718,0.6710051255921579,0.5075885549568255,0.38291454872546526,0.6673859062925543,0.5471704801101861,0.6908880003265497,0.773533541411612,0.8853384871094262,0.8354561467517391,0.6665061851835696,0.9581205963013202,0.7641627199950936,0.9552852447433884,0.8327760634927984,0.9030308139538162,0.8614229176442585,0.9332328947929839,0.8868364073047988,0.9027879095395624,0.8154806563589176,0.9781815161475371,0.9863802018637007,0.9614141805251811,0.8847640585989983,0.9033120243542525
0.6750785906627158,0.31328104537147544,0.2819997421161063,0.3897010596535956,0.348276667221631,0.8610202489807117,0.8686424297652915,0.8232882881858344,0.8071942189344106,0.6246253694750333,0.8218669002803879,0.9463919265428962,0.8971069998531126,0.804668772822349,0.8778993563587204,0.9470417090289308,0.0,0.9244987529244721,0.8108095149015251,0.8164179705014215,0.8304431751786846,0.6894851511156005,0.7586268126508401,0.7976358564559874,0.45280550275004383,0.4875396282608135,0.4310319328228652,0.37830607526207255,0.4746503937199102,0.528635671775923,0.5584915019638701,0.44816742874563514,0.6953233568141893,0.5432172217448555,0.42029003025828665,0.6989566231154942,0.6092253398942936,0.7111481177450356,0.8053377079310376,0.815790251277535,0.7648675827444329,0.7295246349617303,0.9121861206409438,0.6617278753137714,0.8201342935736696,0.6833810802203932,0.767943655145247,0.7340115579169412,0.8673340713025092,0.8217638069688454,0.8217347617026135,0.64593085280239,0.8850469684592678,0.9480538038831957,0.8899430647397492,0.7636467674348875,0.7802104273637577
0.7795606899013136,0.33072793228440206,0.24118485097362177,0.3776816667832134,0.3813586165402136,0.9074635638675483,0.9366667634476599,0.9806347119602212,0.9299632461354913,0.7722346695279636,0.934690342759706,0.9839286281631658,0.9718972643029058,0.8992623291663048,1.0,1.0,0.9244987529244721,0.0,0.9819159043843753,1.0,0.9756598633140107,0.8683196026940007,0.8505626178261237,0.8917727605497534,0.4735170347172949,0.505729544381997,0.4450197947420448,0.40949153322055626,0.524784750064307,0.5824763358283932,0.6836291172606025,0.47512546321542415,0.840088265069314,0.5998588601121596,0.4530975748618208,0.8160173157551086,0.6218311393188877,0.8300168413729859,0.9104873661618008,0.9485939271714476,0.9344630764356433,0.8118530982214883,0.9870394629498127,0.8092130458345919,0.9976540097376921,0.837028842185453,0.9558944758442661,0.9558798844644487,0.9964701546179219,0.9761710825953299,0.95557385722976,0.8117543631182754,1.0,0.9981687675677808,0.9479747102941523,0.9200491123048022,0.9222730153517666
0.8578457586788126,0.27855296544460967,0.20113366227709426,0.30526827809124774,0.32276540715268237,0.8816944793279229,0.9307256267779369,0.9920449820120275,0.9910727153538124,0.851563063287928,0.9205221279661322,0.8652015917916517,0.8881887929628679,0.8903129038646763,1.0,0.9381925739963484,0.8108095149015251,0.9819159043843753,0.0,0.9993974517665889,0.9165778901319303,0.7632215395097611,0.7519007569615394,0.9198500442375402,0.3954991406682545,0.4185747325571656,0.37233858920671137,0.35283249842481323,0.42812679417615107,0.4696290333954108,0.5564241223947541,0.38430068971748077,0.6840397687612931,0.49996761730969824,0.36542022483660963,0.6822119965525545,0.510048997424473,0.6324363681701349,0.7564646229564193,0.882462037024454,0.9377946692305084,0.661022571700424,0.9164646384944517,0.9029110040729051,0.9616929136509524,0.9087019989037813,0.9237516779219248,0.997955243497308,0.933665550708024,0.8165234790860769,0.9549993748691581,0.902305105068653,0.9303284158027623,0.9760426049594182,0.9472406088895173,0.8748364427307977,0.9154527035894788
0.8503137602534601,0.3218265413001363,0.2112768119408699,0.3325167094771418,0.36962872883187825,0.9559620158293182,0.9846263580370124,0.9494554440230515,0.922268620425682,0.7733024101780969,0.8827891418061452,0.9000151545959334,0.9278307760266445,0.8438748793159733,0.9229911752094674,0.9610026687452253,0.8164179705014215,1.0,0.9993974517665889,0.0,0.9338967545178963,0.7918276526216659,0.8231946310190751,0.9704943483396244,0.4529299705356151,0.4678448645537016,0.427468671062302,0.39654688656295933,0.4816338613674938,0.526966101477906,0.6035244708309911,0.43784021112323934,0.6985006070245362,0.5716475477965997,0.4313039160329792,0.7719440243305783,0.559438187407932,0.7474367856506235,0.8324342034370383,0.8868556149358514,0.8993965165319271,0.7778129028834241,0.9793390911849165,0.8135669905928933,0.9889062559073554,0.8671853962479447,0.9188122449426663,0.9706310639401784,0.9441690646147636,0.8669665560778983,0.9118354546537715,0.8253785304507375,0.9449041567816958,0.990758314462792,0.8952969565804084,0.8662152373850182,0.9182355296055897
0.7662021341087591,0.31942759795592385,0.23099277012204814,0.3557333141988827,0.3752089401241054,0.8372534629196337,0.835553383483928,0.9228030976215017,0.9019564205343702,0.7059166013631646,0.8221869128160251,0.9367264487333071,0.9485711566421396,0.9013439871040327,0.9171123625101391,0.9297395508191867,0.8304431751786846,0.9756598633140107,0.9165778901319303,0.9338967545178963,0.0,0.8009730665632717,0.8328920917077812,0.8677679466561193,0.45292200730994714,0.4872424693919794,0.4239371097824706,0.4064521353461014,0.4934228140965691,0.5474719187522301,0.6134696826386156,0.4429687371505945,0.7346398296639257,0.5563987894991795,0.42393167142557076,0.7601798703790619,0.5927321577763447,0.73806618228152,0.8633206496383954,0.844297031187489,0.8084724475461555,0.7620881287485975,0.9317028553284499,0.7202865144795219,0.8816188830168887,0.7562901114383065,0.8376224654977322,0.876349139058283,0.9199488991062637,0.9177210670416371,0.9231565406272891,0.7287566237059239,0.9318788951450946,0.946809352947058,0.8612187855476865,0.8149795571655718,0.8924134926420638
0.6762859170117382,0.43278472082775776,0.23354289217476054,0.4350451513646246,0.515403472209251,0.7319679623964462,0.7405797298203214,0.8084216208934983,0.8062432232893317,0.5720024417013452,0.7378109730807401,0.7971585959240051,0.7675184856861093,0.7283229772070398,0.718879604110042,0.7481064793780997,0.6894851511156005,0.8683196026940007,0.7632215395097611,0.7918276526216659,0.8009730665632717,0.0,0.9868308560256658,0.942201785794679,0.5996733964286945,0.6196339034004236,0.5576131285427265,0.5358642044029507,0.6466319302308907,0.7433949669614712,0.8038929659723555,0.6238967690546506,1.0,0.7391975695704269,0.6036628749298357,0.911149650577199,0.7043196485731834,0.9061410511613095,0.9745160924486,0.8669108324709169,0.7862637666721609,0.8574623630576272,0.7966388624966485,0.6302242297809671,0.8426740336000351,0.6468686492159582,0.6941183882641393,0.7764245063362297,0.7021716144967178,0.9111736534318418,0.7313195129584882,0.6323243431090473,0.7516809384039254,0.7799566300219716,0.7181577091911236,0.6032404882585628,0.7461717927503666
0.6547947187501327,0.44472418868455177,0.23266152398900708,0.42471130504970467,0.5765041156537403,0.7519316367438725,0.7275801682726899,0.814178512603762,0.7366395638884892,0.5770265225215151,0.7809407608727105,0.7643238881155969,0.7481541256215652,0.8052963154862444,0.7329889690477588,0.7969808246601161,0.7586268126508401,0.8505626178261237,0.7519007569615394,0.8231946310190751,0.8328920917077812,0.9868308560256658,0.0,0.9351919463207218,0.6489243320055564,0.6857275571849384,0.6228469989047741,0.5972758732003728,0.6891861330890072,0.7463970000883805,0.8340284353054628,0.6677956269743602,0.9891150045558031,0.772480550410235,0.6321201298279959,0.9517639588956195,0.7440130846065676,0.8857008612079088,0.9820179825572194,0.8219685110158581,0.747305604399999,0.8752187597734747,0.8238251791205498,0.5974146775403831,0.8607584638018864,0.6257798826443053,0.7268567030674172,0.7705309867947681,0.6853225761877747,0.8832552151580743,0.7319141620581449,0.6160788022018375,0.7385736319368519,0.7705712516877694,0.8097881719742913,0.6137564668278662,0.7651527697569193
0.8457705616710499,0.3691046081141154,0.2134951878624707,0.35646093255560185,0.4396710258709139,0.8953104213318841,0.9050988892272338,0.985422468815134,0.9183570797747183,0.7938607225080714,0.9159970744592179,0.8512059124371516,0.8423941903002328,0.830707468596725,0.8924763009253625,0.898392246323068,0.7976358564559874,0.8917727605497534,0.9198500442375402,0.9704943483396244,0.8677679466561193,0.942201785794679,0.9351919463207218,0.0,0.5019766897866984,0.5160871480305378,0.4804681693640384,0.43987641588744775,0.5493441674831624,0.6250657136250003,0.7236590751197365,0.5243221027651949,0.8156552843637206,0.6505005079444108,0.5101653192583728,0.8910702154908723,0.637602100586521,0.8736942146821,0.9891361959095748,0.9536017324374045,0.933727878868305,0.8348559671779986,0.9099752443140035,0.813542943197747,0.9972263795454724,0.7572720942494183,0.8765298421353325,0.9290272281348562,0.8493696576990218,0.9371203696347649,0.9033498451832612,0.7618837126278053,0.8655442085746198,0.9424372492260044,0.8420607305746792,0.7757723818531642,0.7950301891423357
0.33472395369837793,0.8377350806355206,0.31544500594669855,0.7102064468105725,0.8610759784594626,0.38639031586711675,0.391226460279113,0.4106356356596095,0.4044670900008721,0.26736874400278776,0.37823974069800714,0.4291086639016256,0.42189777567675246,0.4066834976171414,0.37555131680667625,0.3865103564806482,0.45280550275004383,0.4735170347172949,0.3954991406682545,0.4529299705356151,0.45292200730994714,0.5996733964286945,0.6489243320055564,0.5019766897866984,0.0,0.9695872903535215,0.9938322491447484,0.8556430305764715,0.93903426394358,0.9658917924773642,0.8422301497457044,1.0,0.7175419533952302,0.8583697052703644,0.9790758952467464,0.7197527216820456,0.9036324041025218,0.8276387192896657,0.7516884052635667,0.4732016116289076,0.40160174930416964,0.7399502376829346,0.4741895159827281,0.3248474071043837,0.44898025753567244,0.3280503420613509,0.35466467045850264,0.4200891101598372,0.3897804197916049,0.583968819055491,0.4037486940950034,0.27561210132847097,0.39522037295688667,0.4228205958368025,0.3959498829164321,0.3244225393774328,0.39628950442445365
0.34924679613525167,0.747657211635819,0.3085674816347084,0.6987829954114435,0.8421458989103107,0.39536399123517346,0.42120664635892147,0.4370034842555177,0.4238111123805862,0.2902942902445737,0.3983411138603793,0.4598932911665523,0.45251785617358675,0.4273741496031533,0.3972613561370377,0.4407500375308543,0.4875396282608135,0.505729544381997,0.4185747325571656,0.4678448645537016,0.4872424693919794,0.6196339034004236,0.6857275571849384,0.5160871480305378,0.9695872903535215,0.0,0.9637195719736172,0.8859918608059705,0.9824972309044107,1.0,0.8538620004855002,0.9859585199533303,0.7431630251705642,0.8801392691628283,0.8806858032135423,0.7654858250636384,0.8967075850641401,0.8579820366275174,0.7636254259662298,0.49385652138824765,0.40982035311172876,0.7476243235444918,0.49564348830541605,0.33709350453759435,0.4778250357221188,0.3469215593709804,0.38019105757300775,0.43464198156329503,0.4144267685712146,0.6245932390166185,0.4209274428247478,0.30602415229153757,0.4146177243950438,0.46948948701930154,0.44727684584712774,0.3516258223027474,0.4674620852544518
0.3147519615686519,0.8370670237532406,0.2924167322027694,0.6681709679869937,0.9433288805626888,0.3662498224820311,0.3709192675639474,0.39807399929028503,0.39435189894230804,0.2629803432371394,0.35841142777691987,0.4172307780714374,0.38733235699163976,0.3954047955299602,0.35648773924113714,0.38704316010996864,0.4310319328228652,0.4450197947420448,0.37233858920671137,0.427468671062302,0.4239371097824706,0.5576131285427265,0.6228469989047741,0.4804681693640384,0.9938322491447484,0.9637195719736172,0.0,0.9745285171385408,0.905732411464019,0.8925524866105758,0.7438847434364982,0.9426933338404907,0.6742953267908275,0.8762399360430605,0.9690226256861263,0.6864697703029908,0.832174648254554,0.75790118750802,0.7231455313155764,0.43736689257218014,0.3701401490393764,0.6653202929434037,0.4332429876373266,0.307454845472517,0.42603441070894765,0.31150788825812215,0.3426409522691905,0.3924822830564029,0.37321832329074384,0.5472218803587388,0.3810085534512622,0.2719151038970017,0.3752775564135769,0.40145943436096126,0.3867116618101796,0.309195372765548,0.41585304666295075
0.2965896503769843,0.8722588737568125,0.2613227291683428,0.5948900471813036,0.9969316113879314,0.3326120768536153,0.33897483317442206,0.36582148844001133,0.3686040114564292,0.2582856402374858,0.33044065530717437,0.36508108347716905,0.356069322309366,0.3652269363382016,0.33214837375396306,0.36038323427290103,0.37830607526207255,0.40949153322055626,0.35283249842481323,0.39654688656295933,0.4064521353461014,0.5358642044029507,0.5972758732003728,0.43987641588744775,0.8556430305764715,0.8859918608059705,0.9745285171385408,0.0,0.9190469579293474,0.778869386339657,0.7334873167482201,0.8304061954925193,0.620058504540802,0.7828473311612835,0.7984675690328972,0.5767153449685102,0.7573545752177079,0.6920906909153266,0.623325587775552,0.3946178246925993,0.3358125501527635,0.5697432980194943,0.3908408102169087,0.2907327231684051,0.39318986538961037,0.28757485365192265,0.3202002746319833,0.3910609854192994,0.33648041889800734,0.5052761921875728,0.3531053119907432,0.26434981803841257,0.3532062865585189,0.37873651299742117,0.34612999387535653,0.2936179719539496,0.4008608780785044
0.3573017128405009,0.7455905010753423,0.3161282655447543,0.7072567335929018,0.8671601828308584,0.41807074505115716,0.4221353129553597,0.44369672003687505,0.43795789174012745,0.30667997647554873,0.40336823472951755,0.4806297779469197,0.4577102082216997,0.451527446262781,0.41363604804256504,0.44397891379691296,0.4746503937199102,0.524784750064307,0.42812679417615107,0.4816338613674938,0.4934228140965691,0.6466319302308907,0.6891861330890072,0.5493441674831624,0.93903426394358,0.9824972309044107,0.905732411464019,0.9190469579293474,0.0,0.9591240560184021,0.8955261602456119,0.9036203469847018,0.7717826283753629,0.8268251182089615,0.9372777396928547,0.7341388478256111,0.9244383348504205,0.8327703802279615,0.8009358093836031,0.4871530538256892,0.4164427948722599,0.734435734252507,0.4915268636831643,0.3451639048404827,0.4813398860544369,0.35281654457181727,0.3780995448039697,0.4542379381566062,0.41513847391422776,0.6342775512362832,0.427321589793311,0.3135533497073761,0.4432392204874465,0.4684985504701566,0.4467391128115101,0.36140185806576514,0.4580618146875942
0.39708347599842875,0.7437393518422613,0.3143823344986368,0.7030473738987776,0.7222825597941434,0.44808651485348416,0.47141958599790856,0.4896809511649691,0.48488572319843687,0.31393133992969874,0.4472325695468949,0.5252634504447671,0.5101995785039894,0.4823757999900249,0.4505577969191491,0.47554111056796244,0.528635671775923,0.5824763358283932,0.4696290333954108,0.526966101477906,0.5474719187522301,0.7433949669614712,0.7463970000883805,0.6250657136250003,0.9658917924773642,1.0,0.8925524866105758,0.778869386339657,0.9591240560184021,0.0,0.9248931120594234,1.0,0.8589487635061626,0.9286722205426002,0.9296077314934102,0.8555105029219349,0.9279731717461371,0.9358956057057954,0.9551618897635188,0.6082084182518341,0.48861624697871536,0.8226834561232785,0.5700143996842437,0.38289050304706806,0.5302287565145078,0.3865330837576854,0.42841632022811793,0.4998425083599041,0.47079436796376994,0.7350403397923069,0.4807544692208013,0.32231180771190127,0.4664069628097683,0.5205187330884878,0.5030543147431311,0.3906221156598144,0.48783323991466376
0.4617827839464458,0.5981175626794999,0.27087136230670245,0.5545028711419152,0.7127630142663656,0.5280093489316307,0.5539723613879629,0.6055059420025773,0.5713330791568152,0.3960563663114699,0.5126867226462606,0.5979630754170286,0.5779561558070567,0.5562194858496756,0.5323888357056481,0.5479532962132239,0.5584915019638701,0.6836291172606025,0.5564241223947541,0.6035244708309911,0.6134696826386156,0.8038929659723555,0.8340284353054628,0.7236590751197365,0.8422301497457044,0.8538620004855002,0.7438847434364982,0.7334873167482201,0.8955261602456119,0.9248931120594234,0.0,0.8025498630649389,0.8896142008648338,0.9364533527749496,0.8220008699112487,0.9013728486591148,0.8906441966545969,0.9098468886410334,0.9616309608264982,0.6172791246942224,0.547200425757362,0.9174270795934777,0.6291227836059322,0.4426199102195012,0.616303464909071,0.45827092207025566,0.4818138055586252,0.6058163532356933,0.5319956565193088,0.7854022774463347,0.5413229915595514,0.40126517428462866,0.5447905387058766,0.585725477104627,0.5653867249776637,0.4514130255841464,0.5580400578810345
0.33229974131395024,0.8463540015735739,0.3173464059857895,0.7203336046516897,0.8645190857946773,0.37086158331558294,0.3890960717514732,0.41724894166415377,0.40912341652635464,0.27066073936529245,0.3667685172212784,0.42496550320246934,0.4054683871886558,0.3959328757922466,0.37036464624972726,0.3923542924148718,0.44816742874563514,0.47512546321542415,0.38430068971748077,0.43784021112323934,0.4429687371505945,0.6238967690546506,0.6677956269743602,0.5243221027651949,1.0,0.9859585199533303,0.9426933338404907,0.8304061954925193,0.9036203469847018,1.0,0.8025498630649389,0.0,0.7629805018785799,0.8665462602948826,0.9885187526428683,0.7364831975027276,0.904878029949762,0.846331573171215,0.7889174430181094,0.4777431607776118,0.3904923542509306,0.7247225181619235,0.47777947571947316,0.32625696278490673,0.45995610569092626,0.3305295715085506,0.36163159142420687,0.4151447404241287,0.38330719086868587,0.6001713264813497,0.3857219794259849,0.28039405052036914,0.38416610852761146,0.43601136416241293,0.39729790450853275,0.3303993924818606,0.4024741910981145
0.6062276769794859,0.5071391697375877,0.2538648698093351,0.49225111631287577,0.5720659933940654,0.6518755994718515,0.69491050916642,0.7457360978581684,0.6858810554432263,0.47253027433930056,0.6586831791214924,0.7336406640820513,0.6879937309494054,0.6758329855507178,0.6251308881952381,0.6710051255921579,0.6953233568141893,0.840088265069314,0.6840397687612931,0.6985006070245362,0.7346398296639257,1.0,0.9891150045558031,0.8156552843637206,0.7175419533952302,0.7431630251705642,0.6742953267908275,0.620058504540802,0.7717826283753629,0.8589487635061626,0.8896142008648338,0.7629805018785799,0.0,0.8142626117445761,0.713543453657416,0.9980227067508705,0.8132284996598814,1.0,1.0,0.8404765607870378,0.7031502699135912,0.9688453801483462,0.8035479016097398,0.5372523907262372,0.7417448705682176,0.5698923690007929,0.6123938224715068,0.7131203570069469,0.657435159540474,0.9571109216608571,0.7109943928377399,0.5139769192580196,0.635025007717932,0.7286585878488114,0.6667296768188254,0.5639523637747473,0.6771933563391812
0.41429592860522096,0.6701961947162222,0.30034931355910666,0.6030692477580223,0.7724066442286525,0.47044519398269347,0.47988682635827173,0.515365274988219,0.49994854777654485,0.3496572130649338,0.4648477463613117,0.5231719851703007,0.5175468457493188,0.507052509607213,0.4811016223943465,0.5075885549568255,0.5432172217448555,0.5998588601121596,0.49996761730969824,0.5716475477965997,0.5563987894991795,0.7391975695704269,0.772480550410235,0.6505005079444108,0.8583697052703644,0.8801392691628283,0.8762399360430605,0.7828473311612835,0.8268251182089615,0.9286722205426002,0.9364533527749496,0.8665462602948826,0.8142626117445761,0.0,0.8105683473671784,0.8636373612740814,0.8981457355372583,0.899027666655788,0.924614005844124,0.5778469983357406,0.5128912917940074,0.8004505676400392,0.5899278409843498,0.39632679103568025,0.5974054045936696,0.40254181823069957,0.4492738358710178,0.5371891979074802,0.4772860187839045,0.7162386556535102,0.4993532563596984,0.3612217394967354,0.4832811018169313,0.5422491870685826,0.5059316396830581,0.40128836024911535,0.510598639084061
0.32151156634590505,0.815425411210574,0.30871966680575624,0.6759200982020755,0.857418235205789,0.3700818030170009,0.3860371211112318,0.4032013635766335,0.39084434471946006,0.2631784212539917,0.35458831372463084,0.4156955321846022,0.39305714616202153,0.37933194151677413,0.35482733368811353,0.38291454872546526,0.42029003025828665,0.4530975748618208,0.36542022483660963,0.4313039160329792,0.42393167142557076,0.6036628749298357,0.6321201298279959,0.5101653192583728,0.9790758952467464,0.8806858032135423,0.9690226256861263,0.7984675690328972,0.9372777396928547,0.9296077314934102,0.8220008699112487,0.9885187526428683,0.713543453657416,0.8105683473671784,0.0,0.7336787321511794,0.9175322445543636,0.785417416243208,0.7220518166577341,0.4552727680589817,0.3811761078308503,0.7264230986180392,0.4543862986418873,0.30646242041396293,0.443184489310683,0.31400512298649125,0.3426137221826235,0.39346986037574344,0.3667691553437336,0.556578842550735,0.37687275597852804,0.2736033052631612,0.38129247478531475,0.42060479270529066,0.3843200159659701,0.31499960378154146,0.3846881999435497
0.6336373543316914,0.5267826611563128,0.2548025128928981,0.4872657787993267,0.5783687159867954,0.6847061750919052,0.6725466979137824,0.7482966144619992,0.6919898927716112,0.4872157363279205,0.6738047307795865,0.70948974689239,0.7001052771777126,0.6567945084984297,0.6298176068184563,0.6673859062925543,0.6989566231154942,0.8160173157551086,0.6822119965525545,0.7719440243305783,0.7601798703790619,0.911149650577199,0.9517639588956195,0.8910702154908723,0.7197527216820456,0.7654858250636384,0.6864697703029908,0.5767153449685102,0.7341388478256111,0.8555105029219349,0.9013728486591148,0.7364831975027276,0.9980227067508705,0.8636373612740814,0.7336787321511794,0.0,0.8056495077757735,0.997838590620374,1.0,0.8261732962051327,0.7173538438447405,0.9924994686510417,0.7652654000908095,0.5344718377699368,0.7739452847451158,0.5561328808099057,0.6109482915406474,0.7019954941367749,0.6659325393011285,0.9152851524102654,0.663374586932572,0.5245146457195122,0.6457632015168354,0.7592556150526664,0.6588123633503392,0.5573472623896024,0.6472498581421325
