Cingulate area 2,Glomerular layer of the accessory olfactory bulb,Glomerular layer of the olfactory bulb,"Olfactory bulb, unspecified",Frontal association cortex,Cornu ammonis 3,Dentate gyrus,Cornu ammonis 2,Cornu ammonis 1,Fasciola cinereum,Subiculum,Postrhinal cortex,Presubiculum,Parasubiculum,Perirhinal area 35,Perirhinal area 36,Medial entorhinal cortex,Lateral entorhinal cortex,Primary auditory area,"Secondary auditory area, dorsal part","Secondary auditory area, ventral part","Piriform cortex, layer 1","Piriform cortex, layer 2","Piriform cortex, layer 3",Ventrolateral orbital area,Lateral orbital area,Ventral orbital area,Medial orbital area,Dorsolateral orbital area,Prelimbic area,Secondary motor area,Frontal association area 3,Primary motor area,"Agranular insular cortex, ventral area",Agranular insular cortex dorsal area,Cingulate area 1,Infralimbic area,Dysgranular insular cortex,Granular insular cortex,"Primary somatosensory area, forelimb representation","Primary somatosensory area, dysgranular zone","Primary somatosensory area, face representation",Secondary somatosensory area,"Primary somatosensory area, hindlimb representation","Agranular insular cortex, posterior area","Primary somatosensory area, barrel field",Retrosplenial dysgranular area,"Primary somatosensory area, trunk representation",Retrosplenial granular area,"Parietal association cortex, lateral area","Parietal association cortex, medial area","Parietal association cortex, posterior area",Primary visual area,"Secondary visual area, lateral part",Temporal association cortex,"Secondary visual area, medial part",Nucleus of the lateral olfactory tract
0.0,0.472790972477388,0.5868272356295717,0.671653399263994,0.9749880396874105,0.9700844299591738,0.8935570278744656,0.860241146648325,0.9678083083613231,0.9733362198757523,1.0,0.9912774572054913,0.9069543589165352,0.903631703987918,0.8556557732357414,0.90977147612575,0.9877195213945772,0.8611147518078944,0.8165695543552687,0.8369539686355527,0.8390734703106306,1.0,0.9001236178412116,0.9606691857506193,0.8727211134252957,0.9848026509910863,0.8164787080935731,0.7209122807375415,0.8866531534250399,0.9776621775920273,1.0,0.9463016776706539,0.994374494810542,0.8902834841267052,0.9570972683370639,1.0,0.9702997741331875,0.9028095071615695,0.9426704398183787,0.9651702156255656,0.9544772788797675,1.0,0.9169775321282386,1.0,0.8791683942128182,0.8984755323529872,0.9941535491968102,0.7959421781798015,0.9302372471333491,0.8721598934745578,0.7827994575181974,0.8553117468466808,0.9723087331627004,1.0,0.9511995325872843,0.9464965282967428,0.7195466889737214
0.472790972477388,0.0,0.558941131495665,0.6639738061041505,0.5309202345850746,0.37792970270721593,0.4040246777920697,0.3370428324749399,0.426484323978288,0.40271918257473494,0.4839301367602826,0.40312253724563085,0.579484099096176,0.33477018412180665,0.33546365512043663,0.40252512144217645,0.4037179049485024,0.34953078118635916,0.36349681424693664,0.3280242810171121,0.34606135899591534,0.422331438793507,0.4515008043504744,0.40835539154952705,0.6175615316200259,0.49016157545408484,0.6333694186342748,0.26494204891830625,0.39855165444746843,0.5561258662129515,0.4654165505575287,0.598779212437415,0.44455997335627806,0.38466521789618735,0.4411279504835857,0.44265953309372325,0.5387818692902355,0.5369069034097027,0.4695421259280503,0.364312441092593,0.37102565277465105,0.46764879000754633,0.4021558627465887,0.3798510423401071,0.41358028300783034,0.3184217961723741,0.40765720802245375,0.2927930303993749,0.49961230048726696,0.44296350071588186,0.43905923906448996,0.3255845373840991,0.4728290497387397,0.49656916453896344,0.423206352649365,0.42920936569030216,0.4675933551695221
0.5868272356295717,0.558941131495665,0.0,0.9796846578266782,0.674241645756121,0.5226677088085984,0.5756192594737013,0.49626995829478165,0.5504056611596003,0.5961801453293332,0.5682067197969124,0.6174736219745586,0.7512975047868512,0.5710861631703799,0.537456467277973,0.5098567698819152,0.6276484899768735,0.5097886493368828,0.4967655554750841,0.4592287507186212,0.5753253248036838,0.550168170323658,0.6351896228133994,0.5401755463617995,0.6172674039109101,0.6062816016641354,0.7101244253512489,0.4072387796843111,0.6489533243291064,0.6141426884586931,0.5773628011628775,0.671036458746039,0.5660986715480781,0.4886879858972769,0.614679555066601,0.5853872145636645,0.6778895002005176,0.770544297087262,0.6447065299049107,0.49591480403542204,0.5081274261310232,0.6453018555692259,0.5859473927336418,0.5603360632300046,0.5874483045806008,0.4507437942858084,0.656238917263741,0.41869381950477297,0.7812948672850216,0.49684763055412046,0.41806436269960673,0.44211291448176876,0.6865421382419012,0.6193896082229984,0.5622363501996658,0.6149703790849764,0.8384875366088737
0.671653399263994,0.6639738061041505,0.9796846578266782,0.0,0.7491046052399026,0.5625843138724597,0.6284264474464721,0.5395094529922371,0.6232842274995106,0.6578120006106307,0.6547504575896519,0.6684636947439501,0.7828511091798017,0.6472300990004873,0.5601825453379158,0.5661444582342401,0.6548947644375255,0.5554151033760524,0.5085174799579862,0.49393628655118726,0.5990499225923739,0.6179892445343399,0.6555857007961738,0.5912326711737652,0.7053458846488442,0.7139722403124917,0.790247923068741,0.4686033328390943,0.7503401505805462,0.7178308689590793,0.6462250807483837,0.7399726709228404,0.637826999528204,0.5348414125770776,0.695455926056228,0.6348664945144814,0.8112078513182747,0.7761335886672583,0.7423839208162645,0.5247955908583763,0.5582910451263873,0.6941975143216831,0.6288575699455649,0.584874516912049,0.6224264185765646,0.49922069053312185,0.699132378099686,0.4438114807030444,0.8109394338353203,0.5594584199602095,0.4518022280742184,0.5181444931217184,0.7686517361937198,0.6882411006658806,0.5915048844965106,0.6864290237987404,0.90434572430261
0.9749880396874105,0.5309202345850746,0.674241645756121,0.7491046052399026,0.0,0.8333082269959806,0.8825645402531623,0.7889533026640276,0.8486226233574414,0.8318599243554038,0.8591168010907148,0.917580283165836,0.9236292478175093,0.8268565863135003,0.8110707293791293,0.843272671913573,0.8762028588472397,0.7794565588648493,0.7242374415510295,0.7103386851716433,0.7702258713884086,0.8771705427323024,0.8266173474802758,0.8955905207461725,0.877804981669891,0.9486512317215098,0.8176440433038918,0.635731098827205,0.8273588828342007,0.901599866945783,0.9365257282966271,0.9906863655849164,0.8832061533048773,0.7746784514621893,0.8673383456071644,0.906520702610932,0.8750576235743258,0.9112209443740075,0.9105786727107703,0.8435402638598899,0.830490770405369,0.9209851824915483,0.7860770495879458,0.9228767419250371,0.7750209546316494,0.7556485216346694,0.9059306452666193,0.6954415296353356,0.9276821895081337,0.8525563508682635,0.7007335077276898,0.7357143271970799,0.8863198439973136,0.962037658910691,0.831740839699063,0.8372433584266923,0.7706517151270554
0.9700844299591738,0.37792970270721593,0.5226677088085984,0.5625843138724597,0.8333082269959806,0.0,0.9425745065692015,0.9302979278330646,0.9739476783569468,0.9545561489382632,0.8980198475059344,0.9499546699536412,0.8007862417624045,0.9008241293597478,0.9536480045252557,0.955685627316005,0.9456602050023919,0.972942188260655,0.9271983606344139,0.9531098034952056,0.9158271308233298,0.9121343550095464,0.8654314504555237,0.8665580859997686,0.7657974332818689,0.8934681427283206,0.7362164728599914,0.689371001886208,0.8050090934426848,0.7629060750546496,0.8784181695658996,0.7653510948216611,0.8962330991003404,0.8292966748537092,0.8232803501997935,0.866157348177276,0.7693104262525716,0.7558560011499726,0.7983290889902389,0.9397881577817151,0.9572465787103477,0.8638317124444066,0.9289832525915301,0.9780223763139749,0.847894864702746,0.9300524293882274,0.9173790239789592,0.9366387991654758,0.8182762778894334,0.9131433304642393,0.7286533552703506,0.9433989616257555,0.9010091785890628,0.8934046163425847,0.9507844068626097,0.8677616594557985,0.6165713218906067
0.8935570278744656,0.4040246777920697,0.5756192594737013,0.6284264474464721,0.8825645402531623,0.9425745065692015,0.0,0.920175771964951,0.9933292859525508,0.9150005568474346,0.8876156680170488,0.9761287767757919,0.8704584460952464,0.939075087981334,0.9067474406526245,0.9386095613934676,0.9933316183511247,0.88130821312073,0.8760071565337212,0.8425427767163931,0.9088702933886117,0.9128710781546704,0.8846354712225057,0.8922645711053875,0.7914904894557218,0.9107475075316146,0.74223050103824,0.6944935186740484,0.8056934215066007,0.8338612333668416,0.8794235342019644,0.823891281854388,0.8968656779203815,0.8011170421398975,0.8007568697400751,0.9462852420811358,0.8105992377048232,0.8600169336743125,0.889660334670344,0.8811038660092949,0.914354617909542,0.8906323818286493,0.8876018248101649,0.9469042206747709,0.8572897673958738,0.9150874456971952,0.9679325317460271,0.8794152904494438,0.9088973228370827,0.893444942313131,0.7062909039463989,0.8746054951767253,0.9371844138343272,0.9530841792374641,0.8973684487393893,0.8926745057000278,0.7045708333733323
0.860241146648325,0.3370428324749399,0.49626995829478165,0.5395094529922371,0.7889533026640276,0.9302979278330646,0.920175771964951,0.0,0.9671499406728268,0.8354745180716385,0.8207623160524723,0.8426155089665668,0.7185647831655042,0.9118611232649297,0.8787745446372945,0.9013920965116453,0.8450104429766538,0.8728978028792294,0.7786391685800591,0.840476863030673,0.8418856709106508,0.8342793297235077,0.7778258898945757,0.7154023315376645,0.6684914945910015,0.7862641529604788,0.6345889474843955,0.6769699828875979,0.7174321663198502,0.6641179470891357,0.7295657971142415,0.6714084875637789,0.7664847172694577,0.7061158632159676,0.7663893824604708,0.8296386708979843,0.7386210802743203,0.6840920231013867,0.7467501415748744,0.793349412641256,0.8902012490641691,0.752937502712318,0.7417463521696314,0.8551847660858193,0.7402109663222144,0.8682289169717405,0.8431978555784491,0.8895544229488387,0.8118178695461193,0.8017219579882288,0.6133317090950114,0.9273808424165031,0.84757723310753,0.7987730563720123,0.8463383267420186,0.8535015614033908,0.6230375590945749
0.9678083083613231,0.426484323978288,0.5504056611596003,0.6232842274995106,0.8486226233574414,0.9739476783569468,0.9933292859525508,0.9671499406728268,0.0,0.9387843595945051,0.9325928440316296,0.9383188620404134,0.8822056123582359,0.907377910733411,0.8934874736745333,0.9367507946507189,0.9794924407130888,0.9093643281977452,0.8380223852496339,0.8755255301749835,0.8865966389556718,1.0,0.8814981866338848,0.9073454446252014,0.8050150767657142,0.8708256987270931,0.7549264795348031,0.7314834889274678,0.7758528242438061,0.8217192719046745,0.9658269400094751,0.8129252847354229,0.8782192255988547,0.8007979316413267,0.8920728511834041,0.9499109470460113,0.848150137550083,0.8592677202298274,0.8394002154141678,0.9461160044623318,0.9699520672014903,0.9577075578209263,0.9097906361262351,0.9621635963184106,0.8544075295341783,0.8998031196375306,0.8538770548981516,0.891122878445107,0.9140416437942881,0.918679725702496,0.7753370341598939,0.8837520018812844,0.8901199842594009,0.9453152214428356,0.9392654165526403,0.882556721199007,0.6637570100990388
0.9733362198757523,0.40271918257473494,0.5961801453293332,0.6578120006106307,0.8318599243554038,0.9545561489382632,0.9150005568474346,0.8354745180716385,0.9387843595945051,0.0,0.8779401272701184,0.9628356510205854,0.7832604053436726,0.9155492685049678,0.8232191015745598,0.890450557806965,0.9281314400309086,0.8459436227719038,0.7946336529441171,0.8066814953385831,0.8776459531444394,0.8951635170853505,0.8178766334928077,0.8773559614307794,0.8159807659523176,0.8929177666567683,0.770713211743659,0.776072759162184,0.9743549124649834,0.7939846677670583,0.9209749195768598,0.798801443790238,0.932932172257673,0.8089429994469369,0.9520024561154515,0.9251417801149586,0.8543166842348743,0.8017645326791301,0.7783213464051654,0.8928554095116218,0.8959566824640838,0.9239203910060733,0.9141980405438068,0.9320655147620085,0.7742234120451621,0.8756472228712938,0.9228801232962732,0.7699241346099926,0.8411552469680723,0.7687309762960755,0.6123316465457492,0.9197748969383032,0.9171510352822853,0.9351941059014683,0.8859011571446802,0.8616154437477868,0.7277112741467803
1.0,0.4839301367602826,0.5682067197969124,0.6547504575896519,0.8591168010907148,0.8980198475059344,0.8876156680170488,0.8207623160524723,0.9325928440316296,0.8779401272701184,0.0,0.8709463740086107,0.8961998131861716,0.8547157883528212,0.8079785700677473,0.8957496894157075,0.8988983150559338,0.8578099380965564,0.8203390474801415,0.8624761737813,0.8090196036834817,0.8894227023839554,0.9182594061251838,0.909588264261317,0.8791156662833425,0.9029460525533062,0.8368537816300219,0.6099252191457101,0.6983938385858562,0.8610942814642637,0.9274222921934339,0.8730493320307235,0.880549158524324,0.8060539297052894,0.8229329654651734,0.9567386789358456,0.8057048848008702,0.8720711632535308,0.9351769613737207,0.8913573193773654,0.9255822268432746,0.9016652639130432,0.8470673295752768,0.8614741192761161,0.8802943654124332,0.8481576196511851,0.8438483772030256,0.8010348192033232,0.8837431763917,0.9385909707791499,0.8772137841887923,0.8144230441851218,0.8907486446740037,0.9201688959949879,0.9302252351721114,0.8550559471402026,0.6429959261274842
0.9912774572054913,0.40312253724563085,0.6174736219745586,0.6684636947439501,0.917580283165836,0.9499546699536412,0.9761287767757919,0.8426155089665668,0.9383188620404134,0.9628356510205854,0.8709463740086107,0.0,0.8633751759025066,0.9304812961804371,0.8547732118559777,0.8639880143783496,0.9774191560834845,0.8268416313561667,0.8467229164327146,0.8479354686327957,0.9301321790562651,0.9967403096596789,0.9288766621136378,0.9335906933917759,0.8165972842992556,0.8924468123080979,0.7926247993113054,0.738650148050785,0.8580457016533621,0.7909277145772342,0.9762733048520073,0.8587405238368417,0.9921139245315058,0.8541642098169898,0.943773520617841,1.0,0.8652434952003638,0.8766268483063119,0.927424545854106,0.9777344940431079,0.8954477095590111,0.9856725482937704,0.9543289099296683,0.9867420534616638,0.898398161990134,0.9068741068483958,1.0,0.876461840129652,0.9711197519190368,0.8799551690642923,0.6994569277039837,0.8434384703900181,0.9517163061109092,0.940516537746554,0.9195164577959625,0.9579778094308903,0.7284453126209803
0.9069543589165352,0.579484099096176,0.7512975047868512,0.7828511091798017,0.9236292478175093,0.8007862417624045,0.8704584460952464,0.7185647831655042,0.8822056123582359,0.7832604053436726,0.8961998131861716,0.8633751759025066,0.0,0.7875657355963043,0.7867668128957422,0.8711084323193695,0.9257567135133072,0.8127262237044871,0.7799931227046266,0.7117168153566626,0.8172277522836875,0.8591021046725078,0.8886285039688911,0.8294882623166236,0.8818013873172666,0.8273466018450527,0.8661673350097083,0.5367475860933598,0.7203833144612263,0.8924239162922843,0.8741647085416884,0.9864191599283969,0.8824548710866031,0.7145354913805638,0.7958780306658049,0.8778023698469891,0.9249633875850718,0.9610785227257762,0.9531258506003346,0.7974751738472612,0.7862576741015564,0.8930286717956546,0.82612132666934,0.8596307751499122,0.8916280981739982,0.7090624277300827,0.8735102014586578,0.6735480597723488,0.9808227460100419,0.8249534617972094,0.6797839564605059,0.6791706808262713,0.9144906700550293,0.9143268720715723,0.8728684904877849,0.8064629500761729,0.7571674079725085
0.903631703987918,0.33477018412180665,0.5710861631703799,0.6472300990004873,0.8268565863135003,0.9008241293597478,0.939075087981334,0.9118611232649297,0.907377910733411,0.9155492685049678,0.8547157883528212,0.9304812961804371,0.7875657355963043,0.0,0.9773494021630819,0.8586063080654602,0.9375766322229752,0.9429449429405362,0.7783553472836137,0.8414624913457084,0.9077315032613699,0.8556465495809243,0.8548408136820584,0.8265284250861,0.70837032443682,0.8353886007034339,0.7349156703905493,0.7161684944358567,0.8018745741189718,0.7033653184174268,0.8596012853527428,0.7187614814926779,0.8156282207729247,0.7691675957836859,0.8464642757099972,0.9532230861837445,0.7379570219718794,0.7933872763081717,0.8067323457345544,0.8242518905882882,0.8723002602646691,0.8635868597296509,0.8472213166132019,0.8616427966704769,0.8236060485811533,0.8808185782099798,0.9023801787255099,0.9311526364991956,0.8259620277024335,0.8223140618247327,0.5884671100073235,0.944794495496736,0.8894764983258355,0.8171131633696438,0.8330017310680238,0.9228675969361255,0.7059357113140281
0.8556557732357414,0.33546365512043663,0.537456467277973,0.5601825453379158,0.8110707293791293,0.9536480045252557,0.9067474406526245,0.8787745446372945,0.8934874736745333,0.8232191015745598,0.8079785700677473,0.8547732118559777,0.7867668128957422,0.9773494021630819,0.0,0.9207435694026668,0.9695759282375397,0.9685827682250647,0.8910741278899207,0.9106643691485486,0.889429790082457,0.9058000165582062,0.8612164927455077,0.8512861090059456,0.6747706094581801,0.7826004928402258,0.640531599922508,0.6726429833058384,0.7170482176866992,0.7307350957588028,0.9002720873592307,0.7096522511542691,0.7968356125307302,0.7576526530247213,0.7826755396786412,0.858748501028071,0.7103356001836013,0.7999352947418545,0.901548527652325,0.8855848392101754,0.9033813855699038,0.8615467945377613,0.8862255745012458,0.9087614888585254,0.8740279647558135,0.8676038906685505,0.9183383059542586,0.9258578195971718,0.8430167825560809,0.936496765100087,0.6491211197976751,0.913775488230134,0.9191777248954297,0.8536373203751835,0.9001858507406707,0.9110668207568964,0.651771444115503
0.90977147612575,0.40252512144217645,0.5098567698819152,0.5661444582342401,0.843272671913573,0.955685627316005,0.9386095613934676,0.9013920965116453,0.9367507946507189,0.890450557806965,0.8957496894157075,0.8639880143783496,0.8711084323193695,0.8586063080654602,0.9207435694026668,0.0,1.0,0.9988934331547482,0.9554990958340045,0.9175297690508479,0.8764321851828016,0.9324367057731963,0.8779588109442531,0.8380960620944065,0.7606307691885099,0.7941151603395041,0.6739104331682579,0.6129840060370778,0.6689286158624419,0.778551599899445,0.8510327867737757,0.8165215464750618,0.8343459669351034,0.7708547627805324,0.7877105395980198,0.9103785212788579,0.7685950006975888,0.7793841308930625,0.9140778307911246,0.9421440274972821,0.9731037664748315,0.8228473739234078,0.8558912007371837,0.9146139034759702,0.8365420295586272,0.8858934055521022,0.8564437810924915,0.9188465420182409,0.8760033895260986,0.984100159097265,0.7815660205480458,0.9092932261539644,0.8843769976034763,0.9533552147953955,0.9164310957137609,0.844938864675599,0.5959200839077816
0.9877195213945772,0.4037179049485024,0.6276484899768735,0.6548947644375255,0.8762028588472397,0.9456602050023919,0.9933316183511247,0.8450104429766538,0.9794924407130888,0.9281314400309086,0.8988983150559338,0.9774191560834845,0.9257567135133072,0.9375766322229752,0.9695759282375397,1.0,0.0,1.0,0.9659274974343526,0.9272522259326532,0.9739245469572344,0.9958104082848364,0.952285653270312,0.8976148363999724,0.823560418670846,0.8678892727385281,0.7317745636582601,0.6940515853690082,0.8173330359331767,0.8111691777638397,0.9001906364678751,0.831594457686926,0.9732906070154653,0.8686157531257945,0.8823784250531833,0.9569856529544166,0.8344134355115993,0.9014302220357727,1.0,0.9829812760250983,0.9518145516780512,0.9915339112754001,0.9852191489947694,1.0,0.9846004654353031,0.9495069054327451,0.9968980632042498,0.876766492293419,0.9977070643588553,0.9200609235883328,0.6938002517375896,0.9136432017248205,0.9441792927702408,0.9670464529815921,0.9896597176702723,0.9746045904735913,0.6976413207821153
0.8611147518078944,0.34953078118635916,0.5097886493368828,0.5554151033760524,0.7794565588648493,0.972942188260655,0.88130821312073,0.8728978028792294,0.9093643281977452,0.8459436227719038,0.8578099380965564,0.8268416313561667,0.8127262237044871,0.9429449429405362,0.9685827682250647,0.9988934331547482,1.0,0.0,0.9378334578372235,0.922476753471826,0.979717662467599,0.9009959051271472,0.80939256270827,0.827848851926413,0.6936187820518662,0.7973445548398879,0.6409400402917719,0.6213252938419082,0.7675097625922223,0.6976937853826409,0.8806366830758064,0.73503187919638,0.8610969526557204,0.7448711316205977,0.7517545723274236,0.8870660799635983,0.7417336348731092,0.8305291856089314,0.8546719739677957,0.8963283345132697,0.9493180490942815,0.8532751253082869,0.8901767551983819,0.9735151558892601,0.9177662675770296,0.940292690675808,0.8807084732497806,0.8847664854398971,0.9027956907781665,0.8848309278031449,0.6871581229898118,0.8652685140202845,0.8839950839973708,0.9114517797048295,0.9056228198288013,0.8445989851530603,0.6166830181394162
0.8165695543552687,0.36349681424693664,0.4967655554750841,0.5085174799579862,0.7242374415510295,0.9271983606344139,0.8760071565337212,0.7786391685800591,0.8380223852496339,0.7946336529441171,0.8203390474801415,0.8467229164327146,0.7799931227046266,0.7783553472836137,0.8910741278899207,0.9554990958340045,0.9659274974343526,0.9378334578372235,0.0,0.905299330312792,0.8731206358053766,0.8827617411080667,0.782262593468664,0.8275435766461255,0.6750481692050767,0.7653601341411997,0.5962215991207205,0.5787959280074813,0.6598153882882722,0.7166135705310722,0.8320708546015371,0.7080192634849536,0.8529700478056484,0.7219645330576487,0.6961709569906165,0.8464855281177286,0.7275179227824946,0.7629643881050093,0.8041173795001886,0.8874363597541751,0.9299813752250138,0.818621653581561,0.8802618848861679,0.9193228612005164,0.8710315604117497,0.8850326105432116,0.8540325193613395,0.7904233532828545,0.8181132298167321,0.9433175902099654,0.6857115772656487,0.7988620970059254,0.8263134204170889,0.8602574423100448,0.8988898719023943,0.7895397195198305,0.5704490968701591
0.8369539686355527,0.3280242810171121,0.4592287507186212,0.49393628655118726,0.7103386851716433,0.9531098034952056,0.8425427767163931,0.840476863030673,0.8755255301749835,0.8066814953385831,0.8624761737813,0.8479354686327957,0.7117168153566626,0.8414624913457084,0.9106643691485486,0.9175297690508479,0.9272522259326532,0.922476753471826,0.905299330312792,0.0,0.8413398598702581,0.839439003147756,0.7715627697256725,0.8402665988915513,0.6517289601917025,0.7295741335747735,0.6022050202999277,0.6301382317050749,0.7071783464271316,0.6814759442372293,0.8251703814835146,0.6668278497996639,0.7930006534283377,0.7122178915266306,0.6937759595848011,0.842458586644912,0.713281132936849,0.7051192948687931,0.7711163639218258,0.9499790626706847,0.8895040445058927,0.7612900367004234,0.825195919848905,0.8696666996931256,0.8031701395716224,0.8919158727935625,0.8213902125093504,0.9347022437421367,0.7471504952707592,0.851879071302343,0.6185644097489328,0.8762368337605324,0.8416410971624646,0.8431379190097082,0.8699721296366177,0.762072411905955,0.5603758214497603
0.8390734703106306,0.34606135899591534,0.5753253248036838,0.5990499225923739,0.7702258713884086,0.9158271308233298,0.9088702933886117,0.8418856709106508,0.8865966389556718,0.8776459531444394,0.8090196036834817,0.9301321790562651,0.8172277522836875,0.9077315032613699,0.889429790082457,0.8764321851828016,0.9739245469572344,0.979717662467599,0.8731206358053766,0.8413398598702581,0.0,0.8874553776244996,0.7991629704641777,0.8216907203326407,0.6914724721633853,0.8005426660912512,0.6448993273875494,0.586923975401767,0.762018627534914,0.7335373534697714,0.819053816856898,0.7239330448066239,0.8176138633400064,0.7035534305822223,0.7085209858229188,0.8726114945744938,0.7875901992921122,0.7758317397007308,0.8596989963094254,0.8504225768390152,0.8799827455591559,0.916632660057256,0.9243888337521555,0.94310489846095,0.9089114632851543,0.8192919294844959,0.9651101579597154,0.8598999377577419,0.8810926058891203,0.8621694818053336,0.5895322226186227,0.7988455494362467,0.8734552327803508,0.9128850165771922,0.9605642882166847,0.84544557987328,0.6595883501448333
1.0,0.422331438793507,0.550168170323658,0.6179892445343399,0.8771705427323024,0.9121343550095464,0.9128710781546704,0.8342793297235077,1.0,0.8951635170853505,0.8894227023839554,0.9967403096596789,0.8591021046725078,0.8556465495809243,0.9058000165582062,0.9324367057731963,0.9958104082848364,0.9009959051271472,0.8827617411080667,0.839439003147756,0.8874553776244996,0.0,0.9432699702622636,1.0,0.8593338220051615,0.9865433287597567,0.8071192973216651,0.7279610613903901,0.8174807815048886,0.9346011360592165,1.0,0.8437321791298478,0.9910981537084792,0.964908373643253,0.9452951455737538,0.9944373779286866,0.8237178945564828,0.9064790936121663,0.9619926905359748,0.9735029219497742,0.9414324007192475,0.9946686458429499,0.9491744130277097,0.9684170913221244,0.9093780570890614,0.8946244924591946,0.940417860973026,0.7777249528285178,0.9423316409617326,0.9208108336900463,0.8006573103830171,0.855345604837341,0.91116017290338,0.9233322303272941,0.9353169913061264,0.9017484229671967,0.6386713600511286
0.9001236178412116,0.4515008043504744,0.6351896228133994,0.6555857007961738,0.8266173474802758,0.8654314504555237,0.8846354712225057,0.7778258898945757,0.8814981866338848,0.8178766334928077,0.9182594061251838,0.9288766621136378,0.8886285039688911,0.8548408136820584,0.8612164927455077,0.8779588109442531,0.952285653270312,0.80939256270827,0.782262593468664,0.7715627697256725,0.7991629704641777,0.9432699702622636,0.0,0.9308080091516616,0.8164956837724586,0.8589611849516257,0.8550327383183917,0.6699600537162228,0.7401668997370894,0.7727826644640684,0.9211514317350582,0.8184662130324317,0.9203501761360025,0.7994176838543182,0.8638661421509195,0.9680316352190408,0.7696812463567103,0.9121317235539521,0.9748254780218291,0.9006151518809621,0.8450524148012837,0.9593268973406869,0.8728445791567927,0.8677698250892943,0.9059672850457647,0.7767063272491626,0.8611225176725376,0.7939393332528304,0.9026678767520802,0.8683072926910947,0.7598575451947018,0.7891961514417121,0.9433467849017583,0.8458559003173585,0.9391237296469643,0.8097947757024101,0.6260231506085042
0.9606691857506193,0.40835539154952705,0.5401755463617995,0.5912326711737652,0.8955905207461725,0.8665580859997686,0.8922645711053875,0.7154023315376645,0.9073454446252014,0.8773559614307794,0.909588264261317,0.9335906933917759,0.8294882623166236,0.8265284250861,0.8512861090059456,0.8380960620944065,0.8976148363999724,0.827848851926413,0.8275435766461255,0.8402665988915513,0.8216907203326407,1.0,0.9308080091516616,0.0,0.8104385793537069,0.8863725544405365,0.7540337528805064,0.6777930981027779,0.82112855384885,0.8471322621673155,0.9695547359168503,0.8556149156773394,0.9289589173499501,0.9034011482799008,0.90521076556198,0.9255544845830718,0.8209022699211082,0.8770083112470858,0.8613081704528145,0.9092907401032675,0.8552967839457948,0.9273739938477137,0.8984520251616833,0.9679056638454883,0.8756407993768207,0.8890030657794632,0.8594328434224912,0.7902792364814804,0.8102659608241988,0.8911511658974283,0.7422765375056729,0.8069489438117075,0.910876263978385,0.8826108899420487,0.855616502558241,0.8313757746824803,0.5972011722001335
0.8727211134252957,0.6175615316200259,0.6172674039109101,0.7053458846488442,0.877804981669891,0.7657974332818689,0.7914904894557218,0.6684914945910015,0.8050150767657142,0.8159807659523176,0.8791156662833425,0.8165972842992556,0.8818013873172666,0.70837032443682,0.6747706094581801,0.7606307691885099,0.823560418670846,0.6936187820518662,0.6750481692050767,0.6517289601917025,0.6914724721633853,0.8593338220051615,0.8164956837724586,0.8104385793537069,0.0,0.8856598457529932,0.9741720575887584,0.537347097113262,0.7167225425444883,0.9041298743487164,0.8537291833768587,0.9283952813441748,0.8348839515295947,0.7296891129295959,0.7779458862060107,0.8460719572538208,0.8013480060036814,0.865492912448146,0.8745317645000902,0.7095358866560795,0.7143629456869819,0.849632169704799,0.6958214275414613,0.7420694428099093,0.6979222926425322,0.6564974339342529,0.8213402232885726,0.6283571163129975,0.873127925693811,0.8048086287791091,0.7596573188915567,0.6906940701192789,0.8498642548804317,0.8508338206842492,0.7964676261560591,0.8163503282827597,0.6517241709366016
0.9848026509910863,0.49016157545408484,0.6062816016641354,0.7139722403124917,0.9486512317215098,0.8934681427283206,0.9107475075316146,0.7862641529604788,0.8708256987270931,0.8929177666567683,0.9029460525533062,0.8924468123080979,0.8273466018450527,0.8353886007034339,0.7826004928402258,0.7941151603395041,0.8678892727385281,0.7973445548398879,0.7653601341411997,0.7295741335747735,0.8005426660912512,0.9865433287597567,0.8589611849516257,0.8863725544405365,0.8856598457529932,0.0,0.9015181585041713,0.6984444132828119,0.8729541500069985,0.9420467613087317,0.9186298004711364,0.8925004116142895,0.9268275780849988,0.8300964143335118,0.9643775063836143,0.9620947365925087,0.8931822756380663,0.894640799628496,0.8989371661899952,0.8330330110102029,0.7943893532898687,0.9176387610955152,0.8568002491623837,0.8573531000918584,0.7566569291829378,0.7877811451972587,0.8834160603516575,0.69662013586602,0.9149111086430955,0.8012960326270475,0.70515239460609,0.8478692178590226,0.9302527116560542,0.8900888049486109,0.8047215667398676,0.8182505951900498,0.7437231902376324
0.8164787080935731,0.6333694186342748,0.7101244253512489,0.790247923068741,0.8176440433038918,0.7362164728599914,0.74223050103824,0.6345889474843955,0.7549264795348031,0.770713211743659,0.8368537816300219,0.7926247993113054,0.8661673350097083,0.7349156703905493,0.640531599922508,0.6739104331682579,0.7317745636582601,0.6409400402917719,0.5962215991207205,0.6022050202999277,0.6448993273875494,0.8071192973216651,0.8550327383183917,0.7540337528805064,0.9741720575887584,0.9015181585041713,0.0,0.5589610902262584,0.6805708221459245,0.8547671615913696,0.8137380070843635,0.9085000699284668,0.8153076742773159,0.7379299840239681,0.8453851861889012,0.8195699489496158,0.7716062243865043,0.8254298592036654,0.8432609878814052,0.6605363347911857,0.6671009115796521,0.8575756049824131,0.7253909140817991,0.6953079344714332,0.7087295762044107,0.621810769200368,0.768173608485713,0.5872975726920879,0.8232132106488235,0.6978846581190763,0.6786129970710824,0.6702283244091986,0.832636984035,0.759119910572405,0.7392336761182406,0.7623300907715513,0.7196149980794407
0.7209122807375415,0.26494204891830625,0.4072387796843111,0.4686033328390943,0.635731098827205,0.689371001886208,0.6944935186740484,0.6769699828875979,0.7314834889274678,0.776072759162184,0.6099252191457101,0.738650148050785,0.5367475860933598,0.7161684944358567,0.6726429833058384,0.6129840060370778,0.6940515853690082,0.6213252938419082,0.5787959280074813,0.6301382317050749,0.586923975401767,0.7279610613903901,0.6699600537162228,0.6777930981027779,0.537347097113262,0.6984444132828119,0.5589610902262584,0.0,0.7249270012008968,0.5990707084168913,0.6848608003074279,0.5591716767792956,0.7005047795698676,0.7827454647838248,0.8333396807829704,0.7221697359827558,0.5947678446285606,0.5908175984400889,0.6181544547414571,0.6741317964107115,0.6626460442091155,0.6707927543307108,0.6610445916315565,0.7155701412356246,0.5749750986730701,0.7080005647799414,0.6314042822508832,0.6537670627330786,0.5780485411034261,0.5426993082415397,0.48657018206334185,0.7307831121258345,0.6530807588043773,0.5876182300624148,0.6150307432720821,0.6746033194590327,0.4878699582174139
0.8866531534250399,0.39855165444746843,0.6489533243291064,0.7503401505805462,0.8273588828342007,0.8050090934426848,0.8056934215066007,0.7174321663198502,0.7758528242438061,0.9743549124649834,0.6983938385858562,0.8580457016533621,0.7203833144612263,0.8018745741189718,0.7170482176866992,0.6689286158624419,0.8173330359331767,0.7675097625922223,0.6598153882882722,0.7071783464271316,0.762018627534914,0.8174807815048886,0.7401668997370894,0.82112855384885,0.7167225425444883,0.8729541500069985,0.6805708221459245,0.7249270012008968,0.0,0.7873462817282535,0.8157930632513024,0.756822406234014,0.854474594625277,0.7464524182165809,0.8566831527441164,0.8380930191882279,0.8867475731913982,0.8077261806212334,0.7724708319425845,0.7474009775689338,0.7876320238103476,0.8720232109678747,0.8466549690865929,0.8368214541906318,0.7675492527170233,0.7721709533332046,0.888380513052164,0.6187636444065324,0.836184016450837,0.6441676777089117,0.5125049173847097,0.7508918668333497,0.8498757083130902,0.8025055690481796,0.7610863463570829,0.8258420905801972,0.8001110022727143
0.9776621775920273,0.5561258662129515,0.6141426884586931,0.7178308689590793,0.901599866945783,0.7629060750546496,0.8338612333668416,0.6641179470891357,0.8217192719046745,0.7939846677670583,0.8610942814642637,0.7909277145772342,0.8924239162922843,0.7033653184174268,0.7307350957588028,0.778551599899445,0.8111691777638397,0.6976937853826409,0.7166135705310722,0.6814759442372293,0.7335373534697714,0.9346011360592165,0.7727826644640684,0.8471322621673155,0.9041298743487164,0.9420467613087317,0.8547671615913696,0.5990707084168913,0.7873462817282535,0.0,0.9001930902327161,0.9284126548446002,0.9004885386792564,0.8269870671647848,0.8778696918843333,0.906255992954432,0.917079199624344,0.9483093869897893,0.808246507077372,0.792681665549952,0.7683424550413462,0.9471636326729251,0.8089289896514053,0.8307985550290837,0.7963442471978713,0.7326818988124656,0.8447166803091771,0.615224087441665,0.854806195764994,0.7671358301721932,0.7278687887707439,0.6978465078731634,0.8412698879114262,0.9278066986834467,0.7740952779371155,0.7729779347826984,0.7069476182064824
1.0,0.4654165505575287,0.5773628011628775,0.6462250807483837,0.9365257282966271,0.8784181695658996,0.8794235342019644,0.7295657971142415,0.9658269400094751,0.9209749195768598,0.9274222921934339,0.9762733048520073,0.8741647085416884,0.8596012853527428,0.9002720873592307,0.8510327867737757,0.9001906364678751,0.8806366830758064,0.8320708546015371,0.8251703814835146,0.819053816856898,1.0,0.9211514317350582,0.9695547359168503,0.8537291833768587,0.9186298004711364,0.8137380070843635,0.6848608003074279,0.8157930632513024,0.9001930902327161,0.0,0.9062276766897067,1.0,0.9276781655275305,0.9875764452816892,1.0,0.8361098730956035,0.9449037439815411,0.964411925727005,0.9911189654372946,0.9252928266164316,0.9891033449273137,0.9343137896153949,0.9806773941012965,0.8421684832561543,0.8169017835653329,0.8872253144133958,0.7801611261316456,0.9106762781982294,0.8913658030968452,0.7792026542880679,0.8545875588164972,0.9453614204683427,0.8867716802364801,0.8958388697849718,0.8658187131308127,0.6693648631652818
0.9463016776706539,0.598779212437415,0.671036458746039,0.7399726709228404,0.9906863655849164,0.7653510948216611,0.823891281854388,0.6714084875637789,0.8129252847354229,0.798801443790238,0.8730493320307235,0.8587405238368417,0.9864191599283969,0.7187614814926779,0.7096522511542691,0.8165215464750618,0.831594457686926,0.73503187919638,0.7080192634849536,0.6668278497996639,0.7239330448066239,0.8437321791298478,0.8184662130324317,0.8556149156773394,0.9283952813441748,0.8925004116142895,0.9085000699284668,0.5591716767792956,0.756822406234014,0.9284126548446002,0.9062276766897067,0.0,0.880234177620998,0.7987686335359879,0.8892388885029071,0.919678960515586,0.9425977725957763,0.9244204827102819,0.8910047520920455,0.7569115096657928,0.7808510069072749,0.8839885470023104,0.8614447991577981,0.7985723991668348,0.7827368527004048,0.71777178913203,0.786010194545541,0.61393892013865,0.8637496413280966,0.8047975221269048,0.7090176522907684,0.7015898979948432,0.891021808932949,0.8527861821969409,0.7792209649112674,0.8417079940111185,0.7051376858284645
0.994374494810542,0.44455997335627806,0.5660986715480781,0.637826999528204,0.8832061533048773,0.8962330991003404,0.8968656779203815,0.7664847172694577,0.8782192255988547,0.932932172257673,0.880549158524324,0.9921139245315058,0.8824548710866031,0.8156282207729247,0.7968356125307302,0.8343459669351034,0.9732906070154653,0.8610969526557204,0.8529700478056484,0.7930006534283377,0.8176138633400064,0.9910981537084792,0.9203501761360025,0.9289589173499501,0.8348839515295947,0.9268275780849988,0.8153076742773159,0.7005047795698676,0.854474594625277,0.9004885386792564,1.0,0.880234177620998,0.0,0.9465047376117276,0.9557336319567759,0.9597847195141223,0.8811442125111596,0.8927262440140906,0.9881646837380643,0.95964898826636,0.9439337070544452,0.9706728997841008,0.9360144299596931,0.9295078556100763,0.8721592195830128,0.8803494432961385,0.943139674960267,0.7667765288489482,0.9078001824248543,0.8988099715763638,0.7459602585572634,0.8554745497838253,0.9609849417054517,0.9133094615287993,0.8860451104470857,0.8955552886441538,0.6884704113903773
0.8902834841267052,0.38466521789618735,0.4886879858972769,0.5348414125770776,0.7746784514621893,0.8292966748537092,0.8011170421398975,0.7061158632159676,0.8007979316413267,0.8089429994469369,0.8060539297052894,0.8541642098169898,0.7145354913805638,0.7691675957836859,0.7576526530247213,0.7708547627805324,0.8686157531257945,0.7448711316205977,0.7219645330576487,0.7122178915266306,0.7035534305822223,0.964908373643253,0.7994176838543182,0.9034011482799008,0.7296891129295959,0.8300964143335118,0.7379299840239681,0.7827454647838248,0.7464524182165809,0.8269870671647848,0.9276781655275305,0.7987686335359879,0.9465047376117276,0.0,0.8789757196281982,0.8908234768926748,0.7193955906419337,0.8099246007048558,0.8154912991914787,0.8905691911464059,0.8136112118365294,0.8655680654121689,0.860171303579341,0.8198167872402977,0.7187770970372587,0.7730364725286908,0.8001657468416277,0.7254617214377147,0.7914529140140948,0.7598274589185893,0.745456097221769,0.7658465236182699,0.7925903116358359,0.7267126645350831,0.7419406682261487,0.7703240454485377,0.5430421260334157
0.9570972683370639,0.4411279504835857,0.614679555066601,0.695455926056228,0.8673383456071644,0.8232803501997935,0.8007568697400751,0.7663893824604708,0.8920728511834041,0.9520024561154515,0.8229329654651734,0.943773520617841,0.7958780306658049,0.8464642757099972,0.7826755396786412,0.7877105395980198,0.8823784250531833,0.7517545723274236,0.6961709569906165,0.6937759595848011,0.7085209858229188,0.9452951455737538,0.8638661421509195,0.90521076556198,0.7779458862060107,0.9643775063836143,0.8453851861889012,0.8333396807829704,0.8566831527441164,0.8778696918843333,0.9875764452816892,0.8892388885029071,0.9557336319567759,0.8789757196281982,0.0,0.9458936166859162,0.87393077563907,0.8848469822968804,0.8162994175030246,0.830689071669426,0.7872044865877414,0.9875998134091747,0.8072064081588751,0.8547439226990249,0.7792025383767484,0.7910471884910363,0.8311811483712138,0.6959328860107741,0.8534881248698829,0.7826967879295563,0.6681143472795318,0.7931042051168441,0.9030278085254537,0.811140863070189,0.7691940697910605,0.85185425857777,0.674947086337449
1.0,0.44265953309372325,0.5853872145636645,0.6348664945144814,0.906520702610932,0.866157348177276,0.9462852420811358,0.8296386708979843,0.9499109470460113,0.9251417801149586,0.9567386789358456,1.0,0.8778023698469891,0.9532230861837445,0.858748501028071,0.9103785212788579,0.9569856529544166,0.8870660799635983,0.8464855281177286,0.842458586644912,0.8726114945744938,0.9944373779286866,0.9680316352190408,0.9255544845830718,0.8460719572538208,0.9620947365925087,0.8195699489496158,0.7221697359827558,0.8380930191882279,0.906255992954432,1.0,0.919678960515586,0.9597847195141223,0.8908234768926748,0.9458936166859162,0.0,0.8263327503772719,0.938569335238335,0.8915014115361718,0.9008768624569266,0.8801130161504309,0.9761320387249226,0.896654201404212,1.0,0.9142100341055419,0.889355758784739,0.9475909626649757,0.7940215801308937,0.9217592399791961,0.91298513294887,0.7332863071628872,0.8794721086453103,0.9422513528838063,0.9421023416268712,0.9150615785180855,0.9359569337998652,0.6958012762770701
