Cingulate area 2,Glomerular layer of the accessory olfactory bulb,Glomerular layer of the olfactory bulb,"Olfactory bulb, unspecified",Frontal association cortex,Cornu ammonis 3,Dentate gyrus,Cornu ammonis 2,Cornu ammonis 1,Fasciola cinereum,Subiculum,Postrhinal cortex,Presubiculum,Parasubiculum,Perirhinal area 35,Perirhinal area 36,Medial entorhinal cortex,Lateral entorhinal cortex,Primary auditory area,"Secondary auditory area, dorsal part","Secondary auditory area, ventral part","Piriform cortex, layer 1","Piriform cortex, layer 2","Piriform cortex, layer 3",Ventrolateral orbital area,Lateral orbital area,Ventral orbital area,Medial orbital area,Dorsolateral orbital area,Prelimbic area,Secondary motor area,Frontal association area 3,Primary motor area,"Agranular insular cortex, ventral area",Agranular insular cortex dorsal area,Cingulate area 1,Infralimbic area,Dysgranular insular cortex,Granular insular cortex,"Primary somatosensory area, forelimb representation","Primary somatosensory area, dysgranular zone","Primary somatosensory area, face representation",Secondary somatosensory area,"Primary somatosensory area, hindlimb representation","Agranular insular cortex, posterior area","Primary somatosensory area, barrel field",Retrosplenial dysgranular area,"Primary somatosensory area, trunk representation",Retrosplenial granular area,"Parietal association cortex, lateral area","Parietal association cortex, medial area","Parietal association cortex, posterior area",Primary visual area,"Secondary visual area, lateral part",Temporal association cortex,"Secondary visual area, medial part",Nucleus of the lateral olfactory tract
0.0,0.29006892057402045,0.36783552913587203,0.4008486318698694,0.4896043635087054,0.6904945187322242,0.7754601645515253,0.7197171154583396,0.8209550605428956,0.9135709541029028,0.8077470503801859,0.7373323033138232,0.740052327261404,0.8089922239571896,0.6929846237602151,0.7294895474251872,0.8212113110603447,0.6456045328589721,0.6706572695020786,0.6346351237492985,0.645395958079597,0.7450979817637723,0.7120695607802526,0.8342113007490042,0.6029799551792856,0.6705829574634564,0.6154790800507636,0.5801729699404207,0.6379855226714705,0.6809317138523007,0.7249843251875037,0.6144532369984501,0.8551948088075771,0.6653319716020263,0.6600698244820904,0.8455104477772475,0.7887526265534168,0.711954249542617,0.6537593785259522,0.8601562960268714,0.8791666704330908,0.6885123734244484,0.822324848013705,0.7508458099742457,0.5993769732960982,0.7592292313831677,0.9431358296635128,0.816381456795512,0.8518957922420423,0.9222677043518144,0.5633638053343811,0.6895175155213951,0.786889090225475,0.7015622440267157,0.7276022396054479,0.8879213541374104,0.7109855845731708
0.29006892057402045,0.0,0.7456428466820381,0.7839934591288107,0.6259398575403647,0.5013270198168702,0.3878255369000415,0.5161488714266769,0.4248019575495073,0.39139407403069487,0.4281647999910226,0.4176448548387516,0.3724333812009777,0.3869048295985177,0.4605615672204679,0.4600903732508791,0.3700470030991113,0.5042407354995685,0.48396530741268995,0.5667950426534885,0.5157288098894751,0.45143971800815025,0.4696998425049186,0.41603624099593833,0.5560686398105863,0.43187099788249744,0.4606999835184445,0.5366297869531866,0.4550502166300646,0.5180956796714765,0.3781154926511713,0.47225447815872046,0.3301262746106996,0.40566682905091567,0.3780681515625474,0.32655190698915176,0.3923966073260616,0.4601431426114549,0.48961866066684806,0.3073292234554547,0.2845133766073,0.47046940297552986,0.4494454298549962,0.37511903751719905,0.4296397616976432,0.36298016424790247,0.3269774412744407,0.3903933072819464,0.3519992776868499,0.28868049795174067,0.1480575779272169,0.42785621658798456,0.41936997072395243,0.46115809023632875,0.4555325853329112,0.29818399132672485,0.2670464118549035
0.36783552913587203,0.7456428466820381,0.0,0.8807725856848853,0.8272958287148904,0.5645683852448786,0.4601921901214348,0.5971219169166296,0.4984255366759065,0.4516112795946011,0.527370744286188,0.5481707845825398,0.4468826373752532,0.43598338465834974,0.5682510926401607,0.624922403523783,0.4407675454331529,0.6339557111594617,0.6934663988092685,0.7299215324531704,0.6637767341143045,0.5275318953123365,0.5262331497114293,0.49456441366667153,0.5119898851080404,0.5299456553049715,0.45422025811887723,0.5776191746736118,0.6219979370258503,0.5806728907730707,0.4848245140374797,0.5785737726038993,0.40116311012488837,0.5247324499891429,0.49790119852466286,0.4333816489372665,0.5228250827990354,0.5692756252440054,0.5745015060999515,0.3500190313803904,0.3575711756987897,0.5590026360519721,0.498538504936445,0.4056149734255931,0.4733558980026386,0.42083584051015843,0.3877619232654058,0.5018333551582915,0.4105272472942648,0.389656420895457,0.18703442600969267,0.556432636621464,0.5117843014736669,0.5995626107574145,0.5598238980415967,0.3586561836889577,0.34306148417854515
0.4008486318698694,0.7839934591288107,0.8807725856848853,0.0,0.9067941390535998,0.6428024620645338,0.5013274448232724,0.6669976475525898,0.5765199937644037,0.535157432181421,0.5720626132998652,0.5721101633921779,0.48940599245264016,0.5083957008664332,0.5916046266397669,0.6443937092611074,0.48091261858153,0.6989934817348349,0.6863193488869433,0.7824674267367884,0.6884426165210654,0.6123148500660355,0.6230523448841297,0.5660794326690933,0.6269740824014501,0.6208336551027972,0.5203625925014018,0.638685893725813,0.6614538093328309,0.6721614038025534,0.5450603956309316,0.6195940340839774,0.46126706889599967,0.5664154864825047,0.5366475864465493,0.4709256569266414,0.5854949451567136,0.5856065082188494,0.5855795398842463,0.4072590143892057,0.39994024816597185,0.6330144782934749,0.5273194167222256,0.4636658149286245,0.47705948681475036,0.47917055825851884,0.45763638285465547,0.5670067928657185,0.4836186058966193,0.44742400432111135,0.20516261784114567,0.5927138085420135,0.5760395878724762,0.6390483041561077,0.5985784216316934,0.39955390717840256,0.3768809234417563
0.4896043635087054,0.6259398575403647,0.8272958287148904,0.9067941390535998,0.0,0.6731297656871453,0.5673775687618989,0.7055056123640481,0.6269938108806574,0.6309758912584582,0.6407720996233849,0.6412470744963402,0.5364530465989235,0.5309791157821477,0.6305905016515966,0.7322329178822612,0.5552591252614056,0.7036814931064368,0.7466909200291464,0.8753495426772101,0.716986351277147,0.6521496106355819,0.6229412060354279,0.6228338508364211,0.6231463471151215,0.7751473955645606,0.5350128765585246,0.6669808427912771,0.822307883732561,0.7467170104635932,0.6852765767759277,0.7467027646243382,0.5842603361979744,0.6593449364152514,0.6551317146900679,0.5653945833785519,0.6744149478438688,0.6832040370018883,0.6144915961399141,0.4456101740369455,0.4810462535281214,0.7253559877435174,0.609067075191148,0.4838403205971399,0.47972776247262533,0.5565010752502835,0.5307835308648905,0.6145117488259338,0.5506875845739344,0.5344606142706768,0.24822464588820153,0.6777498435509304,0.6384157715697377,0.6614338721717662,0.62441781503045,0.477779410060833,0.48563200965392933
0.6904945187322242,0.5013270198168702,0.5645683852448786,0.6428024620645338,0.6731297656871453,0.0,0.8442878828822639,0.9272715437339002,0.9636047171668588,0.8881860705006244,0.8663832743156948,0.8623840046195477,0.8336506394073677,0.913813133917046,0.8317922258073427,0.8864097240283244,0.8944845206334101,0.8977323700715323,0.8244712909642103,0.8475753192378219,0.8998187492337753,0.9057015848094602,0.8916086251481844,0.8901919018405824,0.8182103433597593,0.7505010227047669,0.8220301175991367,0.8467845991694549,0.7048470064331145,0.8252200609347995,0.7162272769676501,0.7374069914979833,0.7048666726766964,0.7818855678322754,0.7305648593973741,0.7135000878656765,0.8325051369455654,0.8444294329397298,0.8624036312990341,0.7534708232053354,0.7244161213091542,0.8751788234418686,0.8709183086399214,0.8847121823074483,0.7154870526429472,0.7825243959527497,0.7672949201381213,0.8527946107383211,0.8261309661556856,0.6864898622925469,0.34770866029213154,0.8574491188393966,0.8762493714374464,0.8308260441911522,0.8451930578890958,0.754755910265123,0.5910001387134627
0.7754601645515253,0.3878255369000415,0.4601921901214348,0.5013274448232724,0.5673775687618989,0.8442878828822639,0.0,0.798368471990567,0.9503417198801621,0.9854146789643113,0.9173447370777439,0.8480670678317088,0.846964415394753,0.9398410052231335,0.8049883315719614,0.8609730595451034,0.9029316643298677,0.8153620803205318,0.815010967067308,0.7680223761351339,0.7728765066298567,0.8310711664060018,0.8299622608844449,0.872384017245306,0.7697685234939514,0.7998160826328992,0.8272953722873551,0.7620970216971187,0.6802866994053289,0.7847856583290931,0.6811029621210231,0.7480070352643394,0.7761382672125446,0.8273454039786196,0.7498410627361076,0.7486041916014131,0.8282176751106045,0.7739051810457753,0.7666782561508417,0.8923424464202578,0.818983681234058,0.762768177291085,0.856682477151801,0.8964816137217826,0.6759439762519743,0.8546998579169449,0.8555184106379428,0.9319914157597373,0.9202628743060239,0.8488282787805553,0.4539427367583059,0.9057955775605945,0.8538655890099943,0.782696956982233,0.7931043737493061,0.8952816592349474,0.7576399171473364
0.7197171154583396,0.5161488714266769,0.5971219169166296,0.6669976475525898,0.7055056123640481,0.9272715437339002,0.798368471990567,0.0,0.9380432141685895,0.8475331295402394,0.9258403938324523,0.8506240158052674,0.8253676862988708,0.9187399670791473,0.9237184270459974,0.9047720288194554,0.8739493593638555,0.9627808408261528,0.9055632980653269,0.8532935515344381,0.8946570498440216,0.9662927053988262,0.9098147176579071,0.9053716876356623,0.8231677717288219,0.7699425260111258,0.7734770118198225,0.8191073996481752,0.7055305288581869,0.8181311413415218,0.6753928665487274,0.7062122099659122,0.6647055455717003,0.7066400545146324,0.6710468568321251,0.712763148944064,0.8253136325376424,0.8487799815192004,0.8707127654403457,0.7265242906026659,0.6985915764710924,0.8247808382588586,0.9249957242339385,0.8357454019006059,0.7758188604483446,0.7631097883242742,0.7521810394117495,0.8805731310794824,0.7571235715305007,0.728529938937173,0.32798640524199213,0.8479311961727644,0.9428291344360916,0.9050730460502363,0.898476535798146,0.69826904248763,0.5743668401841484
0.8209550605428956,0.4248019575495073,0.4984255366759065,0.5765199937644037,0.6269938108806574,0.9636047171668588,0.9503417198801621,0.9380432141685895,0.0,1.0,0.9677770381857554,0.9599673986019205,0.9333632795521386,0.9658849087138298,0.8825325733379638,0.8950830598716416,0.9880226500047856,0.8917277337790006,0.8206007126767136,0.864083953830851,0.8111050042618481,0.9315252987142378,0.9713844488198187,0.9252927906373757,0.8205610485497205,0.8390195894417761,0.8507514689210735,0.8336100377164282,0.7600446764472861,0.8530405487081765,0.757045400365672,0.710894355035179,0.8258366285873214,0.80047796416612,0.7167809011401258,0.8264466984177521,0.8459072301661387,0.8404634599983433,0.7780229667938745,0.8577933214685611,0.8406545187369674,0.8980872989752027,0.958168987731852,0.9460281584815831,0.7004713118886452,0.8864724886059093,0.9509357938797015,0.9587308869742657,0.9399150922759201,0.8544812008075694,0.4445340476484966,0.8455199983906094,0.9715660682426429,0.8838071984929359,0.922552604091042,0.9093827892325553,0.6955097079160415
0.9135709541029028,0.39139407403069487,0.4516112795946011,0.535157432181421,0.6309758912584582,0.8881860705006244,0.9854146789643113,0.8475331295402394,1.0,0.0,0.9941200284780529,0.8254960281686599,0.9684989788526822,1.0,0.8767113771167493,0.8649088551388452,0.9266922303291031,0.8671343651088227,0.7762025956232459,0.8133429728878137,0.7782868576776142,0.9415997383750201,0.983531901148667,0.9416901221925736,0.8315301142501622,0.870532418193964,0.92693884605407,0.8233037569740054,0.7470469193493364,0.8674219522345814,0.7478643851263913,0.6791616586265606,0.9018651726074125,0.7660834886567691,0.735920418225575,0.8572671083548239,0.9354686667511776,0.787025503809098,0.7538037370478906,0.9700957623464734,0.9811934514384058,0.8566636660546575,0.9074196241939345,0.9700823633942814,0.6985856534359957,0.8612237954297917,0.9928320702694677,0.9839933944546774,0.9792548777603974,0.9315858385866981,0.5179248126719994,0.8970512393473065,0.9652975354954063,0.7939050695498602,0.8106591424572812,0.9103931541596224,0.799279778276597
0.8077470503801859,0.4281647999910226,0.527370744286188,0.5720626132998652,0.6407720996233849,0.8663832743156948,0.9173447370777439,0.9258403938324523,0.9677770381857554,0.9941200284780529,0.0,0.886991018245369,0.9540244750067467,0.9802499881408392,0.8532566631436956,0.8511270447533019,0.9123431243141484,0.856833179098405,0.8198372470528908,0.8678444775124318,0.8382813323469555,0.8978325777315247,0.8694721807652324,0.8820024348357324,0.7913089148680219,0.718953008066277,0.8341323867691164,0.8181007661865607,0.7278573713634531,0.801633151087457,0.6920592049578111,0.6798245832271812,0.7245825799989761,0.7424079871198148,0.6679661993534856,0.7867174401907625,0.849986445773621,0.8309460188882825,0.808727906494579,0.8314691128512952,0.828404003967492,0.8264679955887827,0.8215609334341213,0.8635021656014437,0.7410355736719759,0.7941756847316831,0.8212064032184745,0.9277521249226108,0.8225587333422485,0.7339973431642759,0.4083217712308668,0.9044709808129657,0.8979378006748623,0.8919259874873992,0.8652475725394599,0.7822473498995889,0.6497596487339756
0.7373323033138232,0.4176448548387516,0.5481707845825398,0.5721101633921779,0.6412470744963402,0.8623840046195477,0.8480670678317088,0.8506240158052674,0.9599673986019205,0.8254960281686599,0.886991018245369,0.0,0.8264609021841516,0.9255884802908283,0.8857186130944167,0.950354745320628,0.922627265985208,0.8589022748473589,0.8421255661681033,0.8816226623622277,0.918040865717092,0.8579218074934499,0.8539149212834576,0.8942365287300462,0.7285460953846469,0.7003815638905786,0.7191524555811294,0.7295976785593608,0.6963023207060551,0.7193216659061861,0.6631452183253878,0.6938638843604557,0.7230181303750015,0.7658946938110297,0.709850541684477,0.7672190380048598,0.8083302307169611,0.8440887162787494,0.8410953522087254,0.7493577647177396,0.7299644251457641,0.80574441112268,0.8599606408024965,0.8106541719269584,0.7603555158289862,0.78507038577833,0.7937070466409748,0.8755612439262316,0.7747995998969529,0.7449023901074738,0.37572999306968885,0.9298087303234225,0.9207104200602806,0.8458489345648612,0.91281421620147,0.7445168405621725,0.5884815174601146
0.740052327261404,0.3724333812009777,0.4468826373752532,0.48940599245264016,0.5364530465989235,0.8336506394073677,0.846964415394753,0.8253676862988708,0.9333632795521386,0.9684989788526822,0.9540244750067467,0.8264609021841516,0.0,0.972175489394263,0.8404483926726141,0.817997002769485,0.9345290426452529,0.756702990721924,0.7640620834474461,0.7241980114321513,0.7614902543664243,0.7839885377933107,0.8691601750228587,0.7729929061197196,0.7353021409703117,0.654291474429149,0.7599658960065039,0.756084018757786,0.6334951557030539,0.7206100046797259,0.6133172805287675,0.599358707696041,0.7036583565290087,0.7425422842071158,0.6330400268345785,0.747299375483398,0.8469499077499117,0.7418260527561717,0.7400884785060389,0.8384131538920696,0.7766925260438863,0.7684344746728918,0.8311033965379966,0.8590319543040809,0.6214408384693825,0.7767005300895414,0.835295225998822,0.8388189227934044,0.8036715431775103,0.811899979289974,0.4210762690998413,0.9121546206170464,0.9445455055161206,0.8423363026442776,0.8133660237281259,0.8315984650718756,0.6737260506164465
0.8089922239571896,0.3869048295985177,0.43598338465834974,0.5083957008664332,0.5309791157821477,0.913813133917046,0.9398410052231335,0.9187399670791473,0.9658849087138298,1.0,0.9802499881408392,0.9255884802908283,0.972175489394263,0.0,0.9073428001953577,0.872960773083214,0.9931742890847083,0.8834376113307926,0.7878345026165929,0.7796229747176773,0.8206877947733746,0.898977052106073,0.9612966687869674,0.8899845475590591,0.795791362127593,0.7578674426617225,0.8815503434607181,0.7955174537927175,0.65249647200581,0.7729363646667117,0.6622848377190195,0.6680813196879762,0.7663043958207074,0.7791251242472701,0.7084420763813409,0.7517402771877563,0.9144547088911841,0.8375883647858438,0.7999698940472447,0.9505281831301078,0.899019218447158,0.8366366074195526,0.9334417507517251,0.9712876962761552,0.7350875913603174,0.8952587461786206,0.9502101609717112,0.8976611139998689,0.9153997839884007,0.8163709234302478,0.4263717629262721,0.8794598580034257,0.936949184192802,0.8506474226734632,0.9292540904187993,0.950783202003899,0.6974543715457524
0.6929846237602151,0.4605615672204679,0.5682510926401607,0.5916046266397669,0.6305905016515966,0.8317922258073427,0.8049883315719614,0.9237184270459974,0.8825325733379638,0.8767113771167493,0.8532566631436956,0.8857186130944167,0.8404483926726141,0.9073428001953577,0.0,0.9432217133252375,0.8536338604093566,0.9119653354321302,0.9084810405361194,0.906592020764378,0.9199922836683249,0.862921914811313,0.8353905427006637,0.9283320593246732,0.7708593626758411,0.6873272104869508,0.7265915825905243,0.7290071201431217,0.6532680822541719,0.8021161898435026,0.6701857983116836,0.7594941844855325,0.7094431849856803,0.8365884218658569,0.722223488876291,0.7124228960947141,0.8567672870251116,0.9333275420468783,0.9081475786267761,0.7190417527504912,0.7080507393497977,0.8394784134751826,0.9244689269924466,0.7985059544502502,0.7866897684793288,0.797859003112039,0.7264504301001852,0.8415933805007654,0.7567771396817661,0.7333899760129647,0.33928746070097093,0.9067389636129344,0.8601156283025655,0.9158402633275312,1.0,0.7427274511034094,0.600222803153147
0.7294895474251872,0.4600903732508791,0.624922403523783,0.6443937092611074,0.7322329178822612,0.8864097240283244,0.8609730595451034,0.9047720288194554,0.8950830598716416,0.8649088551388452,0.8511270447533019,0.950354745320628,0.817997002769485,0.872960773083214,0.9432217133252375,0.0,0.8368134791986064,0.9278126041351061,1.0,0.984940989541109,1.0,0.9289697550280737,0.9457984403838364,0.9151902903648516,0.7177715664180983,0.8193913286371883,0.6616612998994649,0.7433234331596225,0.8484297874460214,0.8171313405895723,0.7543644770954816,0.8549445493481498,0.7534395664780228,0.9164637717921295,0.7798382113247591,0.7336672675865393,0.9755626319721441,0.9840035233915227,0.9753381997711706,0.7335538165975493,0.7711328143072118,0.9595385247220043,0.89332611050169,0.8247552497472409,0.8088658861603719,0.8471810873179622,0.7871390849899528,0.9303546126813499,0.7909759192608737,0.7905435063200794,0.33615028604308633,1.0,0.9358004686234528,0.9450924075517602,0.9985791597949105,0.8003719500242551,0.7003253207285275
0.8212113110603447,0.3700470030991113,0.4407675454331529,0.48091261858153,0.5552591252614056,0.8944845206334101,0.9029316643298677,0.8739493593638555,0.9880226500047856,0.9266922303291031,0.9123431243141484,0.922627265985208,0.9345290426452529,0.9931742890847083,0.8536338604093566,0.8368134791986064,0.0,0.8753791944720454,0.78042760982175,0.7317913612658418,0.7317154183731681,0.8850730104347964,0.8582701676166056,0.8427766119029108,0.6889967344259521,0.6708376582292755,0.7592849545502023,0.7219256482055364,0.6221720568628301,0.7163648676451414,0.6519440606636383,0.6369938355818274,0.6882575764395384,0.7650331764841768,0.656488361548314,0.7121037093311776,0.7539634536156612,0.8485323557208504,0.8144346713819242,0.8649506144970099,0.86043741977515,0.7663424251870594,0.8654229001115378,0.9077466037540497,0.7291074946125499,0.8307049543458602,0.8858274806249613,0.8827065371456418,0.8512355001108305,0.7706513055096345,0.43458769766744604,0.9042511968572253,0.89991945857466,0.8291172010380674,0.8409931867207676,0.8854380736243005,0.6283565172419455
0.6456045328589721,0.5042407354995685,0.6339557111594617,0.6989934817348349,0.7036814931064368,0.8977323700715323,0.8153620803205318,0.9627808408261528,0.8917277337790006,0.8671343651088227,0.856833179098405,0.8589022748473589,0.756702990721924,0.8834376113307926,0.9119653354321302,0.9278126041351061,0.8753791944720454,0.0,0.9227190249285334,0.9132834613755902,0.8734916633160461,0.9316253787891413,0.9056201334071607,0.8636165579395579,0.7697157206603619,0.7161131403800642,0.7298819401081154,0.795041407173762,0.7510633759671768,0.7948824982826763,0.6991166572452043,0.7132880300230477,0.7143421129496139,0.7724145492169345,0.7069558184352849,0.6977021192044148,0.8435589889687292,0.9078585903036421,0.876034203190807,0.6892902502275364,0.6887485729879156,0.8656771411093929,0.8721542253356562,0.7668899324972139,0.8560638703971482,0.772678274187554,0.7184780088705841,0.870422800194471,0.7504431957600646,0.6969807193962835,0.3262414637414209,0.9633289308178321,0.8671147009186262,0.9240423776108331,0.9424315462170141,0.7093058864001869,0.5880781170482468
0.6706572695020786,0.48396530741268995,0.6934663988092685,0.6863193488869433,0.7466909200291464,0.8244712909642103,0.815010967067308,0.9055632980653269,0.8206007126767136,0.7762025956232459,0.8198372470528908,0.8421255661681033,0.7640620834474461,0.7878345026165929,0.9084810405361194,1.0,0.78042760982175,0.9227190249285334,0.0,1.0,0.9589634268462658,0.9252112745417651,0.8735783743176875,0.8726342779017074,0.7107088750506259,0.7639798788360941,0.6789923859729793,0.7186026635870292,0.8296646381884261,0.8432570414493112,0.8338608994481556,0.8687514315189958,0.7596274871309909,0.8142546995555088,0.7730899544509179,0.7651714483676213,0.9010367349680776,0.9487191603903498,0.8597900347394365,0.6374568655741283,0.669700470217157,0.925228130645752,0.8037613045896327,0.7222079674097016,0.6942661214226516,0.7378118236349679,0.7112107911602338,0.8502573261782029,0.6907578530014402,0.7134885920298046,0.32423208018718597,0.9412675855116136,0.8653169360193977,0.9399237306240571,0.9253212692240613,0.6802159819098554,0.6294672972686991
0.6346351237492985,0.5667950426534885,0.7299215324531704,0.7824674267367884,0.8753495426772101,0.8475753192378219,0.7680223761351339,0.8532935515344381,0.864083953830851,0.8133429728878137,0.8678444775124318,0.8816226623622277,0.7241980114321513,0.7796229747176773,0.906592020764378,0.984940989541109,0.7317913612658418,0.9132834613755902,1.0,0.0,1.0,0.9033956747458226,0.8992955895694498,0.8733152994892623,0.7248650707329101,0.7798041125631231,0.6559920387973601,0.7997148139027036,0.865045978606123,0.9015509590770248,0.7609906736226376,0.8331866085559223,0.7504844295995828,0.823395239927907,0.7291886553562525,0.7372425427582547,0.9259017964330257,0.8767999167391609,0.9179321047588801,0.641997790468578,0.6428780184190175,0.9569964122665802,0.8430327673619399,0.6973677340303109,0.7576271612208362,0.7230044931678575,0.6741434644883593,0.8387747671795719,0.7106260764289283,0.6638241734414534,0.28788077606230955,0.918062671923851,0.8578514397423141,0.9516141341381862,0.9630932574899316,0.617788096776061,0.6197576381664305
0.645395958079597,0.5157288098894751,0.6637767341143045,0.6884426165210654,0.716986351277147,0.8998187492337753,0.7728765066298567,0.8946570498440216,0.8111050042618481,0.7782868576776142,0.8382813323469555,0.918040865717092,0.7614902543664243,0.8206877947733746,0.9199922836683249,1.0,0.7317154183731681,0.8734916633160461,0.9589634268462658,1.0,0.0,0.913512895875385,0.8898177134845334,0.8526767924692348,0.7617039618197909,0.7539241275287796,0.6802756551218719,0.7605803388927056,0.7553742336231876,0.8234562519269482,0.7021330743048567,0.7943812351817195,0.6980522110928336,0.8568404352102985,0.7141716829017472,0.6753210054277623,0.8648502405882466,0.9314512012654237,0.9236865252279878,0.6581738280554887,0.6697802092962569,0.9157452204511186,0.8486467957942133,0.734241755486748,0.781782173990156,0.7470872727107252,0.6745824960452993,0.7429857855912305,0.7182930169528023,0.7048888488977944,0.2963631473305119,0.9294671896149421,0.8510477861294226,0.9192937714838284,0.9824222476956976,0.6827548420314932,0.6027116448752349
0.7450979817637723,0.45143971800815025,0.5275318953123365,0.6123148500660355,0.6521496106355819,0.9057015848094602,0.8310711664060018,0.9662927053988262,0.9315252987142378,0.9415997383750201,0.8978325777315247,0.8579218074934499,0.7839885377933107,0.898977052106073,0.862921914811313,0.9289697550280737,0.8850730104347964,0.9316253787891413,0.9252112745417651,0.9033956747458226,0.913512895875385,0.0,0.9075046650734285,0.937922822805996,0.8126024934859866,0.7470855654959208,0.7596518740711818,0.7476012541821847,0.7850450866122936,0.8765243060007659,0.7730761923078094,0.7774563461037045,0.8311390508628855,0.7989840344994918,0.7274065210337816,0.7556672123642764,0.9311495357507827,0.9684144409543776,0.9251778357463051,0.768003898844381,0.7417438019675829,0.9120708110941416,0.9177186655146068,0.9086726269601462,0.8071882863526422,0.889599231439241,0.839651661848411,0.8697664867591531,0.8180670243186283,0.7647254437742448,0.3621594281806453,0.8548130644510796,0.8693573016165446,0.8628224514901589,0.9334038572600024,0.809177360611708,0.6429839765214028
0.7120695607802526,0.4696998425049186,0.5262331497114293,0.6230523448841297,0.6229412060354279,0.8916086251481844,0.8299622608844449,0.9098147176579071,0.9713844488198187,0.983531901148667,0.8694721807652324,0.8539149212834576,0.8691601750228587,0.9612966687869674,0.8353905427006637,0.9457984403838364,0.8582701676166056,0.9056201334071607,0.8735783743176875,0.8992955895694498,0.8898177134845334,0.9075046650734285,0.0,0.9280974017309316,0.8592554083177375,0.7456970074500793,0.774779616069132,0.7744647633170666,0.7264923505641246,0.868294829984149,0.7308632781471014,0.7780486316958557,0.7623462830194272,0.8075990960276536,0.7114183528468776,0.7423791157076678,0.8538694994845608,0.8968282053985608,0.8617909326275481,0.7706097654925533,0.7820954393736973,0.9015184176349149,0.9406583361423301,0.8939288716920759,0.8014951219979614,0.8412937090168503,0.8315596963349411,0.9135071704622448,0.8295121866749671,0.7688078171000899,0.36653962022541203,0.8560421643879442,0.8713072034185682,0.9628596736003324,0.9436309359130693,0.7927213851123807,0.6504354384339797
0.8342113007490042,0.41603624099593833,0.49456441366667153,0.5660794326690933,0.6228338508364211,0.8901919018405824,0.872384017245306,0.9053716876356623,0.9252927906373757,0.9416901221925736,0.8820024348357324,0.8942365287300462,0.7729929061197196,0.8899845475590591,0.9283320593246732,0.9151902903648516,0.8427766119029108,0.8636165579395579,0.8726342779017074,0.8733152994892623,0.8526767924692348,0.937922822805996,0.9280974017309316,0.0,0.7229819819597771,0.7054451497234021,0.7160750568777898,0.6845347489805029,0.7227392113026884,0.866751090244449,0.8121876515326285,0.7670727315353437,0.8039452295904844,0.8566066779252899,0.7515827668402519,0.8157214152264497,0.9462949774848288,0.8941525695376659,0.9123273807767696,0.8338927458142276,0.7732894347295981,0.912940185727036,0.8686318898622691,0.8309649428549626,0.7471553236523144,0.8686132004071063,0.8576110348798773,0.9216077124422313,0.8857267104169857,0.7794471685171397,0.3878828409816576,0.8472856526012552,0.8659678164921826,0.854809143336935,0.9410241797506406,0.8207901987191542,0.6543075284490251
0.6029799551792856,0.5560686398105863,0.5119898851080404,0.6269740824014501,0.6231463471151215,0.8182103433597593,0.7697685234939514,0.8231677717288219,0.8205610485497205,0.8315301142501622,0.7913089148680219,0.7285460953846469,0.7353021409703117,0.795791362127593,0.7708593626758411,0.7177715664180983,0.6889967344259521,0.7697157206603619,0.7107088750506259,0.7248650707329101,0.7617039618197909,0.8126024934859866,0.8592554083177375,0.7229819819597771,0.0,0.7524695783955206,0.9093122780011791,0.8737816871832728,0.6938058318152818,0.9082997214801822,0.6055556861107961,0.7055633957404196,0.6999985724754193,0.6826037871518907,0.6531324088982452,0.6277230384632891,0.7372081072262302,0.699273936121538,0.6653548039683793,0.6925260910205373,0.581267828443659,0.776015515544343,0.73920650589429,0.8277110343853386,0.5644619150831669,0.7098162986150952,0.6982047586419602,0.716587488812838,0.7590324319497738,0.5739967841167342,0.3089881229970242,0.6633803755699077,0.7454563706798885,0.7040945522526344,0.6932923117192066,0.6563481756674487,0.5569452337114528
0.6705829574634564,0.43187099788249744,0.5299456553049715,0.6208336551027972,0.7751473955645606,0.7505010227047669,0.7998160826328992,0.7699425260111258,0.8390195894417761,0.870532418193964,0.718953008066277,0.7003815638905786,0.654291474429149,0.7578674426617225,0.6873272104869508,0.8193913286371883,0.6708376582292755,0.7161131403800642,0.7639798788360941,0.7798041125631231,0.7539241275287796,0.7470855654959208,0.7456970074500793,0.7054451497234021,0.7524695783955206,0.0,0.7324719518864992,0.7010500489734369,0.9309627649685684,0.8953264752397866,0.8331695917183936,0.9125426194308817,0.8046972054745217,0.8577089356806428,0.8914375323635564,0.7587245355144201,0.8567107047602269,0.7625326219280057,0.6257518742019231,0.6667894211151706,0.6710171819339157,0.8210263436806537,0.6961870607998923,0.679799911794121,0.4806326436865542,0.800215485889806,0.7818836805021544,0.759689840846312,0.7848588625103089,0.795859076577826,0.3775683224215548,0.7598782339145039,0.7508336943928453,0.7311350391166,0.6755424681826326,0.7280610198567654,0.785482211316799
0.6154790800507636,0.4606999835184445,0.45422025811887723,0.5203625925014018,0.5350128765585246,0.8220301175991367,0.8272953722873551,0.7734770118198225,0.8507514689210735,0.92693884605407,0.8341323867691164,0.7191524555811294,0.7599658960065039,0.8815503434607181,0.7265915825905243,0.6616612998994649,0.7592849545502023,0.7298819401081154,0.6789923859729793,0.6559920387973601,0.6802756551218719,0.7596518740711818,0.774779616069132,0.7160750568777898,0.9093122780011791,0.7324719518864992,0.0,0.8292116763864572,0.5870181064275624,0.7742290277978198,0.5513236514513938,0.6384966846758298,0.645141191349894,0.6118893560295459,0.6012822176282333,0.6073295380477808,0.6563909875717132,0.6742893946696829,0.6315046666290124,0.7734875282845342,0.6398119134558822,0.7447767236399844,0.7504159975161413,0.8408146712984577,0.591921795715499,0.7042263097487018,0.7455475335151063,0.7603914113569111,0.7631790326429002,0.5630388729075521,0.3291592609491574,0.6878335100582516,0.7675195380532663,0.6735147794203118,0.6966346545582381,0.6700285474373121,0.5147991317636036
0.5801729699404207,0.5366297869531866,0.5776191746736118,0.638685893725813,0.6669808427912771,0.8467845991694549,0.7620970216971187,0.8191073996481752,0.8336100377164282,0.8233037569740054,0.8181007661865607,0.7295976785593608,0.756084018757786,0.7955174537927175,0.7290071201431217,0.7433234331596225,0.7219256482055364,0.795041407173762,0.7186026635870292,0.7997148139027036,0.7605803388927056,0.7476012541821847,0.7744647633170666,0.6845347489805029,0.8737816871832728,0.7010500489734369,0.8292116763864572,0.0,0.6859383428659871,0.7514776059210173,0.5818218867798061,0.6050650549467907,0.5782799072345037,0.6415231540763408,0.6190893495535637,0.5956559287450919,0.6912645743410125,0.6513095928363101,0.6531131063220604,0.6153096782255036,0.5849445032761543,0.7229790502384452,0.7345498391115877,0.6969986660558544,0.5608190247885335,0.6557583072968506,0.6455696131320844,0.7042199075796463,0.718396658503392,0.562058528669827,0.2998603236690522,0.766542817370239,0.7873706954684642,0.750799992187396,0.7011995688643867,0.5892255025396952,0.48947126611847525
0.6379855226714705,0.4550502166300646,0.6219979370258503,0.6614538093328309,0.822307883732561,0.7048470064331145,0.6802866994053289,0.7055305288581869,0.7600446764472861,0.7470469193493364,0.7278573713634531,0.6963023207060551,0.6334951557030539,0.65249647200581,0.6532680822541719,0.8484297874460214,0.6221720568628301,0.7510633759671768,0.8296646381884261,0.865045978606123,0.7553742336231876,0.7850450866122936,0.7264923505641246,0.7227392113026884,0.6938058318152818,0.9309627649685684,0.5870181064275624,0.6859383428659871,0.0,0.9082054783254871,0.8633519080344989,0.8443995873650786,0.7742636430885899,0.9029491540037378,0.8950687932919562,0.7782380370780084,0.8528501372109286,0.733554947856956,0.6405170037374247,0.572995413033452,0.6359850633794845,0.8276278151489962,0.6460204350089904,0.5987694603410737,0.4635264453157138,0.7192296953114459,0.7008281139094754,0.746977944775977,0.703263980458631,0.7552721046857137,0.3558096635520823,0.7658626039362829,0.7880544623637087,0.7195200539807276,0.7140020491123108,0.6752628235500484,0.6873707818165519
0.6809317138523007,0.5180956796714765,0.5806728907730707,0.6721614038025534,0.7467170104635932,0.8252200609347995,0.7847856583290931,0.8181311413415218,0.8530405487081765,0.8674219522345814,0.801633151087457,0.7193216659061861,0.7206100046797259,0.7729363646667117,0.8021161898435026,0.8171313405895723,0.7163648676451414,0.7948824982826763,0.8432570414493112,0.9015509590770248,0.8234562519269482,0.8765243060007659,0.868294829984149,0.866751090244449,0.9082997214801822,0.8953264752397866,0.7742290277978198,0.7514776059210173,0.9082054783254871,0.0,0.835493353691672,0.8771518093538041,0.8785816636288991,0.817578651863841,0.8306026420586934,0.7559394762699249,0.8947473667075193,0.8367405254200707,0.7643099873179809,0.6856026957814679,0.6616921376280679,0.9924139372828253,0.8050515996908729,0.7605989211125085,0.6250028771254705,0.7737604999681822,0.7819383339803895,0.7777256930457612,0.7838944997605124,0.7632458033667034,0.3408520399715504,0.7849258047202162,0.7782127288128095,0.807637684373803,0.7982719336475779,0.7183170984042014,0.6650403800169681
0.7249843251875037,0.3781154926511713,0.4848245140374797,0.5450603956309316,0.6852765767759277,0.7162272769676501,0.6811029621210231,0.6753928665487274,0.757045400365672,0.7478643851263913,0.6920592049578111,0.6631452183253878,0.6133172805287675,0.6622848377190195,0.6701857983116836,0.7543644770954816,0.6519440606636383,0.6991166572452043,0.8338608994481556,0.7609906736226376,0.7021330743048567,0.7730761923078094,0.7308632781471014,0.8121876515326285,0.6055556861107961,0.8331695917183936,0.5513236514513938,0.5818218867798061,0.8633519080344989,0.835493353691672,0.0,0.8488582146290989,0.9340603885802424,0.7964603473816909,0.7513029440798425,0.8419748564099987,0.8150043272807254,0.7569155471842053,0.6826401191740276,0.6213016053740388,0.671925214854438,0.859037732602563,0.7077270640141502,0.6454797131432113,0.5385475003669958,0.7485998835961605,0.7452495647737708,0.8372109972123581,0.7395743727107662,0.8123557537044916,0.39455586199395454,0.7027983795497958,0.7004512450046889,0.7142694295184362,0.6967203235883783,0.7223256909981095,0.7436454891267312
0.6144532369984501,0.47225447815872046,0.5785737726038993,0.6195940340839774,0.7467027646243382,0.7374069914979833,0.7480070352643394,0.7062122099659122,0.710894355035179,0.6791616586265606,0.6798245832271812,0.6938638843604557,0.599358707696041,0.6680813196879762,0.7594941844855325,0.8549445493481498,0.6369938355818274,0.7132880300230477,0.8687514315189958,0.8331866085559223,0.7943812351817195,0.7774563461037045,0.7780486316958557,0.7670727315353437,0.7055633957404196,0.9125426194308817,0.6384966846758298,0.6050650549467907,0.8443995873650786,0.8771518093538041,0.8488582146290989,0.0,0.7982256655310858,0.9432292802891948,0.9002556064739421,0.6995368573041753,0.8117237758137205,0.8352275667227902,0.7573657677994551,0.5848767152327158,0.5922899731374942,0.8736657172166544,0.678942482526693,0.6850582699379648,0.5063277594387544,0.736660410901576,0.6621065152677832,0.7248159568832234,0.6607950163588998,0.742917281403986,0.31338863169876885,0.7801648955507948,0.7570789083536341,0.7815329307461436,0.7515061384059096,0.6317353674715459,0.7300609142620328
0.8551948088075771,0.3301262746106996,0.40116311012488837,0.46126706889599967,0.5842603361979744,0.7048666726766964,0.7761382672125446,0.6647055455717003,0.8258366285873214,0.9018651726074125,0.7245825799989761,0.7230181303750015,0.7036583565290087,0.7663043958207074,0.7094431849856803,0.7534395664780228,0.6882575764395384,0.7143421129496139,0.7596274871309909,0.7504844295995828,0.6980522110928336,0.8311390508628855,0.7623462830194272,0.8039452295904844,0.6999985724754193,0.8046972054745217,0.645141191349894,0.5782799072345037,0.7742636430885899,0.8785816636288991,0.9340603885802424,0.7982256655310858,0.0,0.8044219042508164,0.8006278349858104,0.92359068988262,0.9134805105138766,0.819136661413119,0.6791745713359011,0.8295243712211287,0.8474800913508551,0.8106175951838873,0.7583045595430888,0.7908776117675858,0.5568808632088048,0.851098633414367,0.9615338762207084,0.8995059651737214,0.874821329311146,0.9209340555872205,0.5320685825625412,0.7035005113119789,0.7704269274943158,0.6781027243918971,0.7094302830974083,0.885692751891007,0.9251748189459837
0.6653319716020263,0.40566682905091567,0.5247324499891429,0.5664154864825047,0.6593449364152514,0.7818855678322754,0.8273454039786196,0.7066400545146324,0.80047796416612,0.7660834886567691,0.7424079871198148,0.7658946938110297,0.7425422842071158,0.7791251242472701,0.8365884218658569,0.9164637717921295,0.7650331764841768,0.7724145492169345,0.8142546995555088,0.823395239927907,0.8568404352102985,0.7989840344994918,0.8075990960276536,0.8566066779252899,0.6826037871518907,0.8577089356806428,0.6118893560295459,0.6415231540763408,0.9029491540037378,0.817578651863841,0.7964603473816909,0.9432292802891948,0.8044219042508164,0.0,0.8786579710842672,0.7477423241332211,0.9297603446522579,0.8993279244613167,0.7858940423348512,0.693873385429564,0.713100064997695,0.8880233052801759,0.7721779795461625,0.7314961575587096,0.6076248545110343,0.8310527977643486,0.7411410960007234,0.8267363489011275,0.7519049900641599,0.8056966813557651,0.38414611961737866,0.870500333579747,0.7846948010711868,0.8070777876308373,0.8246979868508739,0.7515543177711372,0.7230919889207349
0.6600698244820904,0.3780681515625474,0.49790119852466286,0.5366475864465493,0.6551317146900679,0.7305648593973741,0.7498410627361076,0.6710468568321251,0.7167809011401258,0.735920418225575,0.6679661993534856,0.709850541684477,0.6330400268345785,0.7084420763813409,0.722223488876291,0.7798382113247591,0.656488361548314,0.7069558184352849,0.7730899544509179,0.7291886553562525,0.7141716829017472,0.7274065210337816,0.7114183528468776,0.7515827668402519,0.6531324088982452,0.8914375323635564,0.6012822176282333,0.6190893495535637,0.8950687932919562,0.8306026420586934,0.7513029440798425,0.9002556064739421,0.8006278349858104,0.8786579710842672,0.0,0.6974706509695543,0.8106855472665433,0.7800220791331974,0.6667831129452251,0.6399976450067308,0.6831688059050562,0.7669538122329963,0.6576983625361761,0.665172784263843,0.4889060386347998,0.8342618956790792,0.7280029154164868,0.7270054647646035,0.739948814377016,0.7974081592154185,0.42305066581570316,0.7322922290013222,0.7601135816226464,0.6799667887979335,0.6853112048530219,0.7495279572994195,0.7527013526325198
0.8455104477772475,0.32655190698915176,0.4333816489372665,0.4709256569266414,0.5653945833785519,0.7135000878656765,0.7486041916014131,0.712763148944064,0.8264466984177521,0.8572671083548239,0.7867174401907625,0.7672190380048598,0.747299375483398,0.7517402771877563,0.7124228960947141,0.7336672675865393,0.7121037093311776,0.6977021192044148,0.7651714483676213,0.7372425427582547,0.6753210054277623,0.7556672123642764,0.7423791157076678,0.8157214152264497,0.6277230384632891,0.7587245355144201,0.6073295380477808,0.5956559287450919,0.7782380370780084,0.7559394762699249,0.8419748564099987,0.6995368573041753,0.92359068988262,0.7477423241332211,0.6974706509695543,0.0,0.8890081325671365,0.7396200001259372,0.7048790051576783,0.7328751912180269,0.8053926690408354,0.7867087110169971,0.7485519306072846,0.6906682650495614,0.5732159573491074,0.7867495656772109,0.8722796159923196,0.8815931348585248,0.78933162852348,0.8750580613197535,0.47179476122611747,0.7538886760686991,0.7773248318614555,0.7405404455610619,0.7232721618890634,0.8681288766478399,0.746769819281299
