Cingulate area 2,Glomerular layer of the accessory olfactory bulb,Glomerular layer of the olfactory bulb,"Olfactory bulb, unspecified",Frontal association cortex,Cornu ammonis 3,Dentate gyrus,Cornu ammonis 2,Cornu ammonis 1,Fasciola cinereum,Subiculum,Postrhinal cortex,Presubiculum,Parasubiculum,Perirhinal area 35,Perirhinal area 36,Medial entorhinal cortex,Lateral entorhinal cortex,Primary auditory area,"Secondary auditory area, dorsal part","Secondary auditory area, ventral part","Piriform cortex, layer 1","Piriform cortex, layer 2","Piriform cortex, layer 3",Ventrolateral orbital area,Lateral orbital area,Ventral orbital area,Medial orbital area,Dorsolateral orbital area,Prelimbic area,Secondary motor area,Frontal association area 3,Primary motor area,"Agranular insular cortex, ventral area",Agranular insular cortex dorsal area,Cingulate area 1,Infralimbic area,Dysgranular insular cortex,Granular insular cortex,"Primary somatosensory area, forelimb representation","Primary somatosensory area, dysgranular zone","Primary somatosensory area, face representation",Secondary somatosensory area,"Primary somatosensory area, hindlimb representation","Agranular insular cortex, posterior area","Primary somatosensory area, barrel field",Retrosplenial dysgranular area,"Primary somatosensory area, trunk representation",Retrosplenial granular area,"Parietal association cortex, lateral area","Parietal association cortex, medial area","Parietal association cortex, posterior area",Primary visual area,"Secondary visual area, lateral part",Temporal association cortex,"Secondary visual area, medial part",Nucleus of the lateral olfactory tract
0.0,1.0,0.7406851347209018,0.9407042560981351,1.0,0.822781912892621,0.7577581068598338,0.8292948951493417,0.780374796371124,0.8572928834383863,0.6539736881519695,0.6340265882741746,0.4665803141735081,0.523304531370368,0.7248122209066922,0.711875897442888,0.6854298873412252,0.6252963357389323,0.8727021245041443,0.8105318948481952,0.9564349441794827,0.8492734529782132,0.8834175174041333,0.9158263099242735,0.656697276624684,0.8431722956242087,0.5479272713285946,0.6288333444501945,0.8412381159307573,0.7320070050625856,0.9658173111242228,0.5839378598337878,1.0,0.9742352161854603,0.8937398090864624,0.9732938494231309,0.6067214637066034,0.8365024437152228,0.7693871971508043,0.9611550059689845,0.8396913614329902,0.8546603782492614,0.5426506494751194,0.8940938999192117,0.8293897271478706,0.5030928028027827,0.7549479025686139,0.7869672864726284,0.7244034282183683,0.7667648438349307,0.8432465910097656,0.5059482206138838,0.6699397960330011,0.6729199734507806,0.6154265117815695,0.7502565196461974,0.5574985566345182
1.0,0.0,0.8216306401013944,0.9880327146158133,0.9824622470791387,0.8313070923036364,0.7988657401175757,0.8269199606700454,0.8586451707247649,0.914935819837281,0.686544808092929,0.620946101346208,0.4723500180842074,0.5577212665716482,0.696050783257869,0.7426793974786687,0.6948813212221685,0.5830140712848356,0.9054967917287554,0.8809501370669647,0.8741559146889416,0.9252967106326404,0.9961888119041372,0.9546677676945086,0.6702261122672609,0.8375065331986422,0.6066525185686563,0.7707537863279682,0.8540583544527309,0.7680362806801708,0.9678696542217535,0.6595313323113136,0.9235947788331259,1.0,0.9577258406165481,0.9244066546062857,0.6986991833286096,0.9879225274404075,0.8729969284177334,0.9513894574539945,0.9686122884347481,0.9495273497436824,0.6364840789871556,0.8812722323994756,0.9795475115934519,0.5650533455201266,0.7838638534687151,0.8645272613276602,0.7440755821106052,0.8083446707716316,0.9179783704538642,0.5835969691055135,0.678198932165317,0.6491038988385759,0.5954829015998954,0.8876456352174517,0.6596707103835301
0.7406851347209018,0.8216306401013944,0.0,0.8528564781142959,0.9114761604911052,0.8885347773197384,0.8461226734375992,0.8433397996667527,0.8456610810209618,0.803665164354892,0.8296589938395406,0.7156758669364702,0.5492470854695526,0.6245192150434817,0.7051680393239346,0.6903109786326332,0.8871774132539736,0.744593436193381,0.7211082826046231,0.7966770498024275,0.7647502800995818,0.8061988682535142,0.7945630557542724,0.7857567279924544,0.4296877041462213,0.602392577473265,0.3954373958919036,0.5485869171483471,0.6070150440744465,0.5507398306625615,0.7053540630340407,0.4445002781139372,0.6833384654985931,0.7091514926665108,0.6489960799169893,0.7582119544136954,0.48324844664688227,0.7484811773814827,0.8456570762701953,0.7409611748040219,0.8984525873640757,0.7073375448471874,0.7741840247942859,0.6905905577036292,0.7755619141831248,0.7346135740688934,0.7642018022462437,0.9216621232669007,0.7711464700110152,0.9687675361181266,0.8164775284573091,0.7728327153174823,0.885420377669547,0.7116379913051817,0.657572119480676,0.7883168616804977,0.4708855521157424
0.9407042560981351,0.9880327146158133,0.8528564781142959,0.0,1.0,0.7203625263265017,0.6637158697869474,0.7356569314050836,0.7315656087121952,0.8223166440046773,0.6253605408995403,0.5593142683037844,0.41770489114896364,0.49203423163633503,0.6212990010428766,0.6294039420255725,0.6588079934721485,0.5647134349482228,0.7801783367136089,0.7609049876316336,0.8112026814325093,0.8688296421737737,0.8843779721941728,0.83003219063467,0.7250121239849183,0.866438990094989,0.6362407786859913,0.8122095548331287,0.8146657059874244,0.8088802031457081,0.9881218890349425,0.5973172471159093,0.8729160514521963,0.9506898298100265,0.8850084773932907,0.9412579023861152,0.6907815871316004,0.9194079994456258,0.8974198914717411,0.8905890935559891,0.9446045440277052,0.9384518112328684,0.6818063390615556,0.8020833472515685,0.872442100195158,0.6024037866634541,0.6228433805424719,0.8766214678273042,0.6372000430410771,0.7841419042875301,0.8201549205378103,0.5987806766006234,0.6516519766674278,0.5858452930234831,0.5264556621870771,0.6925941944264205,0.4878176876387718
1.0,0.9824622470791387,0.9114761604911052,1.0,0.0,0.8509151330689793,0.7534881658541457,0.8480938798654896,0.7938321148136066,0.8614296617693993,0.7328010561912066,0.6465494803436458,0.4738787133960512,0.5572407371187825,0.7207147924616248,0.752428018518697,0.7566927816609936,0.6645191981327806,0.8176400620114187,0.8320590700232012,0.9127650487628788,0.8677958456608212,0.9359917015903433,0.898763020083596,0.6154144805148748,0.8335518682692875,0.5536013292241477,0.6713517705778098,0.7449548745572758,0.6983330764204356,0.9862049945301975,0.5579434071200692,0.9399327417868214,0.9461899820554057,0.819345983456916,0.9449036979598848,0.5999665362958246,0.8630728063223596,0.8403722266658172,0.8345048277774328,0.8861720746253388,0.8353579533145151,0.6490299431280432,0.9121259448715755,0.8696691884045086,0.620847951948907,0.7931504728831359,0.9125094305733852,0.7616961793831672,0.8668378340634973,0.8055123621020394,0.571168550923444,0.715985261622816,0.6866219927592955,0.6587296563001871,0.7727463562100741,0.5386243318739261
0.822781912892621,0.8313070923036364,0.8885347773197384,0.7203625263265017,0.8509151330689793,0.0,0.9570571279623178,1.0,1.0,0.9053381774023213,0.8362605517829661,0.8253858726469293,0.6125023527085626,0.6925928831960882,0.8509444091789101,0.8892770178868957,0.9785667609664072,0.7802037235995878,0.8580151693324116,0.9035231483949046,0.8770350192539353,0.7866814448017438,0.841230184974667,0.8825960908919859,0.41447703258683893,0.5971747453949363,0.35933696946386384,0.49046493037414984,0.6527918398653701,0.4840486796561277,0.7074120417402667,0.503556702383735,0.7246937733949618,0.745653926999167,0.6679838510629617,0.6848268114656592,0.45373782558126075,0.7321250469970834,0.7570500505953016,0.7818747169403655,0.9210009564970414,0.7398311509343094,0.6123527367939373,0.6959519752652736,0.7064674796605553,0.6324764163381491,0.9170152107869567,0.870501712627178,0.8790485142000404,0.9249366574670157,0.8616241627588395,0.6384695003518828,0.9091556724150636,0.8914088887227755,0.7806641783189432,0.8741206577039307,0.6353615548717976
0.7577581068598338,0.7988657401175757,0.8461226734375992,0.6637158697869474,0.7534881658541457,0.9570571279623178,0.0,0.9555884265454544,0.9856013500413344,0.9169603891666346,0.9983408731211353,0.919704698484262,0.7645307329582182,0.8609038809121501,0.8725802583764453,0.8884910613644919,0.9828693742213442,0.8652015712894063,0.7737302332390538,0.8219944052249766,0.7687607187673897,0.6390014689499122,0.657652189213223,0.7209972938525114,0.3313146492079307,0.5036983189188955,0.29462184154380694,0.40941991171665515,0.5252046836834672,0.4403577193984358,0.6571303213316506,0.3664479511693708,0.6742798050260809,0.6312170338432563,0.5553925272691583,0.6359845553886809,0.3427978754138035,0.6464619215859649,0.6844113150977681,0.6597768719041713,0.7900003574396843,0.6174613484096205,0.6376164816979162,0.7435654916473996,0.6578042190991372,0.668116813360318,1.0,0.8039293635057873,0.9987637071250566,0.8925852468468303,0.8003922124622384,0.6000685229135281,1.0,0.9217075009482922,0.8403137133519203,0.9083030910744951,0.5455298419451795
0.8292948951493417,0.8269199606700454,0.8433397996667527,0.7356569314050836,0.8480938798654896,1.0,0.9555884265454544,0.0,0.9978136082622042,0.9231012290035013,0.8479090714161233,0.8146588495679644,0.6618304404771947,0.7234367738388662,0.8722390317827804,0.8743979915171189,0.9424752401823387,0.8060096656652225,0.9407071908024622,0.9523761584014853,0.9173315552973785,0.7356788608191248,0.7370426815982114,0.8349459872960354,0.39487105373345605,0.571125889956565,0.3495902144729264,0.46938121018833945,0.607823943264081,0.4830144336177877,0.7024995760486483,0.46776211093963144,0.712365822139708,0.718436630096018,0.6116261855649877,0.6516719665153415,0.41130098442023355,0.7313984184752641,0.7461213975221054,0.7891868547067811,0.9457341364921237,0.6997712202761426,0.5968737457439137,0.7471797626033415,0.704735087226649,0.6051455159267005,0.9510951129410811,0.8257194457735262,0.9573020897658275,0.8335726745646932,0.8569146847035364,0.6016859695659168,0.8667645241190941,0.8577119148427712,0.7898341858997914,0.8935635882324654,0.6851928892875105
0.780374796371124,0.8586451707247649,0.8456610810209618,0.7315656087121952,0.7938321148136066,1.0,0.9856013500413344,0.9978136082622042,0.0,0.9173091220150349,0.9207303634304618,0.9156074634275269,0.6940614332755706,0.758868943333415,0.9011945902404626,0.8945538635686267,0.9652303088325902,0.8410826183788507,0.8228058704673812,0.9615326496497947,0.8864211825153805,0.7277387279185151,0.7716643054582527,0.8238646049766666,0.3696119605091908,0.5859365685030636,0.33436072296536107,0.444176173200475,0.5782536846337437,0.47660068819522894,0.7105481075002146,0.43961977773699085,0.7135942338051837,0.6876482672063786,0.6352208482660796,0.6608801784644132,0.3993066146756592,0.7025109876273548,0.7181327265280258,0.7533824327556161,0.8276590488080389,0.6825690094287467,0.5801648857081683,0.7875986614895618,0.6888488825775171,0.6146824102381988,0.9223892488104083,0.8253925136664318,0.9127175070508623,0.8595627717134009,0.8535664144591105,0.600510699294229,0.9416280236318771,0.9400372411316282,0.8287264250366461,0.8631370948231779,0.6237384165307875
0.8572928834383863,0.914935819837281,0.803665164354892,0.8223166440046773,0.8614296617693993,0.9053381774023213,0.9169603891666346,0.9231012290035013,0.9173091220150349,0.0,0.7788830578065602,0.79516217234049,0.6352697000076837,0.6934078898081438,0.7842447343384741,0.8058724976412693,0.8348776737990815,0.6624647466162413,0.8812506784154546,0.8857015856888575,0.8973044710552819,0.7587693608021029,0.7425635930542882,0.8428497258318179,0.45002622304244444,0.6487538335103551,0.3968842201993901,0.5267293774611713,0.6002475475306593,0.5559468975502044,0.7424013019867022,0.4732450745024787,0.7541669034126803,0.746675264345606,0.680225757568637,0.7708721966277691,0.4601022313132228,0.8025134093815323,0.8094278442730566,0.7582960370727896,0.9049126996510107,0.7719857094923886,0.6004239193321144,0.7618628636034124,0.8473465247028653,0.6270836514354486,0.8839912713270811,0.8161163433790898,0.8417257934859391,0.8392736753957966,0.871304675331582,0.5676627141315449,0.8045067996731327,0.7993133874109369,0.7190899308501599,0.932390488988169,0.6873350173220755
0.6539736881519695,0.686544808092929,0.8296589938395406,0.6253605408995403,0.7328010561912066,0.8362605517829661,0.9983408731211353,0.8479090714161233,0.9207303634304618,0.7788830578065602,0.0,1.0,0.9301890730383509,0.9622396916042419,0.8353104987881054,0.7951876711549821,0.9824581153834471,0.9011435054570703,0.7048135329131912,0.7508834484912196,0.7115621663512416,0.5513708552030867,0.6003704048358048,0.6164528429458351,0.30025578697247096,0.4614476656068255,0.26968137922111046,0.3497124128730783,0.45639010956692994,0.39873833208733006,0.5738573246408055,0.3249152086990082,0.5772288205571128,0.5665177896266069,0.4935132561814368,0.5793068167371396,0.3098202880532513,0.5547558621138193,0.632075023219565,0.6104478442683535,0.7324488258431384,0.5581172895969949,0.5956278444454133,0.6888046999402698,0.5851981568791751,0.6969055930279099,0.9426269569587836,0.7422813972528547,1.0,0.8500478794811567,0.7151066718204598,0.612321859851033,1.0,0.9407248702308798,0.9053416544777791,0.8930539218073901,0.5164980620044352
0.6340265882741746,0.620946101346208,0.7156758669364702,0.5593142683037844,0.6465494803436458,0.8253858726469293,0.919704698484262,0.8146588495679644,0.9156074634275269,0.79516217234049,1.0,0.0,0.8964492685593313,0.8997881711391394,0.8638236425759531,0.8401061533147104,0.8847783466787974,0.9212082946184865,0.698513213403456,0.6866553925804217,0.7002433771341376,0.49622932904492156,0.540628773385236,0.581190372788579,0.2716777238962409,0.4174863018953497,0.24551119382638686,0.32107371479282815,0.43122992835540286,0.36931349790804835,0.542028064401646,0.2943937697192912,0.5823263471327658,0.5335766750408326,0.46463266374964696,0.5636012876411368,0.27141823308103574,0.5288055738728978,0.5685441574490605,0.5379877472977512,0.6460203301142342,0.49835284886574593,0.5098138215539252,0.6776405312964371,0.5269437754819453,0.6141375782344963,0.8825937856814225,0.64891523007142,0.9903948331638442,0.7384295109697193,0.6796966582495754,0.5494675084516939,0.9755731944729356,0.9852290739107784,0.968650972626751,0.7935337131511441,0.4980096076446614
0.4665803141735081,0.4723500180842074,0.5492470854695526,0.41770489114896364,0.4738787133960512,0.6125023527085626,0.7645307329582182,0.6618304404771947,0.6940614332755706,0.6352697000076837,0.9301890730383509,0.8964492685593313,0.0,0.9785429112038897,0.6942199303188077,0.6931853885048757,0.7699349553165821,0.6796928013322592,0.5441355391681536,0.555514964547705,0.549271713588499,0.38334485144168257,0.41710128924302375,0.4294777484337451,0.21478009705047196,0.3191833078144323,0.19323824654850344,0.26220330947784765,0.3323110078343556,0.2885060814826117,0.4128494512106125,0.2334627620149227,0.426525856174373,0.41138644107234235,0.3473711824689189,0.4301718000383384,0.21144029613067938,0.44292357260924087,0.47334353654338013,0.42324953415391386,0.527495712423044,0.4068261724453857,0.43520553314687677,0.5316478613953877,0.4432495114369841,0.5243926188133312,0.7595311179847464,0.49063832622492587,0.7576151365834145,0.5557683403386634,0.5445114329972208,0.435335971385234,0.8427579443888611,0.8394281992031501,0.7653494747394021,0.7004557525140406,0.4632712596596207
0.523304531370368,0.5577212665716482,0.6245192150434817,0.49203423163633503,0.5572407371187825,0.6925928831960882,0.8609038809121501,0.7234367738388662,0.758868943333415,0.6934078898081438,0.9622396916042419,0.8997881711391394,0.9785429112038897,0.0,0.7667528408030254,0.7343170589689009,0.8294166095343964,0.7036383650015315,0.6381784638025465,0.6273579809303782,0.6077208307309842,0.4373985175793486,0.470204905466508,0.5109535015746999,0.24236254430663073,0.3673712201466241,0.2205703127679176,0.2989961556707689,0.3818508267887925,0.33390495492735617,0.4761278587677253,0.2666929250830307,0.484819545727147,0.45850245753989805,0.4020830650169251,0.48378401624499395,0.24095904488412648,0.4990189031321768,0.5325977427849189,0.4742533342779011,0.6125580307558842,0.449366781880669,0.48489304190855753,0.5780026530774599,0.5046959567547782,0.5833941839398038,0.8432448669459147,0.5632457157148602,0.8922655466586303,0.641106934797228,0.5944945227856689,0.5124225238681005,0.9323015124283816,0.9068698216464661,0.763660749864403,0.8128643962481433,0.488403307174429
0.7248122209066922,0.696050783257869,0.7051680393239346,0.6212990010428766,0.7207147924616248,0.8509444091789101,0.8725802583764453,0.8722390317827804,0.9011945902404626,0.7842447343384741,0.8353104987881054,0.8638236425759531,0.6942199303188077,0.7667528408030254,0.0,0.9109628245490184,0.8423910448007839,0.805389670068669,0.7732577254706527,0.7857392813332948,0.8657381422186586,0.584693047283686,0.6224992358722617,0.6507126048912302,0.3395902791190143,0.5113033497955102,0.2977032555166647,0.3760281613669256,0.5092337383716211,0.43313964920675874,0.6511396827742123,0.37463242058929297,0.6900217566800252,0.6017455611566638,0.5657420248920059,0.6078452384161855,0.32307325131473097,0.5821552294448195,0.5710484394250699,0.6612524127855496,0.6925375449334029,0.5903096228003867,0.463060867558683,0.7135966328162494,0.5810407248023287,0.4841512386915268,0.9204101223597103,0.6497953568663039,0.8414539440762812,0.6756208926940322,0.7523763401618219,0.4594114734059362,0.8020585428066835,0.8842142581463398,0.8894254525733661,0.8491670092119229,0.6428028217185842
0.711875897442888,0.7426793974786687,0.6903109786326332,0.6294039420255725,0.752428018518697,0.8892770178868957,0.8884910613644919,0.8743979915171189,0.8945538635686267,0.8058724976412693,0.7951876711549821,0.8401061533147104,0.6931853885048757,0.7343170589689009,0.9109628245490184,0.0,0.8105951077067121,0.7516649170634645,0.8116389110609,0.8145065455695374,0.8526760707921183,0.6264015432005914,0.6607926850949519,0.6918583552103899,0.36299905582146114,0.5473813768021751,0.3214940517295554,0.4012539195573597,0.54500560474431,0.4424570790315213,0.6433840684996011,0.42078322263752016,0.674134230794703,0.6543502804610901,0.5748590735821888,0.6074518668043561,0.3574587707369334,0.5889177372176485,0.5961581733903573,0.7091521650507584,0.7210929542423214,0.6127483706638442,0.45294862248474027,0.7366668423941244,0.5992729573211164,0.4813453258399063,0.9449078501627114,0.6598973570300292,0.8206614190272635,0.67863562826695,0.7712372671799566,0.46170757005073043,0.7932556203205952,0.8839989156494286,0.8188816403490814,0.8015467841420237,0.6417332771892467
0.6854298873412252,0.6948813212221685,0.8871774132539736,0.6588079934721485,0.7566927816609936,0.9785667609664072,0.9828693742213442,0.9424752401823387,0.9652303088325902,0.8348776737990815,0.9824581153834471,0.8847783466787974,0.7699349553165821,0.8294166095343964,0.8423910448007839,0.8105951077067121,0.0,0.9248142320084072,0.7647534188013632,0.8118540165953646,0.7353007905850615,0.6396875594714603,0.6514130598275307,0.7836138165495619,0.32502519476934183,0.4884162233480295,0.30025114314637,0.409363295696252,0.5374809029452269,0.42392185532358917,0.619465628926173,0.3855930778422663,0.62595871748535,0.6299617783806194,0.5357652643186559,0.603421142252432,0.3602289102645434,0.6470114251002571,0.7164813734863863,0.6642082693018626,0.8030132349521764,0.6402853757827806,0.6881622815521615,0.6489829339505114,0.6516448556081167,0.7538690884816049,0.8592170043877184,0.9075584329682659,0.9502445203098727,1.0,0.8051379623960997,0.7911291801496106,1.0,0.8892774485114203,0.8012171502836698,0.8821624407686199,0.5387842925003132
0.6252963357389323,0.5830140712848356,0.744593436193381,0.5647134349482228,0.6645191981327806,0.7802037235995878,0.8652015712894063,0.8060096656652225,0.8410826183788507,0.6624647466162413,0.9011435054570703,0.9212082946184865,0.6796928013322592,0.7036383650015315,0.805389670068669,0.7516649170634645,0.9248142320084072,0.0,0.6520122412940308,0.626140418546731,0.6419921948985362,0.5337754944309222,0.5358730591468787,0.5982349648490138,0.28168909212499865,0.4264878244897825,0.25385172059931443,0.3135616240172577,0.4395229553925816,0.37100669242260714,0.5580364167731887,0.3179409385197687,0.5453772136200552,0.5026168388080393,0.44027051748904295,0.5201791463406049,0.2915608077082993,0.4815677369829318,0.540661919599619,0.5424661194130909,0.6129522128716253,0.5043468275692573,0.5474592850000616,0.612209196958803,0.4776284691566612,0.6040151511395366,0.7902284503785403,0.7158506371996674,0.8217790779364433,0.7411649246829295,0.603847432402883,0.5700308062337137,0.8772506891437385,0.8447884168265596,0.9027151568219469,0.6977939501001964,0.4065260814398026
0.8727021245041443,0.9054967917287554,0.7211082826046231,0.7801783367136089,0.8176400620114187,0.8580151693324116,0.7737302332390538,0.9407071908024622,0.8228058704673812,0.8812506784154546,0.7048135329131912,0.698513213403456,0.5441355391681536,0.6381784638025465,0.7732577254706527,0.8116389110609,0.7647534188013632,0.6520122412940308,0.0,0.9363787408442635,0.972618012894284,0.8288565490482216,0.8296380909773715,0.8658206583266097,0.5124740325212921,0.7114518077624271,0.4382915682077775,0.5321979254140132,0.7901606697330885,0.5674306940728747,0.8072759813265074,0.6395472083063014,0.8388027888148176,0.8584778846060098,0.8069067456150825,0.735265995217067,0.5159041733810894,0.7964161164069141,0.6945860506621959,0.880514233189573,0.8548705103233806,0.8102213419001464,0.5091425725766551,0.7803527796528688,0.7828519062456083,0.4874026018854621,0.8664301594734067,0.7336242348435571,0.7701102520197781,0.7463456295133162,0.9260881688743692,0.5125366565953955,0.7613995014464547,0.7584471445552701,0.662664860282913,0.8878743532961332,0.7641920415093845
0.8105318948481952,0.8809501370669647,0.7966770498024275,0.7609049876316336,0.8320590700232012,0.9035231483949046,0.8219944052249766,0.9523761584014853,0.9615326496497947,0.8857015856888575,0.7508834484912196,0.6866553925804217,0.555514964547705,0.6273579809303782,0.7857392813332948,0.8145065455695374,0.8118540165953646,0.626140418546731,0.9363787408442635,0.0,0.9189646221280575,0.8337549402914994,0.8595974754995189,0.8991311317861976,0.4749139551141672,0.637179688051059,0.4231656408673354,0.5364585785246508,0.7069674553505801,0.5679733895598108,0.774606582722419,0.5703345096086088,0.7232802996628774,0.7871199998482022,0.7416636680077074,0.6401477456954687,0.5283148267681095,0.7924587300538617,0.7486378179552822,0.8606881668077402,0.9371060927369682,0.7591046330675344,0.5848241285505472,0.6733250751523226,0.765961846508612,0.5476703216336141,0.7898566583904203,0.8489947743975584,0.8442008485473931,0.793111933957476,0.9186806734092066,0.5698512052485285,0.764195137800682,0.7664546195817894,0.6343390135713924,0.8860455293634467,0.7528080671036579
0.9564349441794827,0.8741559146889416,0.7647502800995818,0.8112026814325093,0.9127650487628788,0.8770350192539353,0.7687607187673897,0.9173315552973785,0.8864211825153805,0.8973044710552819,0.7115621663512416,0.7002433771341376,0.549271713588499,0.6077208307309842,0.8657381422186586,0.8526760707921183,0.7353007905850615,0.6419921948985362,0.972618012894284,0.9189646221280575,0.0,0.8451173935788445,0.8527324517629497,0.9166440366264053,0.5279234933344856,0.7127714640260023,0.4474592988114582,0.5383254868565179,0.7144347964029355,0.5856271351047008,0.8238902609626901,0.5856449071081172,0.9130810046728294,0.8691993990158251,0.7887680436222596,0.7462845042841733,0.5368402431368616,0.8329226179181296,0.7187547813275363,0.8742215090960321,0.8454168954174295,0.7809358431868111,0.49904140291563087,0.8564527261629732,0.7859954164569323,0.47730428285296544,0.8733893935606895,0.723287546424874,0.7840778179816568,0.7399523144046082,0.8966647614842364,0.4941180396504643,0.7273627084034333,0.7431955346084737,0.6720317126842147,0.8458453059086205,0.7551769374112091
0.8492734529782132,0.9252967106326404,0.8061988682535142,0.8688296421737737,0.8677958456608212,0.7866814448017438,0.6390014689499122,0.7356788608191248,0.7277387279185151,0.7587693608021029,0.5513708552030867,0.49622932904492156,0.38334485144168257,0.4373985175793486,0.584693047283686,0.6264015432005914,0.6396875594714603,0.5337754944309222,0.8288565490482216,0.8337549402914994,0.8451173935788445,0.0,0.9671819837920753,0.9394911906387257,0.7133950529870752,0.8786688557681215,0.6116171988437371,0.699173230858022,0.902370232309035,0.7240243796891862,0.8584509752809285,0.7430222974842232,0.8833283802793428,0.9878528560132744,0.887501301443133,0.7621562183013318,0.7751535621820904,0.9186874394335441,0.7926452577667807,0.9682092997204903,0.868284153980244,0.8655317430162626,0.576806866123397,0.6613494579603438,0.8140749857861262,0.4951922794772988,0.6364496694475258,0.8333315735916986,0.6046603999078256,0.7530842431142495,0.8837926335711536,0.5572160909961054,0.6059253022343892,0.5457153866034387,0.4855708696739764,0.6968011103306049,0.6171553343473106
0.8834175174041333,0.9961888119041372,0.7945630557542724,0.8843779721941728,0.9359917015903433,0.841230184974667,0.657652189213223,0.7370426815982114,0.7716643054582527,0.7425635930542882,0.6003704048358048,0.540628773385236,0.41710128924302375,0.470204905466508,0.6224992358722617,0.6607926850949519,0.6514130598275307,0.5358730591468787,0.8296380909773715,0.8595974754995189,0.8527324517629497,0.9671819837920753,0.0,0.9785239103826302,0.6375636266428447,0.8065916023984632,0.602078285277693,0.7209791905884287,0.8845146123175357,0.6914878265882429,0.8496974066511727,0.7450669734291694,0.8907819136600037,0.926557480673125,0.9358556381747288,0.7677893753191333,0.7227682022005497,0.8548179493742064,0.8252002632440114,0.9760449188953588,0.9298981228654861,0.9161254768353919,0.5500937748238413,0.7016606605946392,0.8670706901669444,0.4947371528474257,0.6885681421389587,0.8306790116943756,0.6401368567287798,0.7172870979784715,0.8180561626704796,0.5395510117929652,0.6084389055897154,0.5813175275006698,0.5144446530623881,0.7640880236849651,0.6791804276512012
0.9158263099242735,0.9546677676945086,0.7857567279924544,0.83003219063467,0.898763020083596,0.8825960908919859,0.7209972938525114,0.8349459872960354,0.8238646049766666,0.8428497258318179,0.6164528429458351,0.581190372788579,0.4294777484337451,0.5109535015746999,0.6507126048912302,0.6918583552103899,0.7836138165495619,0.5982349648490138,0.8658206583266097,0.8991311317861976,0.9166440366264053,0.9394911906387257,0.9785239103826302,0.0,0.6014707497661164,0.8197461848728608,0.5232235746504645,0.6540114560812516,0.8720820903450185,0.6956029688549696,0.8148085402410891,0.7237678826479527,0.8510359798236935,0.8730683792504895,0.8858678273703525,0.7545764713208585,0.7031304897112162,0.8853154431798453,0.800485523821987,0.9338709825067523,0.9178569951798311,0.8884121449131323,0.6240547439038588,0.7142227283723749,0.8776485594297867,0.5480933940228954,0.7003365014653624,0.8687423689484505,0.7013702058348221,0.8308111424868193,0.9054105569228675,0.6015234396816564,0.6988296447902835,0.6317694020643446,0.5652032234553878,0.7938839663074388,0.6100059492191097
0.656697276624684,0.6702261122672609,0.4296877041462213,0.7250121239849183,0.6154144805148748,0.41447703258683893,0.3313146492079307,0.39487105373345605,0.3696119605091908,0.45002622304244444,0.30025578697247096,0.2716777238962409,0.21478009705047196,0.24236254430663073,0.3395902791190143,0.36299905582146114,0.32502519476934183,0.28168909212499865,0.5124740325212921,0.4749139551141672,0.5279234933344856,0.7133950529870752,0.6375636266428447,0.6014707497661164,0.0,0.8495327388487008,0.9614611013691137,0.8265628312895028,0.8328511547926021,0.9566777337541719,0.7750290224780474,0.7435408637037114,0.7315386034478988,0.7548499259688161,0.8303931155050754,0.6581119644984603,0.9225106710614729,0.6590905887566207,0.5271301763177715,0.6593892112205397,0.5252554827328035,0.6623349105240582,0.3770344523129877,0.49898089738402396,0.6642206670298498,0.3003798779496258,0.3495128155341501,0.48460657606222685,0.319768730859978,0.40848543922418884,0.5232049702549212,0.32801517183637086,0.29942433757330317,0.3036317917136199,0.26911432949433794,0.39946471412060464,0.40892573384664754
0.8431722956242087,0.8375065331986422,0.602392577473265,0.866438990094989,0.8335518682692875,0.5971747453949363,0.5036983189188955,0.571125889956565,0.5859365685030636,0.6487538335103551,0.4614476656068255,0.4174863018953497,0.3191833078144323,0.3673712201466241,0.5113033497955102,0.5473813768021751,0.4884162233480295,0.4264878244897825,0.7114518077624271,0.637179688051059,0.7127714640260023,0.8786688557681215,0.8065916023984632,0.8197461848728608,0.8495327388487008,0.0,0.7459278556731382,0.7357153742940513,0.8590284321872338,0.8201453417546503,0.912006842462322,0.7851737141689717,0.9265863852748911,0.9149475993764264,0.9486101929524154,0.8071254643582365,0.8262527984830802,0.8025684150846898,0.6524773888173439,0.8252231393493139,0.684890121839566,0.7998173853808048,0.46385933763043624,0.6925692042826233,0.7663782192278841,0.39886678168924616,0.5242728252045167,0.6737463210437108,0.4748629211137521,0.5665082807095111,0.7138505137658007,0.4147664847849013,0.4634114453974392,0.4632474156664517,0.4228315237453873,0.5921856038331555,0.48535844831062525
0.5479272713285946,0.6066525185686563,0.3954373958919036,0.6362407786859913,0.5536013292241477,0.35933696946386384,0.29462184154380694,0.3495902144729264,0.33436072296536107,0.3968842201993901,0.26968137922111046,0.24551119382638686,0.19323824654850344,0.2205703127679176,0.2977032555166647,0.3214940517295554,0.30025114314637,0.25385172059931443,0.4382915682077775,0.4231656408673354,0.4474592988114582,0.6116171988437371,0.602078285277693,0.5232235746504645,0.9614611013691137,0.7459278556731382,0.0,0.7790426441813707,0.6890972349748897,0.9171372327695383,0.6250982028480655,0.6288371362173341,0.5869045877440389,0.6653161568720309,0.7401212214728797,0.5762397774518034,0.8353196168225382,0.6192807267939967,0.506492700905166,0.5655056231671547,0.4859883537979634,0.6219463235864772,0.3587616894393404,0.4301159129502589,0.605319153915489,0.2922736030933029,0.30471435686992515,0.43338736886930246,0.2852362530902219,0.37087042905972883,0.44814047178053457,0.31229058382168245,0.2738505679226839,0.265322009163776,0.23854759972212108,0.3535679540220894,0.3637265470387873
0.6288333444501945,0.7707537863279682,0.5485869171483471,0.8122095548331287,0.6713517705778098,0.49046493037414984,0.40941991171665515,0.46938121018833945,0.444176173200475,0.5267293774611713,0.3497124128730783,0.32107371479282815,0.26220330947784765,0.2989961556707689,0.3760281613669256,0.4012539195573597,0.409363295696252,0.3135616240172577,0.5321979254140132,0.5364585785246508,0.5383254868565179,0.699173230858022,0.7209791905884287,0.6540114560812516,0.8265628312895028,0.7357153742940513,0.7790426441813707,0.0,0.6802352507511388,0.8442279188575719,0.7358325416811646,0.6205470427442311,0.6356852903224658,0.7585926519469263,0.7660211663900307,0.6516034217639466,0.8775235559031747,0.7899554178711481,0.7039910621864117,0.6830242322771458,0.6467575365770261,0.7649520468725843,0.55057794995576,0.513918606850969,0.80686301406803,0.43006509081993505,0.3998791691235026,0.5936516261630904,0.3746404033582831,0.524106659820543,0.5913076602667211,0.4482077540154732,0.3819267368333634,0.3397177090152836,0.30392265163698895,0.4615948975478722,0.4442725088315524
0.8412381159307573,0.8540583544527309,0.6070150440744465,0.8146657059874244,0.7449548745572758,0.6527918398653701,0.5252046836834672,0.607823943264081,0.5782536846337437,0.6002475475306593,0.45639010956692994,0.43122992835540286,0.3323110078343556,0.3818508267887925,0.5092337383716211,0.54500560474431,0.5374809029452269,0.4395229553925816,0.7901606697330885,0.7069674553505801,0.7144347964029355,0.902370232309035,0.8845146123175357,0.8720820903450185,0.8328511547926021,0.8590284321872338,0.6890972349748897,0.6802352507511388,0.0,0.7426082969381536,0.8182945559199014,0.9028620833979047,0.8803393022380899,0.9242598090464641,0.8742745407809434,0.7073730534869951,0.8284698088990862,0.7901325055979463,0.6733500677510011,0.8565264587100978,0.689497981428383,0.8639855002135246,0.48047326596028334,0.6230761711620219,0.7673654819617434,0.4164537945830624,0.5442694478183406,0.6965793909821447,0.4992348188660575,0.6084998003391453,0.7591859224272333,0.4788830914812297,0.48867860536949903,0.4764031549240679,0.39768562200596264,0.6020401647693377,0.5641254898256256
0.7320070050625856,0.7680362806801708,0.5507398306625615,0.8088802031457081,0.6983330764204356,0.4840486796561277,0.4403577193984358,0.4830144336177877,0.47660068819522894,0.5559468975502044,0.39873833208733006,0.36931349790804835,0.2885060814826117,0.33390495492735617,0.43313964920675874,0.4424570790315213,0.42392185532358917,0.37100669242260714,0.5674306940728747,0.5679733895598108,0.5856271351047008,0.7240243796891862,0.6914878265882429,0.6956029688549696,0.9566777337541719,0.8201453417546503,0.9171372327695383,0.8442279188575719,0.7426082969381536,0.0,0.8497510153332437,0.6144282632219499,0.7954797677299953,0.8040281453590846,0.8183474111071378,0.8252161886839382,0.8250851265979341,0.766876404661286,0.6474448829315977,0.7447174641135387,0.6511149959025518,0.7762424409476093,0.47281391685429563,0.6337606333370717,0.7398942297304101,0.4121995966535269,0.42828135739520157,0.6034008965064157,0.4210772276492398,0.5225556798607175,0.6097558553137975,0.4028979438711083,0.4037536376106273,0.4014228957396531,0.3615951645230709,0.4861354171297659,0.3944300437441694
0.9658173111242228,0.9678696542217535,0.7053540630340407,0.9881218890349425,0.9862049945301975,0.7074120417402667,0.6571303213316506,0.7024995760486483,0.7105481075002146,0.7424013019867022,0.5738573246408055,0.542028064401646,0.4128494512106125,0.4761278587677253,0.6511396827742123,0.6433840684996011,0.619465628926173,0.5580364167731887,0.8072759813265074,0.774606582722419,0.8238902609626901,0.8584509752809285,0.8496974066511727,0.8148085402410891,0.7750290224780474,0.912006842462322,0.6250982028480655,0.7358325416811646,0.8182945559199014,0.8497510153332437,0.0,0.6038286834512246,1.0,0.9065374850159729,0.929666638505739,0.8955327214768936,0.6888929252652854,0.902157276529668,0.7490703503307139,0.878035121110752,0.7686131918437734,0.8394146776965075,0.547539534351171,0.8644390666862849,0.7948995275287845,0.5071386970361735,0.6634850561314267,0.7659018745120855,0.6297689482210489,0.707118913171379,0.7968243416231361,0.4949750768107035,0.6020463838092206,0.5833154627672631,0.5417364875835091,0.7029214574289699,0.5207475611681983
0.5839378598337878,0.6595313323113136,0.4445002781139372,0.5973172471159093,0.5579434071200692,0.503556702383735,0.3664479511693708,0.46776211093963144,0.43961977773699085,0.4732450745024787,0.3249152086990082,0.2943937697192912,0.2334627620149227,0.2666929250830307,0.37463242058929297,0.42078322263752016,0.3855930778422663,0.3179409385197687,0.6395472083063014,0.5703345096086088,0.5856449071081172,0.7430222974842232,0.7450669734291694,0.7237678826479527,0.7435408637037114,0.7851737141689717,0.6288371362173341,0.6205470427442311,0.9028620833979047,0.6144282632219499,0.6038286834512246,0.0,0.6522185715383686,0.7502877367808403,0.7891782632271983,0.5170327481749559,0.7798422319013596,0.6731248048026293,0.5479544371415282,0.7684444553645087,0.6128986652409152,0.7295214405806495,0.3759610839238061,0.42152380036926274,0.6583471462361341,0.3081992444918452,0.39106288516670346,0.5310155300963654,0.3650399161295804,0.43199633877032706,0.5991164545945803,0.3722796985778174,0.3406453570314652,0.33518299494011233,0.285369914732821,0.45686790256685916,0.5887957976656475
1.0,0.9235947788331259,0.6833384654985931,0.8729160514521963,0.9399327417868214,0.7246937733949618,0.6742798050260809,0.712365822139708,0.7135942338051837,0.7541669034126803,0.5772288205571128,0.5823263471327658,0.426525856174373,0.484819545727147,0.6900217566800252,0.674134230794703,0.62595871748535,0.5453772136200552,0.8388027888148176,0.7232802996628774,0.9130810046728294,0.8833283802793428,0.8907819136600037,0.8510359798236935,0.7315386034478988,0.9265863852748911,0.5869045877440389,0.6356852903224658,0.8803393022380899,0.7954797677299953,1.0,0.6522185715383686,0.0,0.946268199847909,0.9556578173745394,0.8969247922149107,0.6379462436225549,0.870049520275098,0.726606148122612,0.8629458664154867,0.7291130791488809,0.8191255233712257,0.48913582318377574,0.8788301740905504,0.76905709587371,0.45664189019705975,0.7033541228781263,0.7256528433991748,0.6117946847176164,0.655761536153584,0.8437998972276787,0.4554251424603395,0.6043367148089306,0.610357506477391,0.5663639974294069,0.6831175630609759,0.5573551290666467
0.9742352161854603,1.0,0.7091514926665108,0.9506898298100265,0.9461899820554057,0.745653926999167,0.6312170338432563,0.718436630096018,0.6876482672063786,0.746675264345606,0.5665177896266069,0.5335766750408326,0.41138644107234235,0.45850245753989805,0.6017455611566638,0.6543502804610901,0.6299617783806194,0.5026168388080393,0.8584778846060098,0.7871199998482022,0.8691993990158251,0.9878528560132744,0.926557480673125,0.8730683792504895,0.7548499259688161,0.9149475993764264,0.6653161568720309,0.7585926519469263,0.9242598090464641,0.8040281453590846,0.9065374850159729,0.7502877367808403,0.946268199847909,0.0,0.951887779935758,0.860758795210687,0.7290260250898164,0.9127699389268151,0.7882564822440091,0.9199723610726928,0.8395810339723329,0.8973143075437557,0.5066944354490104,0.778585324606864,0.8877492676413505,0.47175785859664104,0.6610022412183849,0.7540588112805117,0.6218448528957151,0.691667436477345,0.8455310609616374,0.4851599997536992,0.578931003460118,0.5869287098895882,0.4961715105958785,0.7120351109108066,0.6567972003067775
0.8937398090864624,0.9577258406165481,0.6489960799169893,0.8850084773932907,0.819345983456916,0.6679838510629617,0.5553925272691583,0.6116261855649877,0.6352208482660796,0.680225757568637,0.4935132561814368,0.46463266374964696,0.3473711824689189,0.4020830650169251,0.5657420248920059,0.5748590735821888,0.5357652643186559,0.44027051748904295,0.8069067456150825,0.7416636680077074,0.7887680436222596,0.887501301443133,0.9358556381747288,0.8858678273703525,0.8303931155050754,0.9486101929524154,0.7401212214728797,0.7660211663900307,0.8742745407809434,0.8183474111071378,0.929666638505739,0.7891782632271983,0.9556578173745394,0.951887779935758,0.0,0.7737807346572523,0.8244601099920601,0.9296619824537788,0.695433331909442,0.9340105336202352,0.7711642846292533,0.9750270272200576,0.489893855056278,0.722822877172512,0.8549242966769026,0.43180678620345225,0.5814470690061349,0.6756438295070493,0.5322909292087125,0.613807910079456,0.8007234228590132,0.4485205290126173,0.49049311243313254,0.507847842620188,0.44176277765383115,0.6479688470374996,0.5974144550963609
0.9732938494231309,0.9244066546062857,0.7582119544136954,0.9412579023861152,0.9449036979598848,0.6848268114656592,0.6359845553886809,0.6516719665153415,0.6608801784644132,0.7708721966277691,0.5793068167371396,0.5636012876411368,0.4301718000383384,0.48378401624499395,0.6078452384161855,0.6074518668043561,0.603421142252432,0.5201791463406049,0.735265995217067,0.6401477456954687,0.7462845042841733,0.7621562183013318,0.7677893753191333,0.7545764713208585,0.6581119644984603,0.8071254643582365,0.5762397774518034,0.6516034217639466,0.7073730534869951,0.8252161886839382,0.8955327214768936,0.5170327481749559,0.8969247922149107,0.860758795210687,0.7737807346572523,0.0,0.581708274891205,0.8100846283244284,0.7335797455537367,0.7968942931747679,0.7103514758361726,0.7912841992063651,0.5317076912939914,0.8764673756452857,0.8185729890750482,0.515026822125791,0.6453487550928593,0.7373882303463497,0.6242741630612894,0.6751817255987729,0.7728724505367329,0.47923251909842673,0.5744485511591604,0.5710347418687596,0.5068022615624181,0.6460908876360983,0.46776681842383144
