Cingulate area 2,Glomerular layer of the accessory olfactory bulb,Glomerular layer of the olfactory bulb,"Olfactory bulb, unspecified",Frontal association cortex,Cornu ammonis 3,Dentate gyrus,Cornu ammonis 2,Cornu ammonis 1,Fasciola cinereum,Subiculum,Postrhinal cortex,Presubiculum,Parasubiculum,Perirhinal area 35,Perirhinal area 36,Medial entorhinal cortex,Lateral entorhinal cortex,Primary auditory area,"Secondary auditory area, dorsal part","Secondary auditory area, ventral part","Piriform cortex, layer 1","Piriform cortex, layer 2","Piriform cortex, layer 3",Ventrolateral orbital area,Lateral orbital area,Ventral orbital area,Medial orbital area,Dorsolateral orbital area,Prelimbic area,Secondary motor area,Frontal association area 3,Primary motor area,"Agranular insular cortex, ventral area",Agranular insular cortex dorsal area,Cingulate area 1,Infralimbic area,Dysgranular insular cortex,Granular insular cortex,"Primary somatosensory area, forelimb representation","Primary somatosensory area, dysgranular zone","Primary somatosensory area, face representation",Secondary somatosensory area,"Primary somatosensory area, hindlimb representation","Agranular insular cortex, posterior area","Primary somatosensory area, barrel field",Retrosplenial dysgranular area,"Primary somatosensory area, trunk representation",Retrosplenial granular area,"Parietal association cortex, lateral area","Parietal association cortex, medial area","Parietal association cortex, posterior area",Primary visual area,"Secondary visual area, lateral part",Temporal association cortex,"Secondary visual area, medial part",Nucleus of the lateral olfactory tract
0.0,0.4254875025144115,0.23359934831223467,0.29407454296339547,0.3966455394532436,0.6045170507308226,0.5768561626674872,0.5337966472863072,0.5883324206288167,0.7485638189477125,0.5500065410187696,0.45310830752446113,0.46898499208115435,0.5150465265021564,0.5019962671218607,0.5056158508785478,0.4977194630684791,0.5012941032790988,0.4815007723240819,0.490622560047953,0.4809630680528266,0.7330099956042858,0.7206311315869188,0.7585167422160283,0.5732799200633708,0.555667140204007,0.5869192152349001,0.43724587555510763,0.6113582434881584,0.5752344833344809,0.6765937265064165,0.6133092815201199,0.7706342331542994,0.5350014327628824,0.47393054004661483,0.7906945725231844,0.5448623626506706,0.6034910565260312,0.5738816298270603,0.6799297767170793,0.6585511254705828,0.6561808424140646,0.5462944226077429,0.7749833863129784,0.6507059568342708,0.5911406756428532,0.526451579157579,0.5573335296008963,0.5650793197407897,0.6690391203089511,0.8094706841163346,0.36219116526520345,0.49758434893731635,0.45889001104207894,0.41537417914481345,0.555441329516626,0.6128971337761971
0.4254875025144115,0.0,0.5777057321987529,0.6720510938259754,0.8257690337425299,0.8063383765190011,0.8469172767504964,0.8404307734763007,0.8206211226369717,0.725669669534208,0.8697773778588631,0.8538097198683053,0.7130007704800746,0.8115787876872518,0.8740340638789135,0.8622940323399724,0.8842016253999603,0.8753211291726216,0.9355501550880075,0.920569315497262,0.8931318665565249,0.8081320590207273,0.7729963682952331,0.7237708242264924,0.8454821987395091,0.8075318822067298,0.849094678650943,0.9079561665613346,0.668966975337655,0.758252485427033,0.7118416315932137,0.8031540557564144,0.6900667539521758,0.8937851518824373,0.8521274609126641,0.5603913784802067,0.6682526459509256,0.8761605619739536,0.8743378293027176,0.8133768029811905,0.8138263612578677,0.7506477437577155,0.7473293775819984,0.6850788121343656,0.7611944561185044,0.8837747453689015,0.8851585418087536,0.7407521858341011,0.844854389488661,0.6956478699982797,0.6406646178158003,0.8264372862106446,0.792263272424435,0.7970311272947728,0.9136725757485584,0.8551513983669998,0.7985664401867577
0.23359934831223467,0.5777057321987529,0.0,0.9222390695947212,0.739555165858567,0.4352702175731739,0.48420151642680875,0.5096452961331933,0.4623234877480818,0.3352142823303522,0.4580246531274102,0.5518838510733419,0.42152713448599766,0.4664367888091876,0.5009258957683949,0.4896614356827629,0.46959522411749777,0.5062730647890129,0.5427629752855742,0.5393210637711969,0.4987276823138633,0.42336226722003095,0.37589919935081,0.3911067781252459,0.501832760621173,0.5168201327895998,0.525236178003611,0.6266432213933667,0.4400198759336359,0.49810104024934954,0.4335653009510159,0.5334777442377427,0.38249474863433763,0.5406079942181888,0.611853591114805,0.31069170856353673,0.47456719829438954,0.4751884326526029,0.4617968724473308,0.4328344145222851,0.4572635341832743,0.4405715697305374,0.47728928925163955,0.3460845157450799,0.4280423667295827,0.44760922893932464,0.48486566314130375,0.3917802895914072,0.4368437278804077,0.3726208052252525,0.292360851585442,0.634046090204618,0.48983106597663956,0.4912950739710588,0.631560383726246,0.4687529113274796,0.36840341242327035
0.29407454296339547,0.6720510938259754,0.9222390695947212,0.0,0.9062786986914747,0.5172113084665706,0.5736056634059566,0.6437283499973618,0.5765724754155187,0.42563036451906583,0.5349062561164301,0.6360678101969046,0.4726257069182962,0.5601742376527388,0.5966773023553823,0.5790996701499163,0.564376768099091,0.5892981060045245,0.6711862596918755,0.669319946591916,0.5718573385553314,0.5633011776020025,0.49151820429565496,0.4912520072055419,0.6526330016003445,0.6525291107100782,0.6786941417568341,0.8010417636850344,0.6160735053232688,0.6545893597612439,0.5524600413956064,0.7053766708909643,0.5055151492919813,0.7143366478940311,0.771009474997591,0.39264721123262786,0.5878525474646187,0.6172682255124107,0.5684476034206829,0.5608359268239077,0.5981708619608264,0.5868943191758418,0.5863089090881063,0.44159144598835787,0.543605403232483,0.5485697026343282,0.5754080995629655,0.49032890535116647,0.5470114373192574,0.487447159240217,0.3784333238937464,0.7012898304231373,0.5569162112335776,0.603483469747912,0.7523771783134804,0.5743546284424087,0.4531416335298497
0.3966455394532436,0.8257690337425299,0.739555165858567,0.9062786986914747,0.0,0.7012570984359381,0.7135261647976564,0.7717755266761182,0.7176642476826056,0.5605696010240605,0.622687291054561,0.7223248195508429,0.5561673302773312,0.6602445568080307,0.6878160146257213,0.67655763528475,0.6378936354975878,0.6702800519918672,0.7823379057255374,0.7258284694157495,0.7293324625341481,0.7416857743964137,0.6328282191243587,0.6683277403224103,0.9018811405958728,0.8465752064230437,0.8917346794698224,0.9556164812831435,0.8069971599047079,0.8686873330302991,0.7481492249643572,0.8650710417663299,0.6731796319423853,0.9282497548853403,0.9479851782836748,0.5690564372067023,0.8037212300784711,0.7943766342127763,0.7586716264177772,0.730922457684718,0.736972508432946,0.7451782741196593,0.7216975169521066,0.5884990465901778,0.6920035304160299,0.6886080960058408,0.6978151214268202,0.550949915740918,0.7034279210554097,0.589058449998241,0.4912625895668557,0.6854137438723255,0.662921958112816,0.6547238199923301,0.7995172791289302,0.7079861867568638,0.5824474523938566
0.6045170507308226,0.8063383765190011,0.4352702175731739,0.5172113084665706,0.7012570984359381,0.0,0.9590486284882764,0.9090212948748573,0.914566838191441,0.8790082338406987,0.9065563139228521,0.857116630625876,0.8658215350626072,0.9223509019408924,0.8727048008080619,0.854949910150602,0.82715500966841,0.8777427741077547,0.9785516948391035,0.8478687088600878,0.8972952416014262,0.9455025869951152,0.915431550165676,0.8941475918456534,0.8557620169123833,0.8466050274094088,0.8972020914521182,0.8058349559103453,0.7650458243176645,0.8258016573031367,0.8284072269543074,0.940689599043621,0.8903587399934133,0.8483544528377276,0.7844954582086594,0.8378623402167988,0.8404194184158589,0.9283614052129713,0.885725323632011,0.8829680646224866,0.9157620209062268,0.808280400614992,0.8320443451483249,0.9096721982277596,0.8925171230424841,0.895188837662686,0.8921038386584307,0.7774547185033978,0.9654702647960318,0.7971678775337673,0.7792108113515563,0.6919501253009708,0.9367410966818135,0.8442823719805911,0.7917613619566738,0.919565128253579,0.932717463520741
0.5768561626674872,0.8469172767504964,0.48420151642680875,0.5736056634059566,0.7135261647976564,0.9590486284882764,0.0,0.9147928654750921,0.9278510104399631,0.8271448601052704,1.0,0.9244200987433074,0.8818142455861758,0.966956895171035,0.9779370061255648,0.971519815226688,0.9591316187983199,0.9771296302230297,1.0,0.9253772311459548,0.920295403852225,0.9577299956123544,0.9146454364602484,0.9724421252651618,0.9347959923644573,0.903983385256768,0.8710822069963372,0.8068760680953821,0.7408277051108443,0.8194589129262206,0.8243816210016032,0.9740646020046441,0.8861634558443304,0.9472676553488268,0.8193038401664194,0.7393011496426573,0.7594158708275598,0.8694114841969444,0.9160929488573126,0.9426205544181204,0.937431433858701,0.8269025206178132,0.8756372408577293,0.8402445907218621,0.913112126196033,0.9625936229275266,0.9741147566824642,0.813174185385291,1.0,0.870317938120937,0.7783720409642606,0.7679450094969783,0.9131027403913732,0.9016968341834756,0.9529276122438718,1.0,0.9728298679568922
0.5337966472863072,0.8404307734763007,0.5096452961331933,0.6437283499973618,0.7717755266761182,0.9090212948748573,0.9147928654750921,0.0,0.8585868741991944,0.8035975132039234,0.8843544954610264,0.9285281025436245,0.813435691904068,0.9454089666160339,0.9405728288852394,0.892066681644451,0.832255891434701,0.9039567478904756,0.9560741997127681,0.8861011032521549,0.9529308776540408,0.924112447340603,0.8877708569590383,0.8415771269282153,0.9224771882035588,0.9096173676044342,0.9289442150374637,0.8631907970432544,0.7512333340341197,0.7956118701377941,0.8230947392850784,0.908348929160132,0.8177259146508602,0.94930690239222,0.8720100824048009,0.6838746099551005,0.8347983827746599,0.8837052220300281,0.8827521716099276,0.8255057590658836,0.8780487798856732,0.8370656292416505,0.8844088041617013,0.7752748832570676,0.8624885748088729,0.8895740443043514,0.9199270133069424,0.7512502993393905,0.873813222180393,0.8072319396960631,0.7036745385759569,0.7682333941041014,0.947129000894179,0.8616368829404938,0.9206731448895696,0.9227564199495216,0.8316047325901276
0.5883324206288167,0.8206211226369717,0.4623234877480818,0.5765724754155187,0.7176642476826056,0.914566838191441,0.9278510104399631,0.8585868741991944,0.0,0.841686995314544,0.9117601976273796,0.8396099703036314,0.8080750764566578,0.8685775015702913,0.8889810554560154,0.9136172814599549,0.8792086185450457,0.9035051875660438,0.9044849423019783,0.9270717265221003,0.8354598189820691,0.9591121540858965,0.8731694030793039,0.9427709079556696,0.8487313301173026,0.8600387281033987,0.9068625221116768,0.8164446989309311,0.755888255693272,0.8194830587264906,0.8539892024085735,0.9332334356129847,0.9275451626594888,0.853501394492623,0.7660949633130885,0.7738451239667572,0.7652374570731139,0.9455994726269993,0.8562711773569691,0.9450204928834093,0.9605854223211909,0.8454976259061486,0.8275425913033698,0.9064963900515086,0.9317120007718088,0.8903118286530778,0.8972389207175852,0.7534801230874978,0.9355880402908019,0.8421022291553283,0.7567036756445845,0.7117519741225053,0.9169931429938005,0.8436374403524762,0.8103790126175776,0.9642831969231755,0.8809839523009793
0.7485638189477125,0.725669669534208,0.3352142823303522,0.42563036451906583,0.5605696010240605,0.8790082338406987,0.8271448601052704,0.8035975132039234,0.841686995314544,0.0,0.8755389251081286,0.7271714335016092,0.7110323627157065,0.7406684088724715,0.8048971333028752,0.7542725236270127,0.7540882408194862,0.7563930645984771,0.8038006886620412,0.7447352332650528,0.7575937972252759,0.9618650550810334,0.8904106316494049,0.9314596960620517,0.8629833325292848,0.787960239386773,0.8034837361706687,0.6740152953493742,0.7729723485700265,0.7396993222948477,0.7854259119521061,0.808039658408908,0.8968559258620047,0.789075414022782,0.6774753810757325,0.8288159053355159,0.6796653940762919,0.8318398222886821,0.8579752021506968,0.9450842826113102,0.886027613655365,0.7824127528153827,0.7607990737803099,0.8988220787564338,0.8545512583837095,0.8673073032562442,0.8300425877414017,0.7888708490350599,0.922133357135457,0.819570710939152,0.9194211637599258,0.5760172169088686,0.7744586554762898,0.7359138183022282,0.6903554689745548,0.9062101167491803,0.9551634281514224
0.5500065410187696,0.8697773778588631,0.4580246531274102,0.5349062561164301,0.622687291054561,0.9065563139228521,1.0,0.8843544954610264,0.9117601976273796,0.8755389251081286,0.0,0.9717766465870222,0.9629832953839118,0.9780086041622372,1.0,1.0,0.995354257947074,1.0,1.0,0.9634562356790867,0.9258897343146767,0.8879572903123479,0.8480553033715419,0.8408718015622434,0.7655550603554331,0.7926099673554527,0.8237227391680512,0.7658715683942685,0.6724587985992203,0.7134644946014806,0.7241143120895994,0.8883503363493495,0.7790008433286694,0.8206553219547975,0.7607826908505382,0.6451317341580991,0.6604905777715605,0.8341267825786399,0.882212725116048,0.818715053713136,0.9432852168164979,0.7376930459424975,0.8180614111091423,0.7681113719691215,0.8294834723310608,0.940200790780057,0.9943298817851505,0.8928503750661918,1.0,0.8318481902550623,0.7392404805752744,0.7871216457996273,0.9873601215254804,0.8780106138668823,0.9037237204021966,0.9318740105766438,0.9942607269109129
0.45310830752446113,0.8538097198683053,0.5518838510733419,0.6360678101969046,0.7223248195508429,0.857116630625876,0.9244200987433074,0.9285281025436245,0.8396099703036314,0.7271714335016092,0.9717766465870222,0.0,0.8849472917352896,1.0,0.999613435115379,0.9830971550245307,0.9858935159955696,0.9312228659389311,0.974487065985924,0.9104440371362553,0.9572106599227287,0.8450047456880658,0.8082046087356116,0.794092634666398,0.7984237260271572,0.8098873044678996,0.8591005874334378,0.807562912662871,0.686214455573654,0.7557321730209955,0.6924940854381011,0.8442399089931629,0.7025164861233191,0.8642822511191979,0.8354277829875436,0.5826838868342871,0.6987318184662228,0.7775005141392124,0.8308865469999728,0.7733356020926713,0.8755271174839169,0.7557659396408444,0.7816689275734594,0.7093031014855359,0.8189879608465407,0.8870714849458763,0.8990026379201466,0.7606286664059148,0.9326145485856431,0.7411239684821321,0.6215111471340157,0.8368580379294909,0.9707062241307155,0.9133766331065192,0.9828958662486527,0.9438513826883002,0.799033126891198
0.46898499208115435,0.7130007704800746,0.42152713448599766,0.4726257069182962,0.5561673302773312,0.8658215350626072,0.8818142455861758,0.813435691904068,0.8080750764566578,0.7110323627157065,0.9629832953839118,0.8849472917352896,0.0,0.9061609648410553,0.9616463108193585,0.8703170203241898,0.8854118723485416,0.9049743021461004,0.919016428330833,0.7979453368471794,0.9045654951297166,0.7140813010343023,0.7464509065294326,0.7105259637658593,0.6908646998988306,0.653898058542087,0.7146383976422513,0.6546322701150604,0.577334830156682,0.6131640858750681,0.5997453559099026,0.7557371366102075,0.6987550134647732,0.7370912233344603,0.6566882409345502,0.6079429161894552,0.6202946404888908,0.6849797826360323,0.7318206062319252,0.7118271180351168,0.7703486295711075,0.6218464001046606,0.6810250828894061,0.6994101645593493,0.7239120737252526,0.8276931618013771,0.8604529794630875,0.707394704968323,0.8878661555957269,0.6389665555295654,0.6462733979500719,0.7212844940130453,0.9484878615055921,0.9356164766996243,0.8531596396599535,0.9404871114530848,0.8453210386609455
0.5150465265021564,0.8115787876872518,0.4664367888091876,0.5601742376527388,0.6602445568080307,0.9223509019408924,0.966956895171035,0.9454089666160339,0.8685775015702913,0.7406684088724715,0.9780086041622372,1.0,0.9061609648410553,0.0,0.9717538176540834,0.9257971767075516,0.9411487672399228,0.9220621461685423,0.9810929451632978,0.8888038979502285,0.8986743835454382,0.8442225549159093,0.8026049986841874,0.8269807227390614,0.7935592386801836,0.8135863901513742,0.8000337928793243,0.7326585830814819,0.6789647408446837,0.7252979166935737,0.7249056903147764,0.9466128175478261,0.7612619137650924,0.7903236041845817,0.7757619197804277,0.670564848223344,0.7029579808967144,0.8042022613261236,0.847659975281879,0.8346432146341821,0.8773536493471883,0.747376396875883,0.8599771370957587,0.7681484493085878,0.8040539952071003,0.9639927345021122,0.9834026250774136,0.7921734476737949,0.968105615606458,0.7492445285006641,0.7066531840519454,0.8265695808615944,1.0,0.9402836399363304,0.8961560529485765,0.9897226578277976,0.8354764467580681
0.5019962671218607,0.8740340638789135,0.5009258957683949,0.5966773023553823,0.6878160146257213,0.8727048008080619,0.9779370061255648,0.9405728288852394,0.8889810554560154,0.8048971333028752,1.0,0.999613435115379,0.9616463108193585,0.9717538176540834,0.0,1.0,0.9949159369429076,1.0,0.9584370623578674,0.9569908040590883,0.8681926899028244,0.8567289588558846,0.8247727847835568,0.8117255914883607,0.8075172799520286,0.7890526157047072,0.8667404184645202,0.807817023578651,0.6738405117265165,0.7325363627148412,0.7205797141231045,0.9234502879187563,0.745024544294092,0.8541623445495896,0.7510954468784521,0.5911575498625813,0.6724753462489595,0.8984347087200674,0.8696796743177609,0.8614307088945796,0.9529803522310029,0.7704532005582173,0.8759693886167079,0.7147568054855369,0.8615798013371929,0.9112814622292693,0.980758717523774,0.8660828822783241,0.9780054906247915,0.7798068541463572,0.6941899326875804,0.9148969679734791,0.9771475600782612,0.8829873573894524,0.9764655230900123,0.9792204977927673,0.9104286383285296
0.5056158508785478,0.8622940323399724,0.4896614356827629,0.5790996701499163,0.67655763528475,0.854949910150602,0.971519815226688,0.892066681644451,0.9136172814599549,0.7542725236270127,1.0,0.9830971550245307,0.8703170203241898,0.9257971767075516,1.0,0.0,0.9690290040897314,0.9174720647195072,0.9654900793539015,0.9429612122915391,0.9617343705790299,0.867340478942605,0.7942298215048614,0.7945013433917769,0.8386337342354568,0.8146176151543999,0.8471932891977781,0.808078430739559,0.6911065046809985,0.6984811697908848,0.7520595271342031,0.9070797183390069,0.7823007849409412,0.8509949549507597,0.7753191083772638,0.629690540927347,0.6751644288744804,0.8355149600332912,0.9012148893228897,0.8090694516601904,0.9524607622084409,0.7579454934457602,0.8625563563791935,0.7241742665829968,0.8508619301151747,0.9513681331916714,0.9469891882705326,0.875656848606645,0.9937606158177115,0.7903099518451211,0.7002582577640802,0.889783245649997,0.8861359899620976,0.9261631384157524,0.9347552581407096,0.946441244129636,0.9244228316714463
0.4977194630684791,0.8842016253999603,0.46959522411749777,0.564376768099091,0.6378936354975878,0.82715500966841,0.9591316187983199,0.832255891434701,0.8792086185450457,0.7540882408194862,0.995354257947074,0.9858935159955696,0.8854118723485416,0.9411487672399228,0.9949159369429076,0.9690290040897314,0.0,0.9295405310944016,0.9965013941602869,0.8971455784867769,0.9133453232237487,0.8467650417490901,0.8393347711762593,0.82109684183468,0.787018829461142,0.7449244233402134,0.8088227854054206,0.7519795530046889,0.6645476117086169,0.6888841092582054,0.6967856320067676,0.8280682905396607,0.7657205296062652,0.8437546373628155,0.7455656398126436,0.6032524097049514,0.6372573498560408,0.8103890077696136,0.7859334749880975,0.8035182271709975,0.8780103810781477,0.7183666828500629,0.7445829848770394,0.702048209946444,0.8272661496813258,0.9014813936406313,0.9238355085298301,0.7827099332000778,0.9449600897037226,0.8079673829154164,0.7440772685667809,0.7792198959987723,0.9474747041532219,0.9178020906944573,0.9495605409987781,0.9442856030547079,0.9099938140733538
0.5012941032790988,0.8753211291726216,0.5062730647890129,0.5892981060045245,0.6702800519918672,0.8777427741077547,0.9771296302230297,0.9039567478904756,0.9035051875660438,0.7563930645984771,1.0,0.9312228659389311,0.9049743021461004,0.9220621461685423,1.0,0.9174720647195072,0.9295405310944016,0.0,0.9826811133449022,0.9028606434734937,0.9486762730713684,0.8426213687792325,0.796107379934027,0.7743514510093348,0.8021834491077187,0.7723130379765908,0.8259598495370454,0.8131622164827347,0.6612742613591006,0.7543805223946529,0.6987586361218431,0.8850665158448249,0.7322764559353504,0.8537882583334856,0.7634669072106983,0.6078573170112159,0.6835985366252587,0.873848764122751,0.9119495223276586,0.8586703116063672,0.9231919674754002,0.748497342678316,0.8016106334482358,0.7445829375366151,0.8533288079897263,0.940234051174178,0.9113901529947929,0.7858995459617681,0.9369921443905715,0.7261218662573943,0.6698719085348604,0.8365860892320753,0.9128644310560388,0.9404651056095297,0.9990485425003761,0.9850496217035885,0.930062903450274
0.4815007723240819,0.9355501550880075,0.5427629752855742,0.6711862596918755,0.7823379057255374,0.9785516948391035,1.0,0.9560741997127681,0.9044849423019783,0.8038006886620412,1.0,0.974487065985924,0.919016428330833,0.9810929451632978,0.9584370623578674,0.9654900793539015,0.9965013941602869,0.9826811133449022,0.0,1.0,0.9953179361894743,0.9015905224751493,0.9083021143976883,0.8950144361397595,0.9055408764852115,0.909684459954375,0.9617989377597423,0.9391889285513176,0.7397573485645697,0.8528257777961409,0.7718726374157102,0.9818477166698675,0.799688989074641,0.9296615936361231,0.8910483746796567,0.6588180921580107,0.7488215109592214,0.8678459601504405,0.8994691857639235,0.8670998297654285,0.9287429854376953,0.7995948460796058,0.7945983323527283,0.7775351395360856,0.878221305540331,0.9758117851193137,0.9661957954694791,0.8099408466607648,0.9668524819900634,0.7352820768340946,0.6965695464520006,0.9102041048990731,0.9882573304262374,0.9186761611990015,0.9888916468913547,1.0,0.9010398147456652
0.490622560047953,0.920569315497262,0.5393210637711969,0.669319946591916,0.7258284694157495,0.8478687088600878,0.9253772311459548,0.8861011032521549,0.9270717265221003,0.7447352332650528,0.9634562356790867,0.9104440371362553,0.7979453368471794,0.8888038979502285,0.9569908040590883,0.9429612122915391,0.8971455784867769,0.9028606434734937,1.0,0.0,0.9552516688067286,0.8564777412253729,0.7881154494281082,0.8044943397708461,0.8315014426752044,0.832842018985506,0.8434429732130022,0.8230546966630254,0.7266938921071285,0.7837039216992815,0.7561957917318597,0.92181175293619,0.744852583114875,0.9484917878000229,0.8956091750906442,0.6166309979625693,0.7151189724326902,0.8845594501161298,0.8441220689196307,0.8304907784154532,0.9287111287220227,0.7156796712810575,0.8000278023980386,0.7044433020764835,0.8378517589022038,0.9133856586411485,0.9307924565614719,0.8073896545668248,0.9530014945531972,0.7789165225241725,0.6628297631313469,0.8607943895163317,0.9637611531904668,0.9427463166248409,0.9658839473136056,0.905101343540184,0.8896323623906107
0.4809630680528266,0.8931318665565249,0.4987276823138633,0.5718573385553314,0.7293324625341481,0.8972952416014262,0.920295403852225,0.9529308776540408,0.8354598189820691,0.7575937972252759,0.9258897343146767,0.9572106599227287,0.9045654951297166,0.8986743835454382,0.8681926899028244,0.9617343705790299,0.9133453232237487,0.9486762730713684,0.9953179361894743,0.9552516688067286,0.0,0.8193273654602452,0.7730198144665481,0.8149865030529034,0.8464889773351589,0.8455129093209464,0.8544648592299313,0.8209274447523727,0.6582343528902725,0.7251683713418111,0.6812449291627104,0.8284189593595118,0.7428046804150834,0.8054354542811176,0.8006051132125455,0.6033185736036144,0.6924339800917366,0.8182342481096017,0.8697937960889629,0.781353129086711,0.8685205058613887,0.7249524256009467,0.7738136036852181,0.7094683296618072,0.820365264005983,0.9438842742895887,0.8763067138840208,0.7718757210091234,0.8999158900837501,0.708001552117046,0.672311632291948,0.8664100775285996,0.9758592701506472,0.8915056575898863,0.914926445330473,0.9606799101160718,0.8821595450920298
0.7330099956042858,0.8081320590207273,0.42336226722003095,0.5633011776020025,0.7416857743964137,0.9455025869951152,0.9577299956123544,0.924112447340603,0.9591121540858965,0.9618650550810334,0.8879572903123479,0.8450047456880658,0.7140813010343023,0.8442225549159093,0.8567289588558846,0.867340478942605,0.8467650417490901,0.8426213687792325,0.9015905224751493,0.8564777412253729,0.8193273654602452,0.0,0.9579852524285775,0.993965569030647,1.0,0.9938252753552298,0.9597114023667174,0.8509448126761362,0.8921335263962936,0.8513682789374777,0.9541047146100032,0.9922832161869776,0.9258932053752686,0.9270518712320528,0.8650742811436346,0.8357523263326784,0.8262573891488889,0.9771596856918674,0.9430062262515267,0.9949475833887674,1.0,0.9713560124983731,0.8580301936607827,0.9698542725623205,0.9589256189329072,0.9484140157720335,0.8706896327088406,0.8530604971745583,0.9451838255242647,0.904136387179646,0.9202396664923903,0.6610050145165082,0.867042740755614,0.8226443056387833,0.7897031696563284,0.9309432791777895,0.914660165131641
0.7206311315869188,0.7729963682952331,0.37589919935081,0.49151820429565496,0.6328282191243587,0.915431550165676,0.9146454364602484,0.8877708569590383,0.8731694030793039,0.8904106316494049,0.8480553033715419,0.8082046087356116,0.7464509065294326,0.8026049986841874,0.8247727847835568,0.7942298215048614,0.8393347711762593,0.796107379934027,0.9083021143976883,0.7881154494281082,0.7730198144665481,0.9579852524285775,0.0,0.9639223045219094,0.941787408654963,0.8950681226260209,0.8756370711656103,0.738877144138753,0.8051711182546825,0.8391803081131626,0.8452317412539496,0.94627901539524,0.9291620748040932,0.8623179095037266,0.7669021920550633,0.8130581299086017,0.7408452368974132,0.9262045959409988,0.8999003264995328,0.9380610754244342,0.9569151150954119,0.8735510076084211,0.8208843786073229,0.8826732299209433,0.8663363006307812,0.9329674527732811,0.8534118588400424,0.7825416897253249,0.9650842276052553,0.8455788191133158,0.8491695348972361,0.6383527897344666,0.8292019645069355,0.7422473489072923,0.7290875600791416,0.8796019066529596,0.9136980878322883
0.7585167422160283,0.7237708242264924,0.3911067781252459,0.4912520072055419,0.6683277403224103,0.8941475918456534,0.9724421252651618,0.8415771269282153,0.9427709079556696,0.9314596960620517,0.8408718015622434,0.794092634666398,0.7105259637658593,0.8269807227390614,0.8117255914883607,0.7945013433917769,0.82109684183468,0.7743514510093348,0.8950144361397595,0.8044943397708461,0.8149865030529034,0.993965569030647,0.9639223045219094,0.0,0.9631908302879705,0.8840220786865782,0.8726979899887785,0.7743828248021215,0.8112928598388264,0.850077922209922,0.8592424384261368,0.946859357496359,1.0,0.8492017625626188,0.824482646982784,0.8878621321194604,0.8098927006071539,0.9382717788215457,0.9110454239835503,0.9912024253124394,0.9694304859940088,0.93560221470881,0.8552089352822371,0.9434596758627524,0.8937783844785092,0.9558765368879198,0.8792409838217063,0.8644902912808439,0.9652124625500221,0.8988046094477629,0.9266804864210706,0.6139143116893867,0.8362062301576135,0.7983019641275099,0.7269895104558532,0.8990277883582861,0.9063862883403883
0.5732799200633708,0.8454821987395091,0.501832760621173,0.6526330016003445,0.9018811405958728,0.8557620169123833,0.9347959923644573,0.9224771882035588,0.8487313301173026,0.8629833325292848,0.7655550603554331,0.7984237260271572,0.6908646998988306,0.7935592386801836,0.8075172799520286,0.8386337342354568,0.787018829461142,0.8021834491077187,0.9055408764852115,0.8315014426752044,0.8464889773351589,1.0,0.941787408654963,0.9631908302879705,0.0,1.0,0.9838000210803379,0.937977041034794,0.8957197063962353,0.9553059530707064,0.9729367946724621,1.0,0.952603825736468,0.9898298357733455,0.9984322824682371,0.7918607305258261,0.9042638200434987,0.9392364995595238,0.9400333401106157,0.9883168781026437,1.0,0.915261570508448,0.8867527305061673,0.8404173170092387,0.9291394628654923,0.908452521680958,0.8218606202836157,0.7742322744781976,0.861066409087064,0.8017221822235345,0.7458156593926579,0.714989147200938,0.7480019460222829,0.7531220338411044,0.8045764991021049,0.9131002787985382,0.7846159391479598
0.555667140204007,0.8075318822067298,0.5168201327895998,0.6525291107100782,0.8465752064230437,0.8466050274094088,0.903983385256768,0.9096173676044342,0.8600387281033987,0.787960239386773,0.7926099673554527,0.8098873044678996,0.653898058542087,0.8135863901513742,0.7890526157047072,0.8146176151543999,0.7449244233402134,0.7723130379765908,0.909684459954375,0.832842018985506,0.8455129093209464,0.9938252753552298,0.8950681226260209,0.8840220786865782,1.0,0.0,0.9806700816503054,0.9337493805318507,0.9003714548776933,0.941937878931176,0.8804411111969972,0.9594677430960141,0.8946462428699131,0.9866205320382674,0.948633626550564,0.7295172024361102,0.8599797201579782,0.8984648297891618,0.9024471441852235,0.9451408514415885,0.908654774275158,0.8911576000872241,0.8057768662465312,0.7805612458713982,0.8947569422457887,0.8848674356283657,0.8282344746716841,0.7264751030882971,0.8693185813988333,0.7379933399267465,0.714484597822305,0.6573404536324081,0.7824172819104482,0.7573688943439206,0.818930100556387,0.8378344644166593,0.7733238195609002
0.5869192152349001,0.849094678650943,0.525236178003611,0.6786941417568341,0.8917346794698224,0.8972020914521182,0.8710822069963372,0.9289442150374637,0.9068625221116768,0.8034837361706687,0.8237227391680512,0.8591005874334378,0.7146383976422513,0.8000337928793243,0.8667404184645202,0.8471932891977781,0.8088227854054206,0.8259598495370454,0.9617989377597423,0.8434429732130022,0.8544648592299313,0.9597114023667174,0.8756370711656103,0.8726979899887785,0.9838000210803379,0.9806700816503054,0.0,0.9988864957403859,0.918425602603295,0.9541812211569294,0.9317168664748977,1.0,0.9322198640571159,0.9802058299406072,0.9371951214567528,0.768001993213106,0.9342756253783975,0.9632162612610325,0.8710185816400672,0.9383355696746704,0.9982157764377432,0.9418484413539803,0.8447779293843488,0.8247694737510617,0.8726333590470089,0.9351705474994375,0.8710971980994482,0.7688084451423827,0.9007581407739651,0.7932685610828772,0.7210985508096109,0.6824537283342416,0.7851779061227854,0.7746243747624202,0.8426520266845403,0.8892475694934256,0.8449636321732151
0.43724587555510763,0.9079561665613346,0.6266432213933667,0.8010417636850344,0.9556164812831435,0.8058349559103453,0.8068760680953821,0.8631907970432544,0.8164446989309311,0.6740152953493742,0.7658715683942685,0.807562912662871,0.6546322701150604,0.7326585830814819,0.807817023578651,0.808078430739559,0.7519795530046889,0.8131622164827347,0.9391889285513176,0.8230546966630254,0.8209274447523727,0.8509448126761362,0.738877144138753,0.7743828248021215,0.937977041034794,0.9337493805318507,0.9988864957403859,0.0,0.8022574754140469,0.8733751951694659,0.8091978102320541,0.9841057333139978,0.7558391386496011,0.9756372357157974,0.9739285895846792,0.5978727350697142,0.8074142260333167,0.9159315587679884,0.9526428244514311,0.7898048823454433,0.8226688630317158,0.8036530039565728,0.7698626352172907,0.6686260824325521,0.8157487358073483,0.8174695404173232,0.7541899273286594,0.6684192321608609,0.8024427186840728,0.6915940065068523,0.5821150817497087,0.771923752653227,0.8022937058213562,0.7302087996090699,0.8835371601279434,0.7866348926979683,0.7384072805682486
0.6113582434881584,0.668966975337655,0.4400198759336359,0.6160735053232688,0.8069971599047079,0.7650458243176645,0.7408277051108443,0.7512333340341197,0.755888255693272,0.7729723485700265,0.6724587985992203,0.686214455573654,0.577334830156682,0.6789647408446837,0.6738405117265165,0.6911065046809985,0.6645476117086169,0.6612742613591006,0.7397573485645697,0.7266938921071285,0.6582343528902725,0.8921335263962936,0.8051711182546825,0.8112928598388264,0.8957197063962353,0.9003714548776933,0.918425602603295,0.8022574754140469,0.0,0.8809918535023464,0.883226126702497,0.9413106087104864,0.8602332301747727,0.9009261091352645,0.8503234818790291,0.8066246250497165,0.869386375993008,0.8767876586305057,0.7979072719931373,0.8681314284553006,0.9042589738170848,0.8631345220825077,0.7319376623987266,0.7991870412821774,0.8648603256019622,0.7922012411414103,0.7062377917278698,0.6485333597501429,0.737936012465085,0.7754563008582618,0.7066188686952868,0.5306095821800677,0.645528102040993,0.640332005874608,0.6519010205467033,0.726781121349871,0.7222156600043973
0.5752344833344809,0.758252485427033,0.49810104024934954,0.6545893597612439,0.8686873330302991,0.8258016573031367,0.8194589129262206,0.7956118701377941,0.8194830587264906,0.7396993222948477,0.7134644946014806,0.7557321730209955,0.6131640858750681,0.7252979166935737,0.7325363627148412,0.6984811697908848,0.6888841092582054,0.7543805223946529,0.8528257777961409,0.7837039216992815,0.7251683713418111,0.8513682789374777,0.8391803081131626,0.850077922209922,0.9553059530707064,0.941937878931176,0.9541812211569294,0.8733751951694659,0.8809918535023464,0.0,0.8587882852601153,0.9402818566940283,0.8949243204163458,0.8876405601165988,0.8969349839935141,0.745288857363202,0.8228867232530014,0.8865473613066249,0.8275934411315282,0.8346048695187552,0.8504339924253855,0.9039610285133184,0.8106601048228,0.7620957239199773,0.8202058453106849,0.8335126445713347,0.7299950892050808,0.7107475707355254,0.8278158938612711,0.7480806479855776,0.6903364281148899,0.6248859419742047,0.7180163044016359,0.6706282992137547,0.7238224244247004,0.8350580224930144,0.7025793303251799
0.6765937265064165,0.7118416315932137,0.4335653009510159,0.5524600413956064,0.7481492249643572,0.8284072269543074,0.8243816210016032,0.8230947392850784,0.8539892024085735,0.7854259119521061,0.7241143120895994,0.6924940854381011,0.5997453559099026,0.7249056903147764,0.7205797141231045,0.7520595271342031,0.6967856320067676,0.6987586361218431,0.7718726374157102,0.7561957917318597,0.6812449291627104,0.9541047146100032,0.8452317412539496,0.8592424384261368,0.9729367946724621,0.8804411111969972,0.9317168664748977,0.8091978102320541,0.883226126702497,0.8587882852601153,0.0,0.9423449191990483,0.9499699165339994,0.83976966659661,0.7871991168996383,0.8170515043988321,0.8457331361050652,0.8740486732210472,0.8146349223295324,0.929711632637914,0.9399447577997831,0.9070729184209748,0.7839089555615419,0.8681970030270046,0.8108523096512767,0.7797032672784354,0.7680809987253,0.7466953616178432,0.79627996744298,0.8048619912392342,0.7321459116446957,0.5764045500377047,0.7103525199195829,0.6730522903327486,0.6522706660652021,0.7907553353506723,0.7120350824751934
0.6133092815201199,0.8031540557564144,0.5334777442377427,0.7053766708909643,0.8650710417663299,0.940689599043621,0.9740646020046441,0.908348929160132,0.9332334356129847,0.808039658408908,0.8883503363493495,0.8442399089931629,0.7557371366102075,0.9466128175478261,0.9234502879187563,0.9070797183390069,0.8280682905396607,0.8850665158448249,0.9818477166698675,0.92181175293619,0.8284189593595118,0.9922832161869776,0.94627901539524,0.946859357496359,1.0,0.9594677430960141,1.0,0.9841057333139978,0.9413106087104864,0.9402818566940283,0.9423449191990483,0.0,1.0,0.9930707864572992,0.9454042626195142,0.7956104141100586,0.9050628220525231,0.9500168564152269,0.9573532542147193,0.970417589432871,1.0,0.9620086919757658,0.9500761061342593,0.8901473839073417,0.9682485268567307,0.9852697964260688,0.9297598709632238,0.8682623756460369,0.9749327148968523,0.8842895625851229,0.7359974152927431,0.7287131605945242,0.8826510933220386,0.8522991400410986,0.88876625835096,0.9532560997870275,0.845022191417884
0.7706342331542994,0.6900667539521758,0.38249474863433763,0.5055151492919813,0.6731796319423853,0.8903587399934133,0.8861634558443304,0.8177259146508602,0.9275451626594888,0.8968559258620047,0.7790008433286694,0.7025164861233191,0.6987550134647732,0.7612619137650924,0.745024544294092,0.7823007849409412,0.7657205296062652,0.7322764559353504,0.799688989074641,0.744852583114875,0.7428046804150834,0.9258932053752686,0.9291620748040932,1.0,0.952603825736468,0.8946462428699131,0.9322198640571159,0.7558391386496011,0.8602332301747727,0.8949243204163458,0.9499699165339994,1.0,0.0,0.8589577185324881,0.7549300426884615,0.975447993541235,0.8645357548090935,0.8749583510976457,0.851031846338509,0.9621400620510291,0.979832725152233,0.9267170830056134,0.8071637855376458,1.0,0.8626613240318742,0.8367525246474002,0.8186651773057133,0.7494142877719076,0.9850851500041303,0.8515822933959486,0.9091587295359917,0.601479507407853,0.7951311125835904,0.7375904750415829,0.6538649660561056,0.8307137129100834,0.822764800286584
0.5350014327628824,0.8937851518824373,0.5406079942181888,0.7143366478940311,0.9282497548853403,0.8483544528377276,0.9472676553488268,0.94930690239222,0.853501394492623,0.789075414022782,0.8206553219547975,0.8642822511191979,0.7370912233344603,0.7903236041845817,0.8541623445495896,0.8509949549507597,0.8437546373628155,0.8537882583334856,0.9296615936361231,0.9484917878000229,0.8054354542811176,0.9270518712320528,0.8623179095037266,0.8492017625626188,0.9898298357733455,0.9866205320382674,0.9802058299406072,0.9756372357157974,0.9009261091352645,0.8876405601165988,0.83976966659661,0.9930707864572992,0.8589577185324881,0.0,1.0,0.6950594376401791,0.8713883901599013,0.9117762722410808,0.9251360201403221,0.8908702303060921,0.9749421515818314,0.8642471231238864,0.811326698650136,0.7799977419484553,0.8948587992603503,0.9130069973624743,0.8871674234867344,0.767688535836206,0.8919621036502462,0.8057179826156736,0.71209633781581,0.7198400535659669,0.8269906479726321,0.8142233987637567,0.8905921733150133,0.8530871581664641,0.8018762004085112
0.47393054004661483,0.8521274609126641,0.611853591114805,0.771009474997591,0.9479851782836748,0.7844954582086594,0.8193038401664194,0.8720100824048009,0.7660949633130885,0.6774753810757325,0.7607826908505382,0.8354277829875436,0.6566882409345502,0.7757619197804277,0.7510954468784521,0.7753191083772638,0.7455656398126436,0.7634669072106983,0.8910483746796567,0.8956091750906442,0.8006051132125455,0.8650742811436346,0.7669021920550633,0.824482646982784,0.9984322824682371,0.948633626550564,0.9371951214567528,0.9739285895846792,0.8503234818790291,0.8969349839935141,0.7871991168996383,0.9454042626195142,0.7549300426884615,1.0,0.0,0.6205173270905635,0.8661526480075106,0.9479900065236099,0.9020795943843368,0.8296950790634782,0.8553997913467213,0.865506902358063,0.7838680473367908,0.7166824277716894,0.8315654466514647,0.8482281374616238,0.7656275875902957,0.7115596820581934,0.7980746003460109,0.7996596129432122,0.5997600162652689,0.731854480687311,0.7735716450141107,0.8049666302877189,0.8175812929404387,0.8444276955997776,0.7369181633938354
0.7906945725231844,0.5603913784802067,0.31069170856353673,0.39264721123262786,0.5690564372067023,0.8378623402167988,0.7393011496426573,0.6838746099551005,0.7738451239667572,0.8288159053355159,0.6451317341580991,0.5826838868342871,0.6079429161894552,0.670564848223344,0.5911575498625813,0.629690540927347,0.6032524097049514,0.6078573170112159,0.6588180921580107,0.6166309979625693,0.6033185736036144,0.8357523263326784,0.8130581299086017,0.8878621321194604,0.7918607305258261,0.7295172024361102,0.768001993213106,0.5978727350697142,0.8066246250497165,0.745288857363202,0.8170515043988321,0.7956104141100586,0.975447993541235,0.6950594376401791,0.6205173270905635,0.0,0.8267555160296934,0.7462456765974752,0.7323486382962963,0.8339804836720723,0.8518880697781455,0.7755540744406317,0.6878054218665537,0.9658544720497537,0.7643561604051575,0.7416398257543623,0.6627430883155215,0.6224564835501106,0.7319827223531953,0.710381803317851,0.8302132518555875,0.44624140211172514,0.6304677596700169,0.6145252396337224,0.5532507807314014,0.75581342821864,0.7230980740550003
