Cingulate area 2,Glomerular layer of the accessory olfactory bulb,Glomerular layer of the olfactory bulb,"Olfactory bulb, unspecified",Frontal association cortex,Cornu ammonis 3,Dentate gyrus,Cornu ammonis 2,Cornu ammonis 1,Fasciola cinereum,Subiculum,Postrhinal cortex,Presubiculum,Parasubiculum,Perirhinal area 35,Perirhinal area 36,Medial entorhinal cortex,Lateral entorhinal cortex,Primary auditory area,"Secondary auditory area, dorsal part","Secondary auditory area, ventral part","Piriform cortex, layer 1","Piriform cortex, layer 2","Piriform cortex, layer 3",Ventrolateral orbital area,Lateral orbital area,Ventral orbital area,Medial orbital area,Dorsolateral orbital area,Prelimbic area,Secondary motor area,Frontal association area 3,Primary motor area,"Agranular insular cortex, ventral area",Agranular insular cortex dorsal area,Cingulate area 1,Infralimbic area,Dysgranular insular cortex,Granular insular cortex,"Primary somatosensory area, forelimb representation","Primary somatosensory area, dysgranular zone","Primary somatosensory area, face representation",Secondary somatosensory area,"Primary somatosensory area, hindlimb representation","Agranular insular cortex, posterior area","Primary somatosensory area, barrel field",Retrosplenial dysgranular area,"Primary somatosensory area, trunk representation",Retrosplenial granular area,"Parietal association cortex, lateral area","Parietal association cortex, medial area","Parietal association cortex, posterior area",Primary visual area,"Secondary visual area, lateral part",Temporal association cortex,"Secondary visual area, medial part",Nucleus of the lateral olfactory tract
0.0,0.3769016938518878,0.32301387580359775,0.47814988020821386,0.4605442463109386,0.9058201625308879,0.8918347419365299,0.8262957456561962,0.9283142449790482,0.923393805722389,0.8272226166325538,0.6930373666635034,0.8206912476401403,0.779296572146252,0.866871419318968,0.9445225309880985,0.7281070741565654,0.7015630808152877,0.6691935068751013,0.5265990061941094,0.8173774621217432,0.9168641140057348,0.832356002064443,0.8802711080685095,0.671550653380733,0.8201463444964329,0.8250300548705317,0.6099272604044936,0.7795130787597904,0.8682588247202725,0.7879455468020832,0.8574206530508505,0.8782752848144149,0.8181948231444195,0.8608246899366503,0.9400677251197599,0.8229495864521482,0.9782427040820625,0.90994222030556,0.9420402276306374,0.922783051197473,0.8614321806783319,0.740652159056842,0.7813216940957491,0.9331860868046131,0.7466587855651764,0.8238254948271941,0.8846966612657683,0.8202026674733851,0.8413908590218644,0.8692917341216517,0.7824380682424814,0.8480117402930492,0.6711150553126186,0.8345186248589284,0.7684774169339789,0.8774214886540624
0.3769016938518878,0.0,0.903439373583367,0.8705794392348338,0.9325676403046471,0.47116634757067827,0.43183269177714373,0.5086175642530674,0.4235693711230264,0.41578888219742455,0.48405874511618663,0.611087926180679,0.44711159865219713,0.44863586891558144,0.32850847489485824,0.3883798580448668,0.5634823574364003,0.45737177521239947,0.5764475338554064,0.7270832780498758,0.4045358511208475,0.3658961434585047,0.3314320721513658,0.3369913308781863,0.5815996282142156,0.5020352393005361,0.5318575727767528,0.7139824620334145,0.49239115477215756,0.5509707525142105,0.5854599141321661,0.36498716234076334,0.48565861082691425,0.3041935477060724,0.3025677469918843,0.434913258871529,0.3354238989976808,0.37375128496824683,0.4597830705381414,0.31571758315681225,0.27783133944382526,0.3595352473725967,0.5251081214885823,0.4414871458651806,0.31090700523702425,0.41559927187352624,0.3648048753400821,0.48300122301611087,0.37668392637199605,0.31726048716259436,0.4856444881721799,0.48757068215664073,0.49707053404363477,0.6283802744362018,0.5597204031776531,0.49920890605214757,0.47054134464521136
0.32301387580359775,0.903439373583367,0.0,0.8273286093695387,0.8664795768264649,0.3742643490166447,0.3666646187612518,0.4235656513531799,0.3687985806614709,0.3578707433921169,0.4070596808568144,0.517012084176752,0.36929521838692936,0.3883975684101424,0.2838801120891272,0.3320437854318388,0.5097918735174556,0.40252787008682456,0.514830861556383,0.6091436497875629,0.3499114529643075,0.31430777218144157,0.28290109224530147,0.2866142128968801,0.5021099033839649,0.42533207677645846,0.43572243224787577,0.6121263635772389,0.4263410622406433,0.44459843610972555,0.48386969119898865,0.3044732970562217,0.40509595937006543,0.25241702290949214,0.2577108639430936,0.37178896599694733,0.2845041491727671,0.30903925294393503,0.39045454107069244,0.2622634599674547,0.24183619284588445,0.29143415016049956,0.43784235902819085,0.3442530364504545,0.2611734299534078,0.34329913211549407,0.3158090809044092,0.40330034450836005,0.3199694013881397,0.2775809572843477,0.3868508502059954,0.40990834677470733,0.4214664005398761,0.5171878168205768,0.45985269771426474,0.41927895545248756,0.38793659565496474
0.47814988020821386,0.8705794392348338,0.8273286093695387,0.0,0.9561328694103555,0.5664037463087661,0.5327609026662791,0.6141424878590639,0.5533182932622128,0.5869861726718175,0.5842061732821617,0.6821903014988131,0.5186385146513758,0.5835406877626451,0.42674005204004317,0.48238156059793313,0.7212708909937298,0.606272188638929,0.686401511100369,0.9028888588958587,0.4873238446354357,0.4804396019761236,0.4285529777878235,0.4406888335345812,0.7772122204698554,0.6704059425557027,0.6968336824907085,0.8937193510943396,0.638408298691649,0.6908522893873351,0.7238566483826979,0.43884939737724654,0.6011436866849782,0.39459030695252956,0.39082962840525803,0.5571377946503863,0.45105832352488834,0.4886581322983379,0.571370267909492,0.3873827326797271,0.34749598426809314,0.45511637304264363,0.7086002410011936,0.5506817064387828,0.38848928425211143,0.52486406004745,0.4874103210790561,0.6193227658893533,0.5100553470713907,0.3809361801013968,0.6009168623910117,0.6404524312578018,0.5947423524220139,0.790428389205998,0.6606228443073419,0.6516416333077794,0.5716368824582689
0.4605442463109386,0.9325676403046471,0.8664795768264649,0.9561328694103555,0.0,0.5252555550790484,0.4928871610380397,0.5588228271096503,0.5071995331551963,0.5051115686858823,0.5545326605343014,0.6668123853323742,0.5067880399547294,0.5132810306853717,0.3778463895274526,0.4588147156137211,0.6554756021052021,0.5390907668481681,0.6264526683159115,0.7141553279206299,0.4598053193936896,0.43417533154568283,0.3964625566277389,0.400913697102348,0.6483599241389556,0.6061884742341406,0.6437646712914797,0.8301249463373324,0.5814726764133606,0.6467199116897262,0.696680677423057,0.4073610371496714,0.6093685997000167,0.35575100751104516,0.36675727486727316,0.5392930081819689,0.3870941197884267,0.44286558242401497,0.5250116533135022,0.3809784901313561,0.3243325739970257,0.41696210683927165,0.6037565516534262,0.5056319466129736,0.35917240039644777,0.4782327930856608,0.42887093751314204,0.5574696311539792,0.4427326304965388,0.3636682631645676,0.5508705524417276,0.566546331524607,0.5947440173645745,0.7068960162125246,0.6155981868224337,0.570712238181302,0.5331210955723342
0.9058201625308879,0.47116634757067827,0.3742643490166447,0.5664037463087661,0.5252555550790484,0.0,0.9532583953431882,0.9147018497182599,1.0,0.9413830128090487,0.9929714572346099,0.8201746730643021,0.9350524081901795,0.8870139705150137,0.8588260380554092,0.9092555372920751,0.8915983967861315,0.7920534664163648,0.821457148447421,0.6777526869914537,0.8742939618542196,0.9106294333538203,0.839319029722667,0.896236835053545,0.8376968175459304,0.8647061972540866,0.8720369844209923,0.7531234982768021,0.8794164912253741,0.8533716345447402,0.768203301547928,0.91602299187158,0.8814458863101329,0.8024846137483732,0.8164113940299061,0.9099074079792301,0.8348350204298102,0.956827432636951,0.8931828952831609,0.765197368420616,0.7926998939277206,0.8300809060647888,0.818092910206957,0.8381885275382182,0.8623128804877771,0.7162519365875801,0.8761366881394175,0.8844769453446832,0.8410327922999418,0.7779847525564318,0.931016877891899,0.8870385144487409,0.9024996490198415,0.8184613160691755,0.9908097274108942,0.9310198214762048,0.9055928593232915
0.8918347419365299,0.43183269177714373,0.3666646187612518,0.5327609026662791,0.4928871610380397,0.9532583953431882,0.0,0.9164154538296954,0.9357596936747714,0.9157187681446127,0.9438354889815964,0.8163191078199027,0.8771988507560334,0.9243614300277859,0.8032082302034463,0.9144050153972737,0.9052521546773923,0.7820152960700921,0.761862786310304,0.6383104186771568,0.9540858037598916,0.8647187112193401,0.78427747335316,0.9170085683674717,0.726185030127545,0.8281485080138575,0.7678204376469575,0.7057248535539145,0.8692142486631498,0.8328425373905189,0.768439551982261,0.8709998651236271,0.896447394795757,0.7857986539582319,0.7819021918318373,0.9205201185273268,0.7509172247259859,0.9077950780187493,0.9142350649805902,0.7766358927524931,0.7863086915838858,0.790816592581479,0.7493359658948999,0.7654256083806658,0.8732201053635859,0.6966396244257125,0.8229158769697934,0.898948985417101,0.8190883640179152,0.79980928677196,0.8493757339043864,0.8584858971944768,0.9242278420029649,0.7981313092687284,0.9249084220781337,0.8904958850787608,0.844717735547926
0.8262957456561962,0.5086175642530674,0.4235656513531799,0.6141424878590639,0.5588228271096503,0.9147018497182599,0.9164154538296954,0.0,0.9281686453036153,0.9507981000874943,0.943563007320476,0.9116191280023922,0.8959734419459796,0.9060174179123955,0.8120681077168591,0.8380470345086858,0.896012790704204,0.860668806804356,0.8083125934870599,0.7106539912367353,0.858047004331317,0.8696931017493391,0.8389756059356747,0.8802290762612734,0.826720415886572,0.8597150376983127,0.8688670690064512,0.8173858754576937,0.9405336270540543,0.9069577279342241,0.8600882289478631,0.8391616363460792,0.9442126125743312,0.7436161295237094,0.7447604317613701,0.8689918939136004,0.7624566045705635,0.9099881361564744,0.9164000469170418,0.7739405785926305,0.7529020575198022,0.8175968797989889,0.8344879342142041,0.8161108805923737,0.8607392809467225,0.7640567494412486,0.8428685675534046,0.9245935543354192,0.8458823475887823,0.711196815648306,0.9653616624952663,0.9985509146992013,0.9587653866585325,0.8798087028405421,1.0,0.9453680068313245,0.8939852285247961
0.9283142449790482,0.4235693711230264,0.3687985806614709,0.5533182932622128,0.5071995331551963,1.0,0.9357596936747714,0.9281686453036153,0.0,0.9493392886025668,0.9616007901307342,0.8530732083079122,0.8693995828865427,0.9054771286505497,0.8846854740063921,0.9188302034355788,0.8400620199542747,0.8506186910251239,0.826796798299809,0.6556338479509212,0.8887551550758325,0.8861449209448683,0.8653807253135147,0.9647224994367022,0.7746394171096428,0.835703455224627,0.8287415759834016,0.7227100462704633,0.8545963872859127,0.8167038637311528,0.8042108495416009,0.9061793592542325,0.9662644427380599,0.8410934802859177,0.8222936984512307,0.9334014049192956,0.8234335676571994,0.9161278257490153,0.9264852373560822,0.8164653363577138,0.8068554568697613,0.8861385268289053,0.8371777543375178,0.8103179645376233,0.8821627580767728,0.7376623864866626,0.8454809774596111,0.9214804917919125,0.8398545910078613,0.8729897812120992,0.8965303215969074,0.9339936433543041,0.9092205398504432,0.7859906192016355,0.9543299231059542,0.9268624201000811,0.8580976062708564
0.923393805722389,0.41578888219742455,0.3578707433921169,0.5869861726718175,0.5051115686858823,0.9413830128090487,0.9157187681446127,0.9507981000874943,0.9493392886025668,0.0,0.980696382617281,0.7775833943210485,0.8726449768958506,0.8698782306937746,0.9224149601991705,0.9518128498527599,0.9133649270600697,0.8971706337890833,0.7383637571308626,0.6140460892638729,0.8013613692356831,0.905235811174695,0.9668399185061344,0.9906382282029623,0.9161517584056874,0.9285092148689666,0.9287459708289699,0.7472493298260872,0.9226787832755587,0.893202143335684,0.9514960377650293,0.8786530209059555,0.9670720718219398,0.9296446970959834,0.8649853414974962,0.9361057615760484,0.8989367919057986,0.8990440563001929,0.9385248199335795,0.827324556689618,0.8628796573218377,0.8842774527463307,0.8231848057143155,0.9306333499909584,0.9106606897937503,0.867940069425363,0.8775713939450747,0.9792923146916944,0.9474712321109158,0.801478859127473,0.9610453542662398,0.8747246194136201,0.7886903398722906,0.7648901555755072,0.9072682475853154,0.9154905356323038,0.8664835834734156
0.8272226166325538,0.48405874511618663,0.4070596808568144,0.5842061732821617,0.5545326605343014,0.9929714572346099,0.9438354889815964,0.943563007320476,0.9616007901307342,0.980696382617281,0.0,0.9664653302699932,0.9373333195466844,0.9547311767151649,0.8148229668226018,0.8903270793292769,0.9909438903118579,0.8563618523075723,0.8574609630407618,0.7072512778481517,0.8915963865658691,0.8824960331566597,0.7908666765439555,0.8620277413058199,0.8024216292090302,0.8449092671747196,0.9085215396969847,0.7807532953762646,0.945461963173449,0.8595037038048347,0.8070960319552907,0.9410617835075977,0.894327044911861,0.7590016528030329,0.7164880002615004,0.9041195747731483,0.7541604938799679,0.8849412741026808,0.8678382574238133,0.7825877524315362,0.7404114859535887,0.7657066186986702,0.8081554199363321,0.8319999759374263,0.8985519062370966,0.7456793076903083,0.9042733761706133,0.9264967882202766,0.8482942759385902,0.8209377061099825,0.9228644090543332,0.9181713264761436,0.9092207774484031,0.9114649215069228,0.9633612025612771,0.9724333881078352,0.9112069793446617
0.6930373666635034,0.611087926180679,0.517012084176752,0.6821903014988131,0.6668123853323742,0.8201746730643021,0.8163191078199027,0.9116191280023922,0.8530732083079122,0.7775833943210485,0.9664653302699932,0.0,0.8511101528803735,0.8297610874295226,0.6671368059518834,0.7778127564045602,0.8858216300940714,0.7077638808443761,0.8114313062376844,0.7509068410125312,0.8894431846577964,0.7188413630067242,0.6578965312925996,0.682092995273397,0.8017263778802636,0.7787527362701036,0.7808328630674356,0.8882812274053433,0.8119971441352575,0.8400550097013131,0.8077776492967713,0.7198732942411512,0.8599499385625031,0.5562565599281752,0.6007161998336554,0.7831735937628631,0.5843049350726807,0.7386595506476692,0.7984325952353898,0.6239445520180609,0.5964240587901644,0.6572967963865275,0.7426156544140216,0.7403426450984596,0.6212430612547649,0.6460177998353525,0.6855729637452457,0.785877800161179,0.7165927186296324,0.6979639031516554,0.8111652203960974,0.8111607996030122,0.9273708354041154,0.914711768670695,0.9999855422854445,0.9029138069941605,0.8529410146691222
0.8206912476401403,0.44711159865219713,0.36929521838692936,0.5186385146513758,0.5067880399547294,0.9350524081901795,0.8771988507560334,0.8959734419459796,0.8693995828865427,0.8726449768958506,0.9373333195466844,0.8511101528803735,0.0,0.8836791787212895,0.7957786917345684,0.891535649432808,0.8345963056975693,0.7672346126703673,0.755497855467274,0.6413911961914799,0.918411962242702,0.7814884383228609,0.7666110940015906,0.8258023025736123,0.7090090880411271,0.8191395046239832,0.7986746608471348,0.6674563219999722,0.8692611527439755,0.7738369129614492,0.7153191608630182,0.9262365863107748,0.8780513041784844,0.701793961930244,0.7281522847611288,0.8510993595807612,0.7356246728093685,0.8775955784133948,0.8863900811241243,0.7550121683642216,0.7466139766596103,0.7846393177703973,0.7744741939482085,0.8281352471487737,0.8013778052075017,0.6637336727606248,0.8352373127319157,0.8777920853011116,0.7829706200834704,0.8269226487041882,0.9229482863894706,0.8294074583965825,0.9026856267146773,0.7802059864520063,0.9679623238148993,0.8771605658568352,0.8841999512657055
0.779296572146252,0.44863586891558144,0.3883975684101424,0.5835406877626451,0.5132810306853717,0.8870139705150137,0.9243614300277859,0.9060174179123955,0.9054771286505497,0.8698782306937746,0.9547311767151649,0.8297610874295226,0.8836791787212895,0.0,0.8328507797642732,0.8452304273216094,0.9163324658037827,0.8225162552614332,0.7364152967800203,0.6607704683388315,0.8805616574949883,0.8232546548953039,0.7697287683008882,0.8577564019314032,0.7618846730501545,0.8283036741770238,0.7954955173871899,0.7450353942338622,0.8971046015737181,0.7918413829147487,0.7402411157081319,0.8504837082244704,0.847177630050996,0.7520890356197307,0.7200073081752628,0.8654185482041504,0.7109492731499845,0.8014404049096793,0.8458571676507952,0.7199257227778236,0.7108296971363525,0.7799840362269455,0.7445910351464674,0.7615557014573093,0.8203762469857278,0.7043407277207758,0.8164560786239072,0.8824091596931017,0.8154386608336581,0.765582347183632,0.85923627364586,0.8969845585369935,0.8843786707874165,0.804583598442749,0.9970825766894265,0.9248101170546537,0.8230437439466987
0.866871419318968,0.32850847489485824,0.2838801120891272,0.42674005204004317,0.3778463895274526,0.8588260380554092,0.8032082302034463,0.8120681077168591,0.8846854740063921,0.9224149601991705,0.8148229668226018,0.6671368059518834,0.7957786917345684,0.8328507797642732,0.0,0.8623691261078041,0.7594219048610751,0.836453849592947,0.6282832398638711,0.5172512072920934,0.7703142691777465,0.8930303672580658,0.9022455944943265,0.9864568282256287,0.6611008000034085,0.8171816128919805,0.74129830892247,0.5481328816640791,0.8087665597071496,0.6655470930162515,0.6306772934229652,0.930258677134993,0.8073132888197365,0.841288100458624,0.8475541721410051,0.8209344764699383,0.8601931037747607,0.8949646101826303,0.8341813057969293,0.8279146385265584,0.8868765826007408,0.8734833226036345,0.713254525362421,0.8383773586399293,0.900720921463272,0.7081058086500376,0.865690606527104,0.8357186984242619,0.9477853042661434,0.7915874451820778,0.8245634195334492,0.7787366283504893,0.7258066760447888,0.637960392292637,0.8186183891851553,0.8202075631772171,0.7869978052720852
0.9445225309880985,0.3883798580448668,0.3320437854318388,0.48238156059793313,0.4588147156137211,0.9092555372920751,0.9144050153972737,0.8380470345086858,0.9188302034355788,0.9518128498527599,0.8903270793292769,0.7778127564045602,0.891535649432808,0.8452304273216094,0.8623691261078041,0.0,0.81194216024593,0.7546169770756379,0.651421852125103,0.5255371663394317,0.8798930347355386,0.8496456006799421,0.8719338508541463,0.92048620194032,0.723818769480648,0.8450914818015016,0.7634074544254923,0.6578856058071804,0.812323850957338,0.7967566722964176,0.7867714746547982,0.934602351188718,0.9580177066563114,0.7900282230407573,0.8053277691607862,0.8900473059895713,0.7823610369218754,0.9362300177019851,0.9070095177630859,0.8627917750378883,0.8867695252181609,0.8420587339875322,0.7207465870751923,0.7905970769346048,0.9022876117979302,0.6976214516585263,0.8466280443091934,0.894392764352366,0.9217202725791356,0.808024850014987,0.8025945610370271,0.82694335493356,0.8726174655905636,0.6490610631452827,0.8679062488860477,0.8180226413819671,0.8372074874216435
0.7281070741565654,0.5634823574364003,0.5097918735174556,0.7212708909937298,0.6554756021052021,0.8915983967861315,0.9052521546773923,0.896012790704204,0.8400620199542747,0.9133649270600697,0.9909438903118579,0.8858216300940714,0.8345963056975693,0.9163324658037827,0.7594219048610751,0.81194216024593,0.0,0.8765954264105192,0.7618998298430089,0.7871226820182364,0.822653843207468,0.7233418414195857,0.6831894434223559,0.7520382581001728,0.9137896786706046,0.9280705764694821,0.8782957101655127,0.8618551874610979,0.9010933859871969,0.8506522575890639,0.8728255304377553,0.765400715986924,0.9170263726181423,0.6525486095860676,0.6421347694223066,0.8273670262447194,0.6844889047818591,0.742053583581583,0.8302406335938296,0.6317673234171202,0.5973239698716946,0.6981919958512912,0.8205598944741587,0.7842256415436296,0.6653004392679189,0.7394404905863424,0.7690686111395032,0.8632027324255608,0.8123743455748595,0.6408322057252434,0.849505352126729,0.9030823413822637,0.8506968693110261,0.8460884023670172,0.9302513357574155,0.8985331326202441,0.8472892167428129
0.7015630808152877,0.45737177521239947,0.40252787008682456,0.606272188638929,0.5390907668481681,0.7920534664163648,0.7820152960700921,0.860668806804356,0.8506186910251239,0.8971706337890833,0.8563618523075723,0.7077638808443761,0.7672346126703673,0.8225162552614332,0.836453849592947,0.7546169770756379,0.8765954264105192,0.0,0.7649153084278612,0.7141298631179678,0.6826812103378502,0.8194056158930088,0.752440018407353,0.810298040047456,0.8964151016114169,0.9507247366160657,0.8344118499899442,0.7445129040384236,0.9931859500581613,0.7529207202450634,0.7588560148649709,0.8404195333216874,0.8386248857384917,0.7458167432148609,0.6936823749031437,0.781869672812977,0.8410368779252897,0.7571615469368411,0.8591008782715447,0.6587497518773676,0.6514425975243028,0.7948688513856578,0.8651864368738656,0.9247039071263575,0.7390489623143967,0.751955672238213,0.8283092768412352,0.9602143543160873,0.8850762907246014,0.6486885192577568,0.9102429632615413,0.9037652274763968,0.7161717785100198,0.8425605044857649,0.8710184478355473,0.9482711503733592,0.8371228747459749
0.6691935068751013,0.5764475338554064,0.514830861556383,0.686401511100369,0.6264526683159115,0.821457148447421,0.761862786310304,0.8083125934870599,0.826796798299809,0.7383637571308626,0.8574609630407618,0.8114313062376844,0.755497855467274,0.7364152967800203,0.6282832398638711,0.651421852125103,0.7618998298430089,0.7649153084278612,0.0,0.8708192677539435,0.7073014002759564,0.694899522702722,0.6055073404704723,0.6314958174024027,0.7338200149103712,0.7187760146600249,0.7367378460747761,0.7887889636213781,0.7653693708849929,0.7290663136726768,0.6743251245035855,0.6874911345370301,0.7448949462486639,0.5604611372039382,0.5438794834949745,0.686854595030326,0.5865191530638894,0.671766243985701,0.8119269448465576,0.5636613806727331,0.5497801736288833,0.6287995729353945,0.8248951738377728,0.6699448882983535,0.636609001478753,0.6112751039202672,0.6384482741745978,0.7838263034765869,0.6575484585320741,0.6103600488526061,0.8032384625847494,0.7744592799801113,0.8180140409489343,0.8987426226011191,0.8631430379858573,0.7645784745741954,0.7383016361540445
0.5265990061941094,0.7270832780498758,0.6091436497875629,0.9028888588958587,0.7141553279206299,0.6777526869914537,0.6383104186771568,0.7106539912367353,0.6556338479509212,0.6140460892638729,0.7072512778481517,0.7509068410125312,0.6413911961914799,0.6607704683388315,0.5172512072920934,0.5255371663394317,0.7871226820182364,0.7141298631179678,0.8708192677539435,0.0,0.5546462227939962,0.5716240519427853,0.5102833233506342,0.5224630255546154,0.808779050501405,0.6967500178042917,0.7142533381710823,0.8008627325671763,0.7597401940914618,0.68110973693396,0.6395005048624497,0.5467852083424258,0.6659359356110385,0.4536722477826342,0.4649689512766054,0.6036903859236517,0.5074186952061607,0.5429042931484223,0.654826242732533,0.43837862074184697,0.43342125175211765,0.5421698195000564,0.8467082884875512,0.6055764854049003,0.4718632778109263,0.6027837661751739,0.537274642083887,0.7130200276129441,0.5853836352577536,0.45374715178834696,0.7303164459113446,0.739059146150256,0.694838044082785,0.9274339835506645,0.7203699330587753,0.7489366584716469,0.7212233734190782
0.8173774621217432,0.4045358511208475,0.3499114529643075,0.4873238446354357,0.4598053193936896,0.8742939618542196,0.9540858037598916,0.858047004331317,0.8887551550758325,0.8013613692356831,0.8915963865658691,0.8894431846577964,0.918411962242702,0.8805616574949883,0.7703142691777465,0.8798930347355386,0.822653843207468,0.6826812103378502,0.7073014002759564,0.5546462227939962,0.0,0.7622781266870016,0.7917671102391539,0.802961487998884,0.6239620309085422,0.7267729708679056,0.722252066765153,0.6754347256287183,0.7452228298170686,0.7103888673692685,0.71575948702226,0.88490660931474,0.8124991939440738,0.6903304641637157,0.718194410328854,0.8404336514806917,0.6696842616137081,0.857986245925938,0.8000615437963563,0.804450277728042,0.7665273761592319,0.7182459665858142,0.6336735175055744,0.6803576986636977,0.8331185858722686,0.5847931719552993,0.7674647436627633,0.7782316709191702,0.7445645013316335,0.8931141751220284,0.7604781019843591,0.783390240483777,0.9691231776163934,0.7381799647811609,0.9450145761124024,0.7703896905916847,0.7745427974100911
0.9168641140057348,0.3658961434585047,0.31430777218144157,0.4804396019761236,0.43417533154568283,0.9106294333538203,0.8647187112193401,0.8696931017493391,0.8861449209448683,0.905235811174695,0.8824960331566597,0.7188413630067242,0.7814884383228609,0.8232546548953039,0.8930303672580658,0.8496456006799421,0.7233418414195857,0.8194056158930088,0.694899522702722,0.5716240519427853,0.7622781266870016,0.0,0.9491573308377511,0.906828795556855,0.7726566323310187,0.8700194822990406,0.7924999229329535,0.6226321494601941,0.888389490643457,0.8335796501210025,0.770293609285034,0.8998569617245462,0.8603586098406931,0.8844023267245635,0.8661596794514236,0.8903489916020141,0.910564777223751,0.9818543166777206,0.9280202512408845,0.8675295545099289,0.9401759005793668,0.9321575028832723,0.7803611977153314,0.858370728383973,0.9494913568338131,0.8055149621271503,0.8282484254457761,0.9380155250757204,0.9170615848291556,0.8675537572823222,0.8449995695829441,0.8241710548312766,0.8357212858802107,0.6853276459464474,0.8259788993286877,0.842425600624872,0.9360739674274783
0.832356002064443,0.3314320721513658,0.28290109224530147,0.4285529777878235,0.3964625566277389,0.839319029722667,0.78427747335316,0.8389756059356747,0.8653807253135147,0.9668399185061344,0.7908666765439555,0.6578965312925996,0.7666110940015906,0.7697287683008882,0.9022455944943265,0.8719338508541463,0.6831894434223559,0.752440018407353,0.6055073404704723,0.5102833233506342,0.7917671102391539,0.9491573308377511,0.0,0.9614941313500883,0.721012478288535,0.8003225982562177,0.7456369827471384,0.590642835499769,0.8286375776059712,0.7174688128797946,0.6964514047221715,0.8672197112266672,0.851572580243053,0.9296651504634573,0.9106733645731353,0.863453938128797,0.9051180781951995,0.8944300885306726,0.8342159296983707,0.9001893441329107,0.9414925349662739,0.9006269703377889,0.681764476831181,0.87637749427134,0.9467504010943777,0.7662508992092177,0.85677575181364,0.8768085253291287,0.8640723554003261,0.874031202421211,0.8564451956033087,0.8290433849000672,0.7443875001025907,0.6205547236662217,0.7801364649317626,0.8412669399072806,0.8445726955183699
0.8802711080685095,0.3369913308781863,0.2866142128968801,0.4406888335345812,0.400913697102348,0.896236835053545,0.9170085683674717,0.8802290762612734,0.9647224994367022,0.9906382282029623,0.8620277413058199,0.682092995273397,0.8258023025736123,0.8577564019314032,0.9864568282256287,0.92048620194032,0.7520382581001728,0.810298040047456,0.6314958174024027,0.5224630255546154,0.802961487998884,0.906828795556855,0.9614941313500883,0.0,0.6990337012274489,0.8162792086561257,0.7905443206099557,0.5937352816064254,0.844904348184304,0.7343146182178913,0.7133972961883914,0.9581224441877855,0.8316222775167053,0.9420237991793278,0.9806453919844115,0.9004087379961346,0.9349091651552942,0.9802818713829563,0.894391599968999,0.8618402953297216,0.9033558181715575,0.9136805264886138,0.7400164983540217,0.820866047037757,0.9809469962257059,0.7636092190959413,0.8775343743325752,0.8685991035007327,0.9578523174571072,0.9203448213426157,0.8617224239761098,0.9209043731930788,0.7581096134010085,0.6798612442586526,0.7868416000682266,0.8442315428516655,0.8431769702510452
0.671550653380733,0.5815996282142156,0.5021099033839649,0.7772122204698554,0.6483599241389556,0.8376968175459304,0.726185030127545,0.826720415886572,0.7746394171096428,0.9161517584056874,0.8024216292090302,0.8017263778802636,0.7090090880411271,0.7618846730501545,0.6611008000034085,0.723818769480648,0.9137896786706046,0.8964151016114169,0.7338200149103712,0.808779050501405,0.6239620309085422,0.7726566323310187,0.721012478288535,0.6990337012274489,0.0,0.9410589333352034,0.957874768372284,0.9323367777000361,0.917205136072771,0.9375994032953012,0.9107307300194506,0.6817260046118185,0.843820277847018,0.645217085133493,0.6431584504659844,0.7699314008455072,0.7273082258219093,0.7585045758586515,0.804859840066205,0.589736922134385,0.5860664542701416,0.7327397268175798,0.9913532877282415,0.7949172965863986,0.6261756642933547,0.8552915436870081,0.7553554860679152,0.8946221539356488,0.7501181911729298,0.6083402451351508,0.8892559362848992,0.909599635917182,0.7154279809903232,0.8005561112640167,0.8354982369263992,0.898306511277185,0.8578015082168705
0.8201463444964329,0.5020352393005361,0.42533207677645846,0.6704059425557027,0.6061884742341406,0.8647061972540866,0.8281485080138575,0.8597150376983127,0.835703455224627,0.9285092148689666,0.8449092671747196,0.7787527362701036,0.8191395046239832,0.8283036741770238,0.8171816128919805,0.8450914818015016,0.9280705764694821,0.9507247366160657,0.7187760146600249,0.6967500178042917,0.7267729708679056,0.8700194822990406,0.8003225982562177,0.8162792086561257,0.9410589333352034,0.0,0.9546516892268119,0.8695535922472807,0.9676587095213554,0.8998251510271604,0.8421277021823081,0.7846161154201793,0.9921786180726113,0.7448834820655462,0.7816846860728907,0.8720737631693141,0.8497643691039001,0.8027437552449992,0.8674988873840623,0.700142073412678,0.6861197291318454,0.7891184955359735,0.9168410994749553,0.9183045396576551,0.7631415715048657,0.8190757120818859,0.8794922035348869,0.9408887203027768,0.893795460185721,0.6511630193373004,0.9464440354500385,0.9241687225187629,0.7909216842501303,0.8055711071602148,0.8307557354650039,0.9176083699936128,0.9472151536541155
0.8250300548705317,0.5318575727767528,0.43572243224787577,0.6968336824907085,0.6437646712914797,0.8720369844209923,0.7678204376469575,0.8688670690064512,0.8287415759834016,0.9287459708289699,0.9085215396969847,0.7808328630674356,0.7986746608471348,0.7954955173871899,0.74129830892247,0.7634074544254923,0.8782957101655127,0.8344118499899442,0.7367378460747761,0.7142533381710823,0.722252066765153,0.7924999229329535,0.7456369827471384,0.7905443206099557,0.957874768372284,0.9546516892268119,0.0,0.8958495171842833,0.9108604368856373,0.9391204542900129,0.8910333073659559,0.7560489843809507,0.9001143331196028,0.6964633982520408,0.7441069305895458,0.8677472385167461,0.7874183458176967,0.8020199256742514,0.9081801755102754,0.6783684319021938,0.6434458614393775,0.7874568076370889,0.8860108078443703,0.870140616162022,0.6907641738173217,0.8457023337322167,0.8110803130263878,0.94335197275109,0.7902018492920788,0.6658225637390286,0.9641992099635255,0.9130481668771753,0.7787485917893359,0.7650545827126783,0.8479677770254548,0.8974968593609586,0.8822244235181039
0.6099272604044936,0.7139824620334145,0.6121263635772389,0.8937193510943396,0.8301249463373324,0.7531234982768021,0.7057248535539145,0.8173858754576937,0.7227100462704633,0.7472493298260872,0.7807532953762646,0.8882812274053433,0.6674563219999722,0.7450353942338622,0.5481328816640791,0.6578856058071804,0.8618551874610979,0.7445129040384236,0.7887889636213781,0.8008627325671763,0.6754347256287183,0.6226321494601941,0.590642835499769,0.5937352816064254,0.9323367777000361,0.8695535922472807,0.8958495171842833,0.0,0.8504246764168368,0.8703293119787286,0.8407518683082931,0.6160196621703813,0.7592814673637006,0.518655490161449,0.5150505385473232,0.7016231969845347,0.5903141061040511,0.6510256229970994,0.7517698303844487,0.5163228023579015,0.47647186256207846,0.6370998710830479,0.8286386053510623,0.7053940138497187,0.5406748286663332,0.6936787719046685,0.6032587184982854,0.8158846655739701,0.6581062553437564,0.5292487614751622,0.774677422783493,0.8327270880429931,0.7575676604705383,0.873303325010848,0.892112780478601,0.8147228207135763,0.7738496968448477
0.7795130787597904,0.49239115477215756,0.4263410622406433,0.638408298691649,0.5814726764133606,0.8794164912253741,0.8692142486631498,0.9405336270540543,0.8545963872859127,0.9226787832755587,0.945461963173449,0.8119971441352575,0.8692611527439755,0.8971046015737181,0.8087665597071496,0.812323850957338,0.9010933859871969,0.9931859500581613,0.7653693708849929,0.7597401940914618,0.7452228298170686,0.888389490643457,0.8286375776059712,0.844904348184304,0.917205136072771,0.9676587095213554,0.9108604368856373,0.8504246764168368,0.0,0.8185401481782149,0.8137671594940451,0.8506039104612072,0.8555432506307241,0.7655372430458298,0.7274274075763097,0.8448972952159274,0.8654950703600649,0.7954695257463609,0.8782252468952443,0.6871409494605716,0.6912573862837545,0.8571062092304039,0.8800053759735257,0.8896381418043336,0.7549390321629904,0.8255348874778972,0.9077900961591727,1.0,0.9325500054317624,0.7141218842098372,0.9876352249063749,0.9185401906008702,0.8500241434889169,0.8260552832918173,0.9300710134749666,0.9957510577543196,0.9212041384461828
0.8682588247202725,0.5509707525142105,0.44459843610972555,0.6908522893873351,0.6467199116897262,0.8533716345447402,0.8328425373905189,0.9069577279342241,0.8167038637311528,0.893202143335684,0.8595037038048347,0.8400550097013131,0.7738369129614492,0.7918413829147487,0.6655470930162515,0.7967566722964176,0.8506522575890639,0.7529207202450634,0.7290663136726768,0.68110973693396,0.7103888673692685,0.8335796501210025,0.7174688128797946,0.7343146182178913,0.9375994032953012,0.8998251510271604,0.9391204542900129,0.8703293119787286,0.8185401481782149,0.0,1.0,0.7021020854287522,0.9774203264838444,0.7147844073439628,0.7486178833259818,0.9152979481034564,0.7535130702509191,0.9047963876513688,0.8984896681305735,0.7044747173746356,0.6579024565977951,0.8085988947020161,0.8807915743790915,0.8584383712929834,0.7000608146796513,0.7953082249059893,0.7362262723327073,0.9186844211523226,0.7508696295755124,0.6726692250104547,0.9019433493785076,0.8368728244834552,0.7835802407467981,0.7523092112732653,0.8814827730328756,0.8102149054916762,0.8270302012734054
0.7879455468020832,0.5854599141321661,0.48386969119898865,0.7238566483826979,0.696680677423057,0.768203301547928,0.768439551982261,0.8600882289478631,0.8042108495416009,0.9514960377650293,0.8070960319552907,0.8077776492967713,0.7153191608630182,0.7402411157081319,0.6306772934229652,0.7867714746547982,0.8728255304377553,0.7588560148649709,0.6743251245035855,0.6395005048624497,0.71575948702226,0.770293609285034,0.6964514047221715,0.7133972961883914,0.9107307300194506,0.8421277021823081,0.8910333073659559,0.8407518683082931,0.8137671594940451,1.0,0.0,0.6536596417160515,0.9848480124976474,0.6162027465995513,0.6981670919514886,0.8876209702239867,0.7447503791640983,0.7638848284632116,0.8489523061772815,0.6686070863414905,0.6203364619326027,0.7562883161396534,0.8178459902291697,0.8219479083172303,0.648809525597223,0.7633796671958901,0.6875397720890817,0.8836677214392336,0.6919340903877541,0.6210894731547956,0.8253303329564555,0.7727002243087185,0.8054808442382736,0.7568550465245223,0.8475742543697129,0.8141607848086467,0.8224525732044462
0.8574206530508505,0.36498716234076334,0.3044732970562217,0.43884939737724654,0.4073610371496714,0.91602299187158,0.8709998651236271,0.8391616363460792,0.9061793592542325,0.8786530209059555,0.9410617835075977,0.7198732942411512,0.9262365863107748,0.8504837082244704,0.930258677134993,0.934602351188718,0.765400715986924,0.8404195333216874,0.6874911345370301,0.5467852083424258,0.88490660931474,0.8998569617245462,0.8672197112266672,0.9581224441877855,0.6817260046118185,0.7846161154201793,0.7560489843809507,0.6160196621703813,0.8506039104612072,0.7021020854287522,0.6536596417160515,0.0,0.8392245477709739,0.8630309869515559,0.7885310861263112,0.8243953140390433,0.8433410486278499,0.9357810865782509,0.8721110570705423,0.8386555204619124,0.8742646565364309,0.9118478230569134,0.7131488048803228,0.8035869655949076,0.9030294726000027,0.698379106113849,0.8674865561158006,0.8703744073911077,0.8968540045654467,0.9118307698207317,0.8630910310090802,0.8291303617411617,0.8181038881096454,0.7082662668783817,0.8666242736339023,0.8634086511604573,0.8400229442756385
0.8782752848144149,0.48565861082691425,0.40509595937006543,0.6011436866849782,0.6093685997000167,0.8814458863101329,0.896447394795757,0.9442126125743312,0.9662644427380599,0.9670720718219398,0.894327044911861,0.8599499385625031,0.8780513041784844,0.847177630050996,0.8073132888197365,0.9580177066563114,0.9170263726181423,0.8386248857384917,0.7448949462486639,0.6659359356110385,0.8124991939440738,0.8603586098406931,0.851572580243053,0.8316222775167053,0.843820277847018,0.9921786180726113,0.9001143331196028,0.7592814673637006,0.8555432506307241,0.9774203264838444,0.9848480124976474,0.8392245477709739,0.0,0.7674669673099531,0.7667483469271797,0.9084668785322138,0.8009387984654116,0.8754049555536599,0.9451671604565497,0.8112189532090803,0.787311071871649,0.8675735256897925,0.8186568785903922,0.8935889236293796,0.7952565613814908,0.7924303589935181,0.8007191440727424,1.0,0.8153341010304168,0.7777686318003778,0.9732338072500267,0.9405377144039456,0.8923919696669882,0.8394777372766588,0.9245599689659314,0.8945590526055143,0.9204310652315381
0.8181948231444195,0.3041935477060724,0.25241702290949214,0.39459030695252956,0.35575100751104516,0.8024846137483732,0.7857986539582319,0.7436161295237094,0.8410934802859177,0.9296446970959834,0.7590016528030329,0.5562565599281752,0.701793961930244,0.7520890356197307,0.841288100458624,0.7900282230407573,0.6525486095860676,0.7458167432148609,0.5604611372039382,0.4536722477826342,0.6903304641637157,0.8844023267245635,0.9296651504634573,0.9420237991793278,0.645217085133493,0.7448834820655462,0.6964633982520408,0.518655490161449,0.7655372430458298,0.7147844073439628,0.6162027465995513,0.8630309869515559,0.7674669673099531,0.0,0.9344168758410243,0.8254324610554874,0.8430535648519673,0.8807471285246958,0.7770709768470994,0.8324146404452636,0.8827554793298014,0.865120718822456,0.6520564652236736,0.7858789723895679,0.9515174144445018,0.6924610654046429,0.812937679636506,0.8354648779399225,0.8327294202078521,0.767099279824006,0.7801576673427355,0.7025774602063751,0.6768219536028807,0.5717439573073776,0.7034797019835083,0.7462164211192805,0.6809527463406132
0.8608246899366503,0.3025677469918843,0.2577108639430936,0.39082962840525803,0.36675727486727316,0.8164113940299061,0.7819021918318373,0.7447604317613701,0.8222936984512307,0.8649853414974962,0.7164880002615004,0.6007161998336554,0.7281522847611288,0.7200073081752628,0.8475541721410051,0.8053277691607862,0.6421347694223066,0.6936823749031437,0.5438794834949745,0.4649689512766054,0.718194410328854,0.8661596794514236,0.9106733645731353,0.9806453919844115,0.6431584504659844,0.7816846860728907,0.7441069305895458,0.5150505385473232,0.7274274075763097,0.7486178833259818,0.6981670919514886,0.7885310861263112,0.7667483469271797,0.9344168758410243,0.0,0.8067875803205874,0.8717359255960394,1.0,0.8975337592071819,0.8904207750393553,0.9383726046850529,0.9634640253355901,0.6810895649848009,0.8005323379742411,0.9203987183436487,0.7782381056210437,0.8108894134511077,0.8635100157660036,0.8376748392966826,0.843805720319862,0.7824993457168516,0.6758761393524254,0.6743225328101157,0.5734778200443772,0.6925839637440612,0.6945242639299357,0.7402644474479771
0.9400677251197599,0.434913258871529,0.37178896599694733,0.5571377946503863,0.5392930081819689,0.9099074079792301,0.9205201185273268,0.8689918939136004,0.9334014049192956,0.9361057615760484,0.9041195747731483,0.7831735937628631,0.8510993595807612,0.8654185482041504,0.8209344764699383,0.8900473059895713,0.8273670262447194,0.781869672812977,0.686854595030326,0.6036903859236517,0.8404336514806917,0.8903489916020141,0.863453938128797,0.9004087379961346,0.7699314008455072,0.8720737631693141,0.8677472385167461,0.7016231969845347,0.8448972952159274,0.9152979481034564,0.8876209702239867,0.8243953140390433,0.9084668785322138,0.8254324610554874,0.8067875803205874,0.0,0.776736268864052,0.9182529603872357,0.9438743164631415,0.8249836522483978,0.7977517935064855,0.8187568066663411,0.7608355634305407,0.843147205483446,0.859908512064423,0.7233835558531144,0.8101001947963181,0.8862137673192876,0.8319101257643562,0.8092670852357666,0.8419168142992606,0.8049683144243125,0.8627386497182757,0.7256743280102327,0.9233674954207197,0.8435012723932764,0.875861601532621
