Cingulate area 2,Glomerular layer of the accessory olfactory bulb,Glomerular layer of the olfactory bulb,"Olfactory bulb, unspecified",Frontal association cortex,Cornu ammonis 3,Dentate gyrus,Cornu ammonis 2,Cornu ammonis 1,Fasciola cinereum,Subiculum,Postrhinal cortex,Presubiculum,Parasubiculum,Perirhinal area 35,Perirhinal area 36,Medial entorhinal cortex,Lateral entorhinal cortex,Primary auditory area,"Secondary auditory area, dorsal part","Secondary auditory area, ventral part","Piriform cortex, layer 1","Piriform cortex, layer 2","Piriform cortex, layer 3",Ventrolateral orbital area,Lateral orbital area,Ventral orbital area,Medial orbital area,Dorsolateral orbital area,Prelimbic area,Secondary motor area,Frontal association area 3,Primary motor area,"Agranular insular cortex, ventral area",Agranular insular cortex dorsal area,Cingulate area 1,Infralimbic area,Dysgranular insular cortex,Granular insular cortex,"Primary somatosensory area, forelimb representation","Primary somatosensory area, dysgranular zone","Primary somatosensory area, face representation",Secondary somatosensory area,"Primary somatosensory area, hindlimb representation","Agranular insular cortex, posterior area","Primary somatosensory area, barrel field",Retrosplenial dysgranular area,"Primary somatosensory area, trunk representation",Retrosplenial granular area,"Parietal association cortex, lateral area","Parietal association cortex, medial area","Parietal association cortex, posterior area",Primary visual area,"Secondary visual area, lateral part",Temporal association cortex,"Secondary visual area, medial part",Nucleus of the lateral olfactory tract
0.0,0.3399881672818054,0.19336792142724857,0.2393642302275257,0.31577604074888677,0.48092525110448264,0.4962259326978144,0.6698065608180532,0.544562317572825,0.3070837910693678,0.5716709802582277,0.6117189165698182,0.45388643653905825,0.4531110915576602,0.6968882130949199,0.782440776533377,0.5507794639494379,0.6343366154400616,0.8768572076539787,0.8647272891997371,0.8105901278851297,0.9268435485720086,0.8897975306937719,0.8000858752648465,0.564984673829386,0.5674829515011841,0.5015949967818222,0.30895738419219765,0.3464416900805388,0.8963468677704135,0.7425004384155877,0.6016593672814117,0.9299975018836907,0.5498688052754158,0.5134367772952875,1.0,0.9651326838590809,0.833911068453942,0.9024899991511984,0.9750437674251995,0.6849765278524553,0.9413580024434846,0.662293721510613,0.678942857444907,0.7311395908848908,0.39969274219154055,0.33984693374691777,0.279367351555349,0.30002399308438643,0.15785600217854856,0.25885884096611256,0.7293731006997163,0.5502550576550989,0.8013011464224256,0.8206301858072877,0.33716365462513226,0.24449653699341162
0.3399881672818054,0.0,0.5893570653937638,0.7748670058133479,0.9914391461139132,0.18449896407064836,0.18377744994970233,0.22105148912773892,0.18447882308686922,0.123826606736532,0.19064935108623807,0.2597394844040781,0.1795474437886102,0.16879317159931315,0.25779395982032194,0.2679234536919173,0.23199091606986738,0.21129472591408371,0.32140015522412985,0.3367835491599578,0.27841252699121477,0.4486762547437581,0.4578050354088952,0.3693779998206424,0.8104290089759417,0.7086664533338157,0.7936526648791004,0.940855344603254,0.9310538332027627,0.5012824319682845,0.5804466864156403,0.5803703805216154,0.3574474833313812,0.7305946198492553,0.7807232138502169,0.3343479541210043,0.34614426709178797,0.49750051628466796,0.38831718802483756,0.3553446087276647,0.24075027581398975,0.41106561125584706,0.25256802636408343,0.2159508492737938,0.3301667637873862,0.15340063104761167,0.1441628357517308,0.1265517175013923,0.11228248903144486,0.08102743186946876,0.10391561869512596,0.3089678167009069,0.20983470898917223,0.30922053665594973,0.2793276786394617,0.12617681213724233,0.10872750315570058
0.19336792142724857,0.5893570653937638,0.0,0.9500284144204313,0.6838305043309744,0.12477174389415181,0.11950364503577734,0.14616154807846254,0.12287621428915377,0.08126436582525942,0.12294284234234966,0.17481886212472106,0.11535818902639026,0.10580786616099859,0.16493882270950655,0.16920616799778523,0.15070564109938342,0.1385091771146359,0.19566013210716687,0.20139865002278176,0.17432843494295905,0.2602147894089293,0.2535683758754461,0.21800254736307736,0.3870342455040814,0.353113414632851,0.42184336777167963,0.5744515439489027,0.5303143070504382,0.24728556646922317,0.2879518782299091,0.2539151817138207,0.19676245108213528,0.3644422916738919,0.3971525845622352,0.18444358148580553,0.1908791516502302,0.2697566775402545,0.22336044575794978,0.19014799759175338,0.1406708734072644,0.2144917349741673,0.1571915407573603,0.13955576371260028,0.21084119486007397,0.10217122248491992,0.10147237306838228,0.09553854713521191,0.0774409021363784,0.06594397809873981,0.07364150670551914,0.18729641967516777,0.13642454068252124,0.188059322393299,0.17529919733645002,0.08397219523499634,0.08169289231238193
0.2393642302275257,0.7748670058133479,0.9500284144204313,0.0,0.8509866169600883,0.14496257203218083,0.13905756884764842,0.16997820607211434,0.14204329807439842,0.09336349451219803,0.14320433704111415,0.20589196007375238,0.13357832039592563,0.12375739217224775,0.19750972352928345,0.20155435190890073,0.1776558198092797,0.16206418987067353,0.23809975754220397,0.2455506823303291,0.21043940902932978,0.3308564371143134,0.31587267713458517,0.2674480914049652,0.5326743794066832,0.47244469384182897,0.5690881435669937,0.7870989411065172,0.742078495286501,0.32268130548235097,0.37520519345170433,0.3428131136526055,0.24616707624205128,0.4940850626443696,0.5528467011935762,0.23205047309349927,0.23922012269329856,0.3490283361160026,0.28002800483332574,0.23902761992008947,0.17086171266697678,0.2782001255254349,0.18854719706205317,0.16379628050488812,0.2541784584940711,0.11863450869475255,0.11416763233275375,0.10693057104684996,0.08737723665888389,0.07117882537863447,0.08315556031394679,0.2239451811454609,0.1600840924450731,0.22820460304845672,0.2108075054008741,0.09589448910582248,0.09102862035706091
0.31577604074888677,0.9914391461139132,0.6838305043309744,0.8509866169600883,0.0,0.1712525817515234,0.1641686336917646,0.20804470596911218,0.17030717450121063,0.11410657909625248,0.1735607226476153,0.24476569522016997,0.159544425509431,0.15036364953411985,0.23783485060577692,0.24602083727040439,0.2149233340614589,0.19431774581946268,0.2957549331603,0.3164991133439351,0.25760032953021755,0.4265135168673777,0.4273645048837238,0.3374266799916694,0.7444394605091367,0.7217441354866313,0.80177872216425,0.9050297403051544,0.9221945171699079,0.4478495478641718,0.5365376936766241,0.5038615419617807,0.32750961289348873,0.6953469799809772,0.7830134330564982,0.30562993113187964,0.31328653471643003,0.45391322647274507,0.35757923986157164,0.32350311997332093,0.21317375735153765,0.38569713254344345,0.22678701526879408,0.20141265871887665,0.3065345397881627,0.14080653367336407,0.1325910958259746,0.11992767396420673,0.10354079483418895,0.07748918432590828,0.09789939000893591,0.28127125377559486,0.1910116628153783,0.2818044337200979,0.2604679092085425,0.11463085550437835,0.10382106933460891
0.48092525110448264,0.18449896407064836,0.12477174389415181,0.14496257203218083,0.1712525817515234,0.0,0.9880970909683009,0.8953145659726529,0.9432337324541197,0.6861674289448196,0.8026907523391119,0.4157689479940098,0.6397123147363928,0.5939310620713858,0.7673620066034249,0.7131002783195431,0.45228715768324135,0.760897368184895,0.6527471718783036,0.6112183604072828,0.7063329832486784,0.47108432344400547,0.4649175742356485,0.5727568196785432,0.25840243372737354,0.250525677101712,0.24396727189908549,0.16747823348686952,0.18190816267313117,0.37429561560643076,0.3389307216474777,0.25607039041541385,0.5442633690666737,0.24232317371677345,0.23339605396406077,0.5178209112722556,0.4641449913608853,0.43711995918325364,0.5164792159542273,0.5292799934389607,0.8688160373000837,0.41452013144736755,0.7836369130819715,0.8802986202127101,0.6217367090460516,0.8457170228001388,0.8504921345871399,0.703933308806711,0.7740129504449365,0.4584743079843161,0.6918525340612052,0.7142766499073562,0.740181997495641,0.5130034622417967,0.5096496884369626,0.7430105811901111,0.5306300582653556
0.4962259326978144,0.18377744994970233,0.11950364503577734,0.13905756884764842,0.1641686336917646,0.9880970909683009,0.0,0.87893902785238,0.9804960776747105,0.5989163328059145,0.9107619222304675,0.45756963875494067,0.7757563107607544,0.693600155409225,0.8095204783974774,0.7266149383334907,0.5075678417706141,0.8566586695892004,0.6561542749018137,0.6178371131080039,0.7308083428521603,0.45379001876672853,0.4569173830368278,0.5431214243414642,0.25341571140683233,0.25123178734867146,0.24277127785487057,0.16162372897269103,0.17482355554977377,0.3840007359213627,0.3458921418053843,0.2613740860381287,0.5301342926522905,0.2382113143666193,0.23021830443737054,0.5233328361106554,0.4931757027933464,0.42138625251812617,0.5197144116504392,0.543226860899133,0.8755287700988545,0.4232710068120903,0.8284709374847299,0.7778170707921414,0.5759099602898239,0.915036116125366,0.9304083263806787,0.6397283128827679,0.8183578443002917,0.4213362055104831,0.6414312442979883,0.7389647969412229,0.7962482332730795,0.5829556791065112,0.5272603929377444,0.8795472554388638,0.4969591947379038
0.6698065608180532,0.22105148912773892,0.14616154807846254,0.16997820607211434,0.20804470596911218,0.8953145659726529,0.87893902785238,0.0,0.9101800814947764,0.5157634163734164,0.9001694378786161,0.5681886850034142,0.6624516301731695,0.635879223218652,0.9288216496544643,0.8636859764097409,0.5856054237829005,0.9445954086917717,0.8397631733894723,0.8121997929560406,0.890935193979679,0.6418004421578007,0.6144411860182967,0.7433416493298896,0.3335698465128626,0.32591186722585175,0.31509534682609375,0.19827991930957953,0.21678122684572973,0.48788206177235616,0.4417508170230283,0.3315027845228177,0.6852890466020424,0.30701695908680354,0.296765036236783,0.7376356537087958,0.6407039878963446,0.5777606906040966,0.7274784924825174,0.7322155967980339,0.9132783250973409,0.5727459353714478,0.9382407301252542,0.9514816814218658,0.8031339926284922,0.7267285198787716,0.671053282658836,0.5306813328295364,0.5656362086893739,0.3085842456750652,0.5103487884977118,0.852467371106811,0.7828757279331268,0.6761810127705142,0.683986164798969,0.61999137873459,0.41176620865727476
0.544562317572825,0.18447882308686922,0.12287621428915377,0.14204329807439842,0.17030717450121063,0.9432337324541197,0.9804960776747105,0.9101800814947764,0.0,0.579992242918651,0.9594870697171219,0.5109155864853308,0.729387430165358,0.6616065969699537,0.7649434747551582,0.7445177983252927,0.5347378639791098,0.8065550068355957,0.6780442600355986,0.6587203199322866,0.7453914445771272,0.502857087935873,0.47637817961325335,0.6027099032984947,0.26541720131530877,0.25601259656144637,0.2542890381990448,0.16622631286668657,0.17889305955337045,0.4001430222356008,0.35748506420852333,0.27216202662707273,0.5589955698407433,0.24604217086974053,0.24323754872854816,0.600001145781122,0.5369308823257578,0.43873808808156856,0.5411413209124705,0.5840724112638586,0.8604835823478681,0.4704080823895918,0.7822440398824717,0.8892398781351757,0.6434259632560023,0.8613027409115337,0.7897305237726692,0.620991705239952,0.7769647673758487,0.3795153211569341,0.6209603029745172,0.7117332302346785,0.7895925750159001,0.597397637530748,0.6020406940768163,0.7775179798387564,0.5034633194513657
0.3070837910693678,0.123826606736532,0.08126436582525942,0.09336349451219803,0.11410657909625248,0.6861674289448196,0.5989163328059145,0.5157634163734164,0.579992242918651,0.0,0.45375386364088915,0.19579796474200759,0.2965268093683618,0.2814904438216506,0.3616114882582563,0.3570073415345575,0.20755676578537718,0.39524536229699747,0.3211651544208184,0.3179628147912796,0.3453263437346019,0.27419206465354434,0.26944454487550457,0.33512645349184667,0.16328692355924146,0.17479489410475824,0.15809837078908956,0.11860601731820951,0.12515237427148945,0.24917327243724344,0.22339654659518648,0.19851538423839477,0.36061135361241975,0.16363092041843233,0.15527409676214318,0.34825263899746606,0.28052042014228856,0.26371445465874316,0.30996458630116275,0.3657887730087887,0.5764152488321046,0.2588062801626728,0.4633890883775547,0.6203692098077844,0.322604589001397,0.7841734598323435,0.5162027265540369,0.8586915980054811,0.5224465568900805,0.5825507532751166,0.9294425013637339,0.3753037443268587,0.3276992455577503,0.25264675544375653,0.2598675280746554,0.42578667283910737,0.6911476056515017
0.5716709802582277,0.19064935108623807,0.12294284234234966,0.14320433704111415,0.1735607226476153,0.8026907523391119,0.9107619222304675,0.9001694378786161,0.9594870697171219,0.45375386364088915,0.0,0.5589620706360581,0.8025651190781701,0.7493060295702487,0.833854482319894,0.7739323576413665,0.610404521138224,0.8810388754287221,0.7241237532674712,0.6969606496335113,0.7794460692947207,0.5156841267091915,0.49808050261694686,0.6003719665518382,0.2759980613165523,0.2694399058459339,0.26008122863372274,0.16603990520237924,0.18032526278617572,0.41556720706390604,0.365746193554509,0.2827918506337922,0.5609388377674065,0.2579471469353134,0.24730602120908254,0.5992114396910487,0.5815527096854818,0.4477726440525254,0.5368409695593699,0.5925582479254637,0.8236009222296221,0.47913809491092474,0.802589975528056,0.7831060837867296,0.6189088028047929,0.708702183991668,0.7453700662455576,0.48435213182416814,0.6686583514074524,0.3100331444927358,0.4786037449179689,0.7036063907750167,0.8432799134754577,0.6855983082763714,0.6380561042510974,0.7707720653980579,0.4041363280368175
0.6117189165698182,0.2597394844040781,0.17481886212472106,0.20589196007375238,0.24476569522016997,0.4157689479940098,0.45756963875494067,0.5681886850034142,0.5109155864853308,0.19579796474200759,0.5589620706360581,0.0,0.5993360498535923,0.5910372244573739,0.6672359670423409,0.6715145808911877,0.8623943681896138,0.6346019927312744,0.6885455497792901,0.6596316897305258,0.7395855437769081,0.5867920303329769,0.575371960601992,0.5258214221910102,0.4069164720396199,0.3386211424462318,0.36540292484491055,0.19836956558725613,0.22031243756267357,0.46533642115305,0.4409453932873094,0.3491205433778269,0.49026381577761385,0.356820859272572,0.34783273357141825,0.5783056382848016,0.6292008569776496,0.5092838253371154,0.5648819678796005,0.5126810985622521,0.4740944648753437,0.5893398685087141,0.5202766309049792,0.47527284352237076,0.5630173335148155,0.32657885497560624,0.37793478325628505,0.22956414324891766,0.31665546457805577,0.15388350735849743,0.19607288395790354,0.5978563771099328,0.7130394738394836,0.8689231648768109,0.7864318918872033,0.393555163811233,0.20515596952444246
0.45388643653905825,0.1795474437886102,0.11535818902639026,0.13357832039592563,0.159544425509431,0.6397123147363928,0.7757563107607544,0.6624516301731695,0.729387430165358,0.2965268093683618,0.8025651190781701,0.5993360498535923,0.0,0.9015486219323922,0.7708396701503445,0.6476695042710383,0.7024977835978405,0.7370973071933685,0.596600836153641,0.5370196650646503,0.6851366994280722,0.4023727957565172,0.40975416792734565,0.4497889035699672,0.24829808762114353,0.2336607059368764,0.23628406610227512,0.14389166818423765,0.15922297665888696,0.35253764610104954,0.3097291682214004,0.24943622718007377,0.41544945423345214,0.2286499189345177,0.22221170083523628,0.46517313839559277,0.48320126503023,0.35919636838743646,0.43154026896402214,0.44363435756539266,0.6360448398417543,0.4123888782121989,0.5884469215043234,0.5348557704510233,0.45668353736775036,0.5339793093901778,0.73192928012659,0.3484451528696477,0.6957293742628885,0.2609859019219598,0.3335642549518559,0.616104428084568,0.849845983134016,0.6025947231550436,0.5639321096927599,0.7820845848840541,0.30273323514312567
0.4531110915576602,0.16879317159931315,0.10580786616099859,0.12375739217224775,0.15036364953411985,0.5939310620713858,0.693600155409225,0.635879223218652,0.6616065969699537,0.2814904438216506,0.7493060295702487,0.5910372244573739,0.9015486219323922,0.0,0.6598540678279354,0.6072486381343879,0.6680556798754904,0.6769514866632561,0.5449362346810683,0.5168088090640482,0.6258031323190371,0.3758979990880547,0.384438245488985,0.4308017247609047,0.2458490514495498,0.2272521659115308,0.22318949490693124,0.1376734055013596,0.15195949728369,0.34829353477581904,0.29963356947989034,0.2587888816540647,0.4241059157189075,0.22817220065112234,0.21221114294063093,0.4454788850869153,0.4903638807111489,0.3482037143846672,0.4167119479812937,0.4534404518049168,0.5981474230869586,0.4047631695239609,0.5401979021286875,0.5368052443448557,0.43673874459313633,0.47976374369166286,0.6358722782754263,0.32723921348872553,0.635381883442665,0.24056980894527585,0.3168944430801898,0.557997573411734,0.8284521996802768,0.6005334834823297,0.5535707821287363,0.7823105446741265,0.28804676335612767
0.6968882130949199,0.25779395982032194,0.16493882270950655,0.19750972352928345,0.23783485060577692,0.7673620066034249,0.8095204783974774,0.9288216496544643,0.7649434747551582,0.3616114882582563,0.833854482319894,0.6672359670423409,0.7708396701503445,0.6598540678279354,0.0,1.0,0.7526080805134147,0.9638047200798557,1.0,0.8588708200440174,1.0,0.6790476178624573,0.6762976410105195,0.760971767724246,0.36539510703375555,0.36164009015636456,0.36386706333061264,0.2139626346038938,0.23781397747810992,0.5270475902909514,0.4770585591688058,0.3447062365058162,0.681398009680623,0.3422663157189599,0.3383879891632558,0.700789248945656,0.7168006195255588,0.6176908891786062,0.6948692444159575,0.6906661179931457,0.7981586548934892,0.6366001155085222,0.8573512026892357,0.7748323722247156,0.8441196664101005,0.5411155577815746,0.6087511726693936,0.40039685407814374,0.4870125390649916,0.23786732662605023,0.37132154471750795,0.9706903448188524,0.8795694942859774,0.8261343501174762,0.774241222703059,0.5647502202694985,0.3099615135077427
0.782440776533377,0.2679234536919173,0.16920616799778523,0.20155435190890073,0.24602083727040439,0.7131002783195431,0.7266149383334907,0.8636859764097409,0.7445177983252927,0.3570073415345575,0.7739323576413665,0.6715145808911877,0.6476695042710383,0.6072486381343879,1.0,0.0,0.6923263558626891,0.8504208198825698,0.9702493754157523,0.8459282631128704,0.9352600651377841,0.7750501154217007,0.7249591449462605,0.732313706731987,0.39509859019174065,0.38675065129102465,0.38867738919790606,0.22848926370459835,0.25370297419078464,0.5875794215310779,0.5201762624250276,0.37558946056692827,0.7138381579018094,0.3728403059316336,0.36146653085512637,0.772324862174713,0.7161660939756159,0.6526417158336631,0.7549657341421188,0.7439467588459409,0.7355889726425882,0.6762173091671895,0.7598305787201853,0.777559297311885,0.8182821415249042,0.4968236861222862,0.5139556080260613,0.37311199795842404,0.44297480077854645,0.22095481825135582,0.3426302751062058,0.9087253448243447,0.739746827464548,0.8207042499302286,0.793010588774526,0.4955531580369959,0.29745928197495836
0.5507794639494379,0.23199091606986738,0.15070564109938342,0.1776558198092797,0.2149233340614589,0.45228715768324135,0.5075678417706141,0.5856054237829005,0.5347378639791098,0.20755676578537718,0.610404521138224,0.8623943681896138,0.7024977835978405,0.6680556798754904,0.7526080805134147,0.6923263558626891,0.0,0.6901420455588241,0.6257888439035304,0.6207139129324172,0.7275012006729367,0.5005185358591613,0.49976266053433954,0.49081445577428323,0.3440245056501991,0.3086755034347092,0.32546501939691225,0.17607025636596257,0.20171145729652729,0.4287532835765482,0.3978594779825086,0.31975271818356366,0.49164801894496163,0.3211921081872538,0.3077323751879296,0.5324068680017355,0.5967805921102493,0.4640683664466387,0.5257962352745503,0.5067292382360858,0.4979257017970333,0.5664293623592763,0.519224244825254,0.48264434601925876,0.5454152571304194,0.35090450714119265,0.438402131031596,0.23958847721888235,0.3705122300120098,0.16464970013009647,0.21967306691847646,0.6175270281698687,0.7325114326486002,0.8487189505747273,0.7972994562099186,0.4518330448203728,0.21488705470225367
0.6343366154400616,0.21129472591408371,0.1385091771146359,0.16206418987067353,0.19431774581946268,0.760897368184895,0.8566586695892004,0.9445954086917717,0.8065550068355957,0.39524536229699747,0.8810388754287221,0.6346019927312744,0.7370973071933685,0.6769514866632561,0.9638047200798557,0.8504208198825698,0.6901420455588241,0.0,0.7833698103157999,0.7736194389692185,0.8597783801239468,0.5594387937894728,0.5550184007746223,0.6682967425914952,0.31170180004989484,0.2929126036805578,0.29908544387689723,0.1808496649256682,0.19964182652909382,0.4521985162261791,0.4002849909496414,0.30746110851649716,0.5999312549618676,0.28867335808168215,0.27982855170304466,0.6647083516387183,0.6370231344015023,0.500919876517737,0.5990869615597666,0.6372475969275883,0.7841964310082992,0.555342763121778,0.7746576548200286,0.7935259664977546,0.6690459005179261,0.6087838537143264,0.6523220497925947,0.4301008450712295,0.5862577785449832,0.2729510017491797,0.4024351604026902,0.7553392300398935,0.8410521956271982,0.7715860469215442,0.7766592918667985,0.6707437180176254,0.35560552872291384
0.8768572076539787,0.32140015522412985,0.19566013210716687,0.23809975754220397,0.2957549331603,0.6527471718783036,0.6561542749018137,0.8397631733894723,0.6780442600355986,0.3211651544208184,0.7241237532674712,0.6885455497792901,0.596600836153641,0.5449362346810683,1.0,0.9702493754157523,0.6257888439035304,0.7833698103157999,0.0,0.9715346086902773,0.963394635503471,0.9296511603111082,0.8530257857599282,0.9150483940178152,0.48860270521829396,0.474880983076634,0.47880390741279627,0.2760840942967956,0.30633410719045073,0.7123030770380687,0.6274168279821949,0.4656868819204599,0.8684609511184881,0.4502850011979558,0.44544488692613843,0.901975894485945,0.8709025367992579,0.7887198110427874,0.8779166191825284,0.8433643701721353,0.7857039909565574,0.7231270707797127,0.8017171619451052,0.7333242956672487,0.9419865922920058,0.4582689496214704,0.4508119486970094,0.3409856967340791,0.3557209887135708,0.19175428311929546,0.3075289985255196,0.9787101885841157,0.7167510969768273,0.8863365800796251,0.8511570653894351,0.4085835140171014,0.28140633363927725
0.8647272891997371,0.3367835491599578,0.20139865002278176,0.2455506823303291,0.3164991133439351,0.6112183604072828,0.6178371131080039,0.8121997929560406,0.6587203199322866,0.3179628147912796,0.6969606496335113,0.6596316897305258,0.5370196650646503,0.5168088090640482,0.8588708200440174,0.8459282631128704,0.6207139129324172,0.7736194389692185,0.9715346086902773,0.0,0.8909952929641782,0.9212264180801203,0.9386553916573547,0.9174602502455981,0.5269587366851135,0.5139740182361539,0.49247689625666496,0.2913086087367894,0.32626724116048533,0.7461072700918254,0.6466295043417183,0.4770538955649793,0.8423610851470067,0.48562165224805715,0.4780168557721958,0.9176856730206875,0.8485355015730249,0.8398729617915007,0.9114074717805759,0.87687266643455,0.7428377659990671,0.7743270694234615,0.836920358688511,0.7007449933793357,0.9128824334851386,0.44897892753083013,0.42423654683385065,0.32783629638489176,0.3430149520901212,0.18751923014673821,0.29351878986685254,0.9871067182104302,0.6832963537345413,0.8757589001854239,0.8400595446417016,0.39004164449319056,0.2768988649863206
0.8105901278851297,0.27841252699121477,0.17432843494295905,0.21043940902932978,0.25760032953021755,0.7063329832486784,0.7308083428521603,0.890935193979679,0.7453914445771272,0.3453263437346019,0.7794460692947207,0.7395855437769081,0.6851366994280722,0.6258031323190371,1.0,0.9352600651377841,0.7275012006729367,0.8597783801239468,0.963394635503471,0.8909952929641782,0.0,0.7283593377126734,0.7314105939368449,0.8366119023016192,0.4304580584997857,0.4094854326183106,0.4016019209985757,0.2360027787600024,0.26250323191400565,0.590256057655984,0.5617458025246408,0.40460305867303636,0.770763635273911,0.3865705892340419,0.38431024337180436,0.7932005220824822,0.8028218313705463,0.7185982248780589,0.7512602085294745,0.7783061106582151,0.810089417465984,0.7392072338735532,0.8078865387566211,0.757177286709626,0.8528869056219469,0.49713867893395086,0.5124875570871741,0.37181599323394154,0.42829948703462306,0.2164839473954109,0.3366742015677945,0.9252776363776413,0.7979036291113926,0.9156249330259492,0.8520238229976647,0.4964587692667953,0.29636952221488205
0.9268435485720086,0.4486762547437581,0.2602147894089293,0.3308564371143134,0.4265135168673777,0.47108432344400547,0.45379001876672853,0.6418004421578007,0.502857087935873,0.27419206465354434,0.5156841267091915,0.5867920303329769,0.4023727957565172,0.3758979990880547,0.6790476178624573,0.7750501154217007,0.5005185358591613,0.5594387937894728,0.9296511603111082,0.9212264180801203,0.7283593377126734,0.0,0.9918650104588594,0.9620696334464799,0.7597216580243916,0.7192639029935481,0.6363625361875968,0.4067142058361277,0.4437438381267226,0.909464346740051,0.8478858712919078,0.6224575312708217,0.8915180925502277,0.650675046209697,0.6204194123410821,0.9122500932573931,0.8310901721625724,0.9780881381901916,0.9568817433289187,0.9102910995935913,0.6072814657373479,0.9346945158924748,0.6820000581801267,0.610239584394731,0.8519333324793746,0.3575409347985479,0.33332040512785804,0.2756424573900642,0.2568603368995661,0.1557343890463211,0.23358699396858063,0.7810421294212687,0.5240517568713574,0.7590285327340535,0.7276013202171799,0.288081857412,0.23557110602443787
0.8897975306937719,0.4578050354088952,0.2535683758754461,0.31587267713458517,0.4273645048837238,0.4649175742356485,0.4569173830368278,0.6144411860182967,0.47637817961325335,0.26944454487550457,0.49808050261694686,0.575371960601992,0.40975416792734565,0.384438245488985,0.6762976410105195,0.7249591449462605,0.49976266053433954,0.5550184007746223,0.8530257857599282,0.9386553916573547,0.7314105939368449,0.9918650104588594,0.0,0.9847439223115173,0.7313899101125121,0.6984968516661384,0.6640737531041362,0.4061446105362728,0.4428297820412796,0.9131260003668014,0.863865838229425,0.6561146508554342,0.8768326479758513,0.6401470894941187,0.6094139519269324,0.8424765452563878,0.8948707691432047,0.9685399097714312,0.9537681053925786,0.8681492905996289,0.6372250087670587,0.9248857439859149,0.6567694810529652,0.5877699037366393,0.897712718907317,0.3623011624161477,0.31820058637918824,0.2741879414596428,0.25299627369226335,0.15051437356912525,0.22995313367600162,0.7996551382836021,0.5117047391164594,0.7941324485311839,0.6960689259866242,0.2906116852598192,0.22710445348243735
0.8000858752648465,0.3693779998206424,0.21800254736307736,0.2674480914049652,0.3374266799916694,0.5727568196785432,0.5431214243414642,0.7433416493298896,0.6027099032984947,0.33512645349184667,0.6003719665518382,0.5258214221910102,0.4497889035699672,0.4308017247609047,0.760971767724246,0.732313706731987,0.49081445577428323,0.6682967425914952,0.9150483940178152,0.9174602502455981,0.8366119023016192,0.9620696334464799,0.9847439223115173,0.0,0.5359277552971545,0.5362411049607939,0.5158458248471322,0.3284128299240208,0.36106124791019983,0.7441571092773552,0.7133333510350125,0.5048366270004015,0.8477341600269533,0.498682434198042,0.48232083689505506,0.8799328967205516,0.7969758894929927,0.8806844625630468,0.948278930965453,0.8837217131468803,0.7388619418543545,0.7803795853080001,0.8136118636998889,0.7293454785832981,0.889382277722179,0.4483438035928691,0.3993417982861985,0.34616984435068265,0.312238397520588,0.1853362958114848,0.296666189504806,0.8942198251310948,0.5695291739731638,0.7493949742491796,0.702693334402415,0.3511185415532021,0.2744034000107444
0.564984673829386,0.8104290089759417,0.3870342455040814,0.5326743794066832,0.7444394605091367,0.25840243372737354,0.25341571140683233,0.3335698465128626,0.26541720131530877,0.16328692355924146,0.2759980613165523,0.4069164720396199,0.24829808762114353,0.2458490514495498,0.36539510703375555,0.39509859019174065,0.3440245056501991,0.31170180004989484,0.48860270521829396,0.5269587366851135,0.4304580584997857,0.7597216580243916,0.7313899101125121,0.5359277552971545,0.0,0.9652932588848364,0.9294300152087343,0.7149019766840256,0.7744115744991211,0.7516872055110676,0.8135986702908864,0.8174045590502816,0.5335579189301178,0.9124192706352294,0.9541146952734324,0.5287988662780432,0.5939813930514939,0.7259374724590302,0.5912280595404641,0.5569099623888331,0.3541872270276918,0.6784204946152599,0.3561947378913446,0.3210640805103733,0.4795697848686486,0.20521738153533564,0.1881697378133756,0.162295007899634,0.15105754029844964,0.0971762111926781,0.13691977270902828,0.45828100935516386,0.304745078275892,0.4776110192867667,0.4522478297935656,0.17213868448120437,0.13970334197310708
0.5674829515011841,0.7086664533338157,0.353113414632851,0.47244469384182897,0.7217441354866313,0.250525677101712,0.25123178734867146,0.32591186722585175,0.25601259656144637,0.17479489410475824,0.2694399058459339,0.3386211424462318,0.2336607059368764,0.2272521659115308,0.36164009015636456,0.38675065129102465,0.3086755034347092,0.2929126036805578,0.474880983076634,0.5139740182361539,0.4094854326183106,0.7192639029935481,0.6984968516661384,0.5362411049607939,0.9652932588848364,0.0,0.9160702186433477,0.7390775716997535,0.7650251262104467,0.7895930662825161,0.8381554974483203,0.9335762809275697,0.5742687346383635,0.9707685609936397,1.0,0.5533797451462954,0.5828731279556291,0.7361928125320258,0.5986358761249981,0.6139290538562413,0.35613566056583545,0.6984435537481506,0.3488715841311017,0.3187932250166363,0.46286629965174875,0.20832656788671175,0.18602084776311964,0.1625739533420484,0.15059190326046576,0.09681428784514134,0.1438986047797238,0.432002667906819,0.2783959003279889,0.4434073953955267,0.4089944696549812,0.1718382000204863,0.14484135519057326
0.5015949967818222,0.7936526648791004,0.42184336777167963,0.5690881435669937,0.80177872216425,0.24396727189908549,0.24277127785487057,0.31509534682609375,0.2542890381990448,0.15809837078908956,0.26008122863372274,0.36540292484491055,0.23628406610227512,0.22318949490693124,0.36386706333061264,0.38867738919790606,0.32546501939691225,0.29908544387689723,0.47880390741279627,0.49247689625666496,0.4016019209985757,0.6363625361875968,0.6640737531041362,0.5158458248471322,0.9294300152087343,0.9160702186433477,0.0,0.7551394815567998,0.8172155469137812,0.6836879655461828,0.8027845790615631,0.6848403575588732,0.5155840851336877,0.867912976935906,0.9845933926168561,0.46377222399525186,0.5045925643401673,0.7037667016207,0.5405561673670851,0.5161664118921568,0.3321671012150295,0.5981116556686366,0.3337035010760543,0.29903465595996015,0.4633043251004574,0.19925814325267904,0.18443807344641988,0.1588652853097075,0.1438062766447455,0.09632238097126218,0.13249145226103753,0.43264345605390453,0.2818193194799294,0.4458150480151016,0.4097339481470499,0.16508700454086853,0.13672090586484023
0.30895738419219765,0.940855344603254,0.5744515439489027,0.7870989411065172,0.9050297403051544,0.16747823348686952,0.16162372897269103,0.19827991930957953,0.16622631286668657,0.11860601731820951,0.16603990520237924,0.19836956558725613,0.14389166818423765,0.1376734055013596,0.2139626346038938,0.22848926370459835,0.17607025636596257,0.1808496649256682,0.2760840942967956,0.2913086087367894,0.2360027787600024,0.4067142058361277,0.4061446105362728,0.3284128299240208,0.7149019766840256,0.7390775716997535,0.7551394815567998,0.0,0.973650851303417,0.46061056453881755,0.5383590701487023,0.5493024928648256,0.3330344059636209,0.7000559095826764,0.8143174659054386,0.30360328200142045,0.2958387799344295,0.44986657504522837,0.3508098497096591,0.32731978706491344,0.216783767139006,0.3586096115970746,0.2231315511852465,0.19691176157076146,0.28609442780337485,0.14211325203072184,0.1277312991366593,0.1192726312035352,0.10186005783601418,0.07720517910809052,0.09978587025583016,0.26595696048664835,0.17043109377647433,0.24943357423310195,0.2293434947076774,0.1107236943394491,0.10609087234688383
0.3464416900805388,0.9310538332027627,0.5303143070504382,0.742078495286501,0.9221945171699079,0.18190816267313117,0.17482355554977377,0.21678122684572973,0.17889305955337045,0.12515237427148945,0.18032526278617572,0.22031243756267357,0.15922297665888696,0.15195949728369,0.23781397747810992,0.25370297419078464,0.20171145729652729,0.19964182652909382,0.30633410719045073,0.32626724116048533,0.26250323191400565,0.4437438381267226,0.4428297820412796,0.36106124791019983,0.7744115744991211,0.7650251262104467,0.8172155469137812,0.973650851303417,0.0,0.5075142734553738,0.5689687630310787,0.5871407855137775,0.3566221431533298,0.787158778197202,0.8479800711427151,0.33391294811250005,0.3337893800811673,0.5014935322915235,0.3718605580277,0.36312466014560835,0.23505229642791783,0.4108679980205238,0.23965071763644624,0.2136230563606789,0.3117353531469438,0.1496076279660179,0.13686059066893136,0.12605473556538443,0.10922519457909709,0.0798827112414613,0.10572523926358057,0.29080620028396803,0.18839392372576183,0.274073359101354,0.26004359074555494,0.11913946564940785,0.11047797219301635
0.8963468677704135,0.5012824319682845,0.24728556646922317,0.32268130548235097,0.4478495478641718,0.37429561560643076,0.3840007359213627,0.48788206177235616,0.4001430222356008,0.24917327243724344,0.41556720706390604,0.46533642115305,0.35253764610104954,0.34829353477581904,0.5270475902909514,0.5875794215310779,0.4287532835765482,0.4521985162261791,0.7123030770380687,0.7461072700918254,0.590256057655984,0.909464346740051,0.9131260003668014,0.7441571092773552,0.7516872055110676,0.7895930662825161,0.6836879655461828,0.46061056453881755,0.5075142734553738,0.0,0.8900713078881988,0.8168412142967441,0.9032871352060746,0.7421261783283751,0.7251801518266789,0.8936544076995271,0.9200276536444424,0.8538427910694601,0.832592306961588,0.8634601161498975,0.5584702070482905,0.9668282598563195,0.5598594166992196,0.47832916565165373,0.6326957402705461,0.3122485204038362,0.2725219345069624,0.22031865948946402,0.22096960323561635,0.12759908648735777,0.20333208419337956,0.6584741691879624,0.4146004462690189,0.6290783439438223,0.6266401160769883,0.25827753152707184,0.19809823708012855
0.7425004384155877,0.5804466864156403,0.2879518782299091,0.37520519345170433,0.5365376936766241,0.3389307216474777,0.3458921418053843,0.4417508170230283,0.35748506420852333,0.22339654659518648,0.365746193554509,0.4409453932873094,0.3097291682214004,0.29963356947989034,0.4770585591688058,0.5201762624250276,0.3978594779825086,0.4002849909496414,0.6274168279821949,0.6466295043417183,0.5617458025246408,0.8478858712919078,0.863865838229425,0.7133333510350125,0.8135986702908864,0.8381554974483203,0.8027845790615631,0.5383590701487023,0.5689687630310787,0.8900713078881988,0.0,0.810378167273822,0.7992758939328473,0.8027513853712497,0.7995642745400298,0.7440843953095537,0.690915806493463,0.8788547736540903,0.7616167143320276,0.7659637446145111,0.5016945822347559,0.8356142981984886,0.47152445873073207,0.4358241505581282,0.5760403634263422,0.27588433520281136,0.24606306517174426,0.20789766387156064,0.19740350019176486,0.11998049491884853,0.18292143513475284,0.6004996786566316,0.37994541026208445,0.5867643383217407,0.5572963617141201,0.22520429206543882,0.18058787058572492
0.6016593672814117,0.5803703805216154,0.2539151817138207,0.3428131136526055,0.5038615419617807,0.25607039041541385,0.2613740860381287,0.3315027845228177,0.27216202662707273,0.19851538423839477,0.2827918506337922,0.3491205433778269,0.24943622718007377,0.2587888816540647,0.3447062365058162,0.37558946056692827,0.31975271818356366,0.30746110851649716,0.4656868819204599,0.4770538955649793,0.40460305867303636,0.6224575312708217,0.6561146508554342,0.5048366270004015,0.8174045590502816,0.9335762809275697,0.6848403575588732,0.5493024928648256,0.5871407855137775,0.8168412142967441,0.810378167273822,0.0,0.5726175789414008,0.8548465972638157,0.7446053451366017,0.5633440686985174,0.5930525435157707,0.687400643593101,0.5781001615118653,0.6462681864305433,0.3884154551495178,0.6980014913979565,0.35560121759524344,0.3259354103395848,0.42417408648118543,0.2226444085718191,0.1930249305056323,0.16563949489206486,0.1691938640632508,0.09871633077265726,0.1581010222874484,0.4243318895016109,0.29424763656418096,0.4595147494896305,0.4035671653841987,0.1866709601746601,0.14896198295039534
0.9299975018836907,0.3574474833313812,0.19676245108213528,0.24616707624205128,0.32750961289348873,0.5442633690666737,0.5301342926522905,0.6852890466020424,0.5589955698407433,0.36061135361241975,0.5609388377674065,0.49026381577761385,0.41544945423345214,0.4241059157189075,0.681398009680623,0.7138381579018094,0.49164801894496163,0.5999312549618676,0.8684609511184881,0.8423610851470067,0.770763635273911,0.8915180925502277,0.8768326479758513,0.8477341600269533,0.5335579189301178,0.5742687346383635,0.5155840851336877,0.3330344059636209,0.3566221431533298,0.9032871352060746,0.7992758939328473,0.5726175789414008,0.0,0.5354253379064668,0.5236983201857323,0.9798881732748318,0.8661163802276228,0.8268623544636723,0.9117729921481857,0.9756935123299526,0.736122447495506,0.8431764074761754,0.6871402788421824,0.7023362432086498,0.7378730402216384,0.4339716053377613,0.3623723440998262,0.3179337836100487,0.31279941050804494,0.17388119052082798,0.2977638503728264,0.816674684736691,0.5306466989074409,0.665454000905755,0.7349541757543416,0.3408071534166282,0.27161079203541194
0.5498688052754158,0.7305946198492553,0.3644422916738919,0.4940850626443696,0.6953469799809772,0.24232317371677345,0.2382113143666193,0.30701695908680354,0.24604217086974053,0.16363092041843233,0.2579471469353134,0.356820859272572,0.2286499189345177,0.22817220065112234,0.3422663157189599,0.3728403059316336,0.3211921081872538,0.28867335808168215,0.4502850011979558,0.48562165224805715,0.3865705892340419,0.650675046209697,0.6401470894941187,0.498682434198042,0.9124192706352294,0.9707685609936397,0.867912976935906,0.7000559095826764,0.787158778197202,0.7421261783283751,0.8027513853712497,0.8548465972638157,0.5354253379064668,0.0,0.9264623429620136,0.5026451137266383,0.540099356339324,0.6745119029169494,0.5532698841606153,0.5358867679179073,0.33245721742369516,0.6542909043372903,0.3246179904929229,0.29799408562343055,0.43724223691374187,0.1977902131186432,0.18027338544038787,0.1544925270459463,0.14641708850717589,0.0934400108955954,0.13659830554051772,0.41776281310621677,0.2775975449222789,0.44503697029728645,0.40493248368739265,0.1665418602374802,0.13566989593047754
0.5134367772952875,0.7807232138502169,0.3971525845622352,0.5528467011935762,0.7830134330564982,0.23339605396406077,0.23021830443737054,0.296765036236783,0.24323754872854816,0.15527409676214318,0.24730602120908254,0.34783273357141825,0.22221170083523628,0.21221114294063093,0.3383879891632558,0.36146653085512637,0.3077323751879296,0.27982855170304466,0.44544488692613843,0.4780168557721958,0.38431024337180436,0.6204194123410821,0.6094139519269324,0.48232083689505506,0.9541146952734324,1.0,0.9845933926168561,0.8143174659054386,0.8479800711427151,0.7251801518266789,0.7995642745400298,0.7446053451366017,0.5236983201857323,0.9264623429620136,0.0,0.49296551863595617,0.5108707977765561,0.6845930151549391,0.5272293009363906,0.5011676531196518,0.3170290399492309,0.6065947707530925,0.30763718172239857,0.2841419618255685,0.4135414623539588,0.18724087671128753,0.17399553336654142,0.15006483812674326,0.1403570623732861,0.09202542900401013,0.12952000324315666,0.4072486647763274,0.26856703292718825,0.42166239751793483,0.39835795909208027,0.15844348247152273,0.13173452406875902
