Cingulate area 2,Glomerular layer of the accessory olfactory bulb,Glomerular layer of the olfactory bulb,"Olfactory bulb, unspecified",Frontal association cortex,Cornu ammonis 3,Dentate gyrus,Cornu ammonis 2,Cornu ammonis 1,Fasciola cinereum,Subiculum,Postrhinal cortex,Presubiculum,Parasubiculum,Perirhinal area 35,Perirhinal area 36,Medial entorhinal cortex,Lateral entorhinal cortex,Primary auditory area,"Secondary auditory area, dorsal part","Secondary auditory area, ventral part","Piriform cortex, layer 1","Piriform cortex, layer 2","Piriform cortex, layer 3",Ventrolateral orbital area,Lateral orbital area,Ventral orbital area,Medial orbital area,Dorsolateral orbital area,Prelimbic area,Secondary motor area,Frontal association area 3,Primary motor area,"Agranular insular cortex, ventral area",Agranular insular cortex dorsal area,Cingulate area 1,Infralimbic area,Dysgranular insular cortex,Granular insular cortex,"Primary somatosensory area, forelimb representation","Primary somatosensory area, dysgranular zone","Primary somatosensory area, face representation",Secondary somatosensory area,"Primary somatosensory area, hindlimb representation","Agranular insular cortex, posterior area","Primary somatosensory area, barrel field",Retrosplenial dysgranular area,"Primary somatosensory area, trunk representation",Retrosplenial granular area,"Parietal association cortex, lateral area","Parietal association cortex, medial area","Parietal association cortex, posterior area",Primary visual area,"Secondary visual area, lateral part",Temporal association cortex,"Secondary visual area, medial part",Nucleus of the lateral olfactory tract
0.0,0.28913135769930376,0.25579548228143634,0.3126246719156481,0.30576018128447685,0.8949104422426555,0.8963264152062568,0.9828502917247444,0.8752246496894732,0.8841945215919034,0.794103797479313,0.6359417624602482,0.5761094578435186,0.7440693125635089,0.6048981210993964,0.6741159745108056,0.5629897320677019,0.746316311874943,0.7913513628126173,0.81389779370195,0.7658684835485587,0.6383565692362768,0.5326441158472718,0.6804195665639692,0.6896072184537694,0.501294193965754,0.49653583693755554,0.2456698360216754,0.31026930156167676,0.8832411509244391,0.836128081553067,0.8381435396353846,0.82962677610146,0.40521516326906565,0.36260780859376385,0.8662587389863825,0.8902728651560389,0.5051509357256057,0.5751414020882871,0.9217584963522338,0.9691560882657011,0.9202528536474581,0.9266474068127933,0.853673652083617,0.6831459779436703,0.929869673732995,0.7807159875818479,0.8811012575990036,0.6566678243206276,0.9823926396808038,0.8988474027968679,0.814844206781754,0.8924167993780033,0.915729137048451,0.8439823013972505,0.7276636129002086,0.8674418322924284
0.28913135769930376,0.0,0.3537944282227653,0.561635027090258,0.44548169268169624,0.3245869335365552,0.3861183670164253,0.34005876686360254,0.3208882729282553,0.3389049038126179,0.40894286372716376,0.38230975519131266,0.4865179428929188,0.38079458439835545,0.4113104867448666,0.361640887316099,0.440361070626788,0.3931533769588155,0.23656478152369892,0.21069352247905082,0.27828552572309234,0.33526513738071195,0.3822851697570933,0.3502448904443575,0.32781313020862113,0.39986383731490566,0.41232079562776014,0.44009395904642945,0.4489311558661994,0.36569893905275763,0.34675187836483046,0.4613352707196388,0.384237678132635,0.4000125113996222,0.3848870843721039,0.35345084629386286,0.24953150227669205,0.38010247528800845,0.388145609664588,0.3024684110558961,0.2620173021297258,0.3240582330892575,0.26348440993904454,0.39184821493195715,0.3599844997985215,0.2965266315405326,0.39651876468829894,0.24609038054905805,0.4231276418187132,0.2882071966375564,0.34871589308536843,0.2176184090282488,0.37206260581898754,0.3413851260683001,0.3834270412416638,0.35458126901194975,0.23707316718183485
0.25579548228143634,0.3537944282227653,0.0,0.7148019590273375,0.37773510553482376,0.28695246597841223,0.3178678999542067,0.2548093779715074,0.2661935888712451,0.3026229495579402,0.32615078165123623,0.42803609032904816,0.44944275759827024,0.3970005647654436,0.5332965009235795,0.48887565910562064,0.5468320289748425,0.3992074012206286,0.19399516462466534,0.16608393715648678,0.24931862842062746,0.4333985077676249,0.47683653001214094,0.3545284217070611,0.35051621551894385,0.38868939820615217,0.3939680919963695,0.5006334936196674,0.43139905864354494,0.3165264723207733,0.29744712799300704,0.33546373946388786,0.31197533369643743,0.5522966242834056,0.6116172396325387,0.2976360789594265,0.32695851829391387,0.5330808205159964,0.5187089559153596,0.26099259635562905,0.22035875845630934,0.26543402071769884,0.2516103459037582,0.32765909418925326,0.4225311789676106,0.24323077708211757,0.4277679612033653,0.19947381091951585,0.45390702449709286,0.2463832333453289,0.311640572301923,0.1564231193950475,0.3055643216703338,0.289522610162363,0.2993074814744877,0.4168973002634287,0.2519041709243464
0.3126246719156481,0.561635027090258,0.7148019590273375,0.0,0.6024913499915554,0.3646550953676901,0.4221760129865785,0.3324187409695004,0.34623534295096337,0.3705911557827082,0.44776751479115906,0.49715798729189536,0.5907173936213059,0.46607605260583046,0.583797665713918,0.5465149653154777,0.6280493275680058,0.4809581416673544,0.24483819924369357,0.20178561554151903,0.30970027892806945,0.5169448105498968,0.5942823154339996,0.45144681487289967,0.440081882585998,0.5506429478290183,0.5495004445640121,0.6777436336122002,0.6881682712694294,0.41951958659735056,0.3890848193434871,0.4630268187663206,0.40366477733308337,0.6831770203130156,0.7341183471214853,0.3776075917682228,0.3509983082018048,0.6165483283576129,0.5852522580242122,0.32653619694647407,0.2647825673381382,0.34499921138845435,0.308638015977469,0.40973092089292784,0.4892794660969681,0.314039624232137,0.5135350653910177,0.24803141082016142,0.5620272733961478,0.3064153849059629,0.3868612096803969,0.19253440234757419,0.3805800492249173,0.35651994474101995,0.3871374418712094,0.5035701213683286,0.2905969933309186
0.30576018128447685,0.44548169268169624,0.37773510553482376,0.6024913499915554,0.0,0.3937326739910131,0.4367526682430002,0.40519262626186886,0.40638799973586714,0.3437784193307624,0.5551245628783861,0.35995745160752785,0.5942817219250373,0.36811894126711453,0.42550937946677825,0.44023672052017226,0.5399238409765429,0.5308418527613689,0.3113952113713995,0.2475745997782477,0.38705115270901447,0.6304084547591907,0.6860406952679688,0.5535089023065927,0.6020600706686621,0.847997348475481,0.8710396141823852,0.8200648847195195,1.0,0.5410169397400009,0.5001141898655665,0.6131344485268007,0.4903287880054691,0.8007040515674223,0.8601755427712203,0.4597923901422242,0.31956844716393845,0.7184370033982272,0.5621826701639124,0.39413825622410364,0.2822253094452445,0.4475567726984893,0.37085363670381954,0.43883999514469735,0.48061620972547,0.39672686869864004,0.468899497766991,0.2954784698362803,0.5112431313431073,0.320286481543365,0.3779211487470495,0.24065570932313282,0.4362476502792873,0.36688597019338903,0.3838895473903472,0.5477761740494921,0.30472050751022284
0.8949104422426555,0.3245869335365552,0.28695246597841223,0.3646550953676901,0.3937326739910131,0.0,1.0,0.9768238485543247,0.9484961371796189,0.8387626281874239,0.8567173811809612,0.6623994780715302,0.6381374771345879,0.770889676257426,0.64401364125139,0.7079587107598624,0.6353481065341211,0.8327498751139683,0.7076959281931743,0.7617204617686006,0.7818132778970833,0.7378289987704771,0.6512885768650879,0.7924388196339203,0.8796336400282101,0.611213436590976,0.6171958663085666,0.317671756454824,0.38966614399131094,0.9561636501482299,0.9564544753675147,0.8644332756956851,0.9519588749151312,0.4875870102582362,0.4586263689934628,0.9081433939832697,0.8699418575455432,0.5901876126054761,0.6798261120966415,0.8820652332125188,0.8614325125203017,0.9040829331207364,0.8315032676956213,0.9534497265832828,0.8091245674643891,0.8867542072576817,0.8166008009360811,0.8871555334042676,0.7570419421830469,0.9905813284554787,0.9441081136711152,0.7522985850115516,0.8966058948133722,0.9023447126592614,0.8530562358090354,0.8188150173993589,0.9000954377875909
0.8963264152062568,0.3861183670164253,0.3178678999542067,0.4221760129865785,0.4367526682430002,1.0,0.0,0.942479318476767,0.9744012597128557,0.9049116478519427,0.976363638639943,0.759591332542417,0.7641094931413899,0.8031556843502137,0.7388777326114708,0.7815551965715586,0.750360499277893,0.8601710603792707,0.7565605534978129,0.6533315486280581,0.8149543945367229,0.8003319976700782,0.6781360006533886,0.8305548678544472,0.8310550661894092,0.6797335076550821,0.7085731166864129,0.34991612365321667,0.42668517599761174,0.9530580298998981,0.9144230025810738,0.9452811344268854,0.9027979692435621,0.5312629397038207,0.5072923317840774,0.9314050970936635,0.843391902395696,0.6261215047164126,0.7335230739528028,0.9042182694388028,0.8495265144210798,0.9145113139750162,0.8723069532907922,1.0,0.785044381157023,0.8134832991299991,0.909772260859461,0.8143613448444892,0.8950656623957585,0.9168778605582355,0.9769299299312199,0.6624552753249486,0.9034742573366383,0.8697394407927133,1.0,0.8828979532287088,0.8709811862511692
0.9828502917247444,0.34005876686360254,0.2548093779715074,0.3324187409695004,0.40519262626186886,0.9768238485543247,0.942479318476767,0.0,0.9184948510026241,0.914475106362674,0.913030785025559,0.6131458503077116,0.6355102621323679,0.7288908534243307,0.5836692162399973,0.6518674142344217,0.5810403881645343,0.8207203275199381,0.8143493273335916,0.8276054484413512,0.8316544752701874,0.6599602562816539,0.6131989141052453,0.7074371923896945,0.8445242186146164,0.6782429713592355,0.632214860390086,0.3066945570204795,0.39393618698390914,0.8941343428683984,0.9159479128803979,0.887427133387652,0.9083709065961603,0.4507943069685987,0.42335825639313956,0.9276107660998075,0.7604693026569762,0.5521249410826807,0.6216444251987046,0.9594271521967304,0.9366260772401908,0.9924997287109939,0.9003536892814652,0.8459192586531349,0.7587588912342702,0.9293134036392467,0.7508121295859651,0.8856100489939445,0.6885413915920734,0.9282705113822179,0.8759806636500759,0.8427239470556283,0.9597293088186729,0.9479111510586578,0.7986047901166433,0.7606434590825698,0.9165964738874921
0.8752246496894732,0.3208882729282553,0.2661935888712451,0.34623534295096337,0.40638799973586714,0.9484961371796189,0.9744012597128557,0.9184948510026241,0.0,0.8349576120091006,0.8748584755247238,0.6352268768901449,0.6125070996140725,0.6883546298083651,0.6088405074233765,0.6573431520370133,0.6264069969157505,0.7332235518384999,0.7838572273715261,0.7432307014090488,0.8559782757009651,0.7053161511168555,0.6176624925590785,0.7111628566353463,0.7995548649748394,0.6200867202679058,0.6160311438871376,0.31820066985367473,0.40035945351093094,0.9460397471995545,0.8642172021095785,0.8821750049696684,0.8963189313467451,0.4661705995576764,0.4423148562569446,0.8414065535003711,0.7838851878611418,0.5559929899075354,0.6208555928706619,0.8819774698825213,0.8112382002746009,0.8412369689290137,0.8820290516691324,0.8765687951368732,0.6750796231629769,0.8642909917896666,0.7523487108116252,0.9029284496904397,0.6831848878303621,0.9453381071698733,0.9138352563765431,0.7328154920877398,0.779437083141659,0.8311415936056941,0.8793684986394911,0.7426075026765006,0.9550770472140323
0.8841945215919034,0.3389049038126179,0.3026229495579402,0.3705911557827082,0.3437784193307624,0.8387626281874239,0.9049116478519427,0.914475106362674,0.8349576120091006,0.0,0.9167910948867117,0.7947102490273426,0.7620898875787037,0.8289815265896164,0.6944136909867392,0.8394479920978023,0.6856309145036987,0.785071815274572,0.7109338066352171,0.6542325777741395,0.7980160808164466,0.6239299067976857,0.5902391101668236,0.6400847719585329,0.741590262903598,0.5496945098191329,0.5647757279196542,0.28132832942209307,0.35469755325827085,0.8614680902986422,0.7698642126568488,0.8500706525980004,0.8619746277555467,0.4527479054272505,0.4141649673268355,0.8396867840795457,0.7717414258444061,0.565449631528683,0.6110208199843069,0.9092375310162902,0.8939502515721627,0.8784966085270531,0.8170443178331225,0.8475331330233056,0.7555001766896366,0.8545166395848806,0.8765491308054462,0.7766378970974382,0.7681439357027998,0.9004628276837552,0.921599054433042,0.6316743602847286,0.8514327658317606,0.8796506317521613,0.9219169302761714,0.8050888200440928,0.78967522497623
0.794103797479313,0.40894286372716376,0.32615078165123623,0.44776751479115906,0.5551245628783861,0.8567173811809612,0.976363638639943,0.913030785025559,0.8748584755247238,0.9167910948867117,0.0,0.7186536655303128,0.8093542959628324,0.819268276927106,0.7057465672433247,0.7424577719798063,0.7251532745389645,0.845917602750134,0.6874875431408617,0.5961827868475944,0.7432276982087196,0.7222395973966707,0.7116812134086731,0.7471294963572414,0.8546600883877125,0.7791142895705245,0.7543200137307151,0.41462219950917134,0.5480440700191149,0.9947328270858428,0.9271401243009414,0.9938975844100724,0.9148841156607623,0.5844147701035618,0.5392886665835197,0.8343584427047552,0.706437218356872,0.6843149945338332,0.6868247781895507,0.9382333368255946,0.7326336146673003,0.8806923192856458,0.809854067518907,0.9443993953074883,0.769687413876088,0.8341448583461988,0.8686833394536316,0.7532657117906528,0.8480315012862776,0.8328059932656494,0.9104520117965269,0.6132989785093833,0.8637399990325983,0.8059114801392163,0.875584694947948,0.8648753230838832,0.718901483031913
0.6359417624602482,0.38230975519131266,0.42803609032904816,0.49715798729189536,0.35995745160752785,0.6623994780715302,0.759591332542417,0.6131458503077116,0.6352268768901449,0.7947102490273426,0.7186536655303128,0.0,0.8149750181320039,0.9311963120170537,0.858975653894468,0.9831579749184817,0.8613696772605369,0.7536184856304456,0.47089478567996235,0.4251377766757658,0.56101801111599,0.6363825966919501,0.6544484595930762,0.6458991610308389,0.5866127069414262,0.5212005301509985,0.5591268557667157,0.31636950446466916,0.37990049816550653,0.7625655568127794,0.606781320367956,0.7350730943076011,0.6607531948849558,0.5064853579935563,0.4887304509914248,0.6628338684826943,0.721441475086554,0.6424599519720121,0.713474026103203,0.6341848173698309,0.6134134830065686,0.6382908484171712,0.5605334341806358,0.7530311829345567,0.7863183438368858,0.6156138660679654,0.8545760810612888,0.5472240145735197,0.862141094479533,0.6805864037500006,0.7804571451126876,0.42268370199354655,0.7348143137852895,0.69968277000946,0.8208769640086967,0.8353417300646694,0.568679739136512
0.5761094578435186,0.4865179428929188,0.44944275759827024,0.5907173936213059,0.5942817219250373,0.6381374771345879,0.7641094931413899,0.6355102621323679,0.6125070996140725,0.7620898875787037,0.8093542959628324,0.8149750181320039,0.0,0.8525226965556282,0.8218806220765645,0.8215341649208051,0.8653720106583647,0.7716394014391856,0.44231723559764374,0.39331929256450193,0.5541368008931181,0.6759704730697402,0.7566153244028868,0.6977211572953149,0.6465937625841351,0.7469253211548545,0.8049105628441257,0.478372972121212,0.6029508853536003,0.7732820152162763,0.6599345805091432,0.8056806513458642,0.7461276161896712,0.6872836016994495,0.6439620082663404,0.7098321349628963,0.5703004127261238,0.788583186608078,0.7436230905565466,0.6466287407666982,0.563259457076473,0.6898573119215474,0.5379232491957594,0.7556426057838468,0.7417391422560654,0.6051345795521769,0.8143641719168488,0.5114835668044198,0.8348684349255658,0.6462544871731173,0.7359194471173147,0.4106610561105975,0.7587857068448925,0.6897046721124502,0.7147078015233748,0.8181390123460679,0.5170145677102278
0.7440693125635089,0.38079458439835545,0.3970005647654436,0.46607605260583046,0.36811894126711453,0.770889676257426,0.8031556843502137,0.7288908534243307,0.6883546298083651,0.8289815265896164,0.819268276927106,0.9311963120170537,0.8525226965556282,0.0,0.8306814393494379,0.9381223155442805,0.8023937263506866,0.8720303806106132,0.516545746736234,0.49066682053587346,0.6035029806752482,0.7138337966902399,0.6671209363958767,0.7008913102390764,0.6507300308158207,0.5485609655492315,0.5812995275322922,0.3169243285068313,0.3870857205588897,0.8250387792109258,0.6883234193685587,0.8443710587006964,0.822088819990996,0.5413122097068537,0.5029788641604573,0.7714337950236948,0.765408209266823,0.6923235228742161,0.7707210059955159,0.7066155765778305,0.6941484411314021,0.7353605718164293,0.630699336089297,0.8534782203980313,0.8519782571677541,0.6680757986169095,0.945408451344788,0.6402724263966573,0.9258061757707298,0.7581373789575092,0.8407796387337866,0.4890960247930738,0.8624048156635917,0.8344502930752237,0.807464732556929,0.825965932392375,0.6424952837887826
0.6048981210993964,0.4113104867448666,0.5332965009235795,0.583797665713918,0.42550937946677825,0.64401364125139,0.7388777326114708,0.5836692162399973,0.6088405074233765,0.6944136909867392,0.7057465672433247,0.858975653894468,0.8218806220765645,0.8306814393494379,0.0,0.8785735673101134,0.8858394555311218,0.8147890699823019,0.4148131962948611,0.39078390665219337,0.5104767756853045,0.7746928431037761,0.8009590947549937,0.7407141885690119,0.697656271699334,0.6317381404408436,0.651335501748036,0.4087923830630751,0.4643306744303599,0.719112421954527,0.6368837210282142,0.7751453909617004,0.7283366093142797,0.6608729573448975,0.6623051562224875,0.7045283639104756,0.7353102020386858,0.8104309956965468,0.828499429233509,0.5862304621117356,0.558635590065667,0.5952778279593487,0.5367972122473841,0.7264759717322695,0.9258182298600969,0.5807811167536925,0.9436288506753804,0.5023337128146763,0.9601575126623346,0.6095696610890899,0.7146359607888332,0.3852050238006724,0.7683411008895523,0.7168492581182747,0.6726831923019574,0.847743351292493,0.5472118736672187
0.6741159745108056,0.361640887316099,0.48887565910562064,0.5465149653154777,0.44023672052017226,0.7079587107598624,0.7815551965715586,0.6518674142344217,0.6573431520370133,0.8394479920978023,0.7424577719798063,0.9831579749184817,0.8215341649208051,0.9381223155442805,0.8785735673101134,0.0,0.9219752311790335,0.7870046204111374,0.48134212719827113,0.4121203282886026,0.6302484927359009,0.772830897426482,0.7519837839921267,0.6757364092229797,0.7712129241609189,0.6682494828040989,0.6647244928488818,0.41339299403592883,0.4698966901371243,0.7449349549386686,0.6413874760660003,0.7589823794009039,0.7079707413694849,0.6479017782587021,0.6348983927118454,0.6836894886374777,0.7932445588085191,0.7776106172460983,0.8646935019229827,0.6539638155564717,0.6147290181277582,0.6442026468611444,0.6021735948731595,0.7984883471408636,0.7886584933396609,0.6127689698494242,0.8592586957421114,0.5243291827402127,0.9209559277669259,0.6676718197124977,0.8231579264737703,0.39133541937584265,0.7105920505676604,0.7501009534080214,0.7548576681532189,0.9532026505027507,0.6122167740310641
0.5629897320677019,0.440361070626788,0.5468320289748425,0.6280493275680058,0.5399238409765429,0.6353481065341211,0.750360499277893,0.5810403881645343,0.6264069969157505,0.6856309145036987,0.7251532745389645,0.8613696772605369,0.8653720106583647,0.8023937263506866,0.8858394555311218,0.9219752311790335,0.0,0.7730934428650371,0.41627898460921564,0.3616332845570516,0.5312345852277679,0.7918137336480686,0.8021643049410576,0.7157587249336926,0.7126132257182435,0.7154565250976863,0.7283312915604341,0.5011288059922543,0.5673499033677697,0.7429834315274944,0.6480210033059098,0.7284666530060906,0.6703302247606749,0.6891418056120363,0.7308890592404617,0.6677887960818857,0.6439593323100397,0.838664828398333,0.8676410390565467,0.5869145181250143,0.5241476275119616,0.5991501669122806,0.5386218789515987,0.7499846319762458,0.7625413226232974,0.5559445560895501,0.8931289950500647,0.4730644944773132,0.9012133710341264,0.589094041356989,0.6927221189248275,0.35724956488646226,0.6694111787210064,0.6233221345388793,0.6810772515781949,0.830060046342278,0.5329524542827065
0.746316311874943,0.3931533769588155,0.3992074012206286,0.4809581416673544,0.5308418527613689,0.8327498751139683,0.8601710603792707,0.8207203275199381,0.7332235518384999,0.785071815274572,0.845917602750134,0.7536184856304456,0.7716394014391856,0.8720303806106132,0.8147890699823019,0.7870046204111374,0.7730934428650371,0.0,0.5163894815063356,0.5146005645851726,0.6309618041953466,0.9265808542641389,0.8223739947456635,0.8648134547524846,0.839519579164023,0.7811471925144429,0.7538867131077142,0.44161675588368576,0.5328551051427844,0.8479564872354732,0.7532440230929155,0.8310864839482613,0.8701841742158125,0.6780474690521906,0.6250290201356057,0.8065017572153451,0.815218512674563,0.813544550431286,0.842523233471096,0.7212243407472835,0.6747459867644576,0.7561532373759964,0.6947944263775023,0.9028164593837411,0.9371251554096861,0.6792930264115804,0.9255380895196255,0.6205852755516714,0.8998604227153214,0.6955290333639456,0.8110986089222123,0.4860974516442925,0.824954999217714,0.8388224430110733,0.7082027724101584,0.929595353488197,0.6938825437569581
0.7913513628126173,0.23656478152369892,0.19399516462466534,0.24483819924369357,0.3113952113713995,0.7076959281931743,0.7565605534978129,0.8143493273335916,0.7838572273715261,0.7109338066352171,0.6874875431408617,0.47089478567996235,0.44231723559764374,0.516545746736234,0.4148131962948611,0.48134212719827113,0.41627898460921564,0.5163894815063356,0.0,0.8357939458633126,0.8952196814911033,0.4870043954361299,0.4154255032033159,0.5130534480105561,0.6260982547555168,0.4748436732138518,0.458003934246814,0.2383184248009261,0.2981669617710958,0.6886851459326662,0.6825493850800818,0.6167562711594603,0.5990877528531564,0.3374893287175838,0.3120164670059171,0.6390251114858276,0.5749951759486602,0.37879294912302447,0.40285007954860247,0.8276641851775013,0.8784385656475975,0.7710535330777492,0.9058657827194108,0.7022113445850623,0.47473789456278204,0.8620534794670138,0.4985725467471525,0.8788348574772892,0.48355101077539975,0.8351553523953438,0.7657721239832583,0.7640580188042968,0.6113706237387094,0.6124366294910236,0.7134971519758659,0.5573466781919599,0.7432565674598549
0.81389779370195,0.21069352247905082,0.16608393715648678,0.20178561554151903,0.2475745997782477,0.7617204617686006,0.6533315486280581,0.8276054484413512,0.7432307014090488,0.6542325777741395,0.5961827868475944,0.4251377766757658,0.39331929256450193,0.49066682053587346,0.39078390665219337,0.4121203282886026,0.3616332845570516,0.5146005645851726,0.8357939458633126,0.0,0.6804916027665303,0.4372843603116006,0.38123536564503707,0.48376777612709626,0.5176483029420001,0.3861056169014747,0.387775489259114,0.18505364152554224,0.23510889050374037,0.6259321035662645,0.6132178297586394,0.5908603116016339,0.6322619048896209,0.28547798429358684,0.2574017267372919,0.7043377293361859,0.6146514473311488,0.3486156657469952,0.38212030890285664,0.7488529149503504,0.8470257874451406,0.7433997232205504,0.8548287593259898,0.5896238313228263,0.4756961045082478,0.8414900220780155,0.4926618769505029,0.8444607028468827,0.43054126442423135,0.8659059862328138,0.6365018294848501,0.9409099502319946,0.6946566911516135,0.7165801792636652,0.6196412669000728,0.48270212059460166,0.8089741178551009
0.7658684835485587,0.27828552572309234,0.24931862842062746,0.30970027892806945,0.38705115270901447,0.7818132778970833,0.8149543945367229,0.8316544752701874,0.8559782757009651,0.7980160808164466,0.7432276982087196,0.56101801111599,0.5541368008931181,0.6035029806752482,0.5104767756853045,0.6302484927359009,0.5312345852277679,0.6309618041953466,0.8952196814911033,0.6804916027665303,0.0,0.6008645343776742,0.5384526264570061,0.6261403461631164,0.7296312860000889,0.5830468530968625,0.5818728120223994,0.3080561284616783,0.381935314505053,0.7810340406554722,0.7148094945643253,0.7311307887468087,0.6787415017776066,0.4478848533212774,0.40447784946999127,0.6770011904953078,0.6480857175355369,0.49486042182769135,0.5375927121841084,0.8059595490630735,0.7988503290032904,0.773592538446647,0.9093234119341698,0.8035053403418653,0.5539992839924351,0.8294304415385336,0.6038776581905366,0.7796161292232052,0.5984801260073108,0.8600629462668041,0.8171373494420606,0.6104066053934246,0.6530090701720205,0.6936708061055777,0.8218561924088137,0.7090994972484815,0.7526686068194527
0.6383565692362768,0.33526513738071195,0.4333985077676249,0.5169448105498968,0.6304084547591907,0.7378289987704771,0.8003319976700782,0.6599602562816539,0.7053161511168555,0.6239299067976857,0.7222395973966707,0.6363825966919501,0.6759704730697402,0.7138337966902399,0.7746928431037761,0.772830897426482,0.7918137336480686,0.9265808542641389,0.4870043954361299,0.4372843603116006,0.6008645343776742,0.0,0.924367365156294,0.9287003547226272,0.9324957618918541,0.8564197480589499,0.8277895141798742,0.5243140093298726,0.5792131871056543,0.8485954637421306,0.7964419503634453,0.8064387289224048,0.7253976266181398,0.8326032280904461,0.7825664527592775,0.7671014466100776,0.7824453559441554,0.9292857242966056,0.9433683221003742,0.6565062604078543,0.5304873947066393,0.6819129667500389,0.6402690496525468,0.7518860933693443,0.8435700154009937,0.6009148903008752,0.8901328784941511,0.5481771048254701,0.9002057590440448,0.5955162767516452,0.7362865783506662,0.41539940684379995,0.7407914663630047,0.7209126179033314,0.6620660278293112,0.8871404221237638,0.6722054200167845
0.5326441158472718,0.3822851697570933,0.47683653001214094,0.5942823154339996,0.6860406952679688,0.6512885768650879,0.6781360006533886,0.6131989141052453,0.6176624925590785,0.5902391101668236,0.7116812134086731,0.6544484595930762,0.7566153244028868,0.6671209363958767,0.8009590947549937,0.7519837839921267,0.8021643049410576,0.8223739947456635,0.4154255032033159,0.38123536564503707,0.5384526264570061,0.924367365156294,0.0,0.8928973040906127,0.8378572495521445,0.9130568747531154,0.8649072108989543,0.5841772823394678,0.6732341779765072,0.7347877347806681,0.6637790386952549,0.8018185118506808,0.7101294780124408,0.8877122602149972,0.8863514686645549,0.6788238755935132,0.622251318709654,0.966726725119702,0.9384503873448302,0.6147803446917043,0.47759278679953987,0.6290554088751971,0.5410488200659112,0.7083560807413213,0.8993773189091526,0.5546460063942915,0.8219444903431561,0.45715347718184474,0.8504534416600449,0.5306907907154571,0.6375663015432194,0.35062530449102386,0.7074898705685055,0.6716298058138794,0.5668238587190053,0.861411695780091,0.5394435918752626
0.6804195665639692,0.3502448904443575,0.3545284217070611,0.45144681487289967,0.5535089023065927,0.7924388196339203,0.8305548678544472,0.7074371923896945,0.7111628566353463,0.6400847719585329,0.7471294963572414,0.6458991610308389,0.6977211572953149,0.7008913102390764,0.7407141885690119,0.6757364092229797,0.7157587249336926,0.8648134547524846,0.5130534480105561,0.48376777612709626,0.6261403461631164,0.9287003547226272,0.8928973040906127,0.0,0.8511670673182674,0.7830241111713686,0.8097817236415175,0.45869184896411785,0.5312322414286776,0.8119826876577482,0.8479847195817527,0.8491706448427572,0.792116305777395,0.6715540679678866,0.6728362746144946,0.8270990907106791,0.7447207200927871,0.8192725811433157,0.8324904363158986,0.6878286150501199,0.5827314547169964,0.7361684162533542,0.6288694375980735,0.7774671132571561,0.8462654396814964,0.6719224991186677,0.8169486139743892,0.6098159061234182,0.8197597589501265,0.6649371190518979,0.718126042153087,0.4767348221081285,0.7963281184366062,0.734603508333478,0.6297776727135214,0.8247378115524288,0.675658908340994
0.6896072184537694,0.32781313020862113,0.35051621551894385,0.440081882585998,0.6020600706686621,0.8796336400282101,0.8310550661894092,0.8445242186146164,0.7995548649748394,0.741590262903598,0.8546600883877125,0.5866127069414262,0.6465937625841351,0.6507300308158207,0.697656271699334,0.7712129241609189,0.7126132257182435,0.839519579164023,0.6260982547555168,0.5176483029420001,0.7296312860000889,0.9324957618918541,0.8378572495521445,0.8511670673182674,0.0,0.9114085191996883,0.8278274143038752,0.48724180727720473,0.5697157168253327,0.8620740701946035,0.8952533587783573,0.914759107480237,0.8296104497580219,0.6753902318316284,0.6381714304418348,0.829151301237558,0.7294613901315288,0.7918688358277711,0.808314996460409,0.7749226544525284,0.6066483326594737,0.8273118369043033,0.7978625635884111,0.8657622986578618,0.8196513546676653,0.7851672852666844,0.8199926992388455,0.6232986897049496,0.7994163481119299,0.7258779259969549,0.8105311528072211,0.49936965994663685,0.7929468976477186,0.7697407722717416,0.7518324158117533,0.9157988098673798,0.7583922448746542
0.501294193965754,0.39986383731490566,0.38868939820615217,0.5506429478290183,0.847997348475481,0.611213436590976,0.6797335076550821,0.6782429713592355,0.6200867202679058,0.5496945098191329,0.7791142895705245,0.5212005301509985,0.7469253211548545,0.5485609655492315,0.6317381404408436,0.6682494828040989,0.7154565250976863,0.7811471925144429,0.4748436732138518,0.3861056169014747,0.5830468530968625,0.8564197480589499,0.9130568747531154,0.7830241111713686,0.9114085191996883,0.0,1.0,0.6538391601568714,0.8335712704470819,0.7511874717893204,0.7246563204149613,0.8184170679092575,0.7250780422899508,0.8221379527368666,0.8928745979054901,0.7011820871739246,0.5116624360619053,0.848091432484929,0.834373668890678,0.6058696163092357,0.45140299448304577,0.6619339299675168,0.572044715934613,0.6995580855612394,0.7092393227326375,0.6076416757580806,0.6905257030948536,0.4710550434701833,0.8084654249492254,0.5101880197964258,0.6160803268722135,0.3643451753867016,0.6889799825379865,0.5771578616556148,0.5736830332874936,0.8403037564251435,0.52141329493053
0.49653583693755554,0.41232079562776014,0.3939680919963695,0.5495004445640121,0.8710396141823852,0.6171958663085666,0.7085731166864129,0.632214860390086,0.6160311438871376,0.5647757279196542,0.7543200137307151,0.5591268557667157,0.8049105628441257,0.5812995275322922,0.651335501748036,0.6647244928488818,0.7283312915604341,0.7538867131077142,0.458003934246814,0.387775489259114,0.5818728120223994,0.8277895141798742,0.8649072108989543,0.8097817236415175,0.8278274143038752,1.0,0.0,0.6506318424394557,0.7944302168512448,0.7398668700017355,0.7535301929011062,0.8780543514783279,0.7095332474417858,0.8037954864512995,0.8469100393774733,0.6706530136989558,0.5132718796563038,0.8627148375378794,0.748040068344702,0.6141822920938425,0.4507514321125433,0.6572428445124981,0.5805414610241894,0.6600357248694649,0.7211956857895657,0.6163844784695763,0.7192058363253443,0.46660039979209855,0.7860674154731506,0.5120860548561381,0.6333846040715723,0.37315214396007296,0.6557855461101114,0.6274133368542203,0.5683890200421565,0.7800534531859905,0.5104158937747075
0.2456698360216754,0.44009395904642945,0.5006334936196674,0.6777436336122002,0.8200648847195195,0.317671756454824,0.34991612365321667,0.3066945570204795,0.31820066985367473,0.28132832942209307,0.41462219950917134,0.31636950446466916,0.478372972121212,0.3169243285068313,0.4087923830630751,0.41339299403592883,0.5011288059922543,0.44161675588368576,0.2383184248009261,0.18505364152554224,0.3080561284616783,0.5243140093298726,0.5841772823394678,0.45869184896411785,0.48724180727720473,0.6538391601568714,0.6506318424394557,0.0,0.8607760057151721,0.39464085601015747,0.3796492869920796,0.43865640553818563,0.3715428909512128,0.7624383408589062,0.8702102450334005,0.3423524124113999,0.2680372784099976,0.6362586058444877,0.5145476551374722,0.3044043717841443,0.21811563822949434,0.32819184782576194,0.2946545566829367,0.36548598432673446,0.4127083037327577,0.2905970374015069,0.40286748428295194,0.22384365746238144,0.4563536787034403,0.24360368685759098,0.31587039185070637,0.17433748485174294,0.33107566725032805,0.2936195147207111,0.31122239824518694,0.4671482725000315,0.25808987385188487
0.31026930156167676,0.4489311558661994,0.43139905864354494,0.6881682712694294,1.0,0.38966614399131094,0.42668517599761174,0.39393618698390914,0.40035945351093094,0.35469755325827085,0.5480440700191149,0.37990049816550653,0.6029508853536003,0.3870857205588897,0.4643306744303599,0.4698966901371243,0.5673499033677697,0.5328551051427844,0.2981669617710958,0.23510889050374037,0.381935314505053,0.5792131871056543,0.6732341779765072,0.5312322414286776,0.5697157168253327,0.8335712704470819,0.7944302168512448,0.8607760057151721,0.0,0.5151860274871173,0.4825246636404179,0.5787156897505445,0.47876773012102847,0.7927906628311346,0.8279873129794441,0.4405529148067717,0.33092378520368537,0.710872194047876,0.5585932893553647,0.3929392443267976,0.28279941478963805,0.4188369809224531,0.3593024927792056,0.44158059453761095,0.4756654100032946,0.3811000619233459,0.47008289066201453,0.2835813575961795,0.5199855349071808,0.32091469978277615,0.38785823198266517,0.23085495900609826,0.41954707743326525,0.3758869911791951,0.3829914085731931,0.5661431167951472,0.3115147604462064
0.8832411509244391,0.36569893905275763,0.3165264723207733,0.41951958659735056,0.5410169397400009,0.9561636501482299,0.9530580298998981,0.8941343428683984,0.9460397471995545,0.8614680902986422,0.9947328270858428,0.7625655568127794,0.7732820152162763,0.8250387792109258,0.719112421954527,0.7449349549386686,0.7429834315274944,0.8479564872354732,0.6886851459326662,0.6259321035662645,0.7810340406554722,0.8485954637421306,0.7347877347806681,0.8119826876577482,0.8620740701946035,0.7511874717893204,0.7398668700017355,0.39464085601015747,0.5151860274871173,0.0,0.8685990205699516,0.9661669018854019,0.9170004925054741,0.6050918011724408,0.5423811890717899,0.9146665693965116,0.8665210254098108,0.682885285964371,0.7419279803684908,0.8254623816279968,0.7964732171034832,0.8904084838241124,0.8302848744552014,0.8631269750123405,0.7974333593773577,0.8891102179906947,0.88512946821835,0.8004999666814865,0.8600282795196988,0.8751586471587632,0.9288150063153743,0.635406425640379,0.9238040595347844,0.8809826904016937,0.8824920109538726,0.9056144048861424,0.8141706981151144
0.836128081553067,0.34675187836483046,0.29744712799300704,0.3890848193434871,0.5001141898655665,0.9564544753675147,0.9144230025810738,0.9159479128803979,0.8642172021095785,0.7698642126568488,0.9271401243009414,0.606781320367956,0.6599345805091432,0.6883234193685587,0.6368837210282142,0.6413874760660003,0.6480210033059098,0.7532440230929155,0.6825493850800818,0.6132178297586394,0.7148094945643253,0.7964419503634453,0.6637790386952549,0.8479847195817527,0.8952533587783573,0.7246563204149613,0.7535301929011062,0.3796492869920796,0.4825246636404179,0.8685990205699516,0.0,0.9140150392394325,0.9158063241966784,0.5405469516219619,0.5207738863908958,0.8937819523723289,0.7862993325840748,0.660068430521034,0.6710959902826285,0.8175299289549042,0.73226625240955,0.957526943215303,0.7563528210539516,0.8453959596583406,0.7330909614402624,0.8114651481525434,0.8369112064853953,0.7441575044905177,0.7393233887997047,0.775606208719237,0.8302883435171774,0.6624652518822518,0.9002395825250497,0.8590697104812585,0.7675449593386294,0.7400250267308816,0.763852516064827
0.8381435396353846,0.4613352707196388,0.33546373946388786,0.4630268187663206,0.6131344485268007,0.8644332756956851,0.9452811344268854,0.887427133387652,0.8821750049696684,0.8500706525980004,0.9938975844100724,0.7350730943076011,0.8056806513458642,0.8443710587006964,0.7751453909617004,0.7589823794009039,0.7284666530060906,0.8310864839482613,0.6167562711594603,0.5908603116016339,0.7311307887468087,0.8064387289224048,0.8018185118506808,0.8491706448427572,0.914759107480237,0.8184170679092575,0.8780543514783279,0.43865640553818563,0.5787156897505445,0.9661669018854019,0.9140150392394325,0.0,0.971972874728636,0.6755488027764702,0.6067285473306363,0.9339459861720981,0.7889829484680312,0.7410110418481298,0.7639258804925014,0.9075736730048437,0.7359194722416714,0.9351909702179955,0.7300273194162313,0.903620165634196,0.8867701212692796,0.8001050583215928,0.875833587753612,0.7201565771700069,0.8505146077172622,0.8247997187348997,0.911487995021272,0.6069227667216821,0.9424234400287256,0.9072621207159752,0.8047957082068842,0.855560253115857,0.7224764615475698
0.82962677610146,0.384237678132635,0.31197533369643743,0.40366477733308337,0.4903287880054691,0.9519588749151312,0.9027979692435621,0.9083709065961603,0.8963189313467451,0.8619746277555467,0.9148841156607623,0.6607531948849558,0.7461276161896712,0.822088819990996,0.7283366093142797,0.7079707413694849,0.6703302247606749,0.8701841742158125,0.5990877528531564,0.6322619048896209,0.6787415017776066,0.7253976266181398,0.7101294780124408,0.792116305777395,0.8296104497580219,0.7250780422899508,0.7095332474417858,0.3715428909512128,0.47876773012102847,0.9170004925054741,0.9158063241966784,0.971972874728636,0.0,0.5527973676553928,0.5144248722654746,0.9421524472259838,0.7678783411086655,0.6781644000246249,0.7402301424966503,0.8534052476883944,0.7659643726817555,0.8902961207042192,0.7464812113275712,0.8683765698363568,0.841003341701839,0.7490864778927951,0.8776839152475446,0.732717071803396,0.850050735169676,0.8313227107328369,0.9005089058794435,0.6436954058732577,0.9847596418374054,0.9496502970137317,0.7577711875210975,0.8071252545056664,0.7876631052981199
0.40521516326906565,0.4000125113996222,0.5522966242834056,0.6831770203130156,0.8007040515674223,0.4875870102582362,0.5312629397038207,0.4507943069685987,0.4661705995576764,0.4527479054272505,0.5844147701035618,0.5064853579935563,0.6872836016994495,0.5413122097068537,0.6608729573448975,0.6479017782587021,0.6891418056120363,0.6780474690521906,0.3374893287175838,0.28547798429358684,0.4478848533212774,0.8326032280904461,0.8877122602149972,0.6715540679678866,0.6753902318316284,0.8221379527368666,0.8037954864512995,0.7624383408589062,0.7927906628311346,0.6050918011724408,0.5405469516219619,0.6755488027764702,0.5527973676553928,0.0,0.9483425157873157,0.5200529326885511,0.4792436974930645,0.9039219473393683,0.7867825049315985,0.4633851149525625,0.34443799527366736,0.4777226480015373,0.4219731471764575,0.5253898143499641,0.670028879572302,0.43792834192753993,0.6347571333930252,0.3432633666462059,0.6972975397498935,0.40531290544721316,0.48300559331311926,0.2655202074887931,0.5302455093231565,0.49186596862783943,0.45465813457248033,0.7078175791479463,0.39422633095257925
0.36260780859376385,0.3848870843721039,0.6116172396325387,0.7341183471214853,0.8601755427712203,0.4586263689934628,0.5072923317840774,0.42335825639313956,0.4423148562569446,0.4141649673268355,0.5392886665835197,0.4887304509914248,0.6439620082663404,0.5029788641604573,0.6623051562224875,0.6348983927118454,0.7308890592404617,0.6250290201356057,0.3120164670059171,0.2574017267372919,0.40447784946999127,0.7825664527592775,0.8863514686645549,0.6728362746144946,0.6381714304418348,0.8928745979054901,0.8469100393774733,0.8702102450334005,0.8279873129794441,0.5423811890717899,0.5207738863908958,0.6067285473306363,0.5144248722654746,0.9483425157873157,0.0,0.49537846945185066,0.4417718490009618,0.8780845907302767,0.7796120485273204,0.4307011826447206,0.3115653380456087,0.4326686153639957,0.3900180804062467,0.5253655809784351,0.6358252457893733,0.4058381393107175,0.6287954526604674,0.31174533049671915,0.7083632004222494,0.3671955345800209,0.46972447145473617,0.2405404088526233,0.4803457782633593,0.4416690436811892,0.42500380165038354,0.7218516314781636,0.37627516734408734
