Cingulate area 2,Glomerular layer of the accessory olfactory bulb,Glomerular layer of the olfactory bulb,"Olfactory bulb, unspecified",Frontal association cortex,Cornu ammonis 3,Dentate gyrus,Cornu ammonis 2,Cornu ammonis 1,Fasciola cinereum,Subiculum,Postrhinal cortex,Presubiculum,Parasubiculum,Perirhinal area 35,Perirhinal area 36,Medial entorhinal cortex,Lateral entorhinal cortex,Primary auditory area,"Secondary auditory area, dorsal part","Secondary auditory area, ventral part","Piriform cortex, layer 1","Piriform cortex, layer 2","Piriform cortex, layer 3",Ventrolateral orbital area,Lateral orbital area,Ventral orbital area,Medial orbital area,Dorsolateral orbital area,Prelimbic area,Secondary motor area,Frontal association area 3,Primary motor area,"Agranular insular cortex, ventral area",Agranular insular cortex dorsal area,Cingulate area 1,Infralimbic area,Dysgranular insular cortex,Granular insular cortex,"Primary somatosensory area, forelimb representation","Primary somatosensory area, dysgranular zone","Primary somatosensory area, face representation",Secondary somatosensory area,"Primary somatosensory area, hindlimb representation","Agranular insular cortex, posterior area","Primary somatosensory area, barrel field",Retrosplenial dysgranular area,"Primary somatosensory area, trunk representation",Retrosplenial granular area,"Parietal association cortex, lateral area","Parietal association cortex, medial area","Parietal association cortex, posterior area",Primary visual area,"Secondary visual area, lateral part",Temporal association cortex,"Secondary visual area, medial part",Nucleus of the lateral olfactory tract
0.0,0.6480971361907037,0.31287434108158046,0.46559107357135676,0.6818229280246327,0.9364868155107299,0.9701183195385417,0.9500010139299999,0.98935606341042,0.9522850911175792,0.871875208994983,0.8670965156694945,0.9545490276003527,0.8003422211610225,0.970983657072648,0.8754771741372165,0.9532644596042685,0.8906391540506973,0.8564707834155092,0.9347614148300404,0.8588150219260035,0.8674743762118686,0.9645117265322379,0.930734076806016,0.7933124175851342,0.8114878420391158,0.7786280906523894,0.5976335453829145,0.7943766505686075,0.7871737954620396,0.725200485884878,0.9072411495456126,0.9364770529254691,0.8928865952322421,0.887498719631198,0.9158076862633407,0.8038315442463969,0.8522387305976153,0.8777794793529247,0.9054049358459906,0.9635751660919941,0.9536487741449686,0.9358920619352419,0.9543007944905403,0.8396628330866691,0.9702865347265192,0.8992003211188219,0.9415852567626598,0.9135020523561085,0.9045036193688186,0.7902692190419388,0.8427112343176524,0.9609812673448604,0.9454014711244753,0.8915803353498621,0.8468072821529287,0.9506646670555383
0.6480971361907037,0.0,0.5515561035682692,0.796544210991923,0.9028346741914441,0.722056883346828,0.6790583358896009,0.6742521002948123,0.7079113798797618,0.6195853649706895,0.5849820798279836,0.7610179291768493,0.6570000134769134,0.7213737201764348,0.8525363947574486,0.7488086186686944,0.6967938571209804,0.7514219922784172,0.8535914781710323,0.808215728055784,0.8116425878117566,0.7707814531840265,0.799885367092746,0.7136253849543126,0.8298568081314461,0.8865021747578978,0.9164699848177925,0.6865523809540985,0.8665463081234953,0.828330022076489,0.8731653497661793,0.7981194981011654,0.7507292717218211,0.7780715767314852,0.7983412574253822,0.6595296218632307,0.8673378454593,0.8293769896090984,0.8282220745241461,0.698134434040186,0.5770286961697841,0.7588495989451881,0.8533550125300156,0.7196538485098264,0.7452070049779603,0.762857803661178,0.7157967886947917,0.7279638875046549,0.6742732478226064,0.5886274569883002,0.5397068584222774,0.9246644517450049,0.7050559077901257,0.6093697165739053,0.7470893099234754,0.6792365102279653,0.7690050857655186
0.31287434108158046,0.5515561035682692,0.0,0.7627486974385237,0.4680356057258664,0.3589128117903366,0.31698886364071943,0.34315464089436576,0.32663801679709287,0.26393787823780057,0.2770029074568722,0.3986889292589101,0.32906072950758,0.40679243963311557,0.39592182801705517,0.3779954483402919,0.3396982152236552,0.34901439340397084,0.4119195986040873,0.4092948412949306,0.36822607113893885,0.355153880932339,0.3571496305279577,0.31707237068729777,0.4184367181710946,0.4583473576024977,0.4105609121575894,0.5467372890604081,0.4915258318193811,0.42783677321183455,0.4486100647637737,0.373023695091388,0.3404655792780563,0.36283741378036644,0.4835179341706696,0.3357901325332153,0.45566068699097584,0.3911338993618229,0.3991237401586816,0.31175905988824903,0.25711391427682573,0.35943410956327626,0.4045455927164356,0.3031538003401252,0.4249715109185259,0.3321295196338229,0.327943397325386,0.3390032244622437,0.30714835242743815,0.2587546936841346,0.25576623682542576,0.39552363559306275,0.35372155822623863,0.3122003714550881,0.3848963784310973,0.30750379020959945,0.33865717284802166
0.46559107357135676,0.796544210991923,0.7627486974385237,0.0,0.672323473960195,0.5240911631309216,0.47201579796074583,0.4995949329135691,0.4877430383241905,0.3991347340420111,0.3901819303405952,0.5714628419350841,0.4656564292506847,0.5848404414257676,0.5979706082521952,0.5786621195456026,0.4994380483646342,0.5208981794468777,0.6309978044418857,0.6300772729676025,0.5391884847218431,0.539023703549462,0.5412422033766755,0.48388765615894347,0.6552943154973078,0.7266122895410934,0.6274385882574582,0.7887710635709864,0.7314129251445266,0.6578689388796438,0.7004020617553391,0.5853444849897003,0.5290020304558735,0.5505025567791278,0.699664143347579,0.5084506363707858,0.688184120249754,0.5563122317999413,0.5966821711506581,0.4699698570960952,0.37957019972872436,0.5245558676666703,0.6137104052304063,0.4605612926265182,0.6585614603226478,0.5191235534680795,0.516988156325949,0.4940128368753376,0.46590127415696136,0.3762488274207648,0.37164516194346064,0.6342859885228854,0.49541784208700007,0.4402287723890299,0.5867701425599275,0.46564526733123535,0.5241492891974102
0.6818229280246327,0.9028346741914441,0.4680356057258664,0.672323473960195,0.0,0.7620428703646518,0.7553593332205044,0.7254999644023431,0.747919148766141,0.6372425016636961,0.5975910725593817,0.7665397641588575,0.7189198478634985,0.7195477302514215,0.8663278191625002,0.747068093913866,0.6751781595094234,0.8014445992000343,0.8042809816838585,0.829127132871998,0.7658364138002164,0.7881842688666961,0.7308720236508699,0.7048143142778704,0.8024156293788014,0.8762431258962804,0.7826280789572113,0.6040385548888012,0.8938549717040661,0.7820192343121416,0.8228070547796742,0.730466144002977,0.7163529896781956,0.8038689124454995,0.8851634724547335,0.6700762208724366,0.7168057984663924,0.8085393842418075,0.798337422924318,0.745211371245248,0.6001160167504189,0.7980311463542283,0.8739673436654803,0.7261218154029377,0.8280497590986285,0.7243064973406741,0.7841092656666016,0.7459901037149437,0.7244817527969614,0.6028741075581601,0.6290159225470372,0.8130030095127391,0.7277740747272556,0.6612605837061881,0.7999905086789225,0.7170682688924007,0.7383265553371445
0.9364868155107299,0.722056883346828,0.3589128117903366,0.5240911631309216,0.7620428703646518,0.0,0.9853271003492012,0.9037154673512791,0.9237889071287799,0.8581629887639071,0.8555734662826748,0.8914841254931246,0.9091646628399511,0.8997022665193106,0.9270083917184928,0.864065357868868,0.9247901375577859,0.9153193280392711,0.913529530764635,0.8934747871433407,0.8947452409339576,0.8889129837005134,0.9372088555224197,0.9138735990843974,0.818983340692361,0.879098221912003,0.8098576293359405,0.6720880977835675,0.8486956440728195,0.8591711455619906,0.8573254693513588,0.9314079258742589,0.9372465154791942,0.9409337347514197,0.9795233515508023,0.9694522696654628,0.7936628485262096,0.8986590931316095,0.8858304057237639,0.9290649792509805,0.884490087845656,0.9596421256076821,0.9631947237548276,0.9730987763768417,0.8878238909071217,0.9549561651021506,0.9434147008542935,0.9515238932924537,0.915395055817482,0.8500253569841497,0.8290075467482902,0.7897993158149923,0.944968247697007,0.9478314777971233,0.982444585186228,0.9272667878113058,0.9445561264164151
0.9701183195385417,0.6790583358896009,0.31698886364071943,0.47201579796074583,0.7553593332205044,0.9853271003492012,0.0,0.9749599791726526,0.9985127457079083,0.9701261271167946,0.9681083678580112,0.8730369403465481,1.0,0.839420201841441,0.9395929404246632,0.8092200472661055,0.967183875783034,0.9546946804136056,0.8458255097175467,0.9112562027525571,0.8794082817865914,0.9430932986342379,0.9349195673059445,0.9881938828094329,0.7521080148786717,0.8373446807514489,0.761832078340671,0.5920613858783628,0.7739914137722486,0.8186417201352846,0.8008075075214092,0.8939657160475712,0.9458507899042523,0.9764158126793366,0.927788731596485,0.9780179639863796,0.7521596523307152,0.9444827749369844,0.8886247942141756,1.0,0.9318195585861927,1.0,0.9727811996824844,0.9677398538085724,0.7975847104207714,0.9968946218617772,0.9928954848678464,0.9659767954955598,0.9706580297896515,0.9752345822615137,0.9062370367376684,0.7966393521676564,1.0,0.9993625426648024,0.9823591268340235,0.9466702581869082,0.9694058070423636
0.9500010139299999,0.6742521002948123,0.34315464089436576,0.4995949329135691,0.7254999644023431,0.9037154673512791,0.9749599791726526,0.0,0.9340644320637627,0.8436978193639142,0.8294556121733317,0.9300378149400637,0.9278958167120233,0.8976510076104101,0.9381340112512331,0.8572558664846888,0.9374970340607046,0.9116957968282227,0.8127425624300239,0.8540341491927477,0.8455829863467361,0.8671518030100268,0.8514558744588714,0.8747026554755603,0.7631125116205525,0.818395655740602,0.7571620734489488,0.5949724139196031,0.797348639644975,0.7697433535497012,0.7775537012806691,0.9153311835401727,0.8522585330043776,0.8301346986902614,0.8997739281400289,0.9097817707048219,0.7686743985808202,0.87399159924531,0.8437823404289817,0.9255313131999495,0.8451265613206305,0.9178908838217655,0.9681672134414315,0.9505555638605319,0.8403687680194956,0.9495536421130334,0.9010375030490172,0.8555563824451703,0.881257593102656,0.8533887288084028,0.7345708172941113,0.7746141456424094,0.9604697155311556,0.939702144562627,0.9307422112951422,0.8804704972170431,0.8460278735349289
0.98935606341042,0.7079113798797618,0.32663801679709287,0.4877430383241905,0.747919148766141,0.9237889071287799,0.9985127457079083,0.9340644320637627,0.0,0.8902721469591863,0.8843589260553383,0.9206550540280036,0.918050814871807,0.8254130252560627,0.9719886618437967,0.8417003634021036,0.9355002354512125,0.9596799933989241,0.8097264447718769,0.9155161847577689,0.862599205651464,0.9533948620718495,0.9470411872726504,0.9737534937086858,0.8061038790223521,0.829414066715618,0.8000567098075474,0.5905695251206371,0.7907174091611474,0.8082325716626937,0.7569222833247509,0.9610966972170423,0.8971702875064347,0.9245039256549245,0.8488456705830125,0.9335890008764663,0.7682849919078907,0.856688926902809,0.8659207744874137,0.9266726325428601,0.9281096660268676,0.9596729866782399,0.9825739676068851,0.993890044344334,0.8019424718758688,1.0,0.9765082830107663,0.9958918755166138,0.9230925523145325,0.8848407377922323,0.8241783158801043,0.8746393027885793,1.0,1.0,0.9255552170983998,1.0,0.9613395318136141
0.9522850911175792,0.6195853649706895,0.26393787823780057,0.3991347340420111,0.6372425016636961,0.8581629887639071,0.9701261271167946,0.8436978193639142,0.8902721469591863,0.0,0.85154049044851,0.739856658074471,0.8309766500071224,0.6705696425351346,0.805241585164381,0.7433170816301103,0.8281348182496389,0.8259177161378569,0.7531352688050503,0.8067779751443483,0.8047056434979196,0.9173501796799125,0.915219014733662,0.9263220894069786,0.7382082860688887,0.7498546589914431,0.7728815588979686,0.4931914667059699,0.6712629121850003,0.7388449052050357,0.7178724342256343,0.8329196981036425,0.8467553521237332,0.8679019080991134,0.6931464108135772,0.8810077971811853,0.6786337390623292,0.795863864639807,0.8194506036718741,0.9905874214509086,0.9665378656840764,0.8336906363388502,0.8556251705150197,0.9948066293122997,0.7512618012971446,0.9709941894041445,1.0,0.9874765135658276,0.9767397072506597,0.9769271882033506,0.9305061136394621,0.8025536914966956,0.8613651873367285,0.8460146551883989,0.7425905314879065,0.9173579241584244,0.9184808011340119
0.871875208994983,0.5849820798279836,0.2770029074568722,0.3901819303405952,0.5975910725593817,0.8555734662826748,0.9681083678580112,0.8294556121733317,0.8843589260553383,0.85154049044851,0.0,0.816251132520693,0.8892661097164704,0.732340373769394,0.877421980716274,0.7518996095785635,0.8338392251777669,0.869841005427448,0.7079679967730097,0.7334921320518218,0.8010846565523952,0.776108956169974,0.8619135859449489,0.8245992986480931,0.6752661959141577,0.6963353123306691,0.6597330311923041,0.4669332113845596,0.6382101636624317,0.6526448969577966,0.6528150299441366,0.7496738284475222,0.7769463522661887,0.7915910525694823,0.6789821333547561,0.7971563396928549,0.6265712665033919,0.7370507698839481,0.7472711198397839,0.8168331141183588,0.8423763380834559,0.8199865989426387,0.7715279036068292,0.8602356471746472,0.6644668188966629,0.8489125832171615,0.8205933036998625,0.853266469098444,0.8586924298700899,0.9300786621817478,0.7832915762633202,0.685985600885211,0.9613347554693792,0.8659244747773639,0.8686667444222667,0.8228909223802955,0.8646613387797104
0.8670965156694945,0.7610179291768493,0.3986889292589101,0.5714628419350841,0.7665397641588575,0.8914841254931246,0.8730369403465481,0.9300378149400637,0.9206550540280036,0.739856658074471,0.816251132520693,0.0,0.9295545456123427,0.9072386578333409,0.953622508574826,0.823522407341759,0.9508393072811534,0.941126706554957,0.8345994810994719,0.8270010727199998,0.9132214295681742,0.8283877346901569,0.8802065710865666,0.8304919090499423,0.7738588121109948,0.8554141989423111,0.7673382246953417,0.6290571128919672,0.8277536930255908,0.7260978105114739,0.8150101212312455,0.8130792985552636,0.806477370932615,0.8844843588027298,0.8670927891089368,0.8002832915439114,0.816283320814586,0.8164527408500191,0.8610980618254211,0.8146434461333493,0.7777786694845031,0.8569340060097032,0.8860242154033173,0.8347163591535378,0.8228008096627207,0.9094386372665675,0.8441706594714128,0.835098232053989,0.8447925524942245,0.8376269638607816,0.6987336616513609,0.7818089399085825,1.0,0.8798913361636753,0.9315931924983356,0.8126917840163127,0.8706405194834622
0.9545490276003527,0.6570000134769134,0.32906072950758,0.4656564292506847,0.7189198478634985,0.9091646628399511,1.0,0.9278958167120233,0.918050814871807,0.8309766500071224,0.8892661097164704,0.9295545456123427,0.0,0.7850026793646143,0.8862932566297533,0.8537647574148943,0.8642130868708757,0.8927885891543519,0.7732910830360622,0.8608118369810885,0.8364026469147219,0.8732154704075267,0.9016941089048678,0.8849682731996455,0.7181862107497505,0.8351023933514331,0.6813929533403171,0.5207604995546053,0.7199155748217049,0.7209602561089639,0.7450921585719753,0.8281859409657625,0.8541990214017008,0.8445559079085155,0.8197399184196543,0.7942235421851983,0.7273782054101621,0.7780661194961532,0.8234860741350047,0.8324026360374335,0.8719029129940254,0.9379287385846248,0.9030317504210482,0.8680629092244772,0.7578340796197052,0.8532061467257136,0.8554449305696469,0.8044911990584923,0.8565706745940349,0.9478870278896344,0.7819252821255042,0.7627561930997192,0.9766177220211415,0.9976231671157552,0.8853458076896589,0.8296850316445009,0.8331306295406851
0.8003422211610225,0.7213737201764348,0.40679243963311557,0.5848404414257676,0.7195477302514215,0.8997022665193106,0.839420201841441,0.8976510076104101,0.8254130252560627,0.6705696425351346,0.732340373769394,0.9072386578333409,0.7850026793646143,0.0,0.9307562302867126,0.8249840298951081,0.8803445324987109,0.835438560857553,0.7748607157923559,0.8298936698873774,0.7998883903432044,0.8077619437135239,0.8515078860914487,0.7644776619976732,0.7500548962161702,0.7978943653464043,0.7347582471131072,0.7091923895992858,0.866989971454266,0.7989427603696411,0.7447485554010997,0.7794613572235441,0.7909479600647766,0.7852050074496987,0.9830474849869456,0.8250892187875734,0.7620876400588776,0.7947278424352768,0.8090380885289017,0.7569405880352809,0.7566559988142549,0.8443638794205236,0.8482373615108726,0.8218925144513463,0.8017543423450693,0.8287174737909755,0.81354698911178,0.8317579157282307,0.7693847954091488,0.6516791897656331,0.6151570998990122,0.7229045454331803,0.8547702091677492,0.8748948536153706,0.8349876668172348,0.7498088294990461,0.7742457433947589
0.970983657072648,0.8525363947574486,0.39592182801705517,0.5979706082521952,0.8663278191625002,0.9270083917184928,0.9395929404246632,0.9381340112512331,0.9719886618437967,0.805241585164381,0.877421980716274,0.953622508574826,0.8862932566297533,0.9307562302867126,0.0,0.9421406517405553,0.8962304738438273,0.9784921001403527,0.9640981395257269,0.9719046762423743,0.9593713869857392,0.9300341781842763,0.9616084333813643,0.9012807670547003,0.8588959818436618,0.9442603391621953,0.8704855589592018,0.7238968118728772,0.9197517109194527,0.9009209608157984,0.8530356827285946,0.8697897226777168,0.8973590180278345,0.9130290799662123,0.9854456297626758,0.8741498589638482,0.8331018979526251,0.9092663514205517,0.8918775835013263,0.8631716003569889,0.8706239148547261,0.9410466408850278,1.0,0.9699353428924855,0.8822226820455297,0.9850320752987743,0.9624542757935667,0.9686018813922812,0.8607250666444204,0.7942699408939078,0.7494121107865638,0.9563962319919439,1.0,0.9348564866338727,1.0,0.8284654719611326,1.0
0.8754771741372165,0.7488086186686944,0.3779954483402919,0.5786621195456026,0.747068093913866,0.864065357868868,0.8092200472661055,0.8572558664846888,0.8417003634021036,0.7433170816301103,0.7518996095785635,0.823522407341759,0.8537647574148943,0.8249840298951081,0.9421406517405553,0.0,0.862785003159326,0.8639923576532483,0.9374788924559697,0.9261370070247251,0.8893454728577518,0.8968977351039746,0.9154516021371212,0.8006776334105133,0.8613617896593087,0.911189749638455,0.8264569009033911,0.7413640900516701,0.862793850244187,0.879563194294613,0.8283388269890951,0.9109464903415375,0.8777319063968789,0.8114872529359115,0.8953949575125413,0.8726752029090888,0.8433866322015374,0.8632636133280179,0.8768626467453636,0.8512323939081401,0.8079727107104481,0.88086461197387,0.932825210509575,0.8962779073262024,0.8635672878493389,0.9485556486926333,0.9388927673739513,0.9226601798088744,0.8391444453499014,0.7190647576064264,0.7051374041341798,0.8343776789633833,0.8958445975774878,0.8327646836355024,0.8822288205237367,0.8421265795244539,0.895944233280113
0.9532644596042685,0.6967938571209804,0.3396982152236552,0.4994380483646342,0.6751781595094234,0.9247901375577859,0.967183875783034,0.9374970340607046,0.9355002354512125,0.8281348182496389,0.8338392251777669,0.9508393072811534,0.8642130868708757,0.8803445324987109,0.8962304738438273,0.862785003159326,0.0,0.9320231202980424,0.7924131491733146,0.8651819593095653,0.8619895908618865,0.8917204092467984,0.927954854745025,0.8686308964531366,0.7969666836110477,0.8065376378772098,0.7779257343579828,0.6532201095653554,0.8349961229445699,0.7455121654250717,0.7597167581159439,0.8924526914120485,0.8937079174512242,0.8903266137653896,0.9170061622479216,0.9230478995476435,0.7998349704176251,0.8111855039426045,0.8351773031449161,0.8253625230714065,0.8664720395777502,0.9095720604476968,0.9325237275827201,0.8563350817189,0.8194847891549667,0.8850615104210201,0.8308202675120933,0.8627075898752512,0.827376067932372,0.8742206452999385,0.6960600453213723,0.827833452169223,0.9214268239877018,0.9283446733697999,0.9073895910198643,0.8043832221471455,0.8894420390489692
0.8906391540506973,0.7514219922784172,0.34901439340397084,0.5208981794468777,0.8014445992000343,0.9153193280392711,0.9546946804136056,0.9116957968282227,0.9596799933989241,0.8259177161378569,0.869841005427448,0.941126706554957,0.8927885891543519,0.835438560857553,0.9784921001403527,0.8639923576532483,0.9320231202980424,0.0,0.8807030745803943,0.944818051594102,0.9128532430184884,0.8682312377931758,0.9193846958686215,0.9042205423836109,0.7773280416224368,0.8183641409358114,0.8163150036210242,0.6176758150115714,0.7985770784168151,0.8052851594354722,0.7345274041844114,0.8143273825903175,0.8858532648313333,0.8585942182365244,0.884613482495324,0.834305726121681,0.7927577389053434,0.876047940358915,0.8555164414146276,0.9005187043393753,0.8671691742465153,0.9123942511174664,0.9248509369227861,0.8687997507503925,0.8498399172403384,0.9976925328153183,0.8810347463951879,0.991480209919233,0.8430073246546049,0.8672301339946359,0.7619064152060738,0.9089626872254025,0.9548033806262193,0.9730388144278318,0.9532414187780677,0.8783781775576451,0.9208336896245541
0.8564707834155092,0.8535914781710323,0.4119195986040873,0.6309978044418857,0.8042809816838585,0.913529530764635,0.8458255097175467,0.8127425624300239,0.8097264447718769,0.7531352688050503,0.7079679967730097,0.8345994810994719,0.7732910830360622,0.7748607157923559,0.9640981395257269,0.9374788924559697,0.7924131491733146,0.8807030745803943,0.0,0.939284130146636,0.9454048059789806,0.886840712824458,0.9729366791293522,0.8488981016428114,0.8769810904486177,0.9296367948467508,0.9492354067863795,0.7411689050048283,0.9188410497653302,0.8541922046878568,0.852748492179817,0.8947475494511398,0.8493716047165075,0.8728204927995921,0.952644191042975,0.8547279126248356,0.9163162631976581,0.9358697730760378,0.9095444041597851,0.7791899064693079,0.7062501998026962,0.8484095839552692,0.9249288853493273,0.8576932462356357,0.9506742046140982,0.9472120941187971,0.8823640614744179,0.9516095381091519,0.7799671414726185,0.7032382766892945,0.6622682051756914,0.9408312550069514,0.8300628021128619,0.7775356473971925,0.8994456536977861,0.7868683385229699,0.9416005794018006
0.9347614148300404,0.808215728055784,0.4092948412949306,0.6300772729676025,0.829127132871998,0.8934747871433407,0.9112562027525571,0.8540341491927477,0.9155161847577689,0.8067779751443483,0.7334921320518218,0.8270010727199998,0.8608118369810885,0.8298936698873774,0.9719046762423743,0.9261370070247251,0.8651819593095653,0.944818051594102,0.939284130146636,0.0,0.9537952464346118,0.9055507426745674,0.9065700543260307,0.867145966433723,0.93054866883231,0.9601328300423521,0.9444501928135498,0.7431102569437062,0.8898666378103429,0.875658524116546,0.9021364589573999,0.9352490295881012,0.896921182813391,0.9456586707315333,1.0,0.9690273932312594,0.8764860320454871,0.9822423242334262,1.0,0.9123514058344088,0.7624241414532016,0.9049290705481308,0.9740883807610495,0.8790153533866103,1.0,0.9645934379007912,0.8875900019225176,0.9393849775027634,0.8898816244881776,0.7498625239830361,0.745575418661209,0.9796429092909978,0.8575839067261941,0.8096751209397637,0.8770667930295305,0.9299672385830208,0.9318579829696495
0.8588150219260035,0.8116425878117566,0.36822607113893885,0.5391884847218431,0.7658364138002164,0.8947452409339576,0.8794082817865914,0.8455829863467361,0.862599205651464,0.8047056434979196,0.8010846565523952,0.9132214295681742,0.8364026469147219,0.7998883903432044,0.9593713869857392,0.8893454728577518,0.8619895908618865,0.9128532430184884,0.9454048059789806,0.9537952464346118,0.0,0.9004767457317997,0.9342390777304905,0.8346884061069345,0.8543356529215015,0.8729730602369903,0.9157854677445759,0.637682619413078,0.8170049263795092,0.8206845190950262,0.7838225174976807,0.8474358565670947,0.9002861995677917,0.869116727865358,0.8239511644054652,0.8273100237250085,0.7814938302717569,0.8814896451459922,0.9121794199738165,0.8299408749331056,0.8100767969281277,0.874007029069814,0.9851831929241892,0.9313297293773107,0.9060044419325335,0.962227678566582,0.9464558016925659,0.9428859495541275,0.9046620924011682,0.8124702675422106,0.7417349560168416,0.9901075149590397,0.8603609575501692,0.8195555948231266,0.9503983305890467,0.8134551113454971,0.9492293741576493
0.8674743762118686,0.7707814531840265,0.355153880932339,0.539023703549462,0.7881842688666961,0.8889129837005134,0.9430932986342379,0.8671518030100268,0.9533948620718495,0.9173501796799125,0.776108956169974,0.8283877346901569,0.8732154704075267,0.8077619437135239,0.9300341781842763,0.8968977351039746,0.8917204092467984,0.8682312377931758,0.886840712824458,0.9055507426745674,0.9004767457317997,0.0,0.9612898273001694,0.9572838064761009,0.8986440790249909,0.920631611594811,0.8427642166006934,0.6428851265592448,0.8809861738402064,0.9367211364801691,0.8950981197183844,0.8657031796951173,0.9316770868663353,0.9590055148696,0.8852597621263723,0.9146507069639397,0.8418059559154046,0.9220110772671275,0.9742054365440224,0.9379153475498696,0.868530117775579,0.9645152747689034,0.9991889134387575,0.9810075446376949,0.8598023344386198,1.0,1.0,0.9998375404300123,0.9150533360828534,0.8608330172319714,0.8242799757674265,0.931178250115445,0.8686043482856074,0.8876028574627084,0.858286615591783,0.9338610039450139,0.9397512643837949
0.9645117265322379,0.799885367092746,0.3571496305279577,0.5412422033766755,0.7308720236508699,0.9372088555224197,0.9349195673059445,0.8514558744588714,0.9470411872726504,0.915219014733662,0.8619135859449489,0.8802065710865666,0.9016941089048678,0.8515078860914487,0.9616084333813643,0.9154516021371212,0.927954854745025,0.9193846958686215,0.9729366791293522,0.9065700543260307,0.9342390777304905,0.9612898273001694,0.0,0.9710402813303601,0.8612754065425594,0.9420570247499174,0.9283729620018387,0.6551755327882193,0.8802276641306246,0.845159445532344,0.837267220385465,0.9100852706586264,0.9807588744796816,0.9403804039111567,0.9432569292296121,0.9952040882578245,0.9206119141068153,0.9383390166911355,0.9190710830340122,0.93201861763193,0.8944723521694355,0.9124445507585552,1.0,0.9371084618725679,0.8742597739519075,1.0,0.9847208391638935,0.9805778953377124,0.9095290935593575,0.9214697046548915,0.7613798621148292,0.9539401064635866,0.958022942140371,0.8590967069524889,0.8989551568178233,0.9459072786468103,0.9741071855246224
0.930734076806016,0.7136253849543126,0.31707237068729777,0.48388765615894347,0.7048143142778704,0.9138735990843974,0.9881938828094329,0.8747026554755603,0.9737534937086858,0.9263220894069786,0.8245992986480931,0.8304919090499423,0.8849682731996455,0.7644776619976732,0.9012807670547003,0.8006776334105133,0.8686308964531366,0.9042205423836109,0.8488981016428114,0.867145966433723,0.8346884061069345,0.9572838064761009,0.9710402813303601,0.0,0.7817069581552978,0.8849405929270157,0.8178537099460137,0.5857018890561668,0.7847818605292829,0.8131683095651107,0.8135641559547009,0.8759286715923038,0.9043760360834926,0.8894868590197008,0.8576190454579347,0.9028621809139679,0.7497296568343423,0.9058862904910708,0.8251475359881143,0.9283584798428561,0.9192787454085473,0.9294776869340085,0.9576260870138994,0.9686425153726025,0.8384712326381626,0.9703227095141695,0.9792578617307242,0.9877756269399492,0.925626404586232,0.893280458417068,0.816632256880364,0.8982911607783953,0.9529689752693891,0.9017362417540312,0.8906578241212604,0.9411160832710027,0.9011573196107637
0.7933124175851342,0.8298568081314461,0.4184367181710946,0.6552943154973078,0.8024156293788014,0.818983340692361,0.7521080148786717,0.7631125116205525,0.8061038790223521,0.7382082860688887,0.6752661959141577,0.7738588121109948,0.7181862107497505,0.7500548962161702,0.8588959818436618,0.8613617896593087,0.7969666836110477,0.7773280416224368,0.8769810904486177,0.93054866883231,0.8543356529215015,0.8986440790249909,0.8612754065425594,0.7817069581552978,0.0,0.9059884503954742,0.9362875025749765,0.7660550426301415,0.8764201576526648,0.850795387275919,0.887485099801243,0.8692506876197172,0.8730237082910779,0.8468683023072497,0.897558561081252,0.8628414686460824,0.8938802211850676,0.8644029843331985,0.8753092786327014,0.805360858277859,0.7322606744288495,0.7911686103340375,0.8568473416357931,0.8541371677563792,0.9151959199406263,0.9586609020403106,0.8727009702770734,0.8637121994049057,0.7551236948653332,0.6441174160603662,0.6384671033897155,0.9187577624206987,0.716749279902737,0.6767602985705589,0.8227749013521362,0.7881894225622003,0.8519875461312427
0.8114878420391158,0.8865021747578978,0.4583473576024977,0.7266122895410934,0.8762431258962804,0.879098221912003,0.8373446807514489,0.818395655740602,0.829414066715618,0.7498546589914431,0.6963353123306691,0.8554141989423111,0.8351023933514331,0.7978943653464043,0.9442603391621953,0.911189749638455,0.8065376378772098,0.8183641409358114,0.9296367948467508,0.9601328300423521,0.8729730602369903,0.920631611594811,0.9420570247499174,0.8849405929270157,0.9059884503954742,0.0,0.8726527646119366,0.7688819760610873,0.9103956714565776,0.9279118894038737,0.9908426880083842,0.8292801850471213,0.8574700660996939,0.9144148347806719,0.9536153375799676,0.7840714003854065,0.9190325582253881,0.8992209451391473,0.9676889867084537,0.8216823492889643,0.724349397712325,0.9116152483176897,0.9676777182290441,0.8831548202587742,0.9471308256178548,0.9210045549817583,0.9930094323126207,0.8962633902252481,0.8105280681123611,0.6843370621073334,0.7054465460432114,0.9413804186851845,0.867288919314621,0.778675324393254,0.8883659448881128,0.8308251168560896,0.8827720337562676
0.7786280906523894,0.9164699848177925,0.4105609121575894,0.6274385882574582,0.7826280789572113,0.8098576293359405,0.761832078340671,0.7571620734489488,0.8000567098075474,0.7728815588979686,0.6597330311923041,0.7673382246953417,0.6813929533403171,0.7347582471131072,0.8704855589592018,0.8264569009033911,0.7779257343579828,0.8163150036210242,0.9492354067863795,0.9444501928135498,0.9157854677445759,0.8427642166006934,0.9283729620018387,0.8178537099460137,0.9362875025749765,0.8726527646119366,0.0,0.7607746214741999,0.9276101889735285,0.8551375871366694,0.9591867490487278,0.8977254835133992,0.8921205627306965,0.8271912724570076,0.8600296815009575,0.7891987447904576,0.9049158641486174,0.8991799649229621,0.8612948149703605,0.8621348818886365,0.7147319280511976,0.8142026228900934,0.9164811442243018,0.8397472922892939,0.903091741993807,0.9608019691657222,0.8657332992124755,0.91753753626522,0.8106285870016925,0.6850022106372463,0.6632087435377736,0.9572035718253539,0.7497961831368325,0.6678546381000552,0.8401431611305017,0.7590547926509108,0.9356951973069175
0.5976335453829145,0.6865523809540985,0.5467372890604081,0.7887710635709864,0.6040385548888012,0.6720880977835675,0.5920613858783628,0.5949724139196031,0.5905695251206371,0.4931914667059699,0.4669332113845596,0.6290571128919672,0.5207604995546053,0.7091923895992858,0.7238968118728772,0.7413640900516701,0.6532201095653554,0.6176758150115714,0.7411689050048283,0.7431102569437062,0.637682619413078,0.6428851265592448,0.6551755327882193,0.5857018890561668,0.7660550426301415,0.7688819760610873,0.7607746214741999,0.0,0.8415149964599021,0.7299725261297695,0.7670846521319985,0.7550035248138097,0.6619007546833465,0.588220224444695,0.7989900395102556,0.6944480606988772,0.8124825311343483,0.6297624655584907,0.6769715962113212,0.5831357924075379,0.4932449023661479,0.6157504868087056,0.69298132030712,0.6272043891818381,0.801811234174601,0.6250945172634562,0.5993135574285493,0.6253150604774192,0.544630297523859,0.4447490443123894,0.41206328127878517,0.6628307567341779,0.6007942956540129,0.526046261420137,0.6494238222253479,0.5448128938172805,0.6548900479447359
0.7943766505686075,0.8665463081234953,0.4915258318193811,0.7314129251445266,0.8938549717040661,0.8486956440728195,0.7739914137722486,0.797348639644975,0.7907174091611474,0.6712629121850003,0.6382101636624317,0.8277536930255908,0.7199155748217049,0.866989971454266,0.9197517109194527,0.862793850244187,0.8349961229445699,0.7985770784168151,0.9188410497653302,0.8898666378103429,0.8170049263795092,0.8809861738402064,0.8802276641306246,0.7847818605292829,0.8764201576526648,0.9103956714565776,0.9276101889735285,0.8415149964599021,0.0,0.9095144451732307,0.923047464150695,0.956407083465559,0.8968351199978588,0.8516257347904509,0.9717145700610866,0.8387256801199202,0.9929891397424195,0.8971143959957647,0.913669624043788,0.7752059178894993,0.6765564392734277,0.8559624417646824,0.9089258121975873,0.8431175245119995,0.9555800156453228,0.833582297006689,0.87732541205753,0.8406602832359766,0.7343103685867517,0.608031581664584,0.6029319033403625,0.8696410063687063,0.7675595237187435,0.6895303645195379,0.8679719711460389,0.7315019411369156,0.919705082446003
0.7871737954620396,0.828330022076489,0.42783677321183455,0.6578689388796438,0.7820192343121416,0.8591711455619906,0.8186417201352846,0.7697433535497012,0.8082325716626937,0.7388449052050357,0.6526448969577966,0.7260978105114739,0.7209602561089639,0.7989427603696411,0.9009209608157984,0.879563194294613,0.7455121654250717,0.8052851594354722,0.8541922046878568,0.875658524116546,0.8206845190950262,0.9367211364801691,0.845159445532344,0.8131683095651107,0.850795387275919,0.9279118894038737,0.8551375871366694,0.7299725261297695,0.9095144451732307,0.0,0.9066589760599749,0.8853578880458026,0.8517894477531918,0.8541489520245844,1.0,0.8385904873997934,0.8563591006217464,0.9314806733767903,0.9019890520745232,0.8221100528896824,0.7149124539742223,0.9034987480854609,0.9354355162425685,0.8798495265057091,0.8965782500045021,0.9211424800173909,0.9190789406567359,0.8475829322471042,0.758204978312295,0.6601624063604405,0.6667926327480024,0.8536970949175976,0.8084237344664805,0.7335719340331036,0.8079302465747694,0.7799595187354931,0.8712503902634722
0.725200485884878,0.8731653497661793,0.4486100647637737,0.7004020617553391,0.8228070547796742,0.8573254693513588,0.8008075075214092,0.7775537012806691,0.7569222833247509,0.7178724342256343,0.6528150299441366,0.8150101212312455,0.7450921585719753,0.7447485554010997,0.8530356827285946,0.8283388269890951,0.7597167581159439,0.7345274041844114,0.852748492179817,0.9021364589573999,0.7838225174976807,0.8950981197183844,0.837267220385465,0.8135641559547009,0.887485099801243,0.9908426880083842,0.9591867490487278,0.7670846521319985,0.923047464150695,0.9066589760599749,0.0,0.8782624464547418,0.8685688586788683,0.8888885479331893,0.909487743559708,0.84256204169995,0.9017991739180169,0.8624336222962055,0.9256696503572621,0.8462717574544982,0.6772855003854139,0.8481394288484668,0.97267278413259,0.8110060720198995,0.9070595355575348,0.9551094443344033,0.9238180388512438,0.8806404285781437,0.7796713109302396,0.6615406294511409,0.6555859547245323,0.8742248526595862,0.7990791311664115,0.7354486976432386,0.8140758828481547,0.780201668422196,0.8641856288261772
0.9072411495456126,0.7981194981011654,0.373023695091388,0.5853444849897003,0.730466144002977,0.9314079258742589,0.8939657160475712,0.9153311835401727,0.9610966972170423,0.8329196981036425,0.7496738284475222,0.8130792985552636,0.8281859409657625,0.7794613572235441,0.8697897226777168,0.9109464903415375,0.8924526914120485,0.8143273825903175,0.8947475494511398,0.9352490295881012,0.8474358565670947,0.8657031796951173,0.9100852706586264,0.8759286715923038,0.8692506876197172,0.8292801850471213,0.8977254835133992,0.7550035248138097,0.956407083465559,0.8853578880458026,0.8782624464547418,0.0,0.9473465023715584,0.8666159842327212,0.9556400354549051,0.9631561230688904,0.8981785076848123,0.8646514256130131,0.8522449737614922,0.8767866452324699,0.78077746932758,0.8726651582451518,0.9593842136047769,0.9143343047908733,0.9083011214573261,0.988490503404406,0.8974430594893664,0.8983570699021131,0.9042081341211523,0.7518627913038752,0.6667059405467226,0.8682144402831387,0.875836403942866,0.8080949445231376,0.8426183807368953,0.8339371679543892,0.9018310350942862
0.9364770529254691,0.7507292717218211,0.3404655792780563,0.5290020304558735,0.7163529896781956,0.9372465154791942,0.9458507899042523,0.8522585330043776,0.8971702875064347,0.8467553521237332,0.7769463522661887,0.806477370932615,0.8541990214017008,0.7909479600647766,0.8973590180278345,0.8777319063968789,0.8937079174512242,0.8858532648313333,0.8493716047165075,0.896921182813391,0.9002861995677917,0.9316770868663353,0.9807588744796816,0.9043760360834926,0.8730237082910779,0.8574700660996939,0.8921205627306965,0.6619007546833465,0.8968351199978588,0.8517894477531918,0.8685688586788683,0.9473465023715584,0.0,0.9222463949251258,0.9310424405231315,0.9636488400900908,0.7803234308633245,0.9036034944861931,0.9199795459549267,0.9679953724227485,0.9070114465440704,0.9122457413409553,0.9877077997427395,0.9521912159531459,0.8786789232273493,0.969063114144959,0.9544897965944262,0.9430233873802559,0.9092481021304206,0.7723110702679495,0.7674981994613455,0.8425799211678994,0.8735137704579365,0.8437028338061047,0.8742651840834469,0.854975253631473,0.9374254015233865
0.8928865952322421,0.7780715767314852,0.36283741378036644,0.5505025567791278,0.8038689124454995,0.9409337347514197,0.9764158126793366,0.8301346986902614,0.9245039256549245,0.8679019080991134,0.7915910525694823,0.8844843588027298,0.8445559079085155,0.7852050074496987,0.9130290799662123,0.8114872529359115,0.8903266137653896,0.8585942182365244,0.8728204927995921,0.9456586707315333,0.869116727865358,0.9590055148696,0.9403804039111567,0.8894868590197008,0.8468683023072497,0.9144148347806719,0.8271912724570076,0.588220224444695,0.8516257347904509,0.8541489520245844,0.8888885479331893,0.8666159842327212,0.9222463949251258,0.0,0.9189008479600456,0.8612591076553383,0.8218010252138679,0.8926670518465426,0.931309573810705,0.919609553286139,0.7883364524661758,0.9388813648735959,0.9203457913175438,0.9175715855049594,0.9132146042936289,0.9694132372796085,0.9345405364054917,0.9137937882079459,0.8777681867183139,0.8318374304120802,0.8315393513584768,0.8681426202885171,0.941678421820018,0.8655509785511064,0.8552282056658231,0.8870566496340241,0.8788116191212885
0.887498719631198,0.7983412574253822,0.4835179341706696,0.699664143347579,0.8851634724547335,0.9795233515508023,0.927788731596485,0.8997739281400289,0.8488456705830125,0.6931464108135772,0.6789821333547561,0.8670927891089368,0.8197399184196543,0.9830474849869456,0.9854456297626758,0.8953949575125413,0.9170061622479216,0.884613482495324,0.952644191042975,1.0,0.8239511644054652,0.8852597621263723,0.9432569292296121,0.8576190454579347,0.897558561081252,0.9536153375799676,0.8600296815009575,0.7989900395102556,0.9717145700610866,1.0,0.909487743559708,0.9556400354549051,0.9310424405231315,0.9189008479600456,0.0,0.9213647651788331,0.9331217550008121,0.9057181535834404,0.8707562691288091,0.830350655653671,0.7380530361647435,0.9433822350865512,0.9310495012560032,0.8668874865711707,0.9344939872559652,0.9051129837699027,0.9345486529866791,0.8985661547846802,0.8569412692202306,0.688246194552838,0.6678028474212523,0.7987662910506627,0.8689200686549063,0.8277863707948144,0.8939757318658297,0.7821120592574613,0.8592633729395641
0.9158076862633407,0.6595296218632307,0.3357901325332153,0.5084506363707858,0.6700762208724366,0.9694522696654628,0.9780179639863796,0.9097817707048219,0.9335890008764663,0.8810077971811853,0.7971563396928549,0.8002832915439114,0.7942235421851983,0.8250892187875734,0.8741498589638482,0.8726752029090888,0.9230478995476435,0.834305726121681,0.8547279126248356,0.9690273932312594,0.8273100237250085,0.9146507069639397,0.9952040882578245,0.9028621809139679,0.8628414686460824,0.7840714003854065,0.7891987447904576,0.6944480606988772,0.8387256801199202,0.8385904873997934,0.84256204169995,0.9631561230688904,0.9636488400900908,0.8612591076553383,0.9213647651788331,0.0,0.8637594269399543,0.8808242126510285,0.9178846497397128,0.9115098830451571,0.9017791556139981,0.8844631997529998,0.9326972578718191,0.9218377134136035,0.9148528099104131,0.9894674909444496,0.8755513027413169,0.9057792114492954,0.8932797219263056,0.7988951956574881,0.704198279783488,0.8613379271667952,0.9055767006890728,0.8730113194260881,0.8230659689478521,0.8026590118715013,0.9212636875030175
