Cingulate area 2,Glomerular layer of the accessory olfactory bulb,Glomerular layer of the olfactory bulb,"Olfactory bulb, unspecified",Frontal association cortex,Cornu ammonis 3,Dentate gyrus,Cornu ammonis 2,Cornu ammonis 1,Fasciola cinereum,Subiculum,Postrhinal cortex,Presubiculum,Parasubiculum,Perirhinal area 35,Perirhinal area 36,Medial entorhinal cortex,Lateral entorhinal cortex,Primary auditory area,"Secondary auditory area, dorsal part","Secondary auditory area, ventral part","Piriform cortex, layer 1","Piriform cortex, layer 2","Piriform cortex, layer 3",Ventrolateral orbital area,Lateral orbital area,Ventral orbital area,Medial orbital area,Dorsolateral orbital area,Prelimbic area,Secondary motor area,Frontal association area 3,Primary motor area,"Agranular insular cortex, ventral area",Agranular insular cortex dorsal area,Cingulate area 1,Infralimbic area,Dysgranular insular cortex,Granular insular cortex,"Primary somatosensory area, forelimb representation","Primary somatosensory area, dysgranular zone","Primary somatosensory area, face representation",Secondary somatosensory area,"Primary somatosensory area, hindlimb representation","Agranular insular cortex, posterior area","Primary somatosensory area, barrel field",Retrosplenial dysgranular area,"Primary somatosensory area, trunk representation",Retrosplenial granular area,"Parietal association cortex, lateral area","Parietal association cortex, medial area","Parietal association cortex, posterior area",Primary visual area,"Secondary visual area, lateral part",Temporal association cortex,"Secondary visual area, medial part",Nucleus of the lateral olfactory tract
0.0,0.3911806023606203,0.3034048355406528,0.3087518402158525,0.3964470863818145,0.7430490320467658,0.8378188586354633,0.8451060552668851,0.8405212103605733,0.8501448641123255,0.767791545432282,0.6562625454350838,0.8104519359240757,0.6296597661070563,0.7362694657658068,0.7679750065894588,0.7274253875319728,0.828885704204547,0.754218228440627,0.8249570423989194,0.7673851356753137,0.7912436835069522,0.5964329838912147,0.7484519777325755,0.658798563980255,0.6051814630141251,0.39398566017014025,0.2497781067175423,0.4160181875425167,0.602102788013612,0.7566370802009628,0.646198137606691,0.8205325434970964,0.6028332668072747,0.7268807879293057,0.9368607069398653,0.5188585968005709,0.7369672118379711,0.8027652364434986,0.9165796850797906,0.7921589793445525,0.8621951722329053,0.7102780732772856,0.8375287790215454,0.778171541871452,0.8039548356249033,0.8199291087949517,0.8161406649084932,0.9363100645002655,0.8114020259161131,0.7559356164500258,0.7005270029549817,0.7266827879766189,0.7223849766507251,0.7029477916220344,0.8213641290896164,0.8084916631860806
0.3911806023606203,0.0,0.89983509782084,0.8765608567996114,0.8229232302074289,0.36859731576527294,0.4511584898467975,0.4018644462769753,0.4142463067796934,0.3090906352762576,0.4163944813822904,0.5245878437840827,0.3579734347111182,0.46004012274187617,0.4427277762292096,0.497508650685703,0.4387801320127579,0.510246129122509,0.5390816586180268,0.46338627801416815,0.5247191949175096,0.5321086353147032,0.5679710353419187,0.5424955392604837,0.5525723001690565,0.6542225954375048,0.7488571426085566,0.6579949738246906,0.7269484064475691,0.6876031267660933,0.5054703595544775,0.6115397115908938,0.40940869360176657,0.7259231680635051,0.5227645440678511,0.46146980859262005,0.59081483472812,0.46847186057825435,0.457016727541104,0.37384166547150544,0.3951215014679653,0.49376426773056825,0.49569210458880586,0.3305146768081709,0.49335849608243654,0.41579777973953097,0.41944075057388386,0.37562322502426637,0.4051282371191582,0.2998888032683014,0.40873935052479654,0.5284175980428817,0.44740148753956216,0.4338691487855817,0.48493781888785,0.41264040180908257,0.332990500203002
0.3034048355406528,0.89983509782084,0.0,1.0,0.7540774023596171,0.31286879094295794,0.3871935983397304,0.3280389349340362,0.3551223834324887,0.2541586913052533,0.34634776935653344,0.4229095921810043,0.30217325020666286,0.3878287675083274,0.3754473009459707,0.4190555376278467,0.37461839205484593,0.41608598705076544,0.43395535533341656,0.38649179523918803,0.4470891613217458,0.43447795341019113,0.49879562559598983,0.4742968913077314,0.49451690561733364,0.572907781938026,0.7679892762960367,0.8041706846606874,0.6680619632464337,0.5816801779178951,0.412253424535296,0.5492456798900486,0.35084446503541533,0.6564203972589242,0.44284033040608567,0.37907841936054165,0.4836082213558109,0.39672667950043117,0.39307180029554545,0.309472810076889,0.3337883636174934,0.43133023536574683,0.4365729590202107,0.2660805795453606,0.4091984018099844,0.3513243275223882,0.34644988710271984,0.31857389673239894,0.3355563595064138,0.24496373364639648,0.34964160526788535,0.4588948647975228,0.3732328737063597,0.367758774147479,0.4053904525401663,0.3440600331231541,0.2785461100567493
0.3087518402158525,0.8765608567996114,1.0,0.0,0.7952034507941761,0.3181911852594691,0.3900626329500406,0.32927760818378904,0.3732364816441507,0.25934665765619624,0.35690147310415127,0.4468748348846235,0.30737265444260925,0.4131018911027327,0.380967967591684,0.4246319537177035,0.3788308339272888,0.43185631500236543,0.46057044910541556,0.40580070050747324,0.45255008987938783,0.4657345168170651,0.5437640561746269,0.4847351350320949,0.517076315041889,0.656810410680392,0.8074132703671911,0.917119959139148,0.7441280741702253,0.6249149401062786,0.46330696833548973,0.600400664904109,0.3784573719553913,0.6981828684563176,0.469389013403401,0.3978661651388775,0.5280332161018721,0.4197008275108532,0.4136880115442043,0.32900058153130046,0.333696474253905,0.4534121246602164,0.46792289633652273,0.27716819371156987,0.4304396304684156,0.3601457070050035,0.3562582528031924,0.32045010167891536,0.35357016020052323,0.2558076093586229,0.3656188811484232,0.4621538716643127,0.3840844271229079,0.3742580536920063,0.4077427154241916,0.3522228375683275,0.2797598688062765
0.3964470863818145,0.8229232302074289,0.7540774023596171,0.7952034507941761,0.0,0.4217973512472255,0.5821406688693957,0.4471962206089453,0.5366398672703503,0.3731837131308775,0.5436255283264562,0.6555077202217232,0.4246990831591541,0.6133731306213674,0.5067515938359433,0.5473402902005952,0.5651908646681039,0.6206908163867488,0.6552761089948128,0.5502402682082376,0.6086074242153431,0.6393653266380547,0.8372506531160332,0.6833048781951202,0.7224606522894398,0.9199283758136896,0.932583451095066,0.5953420240420694,0.9420021754750761,0.8827246027346639,0.6309139370166656,0.7407390992400026,0.5302804022862874,0.9482861155921374,0.6187403457356074,0.5223584680928901,0.7928175980015356,0.5877568052110145,0.5424524003763669,0.4566002255837203,0.44776547356418395,0.5947439684891814,0.6415195645442983,0.38055221751423124,0.6064261747262665,0.5313490459337361,0.5236009212117452,0.4546359453605908,0.5366505126537733,0.3541522094989665,0.5291078454662858,0.6768516536291437,0.5674468325183074,0.5682215778836971,0.5279849458807007,0.49140971576929215,0.38782899933271225
0.7430490320467658,0.36859731576527294,0.31286879094295794,0.3181911852594691,0.4217973512472255,0.0,0.8760567103667694,0.8730463508799795,0.9646322476253041,0.7819344633479575,0.863626433355917,0.7076254747010485,0.8850035706041762,0.6872473635763989,0.835781111505367,0.8064283448836984,0.7924346516716799,0.7980074535124232,0.7890886419848766,0.8917837082867719,0.8254040897319256,0.8227600320830964,0.6661546696001207,0.8168942297255462,0.7489478392302639,0.6438420499806378,0.42940837467574083,0.2597466479070747,0.45031098812225,0.6267868358461792,0.8008566729912634,0.656780762962228,0.8079781806492848,0.6376601486337486,0.7401373771208006,0.7827337016509687,0.5522812128059047,0.8065417777056381,0.7927399833958501,0.8368751882989084,0.8932154264622514,0.8166484870737256,0.7764498133771038,0.818735160804479,0.8179590289817866,0.9447516676204789,0.8305449406795269,0.8804848821338032,0.8631757937065151,0.9272894816151731,0.8438863865041502,0.733203825392623,0.7746946215401606,0.8872730073919587,0.7430337030692532,0.8974218908434725,0.8430226940516119
0.8378188586354633,0.4511584898467975,0.3871935983397304,0.3900626329500406,0.5821406688693957,0.8760567103667694,0.0,0.9122658166548058,0.9968532818097049,0.8797243479368785,1.0,0.8348821598918668,0.9195366585714516,0.9035252817949506,0.9184074079512824,0.9189034521104132,0.9115258361661817,1.0,0.9169383554223349,0.9522335888596366,0.9636974807321312,0.9392061471066315,0.8097847344584154,0.8924374019866046,0.8608143391361556,0.8306138077506307,0.5749771474790583,0.3208833121776418,0.5903378715640165,0.7953451567805732,0.9170739362808104,0.8363112112744538,0.8803029344656922,0.8377297801980886,0.8706368368181233,0.8828311828303963,0.7309071982204655,0.8895492446094819,0.9125280671650825,0.8985716664393683,0.9042641400866211,0.9423896666268501,0.8196051016965747,0.832330000313996,0.9270013944136123,0.9699257858583346,0.8778893188685533,0.9475773515318713,0.9488443675120973,0.8703630789429616,0.9337101273792641,0.8861349293904729,0.8813454733893348,0.9677611571482958,0.9364742858348436,0.9368445955504147,0.8793902812569084
0.8451060552668851,0.4018644462769753,0.3280389349340362,0.32927760818378904,0.4471962206089453,0.8730463508799795,0.9122658166548058,0.0,1.0,0.8671251009958071,0.8615137880011204,0.7934605629078173,0.9960685778587169,0.7893515955286857,0.9681084360889864,0.8833476167003066,0.8499989939302232,0.9952836758504228,0.8521562415855413,0.9332299112281531,0.889468589805901,0.9371396828951186,0.7008664408599984,0.8545458726324013,0.7540535887050069,0.7170581566773631,0.40884692122637956,0.25914029540948386,0.44363651700440876,0.686799389500825,0.7896009431326046,0.6675053121714116,0.8415576041176707,0.6863831678388266,0.8459596825961315,0.9048583966059149,0.5602471241747173,0.8736221255248665,0.9282398207390261,0.8621048744568462,0.8838995744828286,0.8817889424433564,0.803226746518423,0.9013720040546888,0.8956521277752466,0.9735844740006966,0.8914666039265925,0.9014318407082891,0.9495185081169489,0.8577198371443927,0.8592316602238805,0.8861134586003208,0.8723677912437046,0.8962804587489358,0.8961694940015869,0.9887696165589519,0.8913278456217691
0.8405212103605733,0.4142463067796934,0.3551223834324887,0.3732364816441507,0.5366398672703503,0.9646322476253041,0.9968532818097049,1.0,0.0,0.9393512167252853,0.9912548362260127,0.8304283857103832,1.0,0.8900126157703242,1.0,0.9676808044573951,0.9289264854999072,1.0,0.9662756684116605,1.0,0.9320326282963622,0.9647151405011242,0.8106957360132083,0.9891982635488591,0.910177879951415,0.8224492132482831,0.5167395500928633,0.30710400295324164,0.561767900350978,0.7772702271494698,1.0,0.8343575047629146,0.9733436437674398,0.8111715132080194,0.8878005609462648,0.9639993219438766,0.6919205871593567,0.9826120779331666,0.9047579738781057,0.9839687902551558,0.982247589211783,0.9531693539918327,0.8815241475674378,0.9302607241055084,0.9616532493850227,1.0,0.9374370614930012,1.0,1.0,0.9274383401915866,1.0,0.8740260553910494,0.956164066174713,1.0,0.9129953787781772,1.0,0.9545134050316771
0.8501448641123255,0.3090906352762576,0.2541586913052533,0.25934665765619624,0.3731837131308775,0.7819344633479575,0.8797243479368785,0.8671251009958071,0.9393512167252853,0.0,0.8860530514972722,0.6647805270131759,0.9038022144941056,0.6962899634142996,0.7221876678783714,0.6840509295058036,0.8314664854013805,0.8606765258277062,0.7105631883100892,0.776998550884991,0.7321728767426372,0.7478859963648968,0.6067909733360161,0.6919250885887644,0.6372854897869641,0.5506503088673156,0.3603173149938454,0.20570246403678577,0.379288590105573,0.5420629616615289,0.7365743550443952,0.5584417499174116,0.795591327829386,0.5430757428332628,0.6760595337936655,0.8369288049209348,0.5112642379453884,0.7194784693995142,0.7790587129348934,0.8726941025238315,0.8292047117413787,0.7350756497270772,0.6962371878221162,0.8589249477832308,0.7886452435462669,0.8141732992286115,0.8227387475027773,0.9127023256362365,1.0,0.9309077610542403,0.8116853013549634,0.7142864389077174,0.7819162600796243,0.8669888206508335,0.7165018559423086,0.8719747340687964,0.8557388407603965
0.767791545432282,0.4163944813822904,0.34634776935653344,0.35690147310415127,0.5436255283264562,0.863626433355917,1.0,0.8615137880011204,0.9912548362260127,0.8860530514972722,0.0,0.8908132994715213,0.9633844545432684,0.9327138434885531,0.8929935845269327,0.877497497145967,0.9393185235733067,0.9359404998551462,0.8889725410589799,0.9066926342856497,0.937992627249125,0.8847079838762972,0.8068018870741934,0.8979713683877875,0.858849095439688,0.7594467281105189,0.5163520135152062,0.3011465351506104,0.5683930145980424,0.7324240280027444,0.8577402592350489,0.7566753333239333,0.9000549553461729,0.7884493316261844,0.8377675129349654,0.8208181309003143,0.7159342692986007,0.8801899633759179,0.8294245030353041,0.9394362763627859,0.9392679167078315,0.8381875949277388,0.8796613857752104,0.8207409435764476,0.900429387893038,0.9887784520360489,0.901839668134384,0.922643787214015,1.0,0.8620134681305941,1.0,0.8667472964645747,0.9638616205979664,0.9964371997052265,0.8896990138323853,1.0,0.8049057624849838
0.6562625454350838,0.5245878437840827,0.4229095921810043,0.4468748348846235,0.6555077202217232,0.7076254747010485,0.8348821598918668,0.7934605629078173,0.8304283857103832,0.6647805270131759,0.8908132994715213,0.0,0.8106109602205205,0.9661995743513425,0.895143520657166,0.8662601184353741,0.8873974483506503,0.9213696292380668,0.8458049627525563,0.8648766230208625,0.9199872638476053,0.8117315562397934,0.8799760863249124,0.8457987272753957,0.776046439364566,0.8313793581098093,0.5861686998541403,0.34723076400733166,0.6481702590035013,0.7726310995714916,0.7481244466566109,0.7802918406305942,0.6933157866342013,0.8438094127939308,0.8707565129098827,0.708534569600789,0.7341909227246206,0.8817857897380826,0.8348805266505752,0.6662439231781051,0.6957979343181613,0.7736248878811344,0.8150467743153844,0.6092960923516264,0.8643052460729066,0.8103244486350673,0.8051108000763214,0.8125850486139151,0.817926258250172,0.6376204237047658,0.79099383066605,0.8973608614660689,0.9251300494365048,0.932717643460192,0.9572232117840478,0.8040779203598666,0.6630350633899741
0.8104519359240757,0.3579734347111182,0.30217325020666286,0.30737265444260925,0.4246990831591541,0.8850035706041762,0.9195366585714516,0.9960685778587169,1.0,0.9038022144941056,0.9633844545432684,0.8106109602205205,0.0,0.828885231575542,0.8602359959558764,0.8333210130876963,0.9402062714592229,0.8931715152425839,0.845688790523508,0.9609002262823023,0.8843476844026773,0.898001826827633,0.7044831353242031,0.826997817374044,0.7168834626457691,0.6440782431393572,0.4158584672013043,0.24800116028166286,0.4433144745713264,0.6189801500378627,0.8105118301066854,0.6712262641678951,0.8944771231365282,0.6477887793535783,0.7833165381130823,0.7775556954166013,0.5729059594909771,0.8603555913970268,0.8360636146411524,0.9187260926779437,0.920123899658126,0.808235757952531,0.7896810260629252,0.8524578049831277,0.893273005391061,0.9547822378596967,0.8942300657900527,0.9971954221086594,0.974752860222595,0.9071500467796592,0.9689899300982897,0.821603605277209,0.8894371435941746,0.9869404857338135,0.8708507035844907,0.9391264491681814,0.8882725734986097
0.6296597661070563,0.46004012274187617,0.3878287675083274,0.4131018911027327,0.6133731306213674,0.6872473635763989,0.9035252817949506,0.7893515955286857,0.8900126157703242,0.6962899634142996,0.9327138434885531,0.9661995743513425,0.828885231575542,0.0,0.8241994147114047,0.835585080748598,0.8982523911100644,0.8850965921854332,0.833324026565802,0.9041649994116803,0.8516732258725548,0.8213845835450079,0.8568868004752247,0.8444813383390103,0.7969870948720301,0.7842969014537389,0.5478309000895691,0.3320086282864338,0.645042083728188,0.7651908340975366,0.7237074577132294,0.7721957738762805,0.6691220120589245,0.8905129307014293,0.8600748564681981,0.7236613125484002,0.7084553246309739,0.8825380526406942,0.8581622265171744,0.6506573403853921,0.6539174158713235,0.7228357447720692,0.9038652023265356,0.6271991819315876,0.8364598767136736,0.7786584925685952,0.8310637834740542,0.8232076727745568,0.891295612304086,0.6557816390607917,0.8183472077269324,0.9039039580439444,0.9517721226825052,0.9227154279695413,0.9546608832691245,0.8039287619274248,0.6594517443189599
0.7362694657658068,0.4427277762292096,0.3754473009459707,0.380967967591684,0.5067515938359433,0.835781111505367,0.9184074079512824,0.9681084360889864,1.0,0.7221876678783714,0.8929935845269327,0.895143520657166,0.8602359959558764,0.8241994147114047,0.0,0.98796272551478,0.9249133621438348,1.0,0.9189428978133704,0.9920008936825788,1.0,0.9214117313710862,0.7956063339068171,0.962368208744849,0.8087821198820804,0.7562612719263316,0.47640162415535453,0.3035208107311452,0.510508118325189,0.7060322370165261,0.7818112626918067,0.7721632805887941,0.7978785985190914,0.8643470987458033,0.8746180687903956,0.8222551018937981,0.6068979035339598,0.9345661573903208,0.8554558346730314,0.8069146690842748,0.8134215950561915,0.9006061275773657,0.8995605554808976,0.7298011640538001,0.924372034901455,0.9461512292550035,0.8882641970313745,0.944790039623055,0.8967728037594701,0.7402928916629498,0.8688185038366366,0.9396250947784388,0.9629041285714507,0.9299563371570606,0.9521816179656633,0.9250601346231354,0.7815638407656051
0.7679750065894588,0.497508650685703,0.4190555376278467,0.4246319537177035,0.5473402902005952,0.8064283448836984,0.9189034521104132,0.8833476167003066,0.9676808044573951,0.6840509295058036,0.877497497145967,0.8662601184353741,0.8333210130876963,0.835585080748598,0.98796272551478,0.0,0.8752783507804814,0.9822686689713601,0.8702537312103134,0.9305857110226375,1.0,0.9681493289054455,0.8110652379241005,0.9235080811924508,0.8472796021872244,0.8152776403040514,0.5322119420530892,0.3474948248067308,0.5794638579993743,0.7675656747434675,0.7985931198205322,0.7951249871007241,0.7988966077095044,0.9036448034362577,0.9006590475340686,0.8313024035151555,0.6138977108677605,0.8971651430256972,0.8864178552333747,0.7722889757049403,0.7774172808387767,0.8548393682605625,0.9052528729338547,0.669552997626572,0.9001068148443176,0.8840550081292924,0.7964767577810655,0.8562076921456162,0.8201456853488005,0.6906324462193401,0.8309569858337443,0.9670456790819236,0.9069680022837369,0.9302699060185011,0.9810188391562105,0.9058314368093598,0.6971693922462505
0.7274253875319728,0.4387801320127579,0.37461839205484593,0.3788308339272888,0.5651908646681039,0.7924346516716799,0.9115258361661817,0.8499989939302232,0.9289264854999072,0.8314664854013805,0.9393185235733067,0.8873974483506503,0.9402062714592229,0.8982523911100644,0.9249133621438348,0.8752783507804814,0.0,0.9635881477586581,0.8628640295554632,0.9485973204943282,0.9417954192507277,0.8944411207347436,0.8376400800083362,0.8746909589134632,0.8341337384491557,0.7892096052186718,0.5199750326616787,0.30963392507950127,0.5747582799299248,0.7605527046347099,0.8217160318373906,0.7793919135802273,0.7839398649106883,0.8174067837084508,0.8173031514854682,0.7893061482457421,0.7256679966962486,0.8295386616691057,0.8417717035065425,0.7731820783963511,0.8051176671391875,0.7522124031140597,0.8382994261840225,0.7377677142340892,0.8756609132554949,0.8879107641287178,0.8816575751771132,0.8911741521084415,0.9061791905118606,0.7548305444786194,0.8176252632407571,0.9280686499523055,0.8992808928764792,0.9841071185628919,0.9111889885873163,0.9171256325948781,0.7594828835592654
0.828885704204547,0.510246129122509,0.41608598705076544,0.43185631500236543,0.6206908163867488,0.7980074535124232,1.0,0.9952836758504228,1.0,0.8606765258277062,0.9359404998551462,0.9213696292380668,0.8931715152425839,0.8850965921854332,1.0,0.9822686689713601,0.9635881477586581,0.0,0.9395902013446558,1.0,1.0,0.9961786352177534,0.853429175746703,1.0,0.878449076887471,0.8803752591290958,0.5893258353751282,0.34755578624131583,0.6214068520573766,0.8794273698165692,0.8848465826509918,0.8110316363923264,0.856412187866523,0.908165257227497,0.9774057379529778,0.897791586317488,0.7438186779151218,0.9338611807788209,0.9555189460832542,0.8894327522415517,0.8445814171254293,0.969810549597249,0.9267656014085754,0.775497721777882,0.9988450397915706,0.9565984596015966,0.9090208007546747,0.8938716551604117,0.9796791777779812,0.7746078430831047,0.9606625071622783,0.9666550075225114,0.9220128975810036,1.0,1.0,0.9774680271059376,0.8434019921451138
0.754218228440627,0.5390816586180268,0.43395535533341656,0.46057044910541556,0.6552761089948128,0.7890886419848766,0.9169383554223349,0.8521562415855413,0.9662756684116605,0.7105631883100892,0.8889725410589799,0.8458049627525563,0.845688790523508,0.833324026565802,0.9189428978133704,0.8702537312103134,0.8628640295554632,0.9395902013446558,0.0,0.9613985936018213,0.9307922058148753,0.9177187470791397,0.8586392022892059,0.9370158227205447,0.9081177162910973,0.8558201679321136,0.6017630560136917,0.3699837346468212,0.6373498439663378,0.8552539202244478,0.886281965691144,0.8055931354816956,0.794800704552114,0.8663246890212976,0.8629269046647232,0.8198053557582629,0.8161406115919598,0.9181211131038094,0.8233488581283847,0.845275952692395,0.8422597894178813,0.8619170696958556,0.8731090803895232,0.7206717751883183,0.8895317781981551,0.89766184702253,0.8223382847212887,0.8347143060206282,0.8293488281162628,0.713981904108542,0.8940921696668527,0.9032660788935867,0.8411559802983355,0.9427258225256808,0.9360867809036314,0.8368320007609024,0.7792172084254082
0.8249570423989194,0.46338627801416815,0.38649179523918803,0.40580070050747324,0.5502402682082376,0.8917837082867719,0.9522335888596366,0.9332299112281531,1.0,0.776998550884991,0.9066926342856497,0.8648766230208625,0.9609002262823023,0.9041649994116803,0.9920008936825788,0.9305857110226375,0.9485973204943282,1.0,0.9613985936018213,0.0,0.9897850013443958,0.9791978533911874,0.8608666984245553,0.9807381382513009,0.9120479631114327,0.8307727161836189,0.5561438590917345,0.33525194698342875,0.5786559513195023,0.7850920723668732,0.8813632489175367,0.8602866967459765,0.8441645222915983,0.8586361522482099,0.8766685635913608,0.8807947297102369,0.7090902731863153,0.9082300902558403,0.8886675930316061,0.8870420413980881,0.8579645663419169,0.9437809157508273,0.8962974740354083,0.7968634483335604,0.9556564911348955,0.942838586423824,0.9307079366939235,0.9498862165097507,0.9868815773142858,0.8186023893521505,0.9311415283711523,0.9288943107183506,0.9586832541165068,0.9575821171165912,0.9381646924150541,0.9799292912808848,0.8713096927523665
0.7673851356753137,0.5247191949175096,0.4470891613217458,0.45255008987938783,0.6086074242153431,0.8254040897319256,0.9636974807321312,0.889468589805901,0.9320326282963622,0.7321728767426372,0.937992627249125,0.9199872638476053,0.8843476844026773,0.8516732258725548,1.0,1.0,0.9417954192507277,1.0,0.9307922058148753,0.9897850013443958,0.0,0.9958586251705783,0.8676175316127117,0.9998050499505174,0.9268457388953895,0.8920141173347123,0.603532072624229,0.36923579565038844,0.6186162657940709,0.8592019152125512,0.8895669834701327,0.880716223271642,0.8014466555937484,0.9268916546821515,0.9170700765750137,0.8415944184274615,0.6820216102980162,0.8951675943734814,0.8932819487854154,0.81392388576825,0.857994877139163,0.9697829311513643,0.9437444993091376,0.7073869482086176,0.9603848918051563,0.8981653324721892,0.8679449935438057,0.892250853273787,0.8812125988946122,0.7051328192349435,0.9265577723856773,0.9369712930985693,0.9354423813393968,0.967659996475224,0.9993687874994848,0.9272153309422481,0.7458321561352965
0.7912436835069522,0.5321086353147032,0.43447795341019113,0.4657345168170651,0.6393653266380547,0.8227600320830964,0.9392061471066315,0.9371396828951186,0.9647151405011242,0.7478859963648968,0.8847079838762972,0.8117315562397934,0.898001826827633,0.8213845835450079,0.9214117313710862,0.9681493289054455,0.8944411207347436,0.9961786352177534,0.9177187470791397,0.9791978533911874,0.9958586251705783,0.0,0.9185574502430656,0.9913151652853114,0.9323726244352817,0.9168491836065491,0.6018808186249118,0.36822829155625175,0.6607183117112252,0.8540328874256201,0.9444561151617682,0.8823456487353286,0.9002172030806316,0.8957645409296093,0.9359580193095319,0.8719580935180378,0.7217001866936403,0.9439688085610353,0.948129689257194,0.8654129590036018,0.8679874022573191,0.9498033369993951,0.9256361276715502,0.7421126005775495,0.9525876192577295,0.9741615761980824,0.9057075889192638,0.9042962258820556,0.9461436164047209,0.7445441230460557,0.9480664202771315,0.9314137998861731,0.8926924608614689,0.9189226474808287,0.903038095287589,0.9085626855813336,0.789775878311862
0.5964329838912147,0.5679710353419187,0.49879562559598983,0.5437640561746269,0.8372506531160332,0.6661546696001207,0.8097847344584154,0.7008664408599984,0.8106957360132083,0.6067909733360161,0.8068018870741934,0.8799760863249124,0.7044831353242031,0.8568868004752247,0.7956063339068171,0.8110652379241005,0.8376400800083362,0.853429175746703,0.8586392022892059,0.8608666984245553,0.8676175316127117,0.9185574502430656,0.0,0.9290090599103277,0.9255251026407411,0.8957920592084896,0.6963128796724216,0.43746036072320243,0.8385353766454507,0.8878545618459033,0.803843277581527,0.8330964884285804,0.7433085858978066,0.9924636049625437,0.8760995733622007,0.7149025891031978,0.8485151351725833,0.8586646262405225,0.793231400013825,0.6667087551564461,0.6553146778912989,0.7857515621413674,0.8117883317821836,0.541173795739097,0.8464445114581898,0.7677694826061172,0.781710869998525,0.7212985580872597,0.7804175211898027,0.5500586093283393,0.7784881976975316,0.9078418136581587,0.8367727710804208,0.8160556869954427,0.7938384444248692,0.7582323746211609,0.5576333147573271
0.7484519777325755,0.5424955392604837,0.4742968913077314,0.4847351350320949,0.6833048781951202,0.8168942297255462,0.8924374019866046,0.8545458726324013,0.9891982635488591,0.6919250885887644,0.8979713683877875,0.8457987272753957,0.826997817374044,0.8444813383390103,0.962368208744849,0.9235080811924508,0.8746909589134632,1.0,0.9370158227205447,0.9807381382513009,0.9998050499505174,0.9913151652853114,0.9290090599103277,0.0,0.994853707003081,0.94471111636263,0.7001081209214998,0.3984861922255975,0.6978716520685172,0.9489208086538319,0.9799854807798342,0.9450281392363645,0.9005077201429503,0.9834272009588707,0.9325807831452299,0.9014232238841289,0.7468860499231588,0.9494703777252292,0.9580192135182194,0.8928315010227067,0.8882836077288122,0.9637287657210526,0.9526342385929176,0.7679286290422395,0.9485580353189859,0.9939168136961536,0.8517424794349018,0.8743326179057711,0.8813024266605721,0.6869759271772763,0.9074049709473458,0.8846267968700943,0.9207718312993535,0.8864042224250526,0.8469722333859052,0.9233578043217545,0.755990421794368
0.658798563980255,0.5525723001690565,0.49451690561733364,0.517076315041889,0.7224606522894398,0.7489478392302639,0.8608143391361556,0.7540535887050069,0.910177879951415,0.6372854897869641,0.858849095439688,0.776046439364566,0.7168834626457691,0.7969870948720301,0.8087821198820804,0.8472796021872244,0.8341337384491557,0.878449076887471,0.9081177162910973,0.9120479631114327,0.9268457388953895,0.9323726244352817,0.9255251026407411,0.994853707003081,0.0,0.915266771116821,0.7200268535223012,0.4448172193049936,0.6974996536439566,0.9648531491931436,0.9409668931529506,0.9113584088697065,0.7724597851198093,0.9485072766463372,0.9563962322414338,0.7694791879352298,0.7431617016837588,0.8623019228257066,0.8199718154093248,0.7594645623210469,0.7746977955603941,0.837314690557369,0.8813230048470195,0.6451890750831456,0.9185717478988087,0.841345599500307,0.7959866424585905,0.7970088787888425,0.8096368991587227,0.6260970851591633,0.8548370766516119,0.884804796862559,0.8194732979830041,0.9124122417382481,0.8532211212881178,0.8234391727074132,0.7035620800590088
0.6051814630141251,0.6542225954375048,0.572907781938026,0.656810410680392,0.9199283758136896,0.6438420499806378,0.8306138077506307,0.7170581566773631,0.8224492132482831,0.5506503088673156,0.7594467281105189,0.8313793581098093,0.6440782431393572,0.7842969014537389,0.7562612719263316,0.8152776403040514,0.7892096052186718,0.8803752591290958,0.8558201679321136,0.8307727161836189,0.8920141173347123,0.9168491836065491,0.8957920592084896,0.94471111636263,0.915266771116821,0.0,0.8331399433308774,0.5131390583701293,0.8574994261345275,0.9732060258572903,0.9030801163803482,0.9248480647808154,0.7287401551257057,1.0,0.830187450126034,0.7637666095672788,0.8135926098653222,0.8810584175774024,0.7952453039981864,0.6883149472057334,0.6695700490393887,0.8621336834043296,0.8611191245303175,0.5930416050208133,0.8826796650061826,0.7723267547291092,0.7537372597418653,0.6849561640008839,0.7183062670566209,0.5472721509906601,0.7752587702685925,0.8498721156260097,0.7984439067388867,0.7810030592147742,0.8040720112090477,0.7552962395101644,0.5985946423325577
0.39398566017014025,0.7488571426085566,0.7679892762960367,0.8074132703671911,0.932583451095066,0.42940837467574083,0.5749771474790583,0.40884692122637956,0.5167395500928633,0.3603173149938454,0.5163520135152062,0.5861686998541403,0.4158584672013043,0.5478309000895691,0.47640162415535453,0.5322119420530892,0.5199750326616787,0.5893258353751282,0.6017630560136917,0.5561438590917345,0.603532072624229,0.6018808186249118,0.6963128796724216,0.7001081209214998,0.7200268535223012,0.8331399433308774,0.0,0.6977594931961054,0.8825819025918022,0.8175687820423202,0.6432165969589635,0.7862475817886999,0.5465376771788231,0.9057169205893242,0.613484923385913,0.5124989363204396,0.6922434061204789,0.5526963311282693,0.5429847143524695,0.4507565551849913,0.4630061933843791,0.590958913078684,0.6250217799486699,0.37293175062652273,0.5806512374514211,0.5088967289021953,0.5018665382566583,0.42576685874120757,0.48577633997187036,0.3389254800435321,0.5146225357688281,0.6290942879912487,0.5351463584454744,0.5176366614779897,0.5124070040828034,0.4702063464557996,0.3854884007016786
0.2497781067175423,0.6579949738246906,0.8041706846606874,0.917119959139148,0.5953420240420694,0.2597466479070747,0.3208833121776418,0.25914029540948386,0.30710400295324164,0.20570246403678577,0.3011465351506104,0.34723076400733166,0.24800116028166286,0.3320086282864338,0.3035208107311452,0.3474948248067308,0.30963392507950127,0.34755578624131583,0.3699837346468212,0.33525194698342875,0.36923579565038844,0.36822829155625175,0.43746036072320243,0.3984861922255975,0.4448172193049936,0.5131390583701293,0.6977594931961054,0.0,0.6158359040900774,0.49735844458498374,0.3795771003635781,0.5047925722354977,0.32577841625044374,0.5518974531700576,0.39222994883964857,0.3149305813023335,0.39091197432290764,0.3464884513170135,0.3292146819478617,0.2759658580719803,0.283355832537695,0.3730069853108865,0.37846584696039554,0.22059467994828175,0.36282638791209515,0.3063092768347024,0.30192806110478,0.2625471720122285,0.2774571728138325,0.20945600390310193,0.3193809182394988,0.36613573118129406,0.3123825783796159,0.30718736962526294,0.3212861410605538,0.2891012235136358,0.22717871644187856
0.4160181875425167,0.7269484064475691,0.6680619632464337,0.7441280741702253,0.9420021754750761,0.45031098812225,0.5903378715640165,0.44363651700440876,0.561767900350978,0.379288590105573,0.5683930145980424,0.6481702590035013,0.4433144745713264,0.645042083728188,0.510508118325189,0.5794638579993743,0.5747582799299248,0.6214068520573766,0.6373498439663378,0.5786559513195023,0.6186162657940709,0.6607183117112252,0.8385353766454507,0.6978716520685172,0.6974996536439566,0.8574994261345275,0.8825819025918022,0.6158359040900774,0.0,0.8130946033383158,0.6667286592228261,0.8125533153891452,0.5340492926068778,0.9245533619833965,0.6672871280153364,0.5641951053057072,0.7454993245332353,0.6143750926259091,0.5836117117986008,0.4769938990103418,0.47163723954849146,0.6288045366775973,0.6561982871838299,0.3737207440167609,0.6191633675148399,0.5192606447773949,0.5380212653833293,0.4509702552582411,0.5303190445049031,0.3712198780734676,0.5413139803764925,0.6610288651978101,0.5820265399083961,0.587802398456415,0.5649234578813033,0.4979968329150346,0.38499468405924586
0.602102788013612,0.6876031267660933,0.5816801779178951,0.6249149401062786,0.8827246027346639,0.6267868358461792,0.7953451567805732,0.686799389500825,0.7772702271494698,0.5420629616615289,0.7324240280027444,0.7726310995714916,0.6189801500378627,0.7651908340975366,0.7060322370165261,0.7675656747434675,0.7605527046347099,0.8794273698165692,0.8552539202244478,0.7850920723668732,0.8592019152125512,0.8540328874256201,0.8878545618459033,0.9489208086538319,0.9648531491931436,0.9732060258572903,0.8175687820423202,0.49735844458498374,0.8130946033383158,0.0,0.8518453286951453,0.9034443988431833,0.7522735257914756,0.9550891725957168,0.8695584179718342,0.7326446299779845,0.8295098791388754,0.8001540163194981,0.7539299364621049,0.6597394820616065,0.678006102066789,0.833221557996861,0.8116772109828454,0.5898398558033439,0.8218205489433023,0.739665548988084,0.721825806458833,0.6734016910033348,0.7173266046286094,0.5357719402249529,0.7588875231326422,0.859030251997798,0.7359018211569931,0.7539960298430723,0.7259464611368499,0.7082239545893434,0.5801830747086533
0.7566370802009628,0.5054703595544775,0.412253424535296,0.46330696833548973,0.6309139370166656,0.8008566729912634,0.9170739362808104,0.7896009431326046,1.0,0.7365743550443952,0.8577402592350489,0.7481244466566109,0.8105118301066854,0.7237074577132294,0.7818112626918067,0.7985931198205322,0.8217160318373906,0.8848465826509918,0.886281965691144,0.8813632489175367,0.8895669834701327,0.9444561151617682,0.803843277581527,0.9799854807798342,0.9409668931529506,0.9030801163803482,0.6432165969589635,0.3795771003635781,0.6667286592228261,0.8518453286951453,0.0,0.9212641227161712,0.969059084945121,0.7981731702284095,0.9053260061446214,0.9340144074998604,0.7322318980365705,0.8755022153285653,0.8602813010331553,0.9402783619731381,0.9151656316400567,0.9703133997255389,0.8931220432423519,0.7630266552391511,0.9227206245577232,0.8865667118762072,0.8928957289289572,0.8342037827238128,0.8988166327681898,0.7636207626635686,0.9107798058679756,0.810292384962265,0.8342088658679145,0.828328049314781,0.8199708233931814,0.8603337212639857,0.7795458179036372
0.646198137606691,0.6115397115908938,0.5492456798900486,0.600400664904109,0.7407390992400026,0.656780762962228,0.8363112112744538,0.6675053121714116,0.8343575047629146,0.5584417499174116,0.7566753333239333,0.7802918406305942,0.6712262641678951,0.7721957738762805,0.7721632805887941,0.7951249871007241,0.7793919135802273,0.8110316363923264,0.8055931354816956,0.8602866967459765,0.880716223271642,0.8823456487353286,0.8330964884285804,0.9450281392363645,0.9113584088697065,0.9248480647808154,0.7862475817886999,0.5047925722354977,0.8125533153891452,0.9034443988431833,0.9212641227161712,0.0,0.8685910936700649,0.9875700375282334,0.9048138771949693,0.7751832229876111,0.7307336526224899,0.8289258715123731,0.7720291252863042,0.7097056144661414,0.7201725422849642,0.8946886545194698,0.8573529204671433,0.5613255117641167,0.8704287521665418,0.7666914230219342,0.7681024684207403,0.7151175921000216,0.7602786209091252,0.5525798523431449,0.8070339576992638,0.8309564171768816,0.8174686978622027,0.7761239187037462,0.7366333528487821,0.7389589610926665,0.5920335539992851
0.8205325434970964,0.40940869360176657,0.35084446503541533,0.3784573719553913,0.5302804022862874,0.8079781806492848,0.8803029344656922,0.8415576041176707,0.9733436437674398,0.795591327829386,0.9000549553461729,0.6933157866342013,0.8944771231365282,0.6691220120589245,0.7978785985190914,0.7988966077095044,0.7839398649106883,0.856412187866523,0.794800704552114,0.8441645222915983,0.8014466555937484,0.9002172030806316,0.7433085858978066,0.9005077201429503,0.7724597851198093,0.7287401551257057,0.5465376771788231,0.32577841625044374,0.5340492926068778,0.7522735257914756,0.969059084945121,0.8685910936700649,0.0,0.6995091476725355,0.7947653563780568,0.880942851527671,0.6020020206473469,0.8213050906414888,0.8824665484892265,0.9989841825114467,0.9350042955038887,0.9748701716548406,0.8298597281236555,0.8115019795283056,0.8356628809198708,0.9602084181973709,0.8749139370556189,0.8985206606898657,0.968056562417319,0.8550833137215132,0.9279239305947891,0.7744618027526488,0.8075100113246386,0.8253112438048867,0.7388211153626875,0.9427447792778686,0.7722400265266922
0.6028332668072747,0.7259231680635051,0.6564203972589242,0.6981828684563176,0.9482861155921374,0.6376601486337486,0.8377297801980886,0.6863831678388266,0.8111715132080194,0.5430757428332628,0.7884493316261844,0.8438094127939308,0.6477887793535783,0.8905129307014293,0.8643470987458033,0.9036448034362577,0.8174067837084508,0.908165257227497,0.8663246890212976,0.8586361522482099,0.9268916546821515,0.8957645409296093,0.9924636049625437,0.9834272009588707,0.9485072766463372,1.0,0.9057169205893242,0.5518974531700576,0.9245533619833965,0.9550891725957168,0.7981731702284095,0.9875700375282334,0.6995091476725355,0.0,0.9247775006178778,0.754206169315313,0.860449407851794,0.8429911636225053,0.8800645219113251,0.6831775929670458,0.6804375340918668,0.8641461069917751,0.884780084916402,0.534436575313656,0.8774017014186452,0.7753351865237442,0.7068622264966329,0.6802571377941891,0.7753746501999313,0.5079668379714085,0.7481316936393138,0.9623081058252176,0.831756907113712,0.813595725882077,0.8235810973462033,0.7532686566590034,0.5682033024097677
0.7268807879293057,0.5227645440678511,0.44284033040608567,0.469389013403401,0.6187403457356074,0.7401373771208006,0.8706368368181233,0.8459596825961315,0.8878005609462648,0.6760595337936655,0.8377675129349654,0.8707565129098827,0.7833165381130823,0.8600748564681981,0.8746180687903956,0.9006590475340686,0.8173031514854682,0.9774057379529778,0.8629269046647232,0.8766685635913608,0.9170700765750137,0.9359580193095319,0.8760995733622007,0.9325807831452299,0.9563962322414338,0.830187450126034,0.613484923385913,0.39222994883964857,0.6672871280153364,0.8695584179718342,0.9053260061446214,0.9048138771949693,0.7947653563780568,0.9247775006178778,0.0,0.8104112237524783,0.6831587469643181,0.8360708803352187,0.8910842432942226,0.7422213243827483,0.7774011758359768,0.839557742681369,0.8765438880875666,0.6508867727797115,0.8997647967265681,0.8886951451713057,0.8140300210407102,0.7959477620574449,0.8342945916529292,0.6506311123609007,0.8892219718139214,0.8766097937563151,0.9241568799240073,0.9225615496667366,0.8698232491738227,0.8202368337881628,0.6999666456122137
0.9368607069398653,0.46146980859262005,0.37907841936054165,0.3978661651388775,0.5223584680928901,0.7827337016509687,0.8828311828303963,0.9048583966059149,0.9639993219438766,0.8369288049209348,0.8208181309003143,0.708534569600789,0.7775556954166013,0.7236613125484002,0.8222551018937981,0.8313024035151555,0.7893061482457421,0.897791586317488,0.8198053557582629,0.8807947297102369,0.8415944184274615,0.8719580935180378,0.7149025891031978,0.9014232238841289,0.7694791879352298,0.7637666095672788,0.5124989363204396,0.3149305813023335,0.5641951053057072,0.7326446299779845,0.9340144074998604,0.7751832229876111,0.880942851527671,0.754206169315313,0.8104112237524783,0.0,0.6574608578250455,0.8088761882298499,0.9003005583461645,0.8952510973721942,0.9031882564312903,1.0,0.8582201025015594,0.8211524719155638,0.8723906314707204,0.8640113564830609,0.8283609361186562,0.8297413753590014,0.949312428084047,0.7507560720420118,0.8626178325181009,0.8002264304627794,0.7918863167861018,0.7767539386773311,0.808981263501719,0.8388018104288304,0.8096627026973897
