Cingulate area 2,Glomerular layer of the accessory olfactory bulb,Glomerular layer of the olfactory bulb,"Olfactory bulb, unspecified",Frontal association cortex,Cornu ammonis 3,Dentate gyrus,Cornu ammonis 2,Cornu ammonis 1,Fasciola cinereum,Subiculum,Postrhinal cortex,Presubiculum,Parasubiculum,Perirhinal area 35,Perirhinal area 36,Medial entorhinal cortex,Lateral entorhinal cortex,Primary auditory area,"Secondary auditory area, dorsal part","Secondary auditory area, ventral part","Piriform cortex, layer 1","Piriform cortex, layer 2","Piriform cortex, layer 3",Ventrolateral orbital area,Lateral orbital area,Ventral orbital area,Medial orbital area,Dorsolateral orbital area,Prelimbic area,Secondary motor area,Frontal association area 3,Primary motor area,"Agranular insular cortex, ventral area",Agranular insular cortex dorsal area,Cingulate area 1,Infralimbic area,Dysgranular insular cortex,Granular insular cortex,"Primary somatosensory area, forelimb representation","Primary somatosensory area, dysgranular zone","Primary somatosensory area, face representation",Secondary somatosensory area,"Primary somatosensory area, hindlimb representation","Agranular insular cortex, posterior area","Primary somatosensory area, barrel field",Retrosplenial dysgranular area,"Primary somatosensory area, trunk representation",Retrosplenial granular area,"Parietal association cortex, lateral area","Parietal association cortex, medial area","Parietal association cortex, posterior area",Primary visual area,"Secondary visual area, lateral part",Temporal association cortex,"Secondary visual area, medial part",Nucleus of the lateral olfactory tract
0.0,0.29216381712849093,0.2490200100472478,0.33099950816643153,0.3243620629602259,0.7679324811197039,0.7536541668827814,0.7106074830224145,0.7784203990864436,0.9492935732785244,0.5880523158409421,0.5733979981055188,0.47757825392488734,0.6822947176611641,0.6237308798610224,0.6355164216491754,0.6410315551620038,0.6257936051423474,0.7047645160765146,0.9023877192357578,0.6992070100476483,0.8578532966386505,0.8515664274730965,0.9036256644732947,0.7972626834169034,0.7325105713544637,0.6612380956402516,0.6250347927666742,0.6489158651189524,0.9569561745608364,0.8034377923274023,0.8768312516274118,0.7645664881297054,0.8307912814332122,0.9042602719351316,0.9046023468592798,0.9072059947604113,0.7426836547362088,0.6749296415217644,0.8949232028752773,0.8497133813506634,0.7775787282001091,0.6134660792837607,0.887348347586848,0.7021148279490718,0.8282653849695671,0.8185086258200384,0.9373407802050766,0.7849051965406845,0.8436295966449688,0.6988455882691983,0.7517313572362667,0.6808567023944525,0.569904395024747,0.548449908677546,0.7235328726922888,0.6650883558935087
0.29216381712849093,0.0,0.8483527008638843,0.8494026905838018,0.8357572651852561,0.4998400451664111,0.5214071094745456,0.5727650360304732,0.5008217841269355,0.3279628817507546,0.6693281408921465,0.5145590774577973,0.752239742260279,0.5203729993958054,0.6387965838462979,0.5945220775914255,0.48333876048888214,0.5428149787763837,0.5583117430848005,0.4765927876737301,0.5848102228359157,0.46233015647337866,0.4433906231312783,0.4339415998493858,0.3848609475330079,0.5161035254674172,0.5497104503739167,0.6453604339060329,0.5046912778938843,0.3962187666567527,0.41017874920618896,0.317959850783016,0.46058370652042707,0.4394689270288426,0.42015731964369857,0.3208888289972989,0.37705303044165733,0.5267333077244298,0.5438527168539827,0.3480263857392183,0.3343197689998511,0.48543770659291124,0.582622913162854,0.4625436289815908,0.502388880815601,0.4214736995439513,0.43784153133721493,0.39206471779520613,0.46249394972568486,0.3937456695336217,0.50700300315413,0.4002054295447128,0.6147210622547017,0.6786702912140035,0.6813618543658904,0.5156119969065515,0.564589436312982
0.2490200100472478,0.8483527008638843,0.0,0.8286650915595515,0.8842468077804324,0.4236183984646498,0.43706989329532137,0.4402184604026142,0.3955629626081519,0.2724041249289375,0.5388025162890164,0.4608781190172183,0.6204601794462776,0.43533285064501764,0.5271951381214033,0.48822503093941166,0.42738149463705216,0.460358700680018,0.44415052498035856,0.4111100507423654,0.4488810145361608,0.35644531696298165,0.3446900079089439,0.3291305795336357,0.2959757354209785,0.37567521243593466,0.4112527022144584,0.5316473472970101,0.3784737762040217,0.3029122493711376,0.30447921679924217,0.2578222119383409,0.35910574551902685,0.3360509908286311,0.3367448124536157,0.284822047586595,0.30648060274465044,0.3925884978215691,0.408983584784159,0.28460734009361155,0.2868499460492159,0.37282588586274173,0.4544343180284094,0.36287946808339305,0.3806148588059928,0.3474873431234133,0.35964106733073986,0.30553874677367165,0.3814147924672767,0.3143666195645184,0.40316420590749175,0.3356230857470356,0.4987839286656742,0.5230485400311922,0.5528397671902404,0.414036382364969,0.430037905602102
0.33099950816643153,0.8494026905838018,0.8286650915595515,0.0,0.8594955237692506,0.5339732989786293,0.59064548999912,0.6211918409358977,0.5677647351391215,0.365219605583041,0.738937520936542,0.5399094498437643,0.7843816081895763,0.5088350926168124,0.6729651463368488,0.6677308043789917,0.5426522232547698,0.5742199069678738,0.6236216739184575,0.5300436657753833,0.6303584552499547,0.49389024121466163,0.48432073313506424,0.4767561776628037,0.4352004982178879,0.5288161722779687,0.5640709954185129,0.6681373297462941,0.5516529321602109,0.4214513536537956,0.46068348725145114,0.33548596409107595,0.5053844224435191,0.4733039923295552,0.44419724186165105,0.38235725098786755,0.4228735035449655,0.5853097028330729,0.5806228281932707,0.39805517466959656,0.3880423910899933,0.5449476792926335,0.6177511478825803,0.5138470683209468,0.5568007572001537,0.469851096868136,0.5043060728819941,0.41994961298358274,0.5088404344232599,0.44176365975024706,0.5779893915799935,0.4563707629772434,0.6497080173145952,0.7166892138405789,0.6782943282072902,0.5671862851654897,0.5914671416757413
0.3243620629602259,0.8357572651852561,0.8842468077804324,0.8594955237692506,0.0,0.5782184886805922,0.5638116851986434,0.595720620372837,0.5382632281589232,0.3621389943175621,0.670866882504195,0.5472956106378946,0.7530369616533024,0.5692921643921646,0.677595906866525,0.6550626365285139,0.5479834283322748,0.591217899023823,0.5966530525500375,0.5407838129991263,0.5892212371081695,0.49338840406725376,0.4679179605411855,0.4528414132183844,0.38715756771473525,0.502505594948258,0.5824505704146759,0.7127327707568065,0.4853065776008584,0.4245640706014495,0.4084526471908067,0.3533133683135122,0.4876082398740887,0.4572359823096944,0.46801025141845576,0.3795803265455244,0.4141339164985511,0.5392604322978416,0.568162343833923,0.37901017537940096,0.3751859974348641,0.5250157295119804,0.6210857047626467,0.48732077549659825,0.5346309310822412,0.4520951219334032,0.47426182998744165,0.41693652421846183,0.5199098044884742,0.40864307532921895,0.5299988697446643,0.434230385930797,0.6464184130718901,0.6870098697990656,0.647143557123738,0.5594880198849606,0.5898127745438171
0.7679324811197039,0.4998400451664111,0.4236183984646498,0.5339732989786293,0.5782184886805922,0.0,0.8844185455435994,0.9616748701321957,0.9418362355531223,0.737408848386712,0.8671940522104249,0.7966861576261431,0.8012270363817036,0.8908952860338699,0.8172495322847034,0.8418123074978928,0.8334327149108876,0.8807584362883294,0.9487570505020679,0.9241779436873176,0.8718872467496915,0.8873263117855912,0.8988522419004792,0.8936349696339331,0.7664773715686874,0.7854003378271048,0.8827972838057507,0.9119336666355035,0.727503816510903,0.8128766644091099,0.7253749422906577,0.7475132486269725,0.8791850330206451,0.8173305569645752,0.8572302714017436,0.7814846344990029,0.7960347685931612,0.884055069330896,0.8174018363235288,0.7521371555699613,0.7317911571847291,0.8435550023842782,0.8040897558387828,0.9810853290003859,0.8126556172742767,0.899412893063962,0.8450625392253187,0.8993655896353016,0.8551933034482601,0.8354582735570083,0.8392932532263162,0.7733251523373961,0.9249914807689301,0.8581531792653821,0.835947066049773,0.8577670884485865,0.8626912113284066
0.7536541668827814,0.5214071094745456,0.43706989329532137,0.59064548999912,0.5638116851986434,0.8844185455435994,0.0,1.0,0.9575780225538988,0.7925659730819945,0.8984672071975378,0.8079087012192241,0.7930070742540504,0.7927132914848968,0.9960407652320173,0.893722454795558,0.8505186368528891,0.8633246164900783,0.9356032387414274,0.9587514554652636,0.9919045313468088,0.9573770423109459,0.9369915770297433,0.9496972078657241,0.7950268221792867,0.9034588893057337,0.914683905869938,0.9285661214359489,0.8063714343223362,0.809539478482484,0.7830511167291258,0.6770936941942144,0.9573858221823771,0.9450719662123893,0.9178639240773773,0.8321275116041241,0.8901989207241745,0.9830686613216072,0.9027717771176299,0.7975738327395754,0.8275693304157391,0.9237416050858093,0.890503289605645,0.9284633373533722,0.9299132058348526,0.9302102685555834,0.9319641500635952,0.918680240825329,0.929493024559462,0.9029730088260498,0.9040196574025856,0.8675025156667466,0.9449006467039541,0.8612516899196799,0.8338365908561333,0.9479247129344097,0.9031581886753031
0.7106074830224145,0.5727650360304732,0.4402184604026142,0.6211918409358977,0.595720620372837,0.9616748701321957,1.0,0.0,0.9293833252939951,0.7572477445745418,0.8849320730606485,0.8702863192305468,0.9110433902618565,0.8861586300569114,0.9865311008438941,0.9221308859538626,0.8815427285696955,0.9353127597820284,0.9403667809194514,1.0,0.9846601785850178,0.9260510362726025,0.9385902360577468,0.9564436405472059,0.8256472912542068,0.8889952508267509,0.9863329901366265,0.9866585405035879,0.8553551063837778,0.8950899762423726,0.766608640852144,0.6901559697833528,0.8939165109107543,0.9120851255930996,0.8767248979866432,0.7463728595323782,0.896314364427572,0.9606374419104634,0.9378785698350155,0.8107212181794835,0.72952038742741,0.9123470040853934,0.8899661060656755,0.8761810181567251,0.9128137446541152,0.9021597137204557,0.8748354289157486,0.8362089528147862,0.8980576541146029,0.9279651648715214,0.9211949495551272,0.893257113054375,0.9613736845164494,0.9332405458752384,0.9018486049661582,0.9558590409150239,0.9495948598764806
0.7784203990864436,0.5008217841269355,0.3955629626081519,0.5677647351391215,0.5382632281589232,0.9418362355531223,0.9575780225538988,0.9293833252939951,0.0,0.8402066882303961,0.8640868201254244,0.8142303517226577,0.7662931412619255,0.803586423388881,0.855465019367486,0.8560208074108878,0.8385856068500104,0.8428962257708649,0.980042485511738,0.923925951507771,0.9677433384443728,0.9967232291133857,0.9017173246513894,0.943913018153134,0.8872105707730016,0.941679015877828,0.9135313072736827,0.8543331726648555,0.7706953190273473,0.9075935444512092,0.8292684047278966,0.6877889965738453,0.9440614022117134,0.9362584033598561,0.9051811682200124,0.7942266613322968,0.9153062181562386,0.961827972189919,0.9172260793313062,0.8601549795853107,0.8018037822587895,0.9922227274848041,0.9162326601364222,1.0,0.8925294163372102,0.9290478711826241,0.9227384197054281,0.9275909544115581,0.8712999521145891,0.9402460217111934,0.9584444552295569,0.895338597281773,0.9032252310846669,0.8530741610938776,0.8104393456057798,0.9196940953188922,0.9124337908070984
0.9492935732785244,0.3279628817507546,0.2724041249289375,0.365219605583041,0.3621389943175621,0.737408848386712,0.7925659730819945,0.7572477445745418,0.8402066882303961,0.0,0.638300149598281,0.6009942116588631,0.5222653014551908,0.6709531649296187,0.6557416475817277,0.6720392312161807,0.6774348958337172,0.6685410601072767,0.7339859883337504,0.8698001799770063,0.7367877548692731,0.8842433986782267,0.9341643679271115,0.9498430445851674,0.7669984141299915,0.7531270724812396,0.7629990200780942,0.6553463068421115,0.6299088611468313,0.9221365321407774,0.8284977364970381,0.8134522728199953,0.8221191910655898,0.8616249420096775,0.9291115574080274,0.8673113200866508,0.9309258933495868,0.8161255729365654,0.8155543753410635,0.9325956307527147,0.9032448717174076,0.8633799939227021,0.6768365610389661,0.8575295059463649,0.790483874695753,0.9514328394421019,0.9077746781781345,0.9959599799158557,0.7991935796185474,0.8715877062191855,0.7535043435261829,0.8098351842230922,0.7248262031823547,0.5784656878016593,0.5631994747346892,0.7972418939472664,0.7494709403291167
0.5880523158409421,0.6693281408921465,0.5388025162890164,0.738937520936542,0.670866882504195,0.8671940522104249,0.8984672071975378,0.8849320730606485,0.8640868201254244,0.638300149598281,0.0,0.8275909269783305,0.9120817527538396,0.8138878528889676,0.9477546625630284,0.9050518526026456,0.8175444220157644,0.9134519121895617,0.888637122600875,0.8376585219732561,0.9550884671905793,0.8516591936897552,0.8218070305928039,0.7982672566485168,0.7058942106987036,0.8352634954997228,0.8445620643797025,0.948721972278464,0.7622411239993924,0.6548594030401523,0.6741506307652664,0.5393740082492966,0.7781965853482669,0.7454449321473522,0.7451183169196176,0.6193432521556649,0.7111233820706062,0.8743230825319396,0.8208915581277415,0.6436008155116538,0.6418929955713896,0.7960188650921539,0.8751840304282106,0.8238153817580801,0.7831493902288369,0.8256208332305184,0.7965946533860041,0.7359346733417366,0.815996913149237,0.7697269612855153,0.906745462331496,0.7451249378627345,0.9560828775032199,0.9467687094768378,0.9221624112487353,0.8833304361160159,0.8509300260307594
0.5733979981055188,0.5145590774577973,0.4608781190172183,0.5399094498437643,0.5472956106378946,0.7966861576261431,0.8079087012192241,0.8702863192305468,0.8142303517226577,0.6009942116588631,0.8275909269783305,0.0,0.8182714554858701,0.7696857582980715,0.9375358705571339,0.8583277588041677,0.9119733355717934,0.9348446004754484,0.9194111694301603,0.858874974281773,0.9268492684960518,0.7494926364422723,0.7184280870297326,0.7171494710709772,0.7115821825302362,0.7263534992312548,0.7589168331916003,0.8141061304385895,0.6798779860319489,0.6147043649560129,0.5747647267271463,0.5270353720275633,0.645518959269006,0.6748592587624161,0.6799021902906335,0.5877019915926329,0.6437229457733601,0.7355443249152099,0.6905808941652961,0.6185378038014336,0.6411984465377977,0.710366588388449,0.7282347331107192,0.6791572816430026,0.7632447731416627,0.7339811081771498,0.6966980758847627,0.6235582570954955,0.6522181853072526,0.8091168589132958,0.7754728316516997,0.8057549013403335,0.8935173895244644,0.8676834524529266,0.9095699990253276,0.7684251130587898,0.8211430041827219
0.47757825392488734,0.752239742260279,0.6204601794462776,0.7843816081895763,0.7530369616533024,0.8012270363817036,0.7930070742540504,0.9110433902618565,0.7662931412619255,0.5222653014551908,0.9120817527538396,0.8182714554858701,0.0,0.8415252643530754,0.900136035057114,0.8419339306892696,0.687584405383392,0.8217790924294573,0.8333511327576961,0.7613111941754956,0.8896959877523114,0.7054765654940136,0.6925691418836882,0.6909654673453179,0.6279446187855118,0.7681282320551122,0.8320199210297482,0.9228473135453439,0.6673892266172303,0.6435303088831376,0.5590394008957849,0.510817791755822,0.6870275802030202,0.6529841912422161,0.6376312499414231,0.5294401587066322,0.5804077419785477,0.7494837399749525,0.7457163042645278,0.5292359359347713,0.5202031281423602,0.7133391582945551,0.7563035329434797,0.7139502418267544,0.7044874583231319,0.6730672721783322,0.6553551529430462,0.5994870253427141,0.7054466876995273,0.6285815673750567,0.7351118139491112,0.6142732499918117,0.9418382207023541,0.9126923259913686,0.8311054794353269,0.693859290406066,0.7711095305889525
0.6822947176611641,0.5203729993958054,0.43533285064501764,0.5088350926168124,0.5692921643921646,0.8908952860338699,0.7927132914848968,0.8861586300569114,0.803586423388881,0.6709531649296187,0.8138878528889676,0.7696857582980715,0.8415252643530754,0.0,0.807780602780654,0.79746359828643,0.7612594742934872,0.8596195042427529,0.8149567654945,0.8170191808169234,0.8561039634850949,0.7223331420792726,0.7618880800377567,0.7491841272887553,0.5981351769296024,0.6943765111775608,0.7885700773391231,0.897863394321444,0.6003639415716399,0.7534490589248308,0.5471652718037172,0.7075471216512782,0.7157230421865517,0.6708695400232667,0.7766055022570666,0.6668670876621252,0.6819606065900526,0.7801825976926783,0.6907694654954023,0.6440983469032526,0.5935741717505303,0.7298331398945769,0.7281090637824295,0.7839073983361643,0.6852037987208098,0.7486984989044934,0.6735251797618774,0.7432862880646036,0.7491896857500321,0.7051626570630936,0.67534621250101,0.6633676725294642,0.9391953948022298,0.7821520205030008,0.772483770340985,0.7142749115889404,0.7865722512428823
0.6237308798610224,0.6387965838462979,0.5271951381214033,0.6729651463368488,0.677595906866525,0.8172495322847034,0.9960407652320173,0.9865311008438941,0.855465019367486,0.6557416475817277,0.9477546625630284,0.9375358705571339,0.900136035057114,0.807780602780654,0.0,0.9039056928259657,0.8661884280977927,0.9995032945053247,0.9197105719203651,0.9102651988075287,0.9956318664726685,0.7990608815176417,0.8266027984745944,0.7929671697975599,0.7037643972770863,0.7735104396245358,0.8268260108772456,0.879845162158915,0.75618043316573,0.7444212938645905,0.6774483702886763,0.561842052156538,0.7846744668415354,0.8037344864653818,0.7659461812161835,0.6838316607054592,0.7674529076555555,0.839345380133147,0.8589504781834922,0.6757778785347713,0.6694010327425458,0.8346977296926169,0.7994980143600446,0.7857923392908513,0.8453713772240592,0.811474708287374,0.7918479487080794,0.7223781210576622,0.7790588575750506,0.7767440354074862,0.8533193362338932,0.830885267255154,0.9572003572723956,0.9100081947717721,0.9108853192502085,0.8955950729466695,0.8899457097124552
0.6355164216491754,0.5945220775914255,0.48822503093941166,0.6677308043789917,0.6550626365285139,0.8418123074978928,0.893722454795558,0.9221308859538626,0.8560208074108878,0.6720392312161807,0.9050518526026456,0.8583277588041677,0.8419339306892696,0.79746359828643,0.9039056928259657,0.0,0.8634471847215993,0.9367377042986602,0.9351480902381334,0.9443563429756717,0.9349528578203607,0.8108267293435729,0.8120276832945639,0.7928721745421625,0.7123377059985717,0.8210336514317071,0.7947293300899659,0.9005855494407684,0.7274172965727174,0.6884358575310128,0.6874067239790981,0.5609716306492041,0.786142679921966,0.7916432636490401,0.7476221421133208,0.659472639029343,0.7104641742206407,0.8537482618071423,0.8284621080332573,0.7038135891563096,0.6932542049434511,0.8113244762121194,0.8333636618675999,0.8501891625774187,0.8666568175352719,0.840835955707966,0.8123994137662098,0.7197204729097836,0.7903824949645484,0.8358917958350692,0.896028601657601,0.8074385474518296,0.9426918491843909,0.9269980814802918,0.8671142636864341,0.8954750784904105,0.8894065750200735
0.6410315551620038,0.48333876048888214,0.42738149463705216,0.5426522232547698,0.5479834283322748,0.8334327149108876,0.8505186368528891,0.8815427285696955,0.8385856068500104,0.6774348958337172,0.8175444220157644,0.9119733355717934,0.687584405383392,0.7612594742934872,0.8661884280977927,0.8634471847215993,0.0,0.9347123886498551,0.9017388931353711,0.8968401200980909,0.9338566439618062,0.7846196659628893,0.7956410613193965,0.8113567384717312,0.6990372353428523,0.7203190753217669,0.7309395798499356,0.7579766442588866,0.7006918804191844,0.6593750059248765,0.6509336759200598,0.553332849405608,0.6938472722289389,0.7479637569671856,0.7116256844591099,0.6650785643655627,0.7346917537189891,0.7898461487672259,0.7307815705574281,0.7200640366697355,0.6960903566812211,0.7391176490576717,0.7274237446139525,0.7656631539092119,0.7338322388945158,0.7724897394613385,0.7737638103496307,0.7081629055550072,0.717776705835134,0.8741797197751271,0.8068388605526862,0.8513295085928964,0.8452216236248049,0.8051579276288294,0.8257788456771566,0.8165210274289314,0.8129152006944449
0.6257936051423474,0.5428149787763837,0.460358700680018,0.5742199069678738,0.591217899023823,0.8807584362883294,0.8633246164900783,0.9353127597820284,0.8428962257708649,0.6685410601072767,0.9134519121895617,0.9348446004754484,0.8217790924294573,0.8596195042427529,0.9995032945053247,0.9367377042986602,0.9347123886498551,0.0,0.9464354689228877,0.9258675669092187,0.9601768613142087,0.8218609753651125,0.833802282699934,0.8423632116310252,0.704518508919718,0.7834975084315171,0.8097140977659958,0.8835846717238526,0.710981989954353,0.7229686043464191,0.646949920922731,0.5634597453743816,0.7473527222681585,0.77645113147046,0.7301840308085249,0.6446944689316667,0.7075772982559194,0.817332648144453,0.7678253308166201,0.6789585018859721,0.6882015610462833,0.7775060517948748,0.7737233204943481,0.7948681950521413,0.7950042686449352,0.8228059134429463,0.7212021127126522,0.7419120735287296,0.7422713420375804,0.8481005385460003,0.7763179783556876,0.8317844646375807,0.9441386926745351,0.9054110348613789,0.9404282691661231,0.8452455993051086,0.9219689666544773
0.7047645160765146,0.5583117430848005,0.44415052498035856,0.6236216739184575,0.5966530525500375,0.9487570505020679,0.9356032387414274,0.9403667809194514,0.980042485511738,0.7339859883337504,0.888637122600875,0.9194111694301603,0.8333511327576961,0.8149567654945,0.9197105719203651,0.9351480902381334,0.9017388931353711,0.9464354689228877,0.0,0.9871740372299916,0.9849419340123059,0.8883522180834906,0.9298371918950837,0.9269181269525941,0.8474666245335118,0.882889848615228,0.932501193664345,0.9963528913237938,0.8188586434694696,0.8123663848066751,0.789575310338457,0.6368827732176932,0.8848791040234831,0.8682626619632043,0.8264420850112483,0.7129594094040267,0.8062274151742089,0.8832278260725572,0.9304895688518924,0.7403548049995736,0.7211610757648674,0.9611099573827795,0.8579133584604471,0.9024494916203564,0.9181282554495425,0.87452829635974,0.8725229140103106,0.8154482069659195,0.8561452564445823,0.8971119652366323,0.8588303713901662,0.9063613026453253,0.9504763302274799,0.9532955511607316,0.8760514880789569,0.9202537899961692,0.988339935121816
0.9023877192357578,0.4765927876737301,0.4111100507423654,0.5300436657753833,0.5407838129991263,0.9241779436873176,0.9587514554652636,1.0,0.923925951507771,0.8698001799770063,0.8376585219732561,0.858874974281773,0.7613111941754956,0.8170191808169234,0.9102651988075287,0.9443563429756717,0.8968401200980909,0.9258675669092187,0.9871740372299916,0.0,0.9637545913640727,0.9402344123037274,0.9680101864233879,0.9485343091840832,0.8375100788687346,0.8615734992092402,0.9167327303576156,0.9287729519105631,0.7500614466992853,0.8681575926823687,0.7896197795635421,0.7332771753142423,0.8827175230638592,0.8989325601118893,0.8983538202424,0.796453787160694,0.9245454792887654,0.9040327045796513,0.8159507580082567,0.8185194246978512,0.8072634832511619,0.9091976415453781,0.8028096847599413,0.8905383109859325,0.9098276089682549,0.9811475484591013,0.8879545494767797,0.8667763356823539,0.8222049822954882,0.9321668368249189,0.8825663708400142,0.9848595101269,0.9354206573864141,0.8661288390458164,0.7929502848619643,0.9477404500480822,0.9857728329483
0.6992070100476483,0.5848102228359157,0.4488810145361608,0.6303584552499547,0.5892212371081695,0.8718872467496915,0.9919045313468088,0.9846601785850178,0.9677433384443728,0.7367877548692731,0.9550884671905793,0.9268492684960518,0.8896959877523114,0.8561039634850949,0.9956318664726685,0.9349528578203607,0.9338566439618062,0.9601768613142087,0.9849419340123059,0.9637545913640727,0.0,0.8565165966841662,0.8584928155233872,0.8864417623425299,0.8115228889550409,0.8751121286005165,0.926398303638096,0.9393034632703916,0.8256756924574677,0.7857753762975912,0.7426474336632306,0.6280213373777055,0.8182181129518943,0.8208984093263731,0.839381973674909,0.6929340094645521,0.7673694128915189,0.9486702015278365,0.9134298929929121,0.7415957538614688,0.7241147482388482,0.869238047763364,0.8555579940120834,0.8531002464300547,0.8687781283008265,0.874227967915255,0.8358698662043886,0.7821244897186033,0.8025700686345956,0.9247231555827891,0.8952671992769816,0.883893045616403,0.952164879039534,0.9189764098900336,0.963785546533232,0.8831900932754917,0.9256128648785138
0.8578532966386505,0.46233015647337866,0.35644531696298165,0.49389024121466163,0.49338840406725376,0.8873263117855912,0.9573770423109459,0.9260510362726025,0.9967232291133857,0.8842433986782267,0.8516591936897552,0.7494926364422723,0.7054765654940136,0.7223331420792726,0.7990608815176417,0.8108267293435729,0.7846196659628893,0.8218609753651125,0.8883522180834906,0.9402344123037274,0.8565165966841662,0.0,0.9741731870592623,0.983435760013416,0.8431502482005673,0.9264562138403122,0.9127396573356146,0.8606832531030305,0.7693691312873931,0.914102400473404,0.8553933315887151,0.7712065037800335,0.9067322830599839,0.9238285687082395,0.9155884961341595,0.7944263388159086,0.9098080172588132,0.8959561461072715,0.91947429678743,0.8963557344296672,0.8256569969126057,0.9377274661229883,0.8760613537870428,0.9485002003075055,0.8839970238706396,0.9771450750574164,0.9564744396082395,0.9580645399006346,0.9144708215871922,0.8757151551499107,0.9074805136798404,0.8677290689238948,0.8270176119320002,0.7353787158300719,0.7411042758913012,0.8945724240969442,0.9433380110624326
0.8515664274730965,0.4433906231312783,0.3446900079089439,0.48432073313506424,0.4679179605411855,0.8988522419004792,0.9369915770297433,0.9385902360577468,0.9017173246513894,0.9341643679271115,0.8218070305928039,0.7184280870297326,0.6925691418836882,0.7618880800377567,0.8266027984745944,0.8120276832945639,0.7956410613193965,0.833802282699934,0.9298371918950837,0.9680101864233879,0.8584928155233872,0.9741731870592623,0.0,0.9995370663332658,0.8821402297766754,0.9369099085501718,0.913044659569038,0.8685763984468479,0.7585694763309896,0.9353588468186436,0.9045207180745183,0.7348762309647544,0.8977344240256181,0.9722382812286733,0.9265891776796737,0.8277279873222295,0.9436311335063835,0.9404104523926288,0.9435569644383967,0.8940381716693591,0.8179543590744157,0.9543133691071497,0.8372889247646108,0.9644010422699653,0.9627503643755239,0.9922341401099554,0.9477360973332658,0.9680477956063185,0.8768516391191858,0.9554445456833893,0.9035675662414452,0.864123855752576,0.8542020389887102,0.7386165515360624,0.7175405169583041,0.9575109694976394,0.9000964578638333
0.9036256644732947,0.4339415998493858,0.3291305795336357,0.4767561776628037,0.4528414132183844,0.8936349696339331,0.9496972078657241,0.9564436405472059,0.943913018153134,0.9498430445851674,0.7982672566485168,0.7171494710709772,0.6909654673453179,0.7491841272887553,0.7929671697975599,0.7928721745421625,0.8113567384717312,0.8423632116310252,0.9269181269525941,0.9485343091840832,0.8864417623425299,0.983435760013416,0.9995370663332658,0.0,0.9028469779091727,0.9289244032000038,0.904890743998756,0.8304198653368186,0.7936341286657561,0.9760319795587209,0.9385957168061113,0.7552875368648415,0.9333670282748505,0.9638491993737323,0.9982469894102064,0.8367316127697839,0.9694281644463548,0.9266437922032434,0.9109518603620952,0.9618176161555412,0.9153240123538576,0.9304279142173496,0.8012234452422762,1.0,0.9215467027915704,0.9754904405234798,0.9478575790328072,0.989938539746983,0.8971852034524243,0.9486607439332501,0.9870512692246859,0.8822438301552447,0.8184065269768447,0.7528623505941031,0.6970480756395443,0.9355116778210525,0.8862158738008481
0.7972626834169034,0.3848609475330079,0.2959757354209785,0.4352004982178879,0.38715756771473525,0.7664773715686874,0.7950268221792867,0.8256472912542068,0.8872105707730016,0.7669984141299915,0.7058942106987036,0.7115821825302362,0.6279446187855118,0.5981351769296024,0.7037643972770863,0.7123377059985717,0.6990372353428523,0.704518508919718,0.8474666245335118,0.8375100788687346,0.8115228889550409,0.8431502482005673,0.8821402297766754,0.9028469779091727,0.0,0.9022527773609441,0.7951741066142951,0.6727917144574977,0.8318195538852883,0.8232453752573656,0.8891039031796382,0.6385576087499356,0.9207549245516061,0.8783877349279855,0.83016595154322,0.7682797139048105,0.8855229509260493,0.8599750958347634,0.8066605010327813,0.8743197657107621,0.8275503086189501,0.8447522097629107,0.6938133615873506,0.9354840493662756,0.823801821415951,0.8679237370192293,0.8179579529701015,0.8631479935983224,0.7566803901525906,0.9595292516806478,0.8293797462277076,0.9253951373030351,0.7434088728642065,0.723230858922664,0.6631900248063927,0.8116946626080945,0.766672276617801
0.7325105713544637,0.5161035254674172,0.37567521243593466,0.5288161722779687,0.502505594948258,0.7854003378271048,0.9034588893057337,0.8889952508267509,0.941679015877828,0.7531270724812396,0.8352634954997228,0.7263534992312548,0.7681282320551122,0.6943765111775608,0.7735104396245358,0.8210336514317071,0.7203190753217669,0.7834975084315171,0.882889848615228,0.8615734992092402,0.8751121286005165,0.9264562138403122,0.9369099085501718,0.9289244032000038,0.9022527773609441,0.0,0.8382854218137632,0.8284452068694008,0.8524663039469145,0.7770249587389241,0.9079317022150913,0.6401089710329656,0.8892451023010312,0.8945494471629447,0.8313082745764158,0.7701689096522474,0.850823434038125,0.9306604687214851,0.9560727777867548,0.7874087653930127,0.7810780034906984,0.882456998243135,0.812944920103634,0.9134910457225033,0.936602949066071,0.8785641640326405,0.9126645468574989,0.8100569533759979,0.8276621453035632,0.8491806530091663,0.9600938783742176,0.8222663493764708,0.8076461041507116,0.7979059424797647,0.7240783358145513,0.9394980109180944,0.8151804954076091
0.6612380956402516,0.5497104503739167,0.4112527022144584,0.5640709954185129,0.5824505704146759,0.8827972838057507,0.914683905869938,0.9863329901366265,0.9135313072736827,0.7629990200780942,0.8445620643797025,0.7589168331916003,0.8320199210297482,0.7885700773391231,0.8268260108772456,0.7947293300899659,0.7309395798499356,0.8097140977659958,0.932501193664345,0.9167327303576156,0.926398303638096,0.9127396573356146,0.913044659569038,0.904890743998756,0.7951741066142951,0.8382854218137632,0.0,0.9141980292892183,0.7629863157669998,0.7920002683016844,0.7771777205078507,0.6773251346863247,0.867863718856928,0.831627053813059,0.8133580140340437,0.6925644736919458,0.7986371808159733,0.9185223047134768,0.8762332410087093,0.7441669889420879,0.7035050319126658,0.9122211173887729,0.8120955357949984,0.9153387261604743,0.8762800709519396,0.8238232028335126,0.8150304442572113,0.8265123181354544,0.8633164515446834,0.8696687108831251,0.814860348791295,0.7335250132614469,0.8967006258524287,0.8232263467065942,0.7784039652759074,0.8842187857980278,0.932958805144868
0.6250347927666742,0.6453604339060329,0.5316473472970101,0.6681373297462941,0.7127327707568065,0.9119336666355035,0.9285661214359489,0.9866585405035879,0.8543331726648555,0.6553463068421115,0.948721972278464,0.8141061304385895,0.9228473135453439,0.897863394321444,0.879845162158915,0.9005855494407684,0.7579766442588866,0.8835846717238526,0.9963528913237938,0.9287729519105631,0.9393034632703916,0.8606832531030305,0.8685763984468479,0.8304198653368186,0.6727917144574977,0.8284452068694008,0.9141980292892183,0.0,0.7336536055254976,0.7666801444646083,0.6694880158389401,0.6401922247765455,0.843694020511288,0.7765022224056518,0.7680162965261822,0.6433086529490195,0.7237830369146352,0.872952903867934,0.9114166710309938,0.6619456925245742,0.6349841505437736,0.8339206424384658,0.9108058599773969,0.8349272669362295,0.823134994760579,0.8069620983892469,0.7883016465146041,0.7431024330620583,0.8483225173479141,0.7169388837018879,0.8218031260609723,0.7204504330117624,1.0,0.868174214190267,0.8739378777421276,0.8623793464098293,0.9215394606977968
0.6489158651189524,0.5046912778938843,0.3784737762040217,0.5516529321602109,0.4853065776008584,0.727503816510903,0.8063714343223362,0.8553551063837778,0.7706953190273473,0.6299088611468313,0.7622411239993924,0.6798779860319489,0.6673892266172303,0.6003639415716399,0.75618043316573,0.7274172965727174,0.7006918804191844,0.710981989954353,0.8188586434694696,0.7500614466992853,0.8256756924574677,0.7693691312873931,0.7585694763309896,0.7936341286657561,0.8318195538852883,0.8524663039469145,0.7629863157669998,0.7336536055254976,0.0,0.7037064325889502,0.8042052300204338,0.5306716260889585,0.7696244670388342,0.7512730782775909,0.6851849010556754,0.6288184806583148,0.6858789066002513,0.8343456434908713,0.8577983415885241,0.6732673814599747,0.6548400405113548,0.815506674036624,0.7172689367406028,0.7645230418256099,0.8145092664539433,0.7455396355950044,0.727326936383001,0.7163724391448378,0.72576472689686,0.7357687456934796,0.7726384730369198,0.7464774005822582,0.770767766200938,0.7955396160323441,0.6854144208423117,0.7765959807418679,0.7647561053257799
0.9569561745608364,0.3962187666567527,0.3029122493711376,0.4214513536537956,0.4245640706014495,0.8128766644091099,0.809539478482484,0.8950899762423726,0.9075935444512092,0.9221365321407774,0.6548594030401523,0.6147043649560129,0.6435303088831376,0.7534490589248308,0.7444212938645905,0.6884358575310128,0.6593750059248765,0.7229686043464191,0.8123663848066751,0.8681575926823687,0.7857753762975912,0.914102400473404,0.9353588468186436,0.9760319795587209,0.8232453752573656,0.7770249587389241,0.7920002683016844,0.7666801444646083,0.7037064325889502,0.0,0.7816146151882996,0.9164782669300547,0.9086852575424256,0.8548919406916353,0.9671325630415564,0.8973264252900724,0.8949645383154882,0.8830321748535839,0.8107781366894116,0.8397634532874227,0.8037305132624484,0.8425441184753034,0.7354931322846033,0.9026577776839487,0.7734539504858711,0.8919218845124802,0.7728793230011312,0.8938455583863076,0.8560653784605274,0.7749435085380295,0.7898621888106946,0.7432798262884311,0.7426783672950282,0.6551801071392452,0.5937448103191616,0.821174596718441,0.8016279589659578
0.8034377923274023,0.41017874920618896,0.30447921679924217,0.46068348725145114,0.4084526471908067,0.7253749422906577,0.7830511167291258,0.766608640852144,0.8292684047278966,0.8284977364970381,0.6741506307652664,0.5747647267271463,0.5590394008957849,0.5471652718037172,0.6774483702886763,0.6874067239790981,0.6509336759200598,0.646949920922731,0.789575310338457,0.7896197795635421,0.7426474336632306,0.8553933315887151,0.9045207180745183,0.9385957168061113,0.8891039031796382,0.9079317022150913,0.7771777205078507,0.6694880158389401,0.8042052300204338,0.7816146151882996,0.0,0.6146759513461005,0.8503728929364545,0.8813446739453309,0.8680537238287288,0.7526834679830458,0.928489141121545,0.8620297045194314,0.9075011155313941,0.8617254975028146,0.8147180086579128,0.8822083878598086,0.7419055007338482,0.91249575008754,0.8459967245824149,0.8307393716381326,0.8723594622400995,0.8192081056652695,0.7864651329270983,0.8358287410962543,0.8832185224651945,0.8759367602360831,0.6709942645123469,0.6260147318802743,0.6055731831952087,0.8639016766504556,0.7424288517726058
0.8768312516274118,0.317959850783016,0.2578222119383409,0.33548596409107595,0.3533133683135122,0.7475132486269725,0.6770936941942144,0.6901559697833528,0.6877889965738453,0.8134522728199953,0.5393740082492966,0.5270353720275633,0.510817791755822,0.7075471216512782,0.561842052156538,0.5609716306492041,0.553332849405608,0.5634597453743816,0.6368827732176932,0.7332771753142423,0.6280213373777055,0.7712065037800335,0.7348762309647544,0.7552875368648415,0.6385576087499356,0.6401089710329656,0.6773251346863247,0.6401922247765455,0.5306716260889585,0.9164782669300547,0.6146759513461005,0.0,0.6838330023472078,0.7118567423286183,0.8817027579281875,0.7893929314230367,0.7476437839447347,0.6851122596838852,0.6054591152436473,0.7018891079659213,0.6570525552284607,0.6879825192513942,0.5712668286803527,0.7323186078665147,0.6199582487484274,0.7211815854923186,0.6465176418761205,0.7917554916031248,0.7102340680315103,0.6542605491005379,0.5918075548611443,0.6321528963977636,0.6868948243208699,0.5265658726207988,0.4998202984780071,0.6219463882605417,0.6636839372163796
0.7645664881297054,0.46058370652042707,0.35910574551902685,0.5053844224435191,0.4876082398740887,0.8791850330206451,0.9573858221823771,0.8939165109107543,0.9440614022117134,0.8221191910655898,0.7781965853482669,0.645518959269006,0.6870275802030202,0.7157230421865517,0.7846744668415354,0.786142679921966,0.6938472722289389,0.7473527222681585,0.8848791040234831,0.8827175230638592,0.8182181129518943,0.9067322830599839,0.8977344240256181,0.9333670282748505,0.9207549245516061,0.8892451023010312,0.867863718856928,0.843694020511288,0.7696244670388342,0.9086852575424256,0.8503728929364545,0.6838330023472078,0.0,0.9091549244331594,0.8972651906252797,0.8211924874423764,0.9171475565426918,0.9227937602280559,0.9173938924080266,0.8879353661478656,0.8038029233386961,0.924074911138097,0.864783571352862,0.9828124395969952,0.907029402687243,0.8929250860764871,0.9360610434160345,0.9003544587275284,0.9149785918656431,0.8196988218075959,0.9432093242681167,0.7614088760682223,0.8376996329329777,0.7262058052358152,0.6963402660453192,0.9670913000117749,0.8361793126538246
0.8307912814332122,0.4394689270288426,0.3360509908286311,0.4733039923295552,0.4572359823096944,0.8173305569645752,0.9450719662123893,0.9120851255930996,0.9362584033598561,0.8616249420096775,0.7454449321473522,0.6748592587624161,0.6529841912422161,0.6708695400232667,0.8037344864653818,0.7916432636490401,0.7479637569671856,0.77645113147046,0.8682626619632043,0.8989325601118893,0.8208984093263731,0.9238285687082395,0.9722382812286733,0.9638491993737323,0.8783877349279855,0.8945494471629447,0.831627053813059,0.7765022224056518,0.7512730782775909,0.8548919406916353,0.8813446739453309,0.7118567423286183,0.9091549244331594,0.0,0.893853965691369,0.812436675904725,0.9738671492388057,0.9448631131243611,0.926731120842075,0.8638474335826405,0.8035442775424138,0.9530394228733845,0.7993588444040115,0.9287945673574654,0.906595538099977,0.8873586773410842,0.941656197213814,0.8873741488589071,0.8172615389914801,0.8980379796208381,0.9245208189350108,0.850038957045323,0.7784315390771154,0.7078982044496885,0.6981797368137798,0.8986753046841843,0.841044217780226
0.9042602719351316,0.42015731964369857,0.3367448124536157,0.44419724186165105,0.46801025141845576,0.8572302714017436,0.9178639240773773,0.8767248979866432,0.9051811682200124,0.9291115574080274,0.7451183169196176,0.6799021902906335,0.6376312499414231,0.7766055022570666,0.7659461812161835,0.7476221421133208,0.7116256844591099,0.7301840308085249,0.8264420850112483,0.8983538202424,0.839381973674909,0.9155884961341595,0.9265891776796737,0.9982469894102064,0.83016595154322,0.8313082745764158,0.8133580140340437,0.7680162965261822,0.6851849010556754,0.9671325630415564,0.8680537238287288,0.8817027579281875,0.8972651906252797,0.893853965691369,0.0,0.8851041257805664,0.9350202698342013,0.9260351455342927,0.8696049835104046,0.8883713337168043,0.8250263003429048,0.9234590972820855,0.814872420883827,0.9295859502097888,0.8548791251943394,0.9322379201932125,0.8699377105702052,0.9823282487235088,0.8892543066889138,0.8178063020277085,0.8120394778408019,0.8388131315526342,0.8767138781112211,0.7153888456422816,0.6705736441355015,0.8736557874454768,0.8234198810708308
0.9046023468592798,0.3208888289972989,0.284822047586595,0.38235725098786755,0.3795803265455244,0.7814846344990029,0.8321275116041241,0.7463728595323782,0.7942266613322968,0.8673113200866508,0.6193432521556649,0.5877019915926329,0.5294401587066322,0.6668670876621252,0.6838316607054592,0.659472639029343,0.6650785643655627,0.6446944689316667,0.7129594094040267,0.796453787160694,0.6929340094645521,0.7944263388159086,0.8277279873222295,0.8367316127697839,0.7682797139048105,0.7701689096522474,0.6925644736919458,0.6433086529490195,0.6288184806583148,0.8973264252900724,0.7526834679830458,0.7893929314230367,0.8211924874423764,0.812436675904725,0.8851041257805664,0.0,0.922790361227222,0.783476620052805,0.7220855678779722,0.8127386016144709,0.8078497043837751,0.7869999188613193,0.6665888127086878,0.8495427699136187,0.7685268631967056,0.7957933250086274,0.8062825845807414,0.9043188820862353,0.779680762426483,0.8089978300177506,0.7349826434188924,0.7781861613786049,0.7121524467610324,0.5850660440685824,0.5533138944979444,0.7824071659889988,0.7020883222053477
