Cingulate area 2,Glomerular layer of the accessory olfactory bulb,Glomerular layer of the olfactory bulb,"Olfactory bulb, unspecified",Frontal association cortex,Cornu ammonis 3,Dentate gyrus,Cornu ammonis 2,Cornu ammonis 1,Fasciola cinereum,Subiculum,Postrhinal cortex,Presubiculum,Parasubiculum,Perirhinal area 35,Perirhinal area 36,Medial entorhinal cortex,Lateral entorhinal cortex,Primary auditory area,"Secondary auditory area, dorsal part","Secondary auditory area, ventral part","Piriform cortex, layer 1","Piriform cortex, layer 2","Piriform cortex, layer 3",Ventrolateral orbital area,Lateral orbital area,Ventral orbital area,Medial orbital area,Dorsolateral orbital area,Prelimbic area,Secondary motor area,Frontal association area 3,Primary motor area,"Agranular insular cortex, ventral area",Agranular insular cortex dorsal area,Cingulate area 1,Infralimbic area,Dysgranular insular cortex,Granular insular cortex,"Primary somatosensory area, forelimb representation","Primary somatosensory area, dysgranular zone","Primary somatosensory area, face representation",Secondary somatosensory area,"Primary somatosensory area, hindlimb representation","Agranular insular cortex, posterior area","Primary somatosensory area, barrel field",Retrosplenial dysgranular area,"Primary somatosensory area, trunk representation",Retrosplenial granular area,"Parietal association cortex, lateral area","Parietal association cortex, medial area","Parietal association cortex, posterior area",Primary visual area,"Secondary visual area, lateral part",Temporal association cortex,"Secondary visual area, medial part",Nucleus of the lateral olfactory tract
0.0,0.3762369645015685,0.19397296190882166,0.3154166073874643,0.29323017561904086,0.7646583897558957,0.7188877030625553,0.7438510767651701,0.7869082987453946,0.8202955321458089,0.7369379818007427,0.4835231802867484,0.684855539670809,0.527867656424781,0.5948390590343416,0.6532921414795663,0.49183200594767873,0.5404200543885259,0.5978298802767892,0.5932884500407313,0.5685581280652697,0.8292975342252833,0.824454547848089,0.8937633996993606,0.5057166483790628,0.5919875482856302,0.4332636677314275,0.44486704665985927,0.4378212359284738,0.6696880907833386,0.690440436569392,0.6055651412292496,0.9926960963347339,0.8589760806810076,0.7520678390753704,0.9935802445431773,0.8813189537326183,0.8148010326738596,0.7905402799906797,0.9359882512730278,0.9166116658585297,0.8514257793299121,0.7914299251722215,0.8323809537493183,0.8612256361611622,0.8841805366601315,0.8311587605946008,0.8751251598812512,0.8300523122108437,0.7594257276194095,0.7390049025687307,0.7868487770588273,0.6402046512787838,0.5529750678608345,0.5245719789871742,0.7559517412043626,0.8314787093432036
0.3762369645015685,0.0,0.42760171438739353,0.6955459692750381,0.6957881498975425,0.5415455118440479,0.5725412816945591,0.5211511951622022,0.487404400899387,0.4699326252554568,0.4911038292990751,0.7042884522565795,0.4622642554108238,0.7196666028527093,0.6234685911796062,0.5630079584794561,0.7305413244773763,0.5946657109912848,0.5566960473840054,0.5581947332660294,0.4644748254000095,0.4549299412212237,0.45058091730408373,0.4239016438100613,0.5920395790897512,0.6319961728478973,0.567855690999931,0.7083039744743046,0.6782821408252514,0.4291233496675231,0.49799640783271276,0.4852952336144271,0.47204599216739407,0.40760110699250623,0.4755895981928233,0.325983669499008,0.3448284918419222,0.4427053742290176,0.43688407017014497,0.41049767671054144,0.3969492938779412,0.461089839466872,0.49561219120557193,0.4316208333640883,0.42029575145404324,0.41942855492830156,0.4791482914748797,0.4885238034108435,0.4763932293334638,0.5050038307905422,0.5221697218804606,0.5045266358928434,0.6080089751115884,0.6454038466930566,0.6211981709354967,0.5543256111939313,0.4527000475500323
0.19397296190882166,0.42760171438739353,0.0,0.7394356148120693,0.5154771125509193,0.28854702784204683,0.29522186435094866,0.2701543133620964,0.2740578771586227,0.2522733326725113,0.28513421592301297,0.42852167602955554,0.2887105252949707,0.41432065634953635,0.3250073985079639,0.30423641938604234,0.4219241434242243,0.36743500487148506,0.3348421728995316,0.3143327270421015,0.32670835069729015,0.26211430283672676,0.25589559079611535,0.23813548774692309,0.35495637852913364,0.41479765640287275,0.35862911995017255,0.36347363521793713,0.4496212162651514,0.2921499795315806,0.32923897230788035,0.3242219687615988,0.2596535877562284,0.2476641463530955,0.300601487395119,0.1785166659646462,0.20414599543120487,0.2577006291079302,0.2559196693227214,0.23249886103522882,0.2195225300185067,0.2601539480091278,0.27139565839778224,0.2317046173424323,0.24153188258863853,0.22756822714522298,0.2607636510686011,0.26113194938321393,0.2597865785108561,0.2565705934449404,0.2887013698560737,0.2695522173213172,0.3110079530123322,0.38055485878283457,0.3577266960280846,0.2873274054826988,0.22726608414944086
0.3154166073874643,0.6955459692750381,0.7394356148120693,0.0,0.7324950709445476,0.5060650239301221,0.5027282766475817,0.45731965749505493,0.45774384295392556,0.424593403260363,0.46691181110939334,0.7321785795194934,0.45648550926292214,0.7412496218093264,0.5582620487972275,0.517726356757839,0.7181164232424678,0.6238788891148755,0.5771039222340071,0.557446685383315,0.5297020223043978,0.4277266819667971,0.42592706412178827,0.39549864585718836,0.5957831045208898,0.6899810862385997,0.6028008569735258,0.5996441941320352,0.7840286305673787,0.4639413909430005,0.5682951535708884,0.5487056999459204,0.439738755313483,0.3965572714873909,0.49622842979697845,0.27762818274146156,0.3253393408575605,0.42299106446172396,0.43926856215481863,0.3758976179774101,0.35208590476502266,0.43555604296145206,0.45821832386103156,0.3701474581626034,0.3832719405868134,0.36538525357086604,0.4207540623987454,0.44573751225839164,0.42740557004503676,0.4113918801358853,0.47254207781122565,0.44804415108863016,0.5110257007446157,0.6496630806822759,0.5978695573482854,0.47868927421474927,0.36837874728482156
0.29323017561904086,0.6957881498975425,0.5154771125509193,0.7324950709445476,0.0,0.47886663156401577,0.4573214470294299,0.39489915686819466,0.4394571881058013,0.40154791393323597,0.4466811516976095,0.6068820658971554,0.39480743866690593,0.708285128676617,0.5428309491962308,0.4788768936422632,0.661114695453072,0.5976429617907353,0.5323560339969616,0.53558429584608,0.49826073152743844,0.40188081434497164,0.3967426538094404,0.35903735710736157,0.6667396381448542,0.6331159727757814,0.6933011337961136,0.8128560459055507,0.8244625958240338,0.4466968519702174,0.49089571369419777,0.5129138797845136,0.3893815666237926,0.36835266554289997,0.4559495017349406,0.24754278805525695,0.2863960800013159,0.400040640970641,0.3858632305544124,0.3465527130108171,0.319151799479696,0.4050362846019984,0.38260591913109193,0.3420950351955567,0.3239307524281776,0.3355259203008505,0.38436903633308295,0.3942351056600335,0.3990095400544455,0.3679749644091862,0.45151576582706954,0.4170828342709994,0.5107214489520757,0.6331269723869627,0.5381649379854511,0.43470992623476395,0.3616470127020736
0.7646583897558957,0.5415455118440479,0.28854702784204683,0.5060650239301221,0.47886663156401577,0.0,0.9545890494215912,0.9867829220453457,0.9975493905904167,0.9236985516009928,0.9764923592962629,0.7945583445641696,0.9290751531890562,0.8850580540381986,0.9322280796749409,0.9392511409347496,0.8207468886352097,0.8948399834763644,0.9385785848584713,0.8955927299676806,0.897361044142858,0.9258103280727769,0.9804911014441772,0.971194470446791,0.7820582151792133,0.8520679479862079,0.6603841742569339,0.6906927509508706,0.7307648104729063,0.8173488282516789,0.8338568346144398,0.8505024886077893,0.9551964380684759,0.9166811944452651,0.9264152570559221,0.6541219321865633,0.7144790805995352,0.9249006896866251,0.9612853911109536,0.875762554700213,0.9289817673875246,0.9052263555804216,0.9743363820504972,0.8532155465563895,0.9358454398180684,0.9021207766056253,0.8602999603371709,0.9496275896040797,0.9230503081234458,0.9070426868473592,0.9118500599197573,1.0,1.0,0.908466881057812,0.8761564596813262,0.9033700656114981,0.772314897210444
0.7188877030625553,0.5725412816945591,0.29522186435094866,0.5027282766475817,0.4573214470294299,0.9545890494215912,0.0,0.8787744625208562,0.9307841093406272,0.8528161498813371,0.957009355511193,0.7568582546737519,0.8535135384231615,0.8611917692860399,0.8179900813923796,0.9018553368860255,0.8383682089936294,0.8102318827122847,0.8428298147519467,0.7767712326309811,0.7808867282871674,0.921612754655377,0.9449130772568906,0.8672319645938533,0.7789187409280562,0.8766547618090866,0.6691866925914836,0.6697703799793026,0.6875623918515619,0.787243555039555,0.8893961507388387,0.8229181289821894,0.9326142268500395,0.8664089854816532,0.8879924032019965,0.6222618297495104,0.6701673184151278,0.8774781735698008,0.9213130126813601,0.81498600381842,0.8195202250545107,0.8530430611525157,0.9335722641214587,0.8677697149028357,0.8738883499831982,0.8809617711442468,0.8705959218366947,0.9218018695014123,0.9066729084150252,0.8633237035988427,0.8991780084148777,0.9142648181130193,0.8473887787004307,0.8165936550997434,0.8209286067626789,0.9036954375148665,0.8249109285559575
0.7438510767651701,0.5211511951622022,0.2701543133620964,0.45731965749505493,0.39489915686819466,0.9867829220453457,0.8787744625208562,0.0,0.9530971076651745,0.821091656454954,0.9320912350374502,0.7286963453569496,0.9710484031784828,0.8352485310308271,0.8897684308987356,0.921299454421571,0.7614328810658555,0.826062744580077,0.8926734188033292,0.8612474845728564,0.8021783819682075,0.9048447906867823,0.9274968442246638,0.896941252898264,0.643817964274457,0.7634583738769117,0.5338651831952501,0.5790757178766364,0.6283848147457861,0.6899650981561408,0.8247152581269126,0.842892397690928,0.9041014326610844,0.8526372325372887,0.8611508767861962,0.6719518550445657,0.7552881118397498,0.908165836214425,0.9434923998742061,0.8870283263013765,0.8109353276463436,0.9298561700170777,0.9738635607985252,0.8284837189028372,0.9249776380592112,0.9368573783810107,0.8772175534143025,0.9748819062143962,0.8767163124774634,0.8980416053177651,0.7675025613096244,0.9253233323780206,0.8878704232867326,0.8094658914570444,0.8128342339701945,0.8012858458676115,0.7600017952365133
0.7869082987453946,0.487404400899387,0.2740578771586227,0.45774384295392556,0.4394571881058013,0.9975493905904167,0.9307841093406272,0.9530971076651745,0.0,0.8929864740753792,1.0,0.7335276129315764,0.9188588459248402,0.8550460915079412,0.8731312152209845,0.9541937002369054,0.7872552662192627,0.8225433065586137,0.8394998565458024,0.7934697010242125,0.8457582404799268,0.8637164392226468,0.9392994159006761,0.966816723375205,0.7498940005098677,0.8398060253421592,0.628610375895916,0.6574543660127028,0.7168867557723374,0.8198821071652813,0.8925076529988732,0.9039793395318027,0.973687190735225,0.9104321392779854,0.9330331742604315,0.6570454625838866,0.7020245334098425,0.9986738022999467,0.9655235579943806,0.8551623098835943,0.908955846791346,0.9405818821789008,0.9682079367914413,0.8572158979212471,0.9155282279524964,0.9404357302039676,0.8763596255816269,0.9516475034860249,0.949181961533163,0.9089160856893662,0.9135119443246213,0.9305573350148668,0.8969385257917212,0.8780171989384786,0.8585058743643655,0.9111980428242561,0.8553393305543225
0.8202955321458089,0.4699326252554568,0.2522733326725113,0.424593403260363,0.40154791393323597,0.9236985516009928,0.8528161498813371,0.821091656454954,0.8929864740753792,0.0,0.886013725543497,0.6620246595454239,0.8098557825935124,0.7278849401300952,0.722978700577242,0.8230960961219776,0.6625209319682509,0.6745913054743712,0.7451807095872678,0.7158616405567043,0.6742755975413128,0.8566778923325373,0.8755291035786389,0.8388213019990027,0.7414275082395991,0.7650177452023476,0.6146131470116428,0.5720083567972077,0.660092845100717,0.7886426013972642,0.8461880467061415,0.7140862904027048,1.0,0.9659623618631493,0.8215527674374478,0.7074019478872278,0.6926430831275684,0.9115301817080721,0.901427600738912,0.9536020977994799,0.9025650307916769,0.9161173802652132,0.8928642085094095,0.8696006110878831,0.8759435086338667,0.8953386171102311,0.9402307384707594,0.9771786147887135,1.0,0.9187467413785856,0.9278421868913083,0.8817227018190936,0.8354226480446457,0.7033584863076889,0.682686181066647,1.0,0.9684310595640225
0.7369379818007427,0.4911038292990751,0.28513421592301297,0.46691181110939334,0.4466811516976095,0.9764923592962629,0.957009355511193,0.9320912350374502,1.0,0.886013725543497,0.0,0.8037446916547768,0.9515792480984647,0.8867989575301701,0.8691846725419518,0.9878834799736153,0.8098130863985578,0.8514831412933477,0.8879507102196907,0.8973311152681658,0.9497581833888569,0.9458804363601687,0.9523732495886037,0.9389911251019086,0.8220474986351838,0.8360515068915568,0.6436559131675701,0.6493161951531687,0.6902290664444826,0.8234955649040433,0.9003959350431183,0.8874563997010211,0.9469472283110296,0.8569937197835115,0.9213282554027202,0.6726760690119286,0.7338627396966454,1.0,0.9583838856061612,0.8670120045019977,0.8675189725700403,0.9973969554276715,0.9702644592397899,0.8273952663234871,0.9021086591987041,0.921351215461038,0.8901300978832171,0.9838911626894746,0.8831607738497175,0.8929028685116859,0.8256918745122548,0.9422320009569471,0.9169263063269955,0.9429805655479012,0.8775318131844335,0.8777831075413018,0.7551943252352937
0.4835231802867484,0.7042884522565795,0.42852167602955554,0.7321785795194934,0.6068820658971554,0.7945583445641696,0.7568582546737519,0.7286963453569496,0.7335276129315764,0.6620246595454239,0.8037446916547768,0.0,0.7520857273961344,0.9875157101954614,0.8533151417599119,0.8488972313999961,0.98082780836669,0.9211628921117834,0.8239853315160703,0.7880875640667684,0.8099480806121104,0.6527892874754219,0.6544013733620265,0.634481204779472,0.7815665395869345,0.8687073735747787,0.6775370376373355,0.7041757473729872,0.8122267691337778,0.6375878249284522,0.7290140565159099,0.7597885331115084,0.6699981928727982,0.6286981539741887,0.7115094396331303,0.4240502538194954,0.49317190232013014,0.6696950496929889,0.7132507800346005,0.5985939609816504,0.5990827987045728,0.698118379117102,0.7086085248703268,0.5829988540698181,0.6320722489457602,0.6128994937186528,0.6553084371503243,0.7260862514713681,0.7048904046755223,0.7371090831341023,0.7307102409218161,0.7464640214339481,0.889151923014226,0.9433094252066676,0.9354972151734183,0.7156514468604259,0.597602880977867
0.684855539670809,0.4622642554108238,0.2887105252949707,0.45648550926292214,0.39480743866690593,0.9290751531890562,0.8535135384231615,0.9710484031784828,0.9188588459248402,0.8098557825935124,0.9515792480984647,0.7520857273961344,0.0,0.818724090962067,0.8926085413962381,0.918313262044284,0.745312789158993,0.835268643223167,0.8975794234062945,0.8593450185744773,0.8545528306328832,0.8777496442303812,0.8939670164413813,0.9091221948822746,0.6916670152941576,0.7511664189421418,0.5715322488954716,0.5684628682466122,0.6111558332911048,0.751060165414256,0.8349761744061499,0.8631126914965269,0.9138366890182248,0.869902315587734,0.8955395238808763,0.6448356347947493,0.7118074918153545,0.9289889384396701,0.942081098472189,0.8508189456118894,0.8538368188860436,0.8424824447376623,0.9645651134120077,0.746032318408726,0.9494433410687961,0.842863010600775,0.8441407136088968,0.9130739955389365,0.8785668387706662,0.8848577190560449,0.8019422212059025,0.9905799424815803,0.8444374256789393,0.8587000476727915,0.8824083746370199,0.8409017654349303,0.7493598447002002
0.527867656424781,0.7196666028527093,0.41432065634953635,0.7412496218093264,0.708285128676617,0.8850580540381986,0.8611917692860399,0.8352485310308271,0.8550460915079412,0.7278849401300952,0.8867989575301701,0.9875157101954614,0.818724090962067,0.0,0.9831948938508862,0.9313983754388043,1.0,0.9511436944269653,0.9184378577633233,0.8977338872163693,0.9235057800559157,0.7444050474727006,0.7939452611697264,0.7401735457253916,0.9037650343835245,0.9798216625312934,0.7892604702738577,0.879342920571168,0.9408906066300682,0.7435219439918755,0.8602092032157252,0.9228043173549133,0.7308203166714148,0.7049094190299113,0.8510220618885083,0.4510319902324686,0.5385164158424705,0.7699238306639627,0.7768106697369375,0.6544968166564736,0.6454088349853166,0.7892450729839203,0.7962365517069048,0.6400114798805476,0.6771268037836351,0.6978293159673556,0.7131439598013902,0.7597442054259613,0.755157066540873,0.6800802190833111,0.8070905191850845,0.8445902855275486,0.9324008885822321,1.0,0.9967982117302326,0.7452689147184555,0.6213286284332977
0.5948390590343416,0.6234685911796062,0.3250073985079639,0.5582620487972275,0.5428309491962308,0.9322280796749409,0.8179900813923796,0.8897684308987356,0.8731312152209845,0.722978700577242,0.8691846725419518,0.8533151417599119,0.8926085413962381,0.9831948938508862,0.0,0.8913240575691346,0.9223369362496517,0.9282681076399205,0.9490914169575113,0.9266428076100716,0.8773409221438644,0.8208715421391005,0.8712507482111769,0.7757610341413643,0.7991704758719425,0.8904398524825548,0.7561391034229863,0.8365005869489314,0.805661203144027,0.7413284175887036,0.8480979557874468,0.8793142970552137,0.7785510298379733,0.7788073934417751,0.8425881330586616,0.5160838625695503,0.6236967094431876,0.8265729530781277,0.86202721818669,0.7509514073348775,0.7562808710500782,0.8478271182325338,0.8495411184264906,0.720732629709176,0.7880582127221116,0.7715192177760867,0.7490377461805019,0.886507323220875,0.7634119802325843,0.8119137375892166,0.7878621686928837,0.971995881232819,0.9120695604245641,0.973584557677458,0.9265596946806078,0.811438268950503,0.6943353028562108
0.6532921414795663,0.5630079584794561,0.30423641938604234,0.517726356757839,0.4788768936422632,0.9392511409347496,0.9018553368860255,0.921299454421571,0.9541937002369054,0.8230960961219776,0.9878834799736153,0.8488972313999961,0.918313262044284,0.9313983754388043,0.8913240575691346,0.0,0.8627451029318198,0.8781342907976121,1.0,0.8871032888157663,0.9453253092020396,0.9258800314671469,0.9348672761536048,0.9119460022131618,0.7641931610701955,0.8501193384925602,0.6811100730547336,0.7227875291851407,0.711736481511249,0.7796131314865493,0.8725226865807473,0.8725177804994475,0.8491994772515834,0.8038306165937342,0.913302767751423,0.5967237846868887,0.6836144360892591,0.9044107110177371,0.9200705737139133,0.8278312533287344,0.8359924785496935,0.9098756386829373,0.9998022421241581,0.7527476242116772,0.8740755392383864,0.8438497673346083,0.843128344438202,0.9647386301349283,0.8148558682825049,0.906159408364052,0.8589569822343286,0.963980070870192,0.9581041678350707,0.9048991401717602,0.9427259262734845,0.8078942833922079,0.8060157403282394
0.49183200594767873,0.7305413244773763,0.4219241434242243,0.7181164232424678,0.661114695453072,0.8207468886352097,0.8383682089936294,0.7614328810658555,0.7872552662192627,0.6625209319682509,0.8098130863985578,0.98082780836669,0.745312789158993,1.0,0.9223369362496517,0.8627451029318198,0.0,0.9320171322145371,0.8498261350095102,0.8278282534837649,0.8143018386055897,0.6871415230794382,0.7334253870579451,0.6612730374505753,0.8174654125128864,0.9926838991402153,0.7297633548987175,0.822639440201889,0.8911525071861961,0.6872482899073276,0.8224908558830817,0.7899737909523121,0.6880435379304106,0.6632360617338993,0.7544051225895673,0.4188800410810252,0.484973831945485,0.7144331013190882,0.7365967393261079,0.6154464872788958,0.5943749482633028,0.6976071046255453,0.7639798774006782,0.6296720944144498,0.6301704909199929,0.6440973757664771,0.6700193594098689,0.7455658826786264,0.6848364532561988,0.7246903242785577,0.7220859272523035,0.8087426573202325,0.8242366627887338,0.9701999298591407,0.9313180084907959,0.7671618853129547,0.601726889495324
0.5404200543885259,0.5946657109912848,0.36743500487148506,0.6238788891148755,0.5976429617907353,0.8948399834763644,0.8102318827122847,0.826062744580077,0.8225433065586137,0.6745913054743712,0.8514831412933477,0.9211628921117834,0.835268643223167,0.9511436944269653,0.9282681076399205,0.8781342907976121,0.9320171322145371,0.0,0.9671276518855214,0.8223881747245781,0.8626726440443306,0.7448126616522823,0.8084071637131427,0.724629797298649,0.7757171305581928,0.8699578338983007,0.720492997961392,0.7730391168099056,0.7807306659168762,0.7164017835006807,0.8526560605100942,0.8772848022113544,0.7036596330639088,0.7218358850245631,0.815389734611421,0.4760288486595345,0.5653589038472561,0.7955212255895855,0.776840672292438,0.668528918081837,0.6688472996224077,0.7442905656421775,0.8000069545492381,0.6326153839002134,0.7017107702555571,0.6900260109025671,0.7026643631439725,0.7833599758207275,0.7454443698171928,0.7298423100397703,0.7156112838938461,0.8403716509701462,0.843564935602402,0.9886582661178315,0.9628797184206885,0.733468478221688,0.6420756540291168
0.5978298802767892,0.5566960473840054,0.3348421728995316,0.5771039222340071,0.5323560339969616,0.9385785848584713,0.8428298147519467,0.8926734188033292,0.8394998565458024,0.7451807095872678,0.8879507102196907,0.8239853315160703,0.8975794234062945,0.9184378577633233,0.9490914169575113,1.0,0.8498261350095102,0.9671276518855214,0.0,0.872007669638949,0.9184986220893238,0.862144925420739,0.8893667013406249,0.8611227297081944,0.7811803963791198,0.8687332693051658,0.688187166770625,0.7605489648590439,0.8465954970591627,0.7938500442985642,0.8593533425264468,0.9697606157249137,0.7971682522842359,0.7498336724289459,0.8961784154467537,0.5508655504976493,0.6265772619174594,0.874563786848367,0.9011641219317057,0.753283558990857,0.724785780541038,0.8321961480902085,0.8887670677713388,0.6792683793439883,0.7542158597077799,0.7560975237266082,0.7171627254075416,0.8241067314793059,0.7891373348701288,0.7809699977155279,0.7606128545428177,0.8965260265024145,0.8735664375109954,0.9871975850367288,0.915641608537968,0.7509783721432477,0.6546309422184547
0.5932884500407313,0.5581947332660294,0.3143327270421015,0.557446685383315,0.53558429584608,0.8955927299676806,0.7767712326309811,0.8612474845728564,0.7934697010242125,0.7158616405567043,0.8973311152681658,0.7880875640667684,0.8593450185744773,0.8977338872163693,0.9266428076100716,0.8871032888157663,0.8278282534837649,0.8223881747245781,0.872007669638949,0.0,0.860972122554551,0.8051376529548436,0.8715689430412853,0.7803468838701575,0.8050431305205856,0.8616617334755046,0.7032966795747675,0.7285333640117119,0.8014650167730815,0.7639690123012264,0.859133716674222,0.8870229931481306,0.755719149909675,0.7651765547099854,0.8149213125226102,0.5310703329086882,0.6171235886717683,0.7918388288303357,0.8378566576768183,0.7337869044251375,0.6842904488288438,0.8105192786627211,0.8045692255590022,0.6679296590704581,0.7668931174273149,0.7172869533738765,0.6881530031057039,0.7829996149304523,0.7633047528325826,0.7492452126745123,0.7468965297105494,0.8687508418505695,0.8685808209720598,0.9038280343020196,0.8765605339068057,0.7132303146887696,0.6786033643322874
0.5685581280652697,0.4644748254000095,0.32670835069729015,0.5297020223043978,0.49826073152743844,0.897361044142858,0.7808867282871674,0.8021783819682075,0.8457582404799268,0.6742755975413128,0.9497581833888569,0.8099480806121104,0.8545528306328832,0.9235057800559157,0.8773409221438644,0.9453253092020396,0.8143018386055897,0.8626726440443306,0.9184986220893238,0.860972122554551,0.0,0.8638703006396385,0.8157395658307239,0.8124285287918542,0.7952404932969931,0.8926320826204321,0.7514360213688225,0.7097880900434763,0.7432745657493613,0.7762795267228281,0.8834498918276453,0.9932300904119925,0.7276364938121662,0.7950895134175888,0.9033592974446687,0.5040185741175995,0.6431233242244361,0.851433924911058,0.8669154986843466,0.7247321388686842,0.7175875916859147,0.8574016112915146,0.8828173652975608,0.6516588798137455,0.7568431044859107,0.7342672103251022,0.6851766531565554,0.7758302845099283,0.7508386641532723,0.687747731744287,0.7275618419276637,0.8321447849378171,0.8598974308905215,0.9898040148457404,0.8722208957297277,0.687231614302126,0.5968583906003138
0.8292975342252833,0.4549299412212237,0.26211430283672676,0.4277266819667971,0.40188081434497164,0.9258103280727769,0.921612754655377,0.9048447906867823,0.8637164392226468,0.8566778923325373,0.9458804363601687,0.6527892874754219,0.8777496442303812,0.7444050474727006,0.8208715421391005,0.9258800314671469,0.6871415230794382,0.7448126616522823,0.862144925420739,0.8051376529548436,0.8638703006396385,0.0,0.892350828101214,0.9715435854853232,0.7261243370107302,0.8273347303098475,0.6314491525201179,0.5946569950774221,0.6711622629686669,0.819348434486519,0.8390898257007512,0.8951198959377382,0.9540031275779433,0.9442458687841144,0.92880885432585,0.7672932111554401,0.7442090176330773,0.9555999844117112,1.0,0.9582803681993631,0.907632758782548,0.9835991935267452,0.9807326389825383,0.8646993837807466,0.9248886983688137,0.9133514268724151,0.8667039294014917,0.922459898042579,0.8438787419353635,0.8315321199590329,0.8699494156395451,0.9190904386489338,0.8462037132139074,0.786990462965257,0.7355000908759393,0.8277463909124877,0.7917626784183275
0.824454547848089,0.45058091730408373,0.25589559079611535,0.42592706412178827,0.3967426538094404,0.9804911014441772,0.9449130772568906,0.9274968442246638,0.9392994159006761,0.8755291035786389,0.9523732495886037,0.6544013733620265,0.8939670164413813,0.7939452611697264,0.8712507482111769,0.9348672761536048,0.7334253870579451,0.8084071637131427,0.8893667013406249,0.8715689430412853,0.8157395658307239,0.892350828101214,0.0,0.9970037508656849,0.7036364069408484,0.8468542935158914,0.5948663628210417,0.6113794636640676,0.6205551427218696,0.8501939309661578,0.8756984406854269,0.8597137551070405,0.9758672841702287,0.9695914492347938,0.9370761609449255,0.7434652169811145,0.7510431414686316,1.0,0.9836305789378345,0.9389715403136466,0.9344069319517231,0.9048398990483592,0.9882280802639449,0.8486094049188287,0.9211458443864425,0.9612634791105025,0.8315774522690039,0.9996091277546534,0.8642863958353703,0.8682825623903118,0.8368573411028297,0.9348888856534017,0.8546962110174156,0.8020638594117296,0.8134901166881966,0.8414111809172737,0.821450242129469
0.8937633996993606,0.4239016438100613,0.23813548774692309,0.39549864585718836,0.35903735710736157,0.971194470446791,0.8672319645938533,0.896941252898264,0.966816723375205,0.8388213019990027,0.9389911251019086,0.634481204779472,0.9091221948822746,0.7401735457253916,0.7757610341413643,0.9119460022131618,0.6612730374505753,0.724629797298649,0.8611227297081944,0.7803468838701575,0.8124285287918542,0.9715435854853232,0.9970037508656849,0.0,0.5969447768212401,0.7186412777118121,0.5140545440004843,0.5369978822610276,0.571291764969139,0.7964457945884625,0.8141298747020879,0.8558776729302142,0.9740592058803785,1.0,0.8935422635546124,0.8506896046090199,0.9022504722203367,0.972592963381725,1.0,1.0,0.9472966019042875,1.0,1.0,0.942298382919501,1.0,0.9681047306119742,0.8817293231963851,0.9576418348696707,0.9045180370356964,0.876951849456574,0.797927286253099,0.9041436387640697,0.8273315975964874,0.7542589360670332,0.7223602370034471,0.8348418417986755,0.7940665161084405
0.5057166483790628,0.5920395790897512,0.35495637852913364,0.5957831045208898,0.6667396381448542,0.7820582151792133,0.7789187409280562,0.643817964274457,0.7498940005098677,0.7414275082395991,0.8220474986351838,0.7815665395869345,0.6916670152941576,0.9037650343835245,0.7991704758719425,0.7641931610701955,0.8174654125128864,0.7757171305581928,0.7811803963791198,0.8050431305205856,0.7952404932969931,0.7261243370107302,0.7036364069408484,0.5969447768212401,0.0,0.9224401424793015,0.9262246701691097,0.8114917994953751,0.9387263748066895,0.8202434004691054,0.8561003476542824,0.7797062036700968,0.7327215071950431,0.6955176326051423,0.798864114226502,0.42555976140714136,0.4895672247990739,0.7269533545467279,0.7430570827046625,0.6602764034206856,0.5918156549876342,0.7319466772999869,0.6852414192972724,0.6224048462507275,0.5803927170610284,0.5981418174806268,0.6617142953266691,0.726865862638266,0.7147700456154631,0.6096014407730292,0.7909830551134697,0.7074588972137235,0.7279001574186925,0.8842366117465672,0.7452353599682549,0.7434643998223838,0.6740698489382774
0.5919875482856302,0.6319961728478973,0.41479765640287275,0.6899810862385997,0.6331159727757814,0.8520679479862079,0.8766547618090866,0.7634583738769117,0.8398060253421592,0.7650177452023476,0.8360515068915568,0.8687073735747787,0.7511664189421418,0.9798216625312934,0.8904398524825548,0.8501193384925602,0.9926838991402153,0.8699578338983007,0.8687332693051658,0.8616617334755046,0.8926320826204321,0.8273347303098475,0.8468542935158914,0.7186412777118121,0.9224401424793015,0.0,0.8206840566969538,0.7753984705530104,0.9545779911436741,0.8868315197503248,0.9335009105213014,0.886773479429242,0.8206462201210004,0.7359033870473711,0.9106698210697095,0.4688737636083241,0.568775204447174,0.8040400393246984,0.8363390161463535,0.7381130067301535,0.6374791428293645,0.7933405382520972,0.8405791011970103,0.6867247497450646,0.7058365265394085,0.7024271707046144,0.7797396490405939,0.7915687529039771,0.8017396521424267,0.7334094708843576,0.8946691066292521,0.7962216868940794,0.8603115946669866,0.9228891299460281,0.8575109929868441,0.8258928207429246,0.6892543125653873
0.4332636677314275,0.567855690999931,0.35862911995017255,0.6028008569735258,0.6933011337961136,0.6603841742569339,0.6691866925914836,0.5338651831952501,0.628610375895916,0.6146131470116428,0.6436559131675701,0.6775370376373355,0.5715322488954716,0.7892604702738577,0.7561391034229863,0.6811100730547336,0.7297633548987175,0.720492997961392,0.688187166770625,0.7032966795747675,0.7514360213688225,0.6314491525201179,0.5948663628210417,0.5140545440004843,0.9262246701691097,0.8206840566969538,0.0,0.9018780015371436,0.9509100838223272,0.7356184242180844,0.8397037914422524,0.7967322497973847,0.635198555102341,0.6007866738450472,0.7282782883268649,0.3607106579964559,0.4264465003662552,0.612411802536375,0.6263095830217075,0.5503944950634868,0.48926919605453884,0.6386892474602567,0.5700159825356792,0.5084835513400567,0.48099730075282393,0.505668069478788,0.5666053689320766,0.586678130869075,0.6227423104429757,0.4853433711731034,0.6542273126252826,0.594056935010775,0.6299543018695807,0.8069220420709597,0.6178344461491115,0.6117525797984205,0.5208203986411108
0.44486704665985927,0.7083039744743046,0.36347363521793713,0.5996441941320352,0.8128560459055507,0.6906927509508706,0.6697703799793026,0.5790757178766364,0.6574543660127028,0.5720083567972077,0.6493161951531687,0.7041757473729872,0.5684628682466122,0.879342920571168,0.8365005869489314,0.7227875291851407,0.822639440201889,0.7730391168099056,0.7605489648590439,0.7285333640117119,0.7097880900434763,0.5946569950774221,0.6113794636640676,0.5369978822610276,0.8114917994953751,0.7753984705530104,0.9018780015371436,0.0,0.923519875994932,0.6297827788020299,0.7825929232906711,0.7351228836927335,0.6037767449387897,0.5695548766734824,0.690973177181509,0.3830739192893525,0.4473558335649359,0.5741670850501692,0.6118935219801203,0.5256208105890002,0.4977749481396724,0.6362000605592434,0.6015491642961259,0.5267525877980535,0.5044351831052657,0.5215390850719588,0.5507100537011144,0.579946487601237,0.6006068691723238,0.5105334543369374,0.649301382757077,0.6310086931659039,0.7377836053062772,0.8513773849249905,0.702519896682958,0.6021044331433997,0.5229756939517644
0.4378212359284738,0.6782821408252514,0.4496212162651514,0.7840286305673787,0.8244625958240338,0.7307648104729063,0.6875623918515619,0.6283848147457861,0.7168867557723374,0.660092845100717,0.6902290664444826,0.8122267691337778,0.6111558332911048,0.9408906066300682,0.805661203144027,0.711736481511249,0.8911525071861961,0.7807306659168762,0.8465954970591627,0.8014650167730815,0.7432745657493613,0.6711622629686669,0.6205551427218696,0.571291764969139,0.9387263748066895,0.9545779911436741,0.9509100838223272,0.923519875994932,0.0,0.7478856095806622,0.881402520815022,0.7976621659656896,0.6475027807201574,0.6115599722642742,0.7659299302120856,0.3857485983353135,0.4593352813400647,0.6443699833512437,0.6405610355379253,0.5786290347669002,0.5185385437098061,0.6923053931287386,0.6294548780031275,0.5478838572399778,0.5334802479418308,0.5451792339815296,0.59673348316292,0.6244341746970937,0.6193940635552756,0.5716775415341075,0.6986437252331458,0.6389701587943957,0.7316764268778343,0.9196677841146047,0.7412318931698683,0.7275163477594042,0.5473325951821975
0.6696880907833386,0.4291233496675231,0.2921499795315806,0.4639413909430005,0.4466968519702174,0.8173488282516789,0.787243555039555,0.6899650981561408,0.8198821071652813,0.7886426013972642,0.8234955649040433,0.6375878249284522,0.751060165414256,0.7435219439918755,0.7413284175887036,0.7796131314865493,0.6872482899073276,0.7164017835006807,0.7938500442985642,0.7639690123012264,0.7762795267228281,0.819348434486519,0.8501939309661578,0.7964457945884625,0.8202434004691054,0.8868315197503248,0.7356184242180844,0.6297827788020299,0.7478856095806622,0.0,0.9746852440969881,0.8346515244784669,0.9248099008337664,0.8660306503906449,0.9046896548557234,0.5833504301290822,0.6606836292814195,0.8621958058340184,0.8212122231018448,0.8214854472063541,0.7519123522933293,0.8798778384009613,0.8737656041618155,0.692188606498935,0.7415933861865157,0.7613170863499776,0.7465057354471608,0.7799845498712311,0.7813005030099333,0.6757672257360415,0.813860024747067,0.7841509207296019,0.7250309360275533,0.7721249899933378,0.6478668759435987,0.7467474373921282,0.6907057153829423
0.690440436569392,0.49799640783271276,0.32923897230788035,0.5682951535708884,0.49089571369419777,0.8338568346144398,0.8893961507388387,0.8247152581269126,0.8925076529988732,0.8461880467061415,0.9003959350431183,0.7290140565159099,0.8349761744061499,0.8602092032157252,0.8480979557874468,0.8725226865807473,0.8224908558830817,0.8526560605100942,0.8593533425264468,0.859133716674222,0.8834498918276453,0.8390898257007512,0.8756984406854269,0.8141298747020879,0.8561003476542824,0.9335009105213014,0.8397037914422524,0.7825929232906711,0.881402520815022,0.9746852440969881,0.0,0.9436707052794802,0.972130180119514,0.89028841012187,1.0,0.6033608005970924,0.6503926293651814,0.9042918522115785,0.9639138454695153,0.8438764002354764,0.7315072214861646,0.8951484971107057,0.904455127816089,0.7347740794894324,0.781941401869478,0.813034215128552,0.8181826371188642,0.8808733448747875,0.8824468094610901,0.7270349194395648,0.8657273778885064,0.8251382925216542,0.828953202715756,0.8818991593834056,0.7735513905890706,0.7987248618467854,0.6985690345186774
0.6055651412292496,0.4852952336144271,0.3242219687615988,0.5487056999459204,0.5129138797845136,0.8505024886077893,0.8229181289821894,0.842892397690928,0.9039793395318027,0.7140862904027048,0.8874563997010211,0.7597885331115084,0.8631126914965269,0.9228043173549133,0.8793142970552137,0.8725177804994475,0.7899737909523121,0.8772848022113544,0.9697606157249137,0.8870229931481306,0.9932300904119925,0.8951198959377382,0.8597137551070405,0.8558776729302142,0.7797062036700968,0.886773479429242,0.7967322497973847,0.7351228836927335,0.7976621659656896,0.8346515244784669,0.9436707052794802,0.0,0.83484143335626,0.816278311196895,0.9792032222904132,0.5622866321422243,0.7136794477149382,0.8854029673857293,0.8854817872379376,0.792098991323705,0.7092610774184213,0.8288357900085079,0.8937726657259758,0.6615387054319952,0.760073042898443,0.762945024339739,0.6996963158839204,0.8370292172697418,0.7053088612672431,0.7228572325751745,0.7437210460897531,0.8441418616843193,0.817805754442252,0.9868540350162037,0.790391826257957,0.6811569678834115,0.6116789609609314
0.9926960963347339,0.47204599216739407,0.2596535877562284,0.439738755313483,0.3893815666237926,0.9551964380684759,0.9326142268500395,0.9041014326610844,0.973687190735225,1.0,0.9469472283110296,0.6699981928727982,0.9138366890182248,0.7308203166714148,0.7785510298379733,0.8491994772515834,0.6880435379304106,0.7036596330639088,0.7971682522842359,0.755719149909675,0.7276364938121662,0.9540031275779433,0.9758672841702287,0.9740592058803785,0.7327215071950431,0.8206462201210004,0.635198555102341,0.6037767449387897,0.6475027807201574,0.9248099008337664,0.972130180119514,0.83484143335626,0.0,0.9911973330950268,0.9410696696632315,0.8381215239066405,0.7869469696438048,0.9616452798934323,1.0,1.0,1.0,0.9806970759906504,1.0,0.9679966115829088,0.9829305419675848,1.0,0.9843572824064569,0.9745511103446428,0.9829278183013008,0.8869802831466935,0.9622573070303904,0.9199059980212867,0.7876147058985015,0.7463507856964253,0.7021188087041509,0.9267716338936819,0.9604159475761547
0.8589760806810076,0.40760110699250623,0.2476641463530955,0.3965572714873909,0.36835266554289997,0.9166811944452651,0.8664089854816532,0.8526372325372887,0.9104321392779854,0.9659623618631493,0.8569937197835115,0.6286981539741887,0.869902315587734,0.7049094190299113,0.7788073934417751,0.8038306165937342,0.6632360617338993,0.7218358850245631,0.7498336724289459,0.7651765547099854,0.7950895134175888,0.9442458687841144,0.9695914492347938,1.0,0.6955176326051423,0.7359033870473711,0.6007866738450472,0.5695548766734824,0.6115599722642742,0.8660306503906449,0.89028841012187,0.816278311196895,0.9911973330950268,0.0,0.9778530810230361,0.7845526368732596,0.8018663286960063,0.9765916151432218,0.9892175724222775,0.9997347798421541,0.9925741915026024,0.9915982212559398,0.9652404841585275,0.9086342274036887,0.938378506641805,0.9475980676810691,0.8812853634320302,0.9720003762522867,0.9285149671140209,0.8515842337782099,0.8562967506654248,0.9446878343436087,0.8147646672756769,0.7512397648234893,0.7147613199147681,0.8699324580669314,0.852627236408024
0.7520678390753704,0.4755895981928233,0.300601487395119,0.49622842979697845,0.4559495017349406,0.9264152570559221,0.8879924032019965,0.8611508767861962,0.9330331742604315,0.8215527674374478,0.9213282554027202,0.7115094396331303,0.8955395238808763,0.8510220618885083,0.8425881330586616,0.913302767751423,0.7544051225895673,0.815389734611421,0.8961784154467537,0.8149213125226102,0.9033592974446687,0.92880885432585,0.9370761609449255,0.8935422635546124,0.798864114226502,0.9106698210697095,0.7282782883268649,0.690973177181509,0.7659299302120856,0.9046896548557234,1.0,0.9792032222904132,0.9410696696632315,0.9778530810230361,0.0,0.6742944393835105,0.7823112899397004,0.9190737149014742,0.9830082902717692,0.9149418226119657,0.8129627852571025,0.9471117172435477,0.9229387453471779,0.7859555958881668,0.8539469524766703,0.8584955402721608,0.8454518931174895,0.9259618218951321,0.8538416369015585,0.7678287875741677,0.8692821977147461,0.9033385427130435,0.8542639957474506,0.8910708298857484,0.8033268044543308,0.8297361122974177,0.7600213339391955
0.9935802445431773,0.325983669499008,0.1785166659646462,0.27762818274146156,0.24754278805525695,0.6541219321865633,0.6222618297495104,0.6719518550445657,0.6570454625838866,0.7074019478872278,0.6726760690119286,0.4240502538194954,0.6448356347947493,0.4510319902324686,0.5160838625695503,0.5967237846868887,0.4188800410810252,0.4760288486595345,0.5508655504976493,0.5310703329086882,0.5040185741175995,0.7672932111554401,0.7434652169811145,0.8506896046090199,0.42555976140714136,0.4688737636083241,0.3607106579964559,0.3830739192893525,0.3857485983353135,0.5833504301290822,0.6033608005970924,0.5622866321422243,0.8381215239066405,0.7845526368732596,0.6742944393835105,0.0,0.8870240348732799,0.7352189884993635,0.7202744875496023,0.8564373503904138,0.8103115273038999,0.7704538161113027,0.7258061896461503,0.686264720509889,0.8289454662419802,0.8085957548607867,0.6868385854055334,0.7382331182150134,0.691624001683145,0.6452000675908315,0.6000814393042425,0.6842878939924751,0.545502043029324,0.47386711909228063,0.4589455735664798,0.626212891980874,0.6608697647766559
