Cingulate area 2,Glomerular layer of the accessory olfactory bulb,Glomerular layer of the olfactory bulb,"Olfactory bulb, unspecified",Frontal association cortex,Cornu ammonis 3,Dentate gyrus,Cornu ammonis 2,Cornu ammonis 1,Fasciola cinereum,Subiculum,Postrhinal cortex,Presubiculum,Parasubiculum,Perirhinal area 35,Perirhinal area 36,Medial entorhinal cortex,Lateral entorhinal cortex,Primary auditory area,"Secondary auditory area, dorsal part","Secondary auditory area, ventral part","Piriform cortex, layer 1","Piriform cortex, layer 2","Piriform cortex, layer 3",Ventrolateral orbital area,Lateral orbital area,Ventral orbital area,Medial orbital area,Dorsolateral orbital area,Prelimbic area,Secondary motor area,Frontal association area 3,Primary motor area,"Agranular insular cortex, ventral area",Agranular insular cortex dorsal area,Cingulate area 1,Infralimbic area,Dysgranular insular cortex,Granular insular cortex,"Primary somatosensory area, forelimb representation","Primary somatosensory area, dysgranular zone","Primary somatosensory area, face representation",Secondary somatosensory area,"Primary somatosensory area, hindlimb representation","Agranular insular cortex, posterior area","Primary somatosensory area, barrel field",Retrosplenial dysgranular area,"Primary somatosensory area, trunk representation",Retrosplenial granular area,"Parietal association cortex, lateral area","Parietal association cortex, medial area","Parietal association cortex, posterior area",Primary visual area,"Secondary visual area, lateral part",Temporal association cortex,"Secondary visual area, medial part",Nucleus of the lateral olfactory tract
0.0,0.29953644717304034,0.23783854632375062,0.3444689897107029,0.3501842763957351,0.7473600721757659,0.7563373421614323,0.8260104263018297,0.7390319669998968,0.8492502084325975,0.7133545304701197,0.6124754012892956,0.7644732628040264,0.5541930103473542,0.744574771153351,0.6327172322853007,0.4443418824382421,0.5974692850901608,0.7095774851779332,0.7182442551760483,0.6411407518075254,0.7951637691219732,0.8257443925548751,0.8481257723212964,0.5315095506936525,0.6884484413766776,0.5164508450428331,0.40424997209421387,0.5654299834806825,0.8731710368655785,0.6767749805162949,0.7555254861570273,0.8219031245012741,0.7538897650107961,0.7799883853844605,0.8840892379801334,0.9168556795289231,0.8281520584944534,0.841458692807828,0.7968969236638789,0.7532038756547039,0.8735436928084945,0.7700211902788447,0.6978886892751242,0.8012129494614862,0.8286294079462493,0.821829179506004,0.7863152683849884,0.8523859913421302,0.7424405662387871,0.7497089614480775,0.666069834053524,0.7686647544987351,0.6241411201410333,0.5637049950583259,0.7953830011642361,0.7345400162342691
0.29953644717304034,0.0,0.6193341696613976,0.8138544763388254,0.8565911334261187,0.4883234979675121,0.5225552075274679,0.35083926068351373,0.5504716411017426,0.3114494278256436,0.5000109560227283,0.5171366075976694,0.47985202166148677,0.5937076870777768,0.5571428099999659,0.5133230220818172,0.5710493817139166,0.5969671973721039,0.5651413105504407,0.5395172353815172,0.5760417159696276,0.4124262576026137,0.3963102046599663,0.36035660335970304,0.6702229384745131,0.5572830047833693,0.6341387847397065,0.7455720596279651,0.7054820208820303,0.44594399322698663,0.5635915418719024,0.44800314948384506,0.44795804797198463,0.4289814301953042,0.3999616338337666,0.3275447433190115,0.2963525600905247,0.43309241058296455,0.43616034266407866,0.3443355790274239,0.25066231181033183,0.3877309852152424,0.43479890483972694,0.4282615935111872,0.39308923214997565,0.3509029669893989,0.46838359303235755,0.3874305167701519,0.44737676785458724,0.3915600273761247,0.33121962333935095,0.5264924225867351,0.5809682896161813,0.6277864334221533,0.5683069572894508,0.45550372115650045,0.45636864535994415
0.23783854632375062,0.6193341696613976,0.0,0.7828089880051343,0.4649627086735503,0.3227680492976127,0.35465348799282714,0.2652522406447523,0.38193298063127723,0.24851584595717474,0.3608026247909103,0.4553795152239446,0.4034352551837453,0.513686951068964,0.3581974444920833,0.41118630588422245,0.565632477662471,0.42972990158624097,0.3608379207649988,0.35685649098295785,0.3932111965177457,0.2829644074610907,0.26250485320548583,0.2554258487030661,0.3838918924483247,0.3668299439581738,0.33175099092724875,0.42015047728651717,0.44800837942015526,0.2964369480248037,0.35603889564180224,0.29046280501358707,0.2868581648032411,0.2679883806370486,0.26424621717641783,0.2351657535136182,0.22867964589859624,0.2875592039498096,0.3017499622667219,0.23416648474548604,0.18250803806641686,0.26606470839323154,0.31805974223145583,0.29403102415395843,0.2528239139935203,0.23580681999039826,0.3225091575567409,0.2726810740037151,0.31562514697135485,0.2659140438251154,0.24899829522873876,0.32790061206065596,0.39095179547547904,0.4350891248776037,0.45028091434139633,0.33339463667701297,0.3063375536776918
0.3444689897107029,0.8138544763388254,0.7828089880051343,0.0,0.6725798901015042,0.5030911186539131,0.5560944879363292,0.3905965729060514,0.6040428395696129,0.364469283703043,0.552078448925261,0.6556586319779535,0.5893264981408622,0.6871431924580568,0.5463245724011032,0.5843363263633069,0.7658988099106593,0.6254022092078101,0.5546181761944401,0.5494103153768127,0.6150212183186643,0.43823029876475217,0.4155045681485793,0.3875490260682669,0.584584872039383,0.5708558435677953,0.5331760362484659,0.6397453449418722,0.7069496498041465,0.4590416704105464,0.5702624586111825,0.44777809928534906,0.4451674567078586,0.400638357818937,0.40337987244193496,0.35499259028327007,0.3317127568773064,0.4470277514836116,0.4591956852768607,0.3544079632597296,0.2645707069535617,0.39875866317203656,0.4814100871390833,0.4416425108513167,0.3978809768984415,0.35568676372599867,0.5080748487055691,0.4306738871962313,0.48284432785895504,0.41094580174741874,0.3734241028972121,0.5046297269683526,0.6148126499827301,0.6423999157502415,0.6140154881068625,0.49397850530446713,0.4669394617620374
0.3501842763957351,0.8565911334261187,0.4649627086735503,0.6725798901015042,0.0,0.5176545983273682,0.5599354012762321,0.4098863086686281,0.6074707765989162,0.3494696077525807,0.5227329506794847,0.48807504549216113,0.4980191849850272,0.5461794203348082,0.5985816634163488,0.5163020657027328,0.5158476053308185,0.6118483022730272,0.6494917909652674,0.6159689117991425,0.6146105445422738,0.4665515411913912,0.4663567317126702,0.4433774327456899,0.7645133487820077,0.5920386414321688,0.7531559694946585,0.949003024372065,0.7879835402741182,0.526326995498,0.644445556120447,0.4981673223514836,0.5066822717264877,0.5182783850221414,0.44451378768855415,0.3690864684882107,0.3503438710813218,0.49326286589016294,0.49263065659289407,0.4064246276575495,0.299081140362416,0.4331862828512213,0.4765859379118121,0.4707788375302501,0.48967537798916233,0.4137100767058914,0.5544031955384984,0.44086726703661233,0.4896015023348227,0.4437365318302348,0.36958335272536846,0.6336841084114342,0.632434906631169,0.651295289933164,0.5167577475179769,0.4894090979268705,0.5263462301823556
0.7473600721757659,0.4883234979675121,0.3227680492976127,0.5030911186539131,0.5176545983273682,0.0,0.9727880174145126,0.8936292234463039,0.8722637194179566,0.879029267541874,0.9240589246849872,0.8406853495070273,0.9397996671073651,0.7958222636669617,0.965122359566988,0.91026564489772,0.6612391035637383,0.8500662509922783,0.9154162113975995,0.9630988033709289,0.8162535679191293,0.8679428174943096,0.8527416388877903,0.9058809491374361,0.7223027237982443,0.8143196350599983,0.6893964134146924,0.5870430239453982,0.830426380269431,0.8743999236065889,0.8697665278065186,0.8508327673042753,0.8863733915519403,0.7828364087148226,0.782785163930799,0.7627011656844965,0.8077490147479627,0.8763677597454407,0.9144718365203914,0.7926411313159966,0.6780150488459222,0.8562186093880744,0.8330846185743472,0.7877294412571648,0.8202487391413177,0.8439441387868651,0.9265772989417845,0.8449694189321073,0.9286115395716257,0.8669884426756804,0.7653289992243493,0.8674142690718011,0.9534207072010865,0.8438910096474066,0.7511551107087097,0.7849997080110389,0.8074071728088392
0.7563373421614323,0.5225552075274679,0.35465348799282714,0.5560944879363292,0.5599354012762321,0.9727880174145126,0.0,0.9704384557773721,1.0,0.8742406488550737,1.0,0.8670999437038263,1.0,0.9044653260769306,1.0,0.926026474515746,0.7200182095160553,0.9276780896128728,0.9650299919400047,1.0,0.851519707161859,0.8976055571068529,0.9045801721079214,0.932015558995093,0.7819838348738128,0.8874404977848918,0.7347299790483426,0.6160600505038658,0.9675241340754634,0.9322448322577008,0.9168538275171598,0.8141971752386085,0.914590333472764,0.8143983601649613,0.8460714136778212,0.8217426351722678,0.7634242509815837,0.9040487139691183,0.9493806778643323,0.8157500450673952,0.6472367456081641,0.8575088129594899,0.9561267213533069,0.8455810371341433,0.8563187828721954,0.914413493126324,1.0,0.939223931075577,0.9717296787864388,0.841639756563306,0.7703882098487067,0.9077667064734535,1.0,0.882740413576152,0.8415418443883272,0.9654097661781708,0.8565853235195484
0.8260104263018297,0.35083926068351373,0.2652522406447523,0.3905965729060514,0.4098863086686281,0.8936292234463039,0.9704384557773721,0.0,0.9054145540354416,0.9246353832224127,0.823192385986626,0.7650104354483077,0.8731234565995065,0.6633584544751012,0.8765919381033266,0.7991628977314134,0.5470346936561589,0.7719824288991113,0.8150913502881957,0.8867997147167231,0.7603313763641701,0.9780994685960855,0.8735187376498568,0.998592617202501,0.6079670462307577,0.7693858820801439,0.5802421258780545,0.4683259129423114,0.7299311697578413,0.9390245304760655,0.7786917340453035,0.8938202024430731,0.9005661447407072,0.8748309298576314,0.8825820183268009,0.9068329222413791,0.9155077114277316,0.9119867733414853,0.9769307828060549,0.8866819586661009,0.8399099452764267,0.9885437053565698,0.882567316606844,0.9083255220535507,0.9505040821368859,0.9325865763783048,0.9907549234842187,0.940067696793071,0.9488122301246144,1.0,0.9243334119029595,0.7874069625574079,0.7724969818383641,0.7151372793797837,0.6885769116345577,0.9090018297478341,0.8963507910679253
0.7390319669998968,0.5504716411017426,0.38193298063127723,0.6040428395696129,0.6074707765989162,0.8722637194179566,1.0,0.9054145540354416,0.0,0.7849189190310344,0.9955816683363896,0.918587172491828,0.9850949228219522,0.9090850451979119,1.0,0.9387717678921705,0.7352075261041762,0.949560685584249,0.9776001986145115,1.0,0.9986628395611012,0.8542175517338649,0.8616038482442014,0.8589145461427926,0.7852893928172194,0.8462075844890906,0.7356333619479669,0.6452654063192986,0.9342256570301307,0.8975348949461215,0.8759064423286699,0.8257758342727813,0.9059259657366542,0.7664583201284626,0.8204073575902403,0.7735742204361835,0.7132097234932294,0.9527705102077076,0.9192232314069285,0.7698016348882837,0.6570327331438108,0.8558512150078519,0.8700661643756251,0.8040794569506952,0.849605409655449,0.8341266390263641,0.9669958219768926,0.8692905256797403,0.9125275691977274,0.8889451238064949,0.7359698180578573,0.9414701006565319,1.0,0.9191637500676311,0.8590418147011407,0.8879705388622233,0.8910604760244615
0.8492502084325975,0.3114494278256436,0.24851584595717474,0.364469283703043,0.3494696077525807,0.879029267541874,0.8742406488550737,0.9246353832224127,0.7849189190310344,0.0,0.8627718765179269,0.6422618967373369,0.8615893084468308,0.6396531410145379,0.7800386984253476,0.7614625772214884,0.5085961644778931,0.6620785173065717,0.7693636385967251,0.8349771062130108,0.6503810485352957,0.9800727240916152,0.9088262006706271,0.9901394981368143,0.549971543637182,0.7355695083593351,0.5265990053306284,0.39505973809286526,0.6383941357285884,0.9284008308814696,0.7928411418412205,0.7540848404947418,0.9192114465028643,0.7647852708948887,0.8759786485456209,1.0,1.0,0.9169055673429445,0.9786990776820372,0.8875109912683317,0.8500864353888149,1.0,0.9069057072653577,0.8139325586227031,0.8253998633956786,1.0,0.8636049255712146,0.9021682351011392,0.8679179675968305,0.8306533967809447,0.909016196871261,0.6768517188436572,0.7687549719383019,0.6863577521079512,0.6161655703523856,0.7846434723672541,0.777050417711114
0.7133545304701197,0.5000109560227283,0.3608026247909103,0.552078448925261,0.5227329506794847,0.9240589246849872,1.0,0.823192385986626,0.9955816683363896,0.8627718765179269,0.0,0.8851170934181954,1.0,0.9539082558523675,0.9655698157488651,0.9078953559072501,0.7095075765836572,0.8775789090199912,0.917226920742183,0.9669072877737092,0.9214817720692929,0.9258112819873937,0.8168634083367197,0.894889967310277,0.7327180482166191,0.8568715788101663,0.6529706475629725,0.5642460874698553,0.848489138581134,0.9082971643534434,0.8611282541592685,0.7913076605901732,0.8872361666111566,0.756130259715959,0.8425618140197053,0.7465817174988604,0.7857924036835715,0.8732627753951414,0.9007690156724262,0.7768316314470782,0.6827801179331126,0.8680424615878131,0.8559060545323048,0.7924862350423084,0.8005098845463312,0.8270708607273421,0.9798119956198974,0.8714209406360794,0.8933576816223547,0.8396325227751847,0.7448411187575457,0.8498087185406139,1.0,0.9323023606293922,0.839966125525024,0.8814884809153287,0.7819175482939942
0.6124754012892956,0.5171366075976694,0.4553795152239446,0.6556586319779535,0.48807504549216113,0.8406853495070273,0.8670999437038263,0.7650104354483077,0.918587172491828,0.6422618967373369,0.8851170934181954,0.0,0.9767175266706422,0.966553151713288,0.8424046079723584,0.9721534979003589,0.8366127198105824,0.9641154218048537,0.867090516143139,0.920720327917224,0.9231329354808537,0.7002395537356285,0.7107783159421226,0.7148984852191892,0.6247542853206544,0.8104913203975883,0.5868693531729697,0.5651592295127148,0.8232185872037668,0.7495542851724268,0.7560513531210057,0.7203845404683452,0.7130914620006773,0.6408425236966484,0.6962007494566601,0.603256946146832,0.6018598716309582,0.7076451580209164,0.7624190007430183,0.6304554268166949,0.4897758890492401,0.7006425215001874,0.7849943912916358,0.701320985674038,0.6420021045752218,0.652539002560702,0.8235983191072029,0.7330304945682171,0.7795017899617841,0.7597872072447799,0.6331426306509308,0.7811471752247022,0.8965784994725033,0.922761415189805,0.9393668832679064,0.7980552836162381,0.7750992661556879
0.7644732628040264,0.47985202166148677,0.4034352551837453,0.5893264981408622,0.4980191849850272,0.9397996671073651,1.0,0.8731234565995065,0.9850949228219522,0.8615893084468308,1.0,0.9767175266706422,0.0,0.9451293765621049,0.9726061307635856,0.9979306248011678,0.9046402492021871,0.9798711672633436,0.9492227607494609,0.9996511403304158,0.948275688828111,0.864661107274878,0.7983513610944476,0.8814001457058845,0.6717546258558023,0.8717741665877434,0.6197624990615712,0.5424111691516035,0.9154979067662432,0.8977692921918796,0.8564868826422972,0.722085542219479,0.8606217372461876,0.7242587899670716,0.7690196217507035,0.7349943168772194,0.7859148123265757,0.8572441855033267,0.9949421077742567,0.7320548982224391,0.6119232537358001,0.8579458128485202,0.8873274176621806,0.7233559305058952,0.7446087318178158,0.8281466217684018,0.8621222532419731,0.8248549657275909,0.9066792643644553,0.781198130981743,0.7366142599434485,0.8246790896781689,1.0,0.9928713826629827,0.868645939845532,0.8572883148296092,0.8084980979881236
0.5541930103473542,0.5937076870777768,0.513686951068964,0.6871431924580568,0.5461794203348082,0.7958222636669617,0.9044653260769306,0.6633584544751012,0.9090850451979119,0.6396531410145379,0.9539082558523675,0.966553151713288,0.9451293765621049,0.0,0.8999646865054273,0.9806181415829774,0.937468677305119,0.9774197726359856,0.841148420180941,0.8630469386854389,0.9270247948565437,0.683463341446854,0.6405665112376061,0.6450761603449844,0.6715512699857846,0.7624572804198321,0.5959345666942549,0.569155788972257,0.9137521415584605,0.6719542727070734,0.7243034283882722,0.6523335510862208,0.6522641253856178,0.5854749095911677,0.6416143844092842,0.544203354387181,0.5643147388541561,0.6462290054938501,0.7139833369313693,0.5605132933287663,0.46270904366195964,0.666468161786926,0.7333990939758006,0.6562096401684311,0.6021011176453471,0.6212293094358027,0.7391062444708325,0.6453959499102604,0.7419873125266194,0.6270546026249106,0.5711760366151564,0.7172223458969748,0.9239217524917042,0.9558073049841186,0.9654708282730304,0.7570916815203322,0.6611413013962383
0.744574771153351,0.5571428099999659,0.3581974444920833,0.5463245724011032,0.5985816634163488,0.965122359566988,1.0,0.8765919381033266,1.0,0.7800386984253476,0.9655698157488651,0.8424046079723584,0.9726061307635856,0.8999646865054273,0.0,0.9328751859183213,0.7172493714602851,0.9431147145224087,1.0,0.999038862540865,0.9541508833671317,0.8502839574609818,0.853733951952378,0.8617205012273365,0.7873348693438756,0.822878972450298,0.745703331650841,0.7016605864770368,0.9338359975203577,0.9190609453964292,0.8314697072073438,0.8103841641821176,0.9324341715326103,0.7538657681494495,0.7954736972784692,0.7026628456336014,0.7216339104773354,0.9089630475864032,0.9160434729339728,0.7830041917883942,0.6583974140708783,0.8716856552661775,0.8702941881413908,0.7669451100546295,0.8338248713471256,0.8398318784514721,0.8798155297380474,0.8126727342832708,0.9487124724593448,0.8468273458909636,0.6633509075669578,0.9848606234536467,1.0,0.9300927752727305,0.8985294627335293,0.8693067910985129,0.8239482514772449
0.6327172322853007,0.5133230220818172,0.41118630588422245,0.5843363263633069,0.5163020657027328,0.91026564489772,0.926026474515746,0.7991628977314134,0.9387717678921705,0.7614625772214884,0.9078953559072501,0.9721534979003589,0.9979306248011678,0.9806181415829774,0.9328751859183213,0.0,0.8011736692602703,0.9330395802721921,0.9857913449848025,1.0,0.9855498434283421,0.8120714291714357,0.7764178168671362,0.8036686583403089,0.6898609061584846,0.8053400103996511,0.6026682220386212,0.5666534976353597,0.8681441651448639,0.794010854827446,0.7563155423244747,0.7553806748768169,0.7507658119720273,0.6584026788464439,0.740211304878488,0.642505325437192,0.6983071821409206,0.8038408286208825,0.8374942223241221,0.7218087311215156,0.5783163057620003,0.7516650470172445,0.8343805149832804,0.7568947462750595,0.7199370065130051,0.7096379083190595,0.8471734325609794,0.7932881498043672,0.843163797339516,0.7678812805417572,0.6877142995340656,0.8767773737820963,0.9734638349879725,0.9110034789403165,0.9642756704968835,0.871410203556591,0.7968494835779133
0.4443418824382421,0.5710493817139166,0.565632477662471,0.7658988099106593,0.5158476053308185,0.6612391035637383,0.7200182095160553,0.5470346936561589,0.7352075261041762,0.5085961644778931,0.7095075765836572,0.8366127198105824,0.9046402492021871,0.937468677305119,0.7172493714602851,0.8011736692602703,0.0,0.874967185272801,0.712314211539845,0.7447832506504279,0.7860232338858528,0.55333777808176,0.5043698694081745,0.5165220486231608,0.5669569070049048,0.6477076881339764,0.49790338376556964,0.5237661193490376,0.7658562085419562,0.5334687107031186,0.5937787394810342,0.5157747350574149,0.5351640661386077,0.46652070357978637,0.5109861326982272,0.4419261840596883,0.4755812343085297,0.5304997029295506,0.5878545805463209,0.4552488221552621,0.3606039808230367,0.5119690067650847,0.5954556341667993,0.5203935477956302,0.4629318780755586,0.47793758776605494,0.6154588487878402,0.5450651403540712,0.6315762177514014,0.5085681322503748,0.4610749309140419,0.6644575253756522,0.7357780417369348,0.8205528787225657,0.8092513625133004,0.5917321995854801,0.540948678225078
0.5974692850901608,0.5969671973721039,0.42972990158624097,0.6254022092078101,0.6118483022730272,0.8500662509922783,0.9276780896128728,0.7719824288991113,0.949560685584249,0.6620785173065717,0.8775789090199912,0.9641154218048537,0.9798711672633436,0.9774197726359856,0.9431147145224087,0.9330395802721921,0.874967185272801,0.0,0.9312400874790621,0.9645913272326606,0.9352266156457376,0.7025469959771242,0.677386123684751,0.7392123009339937,0.7358279515065692,0.7610466749881752,0.6684669070931739,0.6468440677971696,0.8794983688271262,0.7472687237330947,0.7356627745205834,0.6897470001375439,0.7461055959750236,0.648316816658326,0.7040293465274302,0.6058816756989331,0.6532786141566728,0.7282044042375082,0.7380285749518325,0.6547034075030397,0.4979208773939381,0.6771177141077658,0.7538142075256685,0.6936462835232801,0.6663402742505296,0.6578215954526732,0.8030030532052104,0.7383860097534715,0.8189908678438818,0.7085342873980311,0.6221019120754288,0.790850279057833,0.9505447994119012,0.9638654107698444,0.9339048534217119,0.8138821382404335,0.7720401800313946
0.7095774851779332,0.5651413105504407,0.3608379207649988,0.5546181761944401,0.6494917909652674,0.9154162113975995,0.9650299919400047,0.8150913502881957,0.9776001986145115,0.7693636385967251,0.917226920742183,0.867090516143139,0.9492227607494609,0.841148420180941,1.0,0.9857913449848025,0.712314211539845,0.9312400874790621,0.0,1.0,0.931330128683266,0.8618030974198133,0.8538659044064085,0.845719870732424,0.7946401247886153,0.8417826835822538,0.761131577798106,0.7023226185761703,0.8900467533875713,0.8645782797136212,0.870341656944254,0.8184412984759932,0.9045383886772542,0.7840606254757823,0.8035128151831186,0.7119647198298066,0.7530146424318279,0.8561171443124035,0.9260970098142356,0.7719030075958668,0.6783114098596957,0.8561185834012431,0.8358460002329814,0.7877899183345086,0.8021766460602234,0.7845114888436431,0.9220739326934244,0.8317871564855689,0.8973496498044231,0.8916561910634881,0.7094756858239144,0.9895363104609353,0.98018310206927,0.8867373355410975,0.8229212736073771,0.8952750754993571,0.8353702108860156
0.7182442551760483,0.5395172353815172,0.35685649098295785,0.5494103153768127,0.6159689117991425,0.9630988033709289,1.0,0.8867997147167231,1.0,0.8349771062130108,0.9669072877737092,0.920720327917224,0.9996511403304158,0.8630469386854389,0.999038862540865,1.0,0.7447832506504279,0.9645913272326606,1.0,0.0,1.0,0.9223221208589963,0.9164579296058286,0.9591214582103829,0.813601699110843,0.9019432517619143,0.7290052867712058,0.6657064359162964,0.9224147650915766,0.8925280511333631,0.9332680107478276,0.8786774168389857,0.8802305399682312,0.8437271299472607,0.8545588619004563,0.7788290701593356,0.8541707602378162,0.9340668388163242,0.9391866222494717,0.8070281181846565,0.6805112598079668,0.8924265585335392,0.9042142784393079,0.8694738831626111,0.8706992854991658,0.8993190307728548,1.0,0.9653079919834313,0.9993390127001179,0.9082292775669843,0.7796566853130107,0.9849917904576423,1.0,0.963510312151098,0.876579044372023,0.8946390369884313,0.9062836208137203
0.6411407518075254,0.5760417159696276,0.3932111965177457,0.6150212183186643,0.6146105445422738,0.8162535679191293,0.851519707161859,0.7603313763641701,0.9986628395611012,0.6503810485352957,0.9214817720692929,0.9231329354808537,0.948275688828111,0.9270247948565437,0.9541508833671317,0.9855498434283421,0.7860232338858528,0.9352266156457376,0.931330128683266,1.0,0.0,0.7654732192653514,0.7458094860408975,0.7552530847017668,0.7665334598711517,0.8065520058958476,0.717492866910245,0.6546140725151489,0.9323315150537993,0.7695885494563721,0.7791008905069653,0.7586175721205354,0.778382926895395,0.7025707868712965,0.729828895223994,0.6261355538786862,0.6406670224390113,0.7681206079357663,0.7961692518117153,0.6622855539164729,0.5452477566747039,0.7275056867989584,0.7791203785242257,0.6590564079474281,0.7016997463313749,0.7147106865123429,0.8491711505722725,0.7809884582172789,0.7921700975853506,0.7645063389169436,0.6105227855683056,0.8822308583666901,0.956636692733368,0.8989511128306786,0.9513225632174683,0.7997892413449784,0.7419971149086797
0.7951637691219732,0.4124262576026137,0.2829644074610907,0.43823029876475217,0.4665515411913912,0.8679428174943096,0.8976055571068529,0.9780994685960855,0.8542175517338649,0.9800727240916152,0.9258112819873937,0.7002395537356285,0.864661107274878,0.683463341446854,0.8502839574609818,0.8120714291714357,0.55333777808176,0.7025469959771242,0.8618030974198133,0.9223221208589963,0.7654732192653514,0.0,0.8970588674172387,0.9744983003860573,0.719528551747096,0.7950740299761035,0.6844991780896219,0.5279591425594976,0.7886496017217406,0.9666189456522548,0.8340653491599505,0.8931467304253446,0.9817060313518814,0.9016020734190409,0.9620559595796646,0.9098551410056789,0.8428804692281906,0.9345869580686025,0.9823067328328442,0.8774362379512091,0.8196709683320283,0.9694338525948322,0.9234566610407704,0.9320127228855892,0.9705655585455525,0.9393635314174885,0.9495230573491932,0.9297107255640994,0.9430922488065868,0.8915808633446562,0.9227218321013057,0.7554593647626988,0.8767494963472714,0.7666141648432522,0.6800029256076447,0.9087018425799869,0.8286084058097989
0.8257443925548751,0.3963102046599663,0.26250485320548583,0.4155045681485793,0.4663567317126702,0.8527416388877903,0.9045801721079214,0.8735187376498568,0.8616038482442014,0.9088262006706271,0.8168634083367197,0.7107783159421226,0.7983513610944476,0.6405665112376061,0.853733951952378,0.7764178168671362,0.5043698694081745,0.677386123684751,0.8538659044064085,0.9164579296058286,0.7458094860408975,0.8970588674172387,0.0,0.9910725837881348,0.676446396876252,0.8199685041360585,0.6732741597118433,0.5513784943996088,0.7532649217805664,0.8963034506596492,0.8146799010991008,0.8675313196646636,0.943205432147367,0.9329108569552604,0.9257797829690371,0.876719366219332,0.8904045816698475,0.9821364461850036,0.8833481266377615,0.975330294967672,0.8663584050444595,0.9398489584032996,0.9360737864368246,0.882666279825529,0.9651416479294582,0.9672191972233344,0.9299356785697888,0.8944537484985353,0.8967883428560611,0.9153596665517472,0.8554433575646447,0.7828800159477025,0.7907084173751633,0.7561573212352035,0.675798621669723,0.8905761560715206,0.8039932983515784
0.8481257723212964,0.36035660335970304,0.2554258487030661,0.3875490260682669,0.4433774327456899,0.9058809491374361,0.932015558995093,0.998592617202501,0.8589145461427926,0.9901394981368143,0.894889967310277,0.7148984852191892,0.8814001457058845,0.6450761603449844,0.8617205012273365,0.8036686583403089,0.5165220486231608,0.7392123009339937,0.845719870732424,0.9591214582103829,0.7552530847017668,0.9744983003860573,0.9910725837881348,0.0,0.6647689737190031,0.856458896790804,0.6153994055296559,0.49109592242762645,0.7249075697708942,0.9516621707947286,0.8805662830179564,0.9419784505580939,1.0,0.9445223663182732,0.9844623786766683,0.992910382433505,0.9703183567659768,0.9612932489252656,0.9957009609242546,1.0,0.9414536758355295,0.9877521550046982,0.9793064994759112,0.8827133229716078,0.9575073958294748,1.0,0.9683015859359344,1.0,0.9026515252782387,0.9734698460573248,0.9102518920726956,0.8081934784739804,0.8045692068675567,0.7356014345147691,0.6648901191802626,0.8851422594804556,0.8400351429048303
0.5315095506936525,0.6702229384745131,0.3838918924483247,0.584584872039383,0.7645133487820077,0.7223027237982443,0.7819838348738128,0.6079670462307577,0.7852893928172194,0.549971543637182,0.7327180482166191,0.6247542853206544,0.6717546258558023,0.6715512699857846,0.7873348693438756,0.6898609061584846,0.5669569070049048,0.7358279515065692,0.7946401247886153,0.813601699110843,0.7665334598711517,0.719528551747096,0.676446396876252,0.6647689737190031,0.0,0.785031456049843,0.9209962327516256,0.8516753639881268,0.8505244588018496,0.781597883368492,0.8659744776425249,0.6958154752613683,0.860569399895519,0.7727383587336399,0.6934393915104742,0.5988239758323596,0.5320830341580934,0.7398955789301203,0.7715635898455373,0.6090041120334283,0.46058304210422757,0.6961160224295114,0.7308133515468466,0.6987361014406234,0.703375365794831,0.6104665280371204,0.7570330356169618,0.6537126239991847,0.7082202926468255,0.6445394336633193,0.5648287836711319,0.7926253052078016,0.8068673361506927,0.7943133762603304,0.624077875443844,0.7034067208240107,0.7626923939602586
0.6884484413766776,0.5572830047833693,0.3668299439581738,0.5708558435677953,0.5920386414321688,0.8143196350599983,0.8874404977848918,0.7693858820801439,0.8462075844890906,0.7355695083593351,0.8568715788101663,0.8104913203975883,0.8717741665877434,0.7624572804198321,0.822878972450298,0.8053400103996511,0.6477076881339764,0.7610466749881752,0.8417826835822538,0.9019432517619143,0.8065520058958476,0.7950740299761035,0.8199685041360585,0.856458896790804,0.785031456049843,0.0,0.7399919355844283,0.6298794884707529,0.8975488164841364,0.9006744214934207,0.9502609406820487,0.8018622243865157,0.8253281027140037,0.8009404671997741,0.797105458592682,0.769375463461935,0.6868044917851969,0.8163305215027941,0.9120075260199421,0.6899768145155324,0.5780956501985735,0.8614431906775375,0.9066163837125751,0.8508263949517464,0.7917279673462387,0.7347456567511885,0.9153182962081976,0.8120430926552344,0.8785541502634975,0.7758685051435991,0.7193006210148342,0.7415312475436405,0.8742650778263088,0.8186462014734869,0.7226637106237728,0.8979704843605554,0.8075660833847959
0.5164508450428331,0.6341387847397065,0.33175099092724875,0.5331760362484659,0.7531559694946585,0.6893964134146924,0.7347299790483426,0.5802421258780545,0.7356333619479669,0.5265990053306284,0.6529706475629725,0.5868693531729697,0.6197624990615712,0.5959345666942549,0.745703331650841,0.6026682220386212,0.49790338376556964,0.6684669070931739,0.761131577798106,0.7290052867712058,0.717492866910245,0.6844991780896219,0.6732741597118433,0.6153994055296559,0.9209962327516256,0.7399919355844283,0.0,0.8387766957806686,0.8497194044144327,0.7638226900998938,0.7939990446623848,0.7938241505532877,0.7734753260266105,0.7884269034608729,0.6879077622424814,0.5717884010445786,0.5066563545253264,0.7368596884491011,0.6673024563958199,0.6269782547052856,0.47022617315138415,0.651488704203778,0.6632685060067148,0.6972430953899648,0.7409420271872845,0.6073552624016975,0.7237116274098199,0.6384440405694985,0.6950889897534951,0.6348392056453671,0.573158122815595,0.7648698339072504,0.7238900783388807,0.7105755103237911,0.5968593864972821,0.6475566611140773,0.7039310255512558
0.40424997209421387,0.7455720596279651,0.42015047728651717,0.6397453449418722,0.949003024372065,0.5870430239453982,0.6160600505038658,0.4683259129423114,0.6452654063192986,0.39505973809286526,0.5642460874698553,0.5651592295127148,0.5424111691516035,0.569155788972257,0.7016605864770368,0.5666534976353597,0.5237661193490376,0.6468440677971696,0.7023226185761703,0.6657064359162964,0.6546140725151489,0.5279591425594976,0.5513784943996088,0.49109592242762645,0.8516753639881268,0.6298794884707529,0.8387766957806686,0.0,0.8169050887235688,0.5790024016360694,0.6762587544837106,0.566271519233363,0.5775206441072185,0.5853415296750273,0.5274292580685478,0.42736931160082564,0.39684968279784205,0.598059956854505,0.581113394104723,0.46140515057158166,0.3383197320384109,0.49994995138818193,0.5810580618632538,0.5286283165114858,0.5658720826419003,0.4774506533863057,0.6034945790064276,0.4995962121514556,0.5663832762599647,0.5312548351636032,0.4187354264228075,0.6950976563783509,0.6612208561736175,0.6935312191266595,0.565083092712765,0.5490202053812864,0.5707898215297655
0.5654299834806825,0.7054820208820303,0.44800837942015526,0.7069496498041465,0.7879835402741182,0.830426380269431,0.9675241340754634,0.7299311697578413,0.9342256570301307,0.6383941357285884,0.848489138581134,0.8232185872037668,0.9154979067662432,0.9137521415584605,0.9338359975203577,0.8681441651448639,0.7658562085419562,0.8794983688271262,0.8900467533875713,0.9224147650915766,0.9323315150537993,0.7886496017217406,0.7532649217805664,0.7249075697708942,0.8505244588018496,0.8975488164841364,0.8497194044144327,0.8169050887235688,0.0,0.8413611048139219,0.9669728770739976,0.779101955239482,0.8073412681482199,0.7522768686795487,0.7483550421542278,0.6419028055000586,0.5948381488787162,0.7988474609066235,0.8448714549343944,0.668583716158716,0.4876103011593905,0.7213461564377497,0.8015369668421495,0.8048936845755504,0.7010532846305381,0.6666323077034704,0.9032947854507739,0.7631873816296134,0.8131904706823376,0.701944365837372,0.6249078333536267,0.8209093019187137,0.9595930725208939,0.9414170419228661,0.8243761053984632,0.8177701483544876,0.7691281967055917
0.8731710368655785,0.44594399322698663,0.2964369480248037,0.4590416704105464,0.526326995498,0.8743999236065889,0.9322448322577008,0.9390245304760655,0.8975348949461215,0.9284008308814696,0.9082971643534434,0.7495542851724268,0.8977692921918796,0.6719542727070734,0.9190609453964292,0.794010854827446,0.5334687107031186,0.7472687237330947,0.8645782797136212,0.8925280511333631,0.7695885494563721,0.9666189456522548,0.8963034506596492,0.9516621707947286,0.781597883368492,0.9006744214934207,0.7638226900998938,0.5790024016360694,0.8413611048139219,0.0,0.9418339271023393,0.8641622811026384,0.9550285110690049,0.8922035016742971,0.978055950930986,0.9161666494874244,0.8754149971371531,0.9876088969231439,0.9588225661507949,0.9142442228247599,0.7836152358268942,0.9314468177184291,0.9351250054787228,0.9349133945599304,0.8823901619172615,0.9565857840688222,0.9990423609693212,0.9162647605001667,0.9562373022378499,0.8868600472349756,0.9204071821603369,0.8080491191380261,0.909796700384136,0.7321069017175035,0.7035196230598714,0.8891050420680195,0.8757975254278914
0.6767749805162949,0.5635915418719024,0.35603889564180224,0.5702624586111825,0.644445556120447,0.8697665278065186,0.9168538275171598,0.7786917340453035,0.8759064423286699,0.7928411418412205,0.8611282541592685,0.7560513531210057,0.8564868826422972,0.7243034283882722,0.8314697072073438,0.7563155423244747,0.5937787394810342,0.7356627745205834,0.870341656944254,0.9332680107478276,0.7791008905069653,0.8340653491599505,0.8146799010991008,0.8805662830179564,0.8659744776425249,0.9502609406820487,0.7939990446623848,0.6762587544837106,0.9669728770739976,0.9418339271023393,0.0,0.8752571760192195,0.9384096219331296,0.9107642792947832,0.8192058313309806,0.815787740921619,0.7383403694411382,0.9162057223256378,0.9253621453706227,0.7724609364362637,0.6001510732424639,0.9343180756008131,0.9265307716974709,0.9266882132391054,0.8589995622329157,0.8094267830449658,0.9211166837167527,0.8314194343487467,0.8971122697088149,0.7676852966351451,0.7991157897483615,0.8101406628855298,0.8966319069231674,0.8455363619502688,0.6845911460037403,0.8331290692578267,0.8052024449179901
0.7555254861570273,0.44800314948384506,0.29046280501358707,0.44777809928534906,0.4981673223514836,0.8508327673042753,0.8141971752386085,0.8938202024430731,0.8257758342727813,0.7540848404947418,0.7913076605901732,0.7203845404683452,0.722085542219479,0.6523335510862208,0.8103841641821176,0.7553806748768169,0.5157747350574149,0.6897470001375439,0.8184412984759932,0.8786774168389857,0.7586175721205354,0.8931467304253446,0.8675313196646636,0.9419784505580939,0.6958154752613683,0.8018622243865157,0.7938241505532877,0.566271519233363,0.779101955239482,0.8641622811026384,0.8752571760192195,0.0,0.9130915818305224,0.904420557027527,0.961274249343135,0.8410000240872216,0.8112032842049579,0.8754981067902107,0.8779090216041763,0.8459225197316121,0.7405162669747263,0.8573382834630134,0.8718416794362255,0.9596309405107755,0.9290007154805202,0.8078603861492164,0.872361241684809,0.9024327954179845,0.8925015621132278,0.9117853766770705,0.8807296709996264,0.7565419179634237,0.7787866186882706,0.6913219888027774,0.676440017701385,0.9895469586486181,0.8892112628549037
0.8219031245012741,0.44795804797198463,0.2868581648032411,0.4451674567078586,0.5066822717264877,0.8863733915519403,0.914590333472764,0.9005661447407072,0.9059259657366542,0.9192114465028643,0.8872361666111566,0.7130914620006773,0.8606217372461876,0.6522641253856178,0.9324341715326103,0.7507658119720273,0.5351640661386077,0.7461055959750236,0.9045383886772542,0.8802305399682312,0.778382926895395,0.9817060313518814,0.943205432147367,1.0,0.860569399895519,0.8253281027140037,0.7734753260266105,0.5775206441072185,0.8073412681482199,0.9550285110690049,0.9384096219331296,0.9130915818305224,0.0,0.9764255048226002,0.9551131181572348,0.936126235413087,0.8450604168683512,0.9732868964493928,0.99980539066628,0.8910622885495078,0.8157228362101793,1.0,0.9630887289506003,0.9202370970531081,0.9654908782183295,0.9086042557429206,0.9853128417413263,0.972669190902775,0.9079855490539871,0.8988363729435012,0.935367909777259,0.7575797952637151,0.9165532801720772,0.7515363156818143,0.681864560704474,0.9727527509764586,0.9195770823079532
0.7538897650107961,0.4289814301953042,0.2679883806370486,0.400638357818937,0.5182783850221414,0.7828364087148226,0.8143983601649613,0.8748309298576314,0.7664583201284626,0.7647852708948887,0.756130259715959,0.6408425236966484,0.7242587899670716,0.5854749095911677,0.7538657681494495,0.6584026788464439,0.46652070357978637,0.648316816658326,0.7840606254757823,0.8437271299472607,0.7025707868712965,0.9016020734190409,0.9329108569552604,0.9445223663182732,0.7727383587336399,0.8009404671997741,0.7884269034608729,0.5853415296750273,0.7522768686795487,0.8922035016742971,0.9107642792947832,0.904420557027527,0.9764255048226002,0.0,0.9326578097862195,0.8863814729557057,0.7760698648635254,0.8924671006867219,0.901147047171541,0.8593227739964348,0.7465774732803842,0.8824463117169047,0.890302403977539,0.9068191984047729,0.940713758812961,0.8642484702309636,0.8800564157666513,0.8959266360693761,0.8379047115103407,0.8971711077030576,0.865014022295501,0.7376704615888624,0.752988699138975,0.6590590781462096,0.6024322141688687,0.8779446024322806,0.8342042432718118
0.7799883853844605,0.3999616338337666,0.26424621717641783,0.40337987244193496,0.44451378768855415,0.782785163930799,0.8460714136778212,0.8825820183268009,0.8204073575902403,0.8759786485456209,0.8425618140197053,0.6962007494566601,0.7690196217507035,0.6416143844092842,0.7954736972784692,0.740211304878488,0.5109861326982272,0.7040293465274302,0.8035128151831186,0.8545588619004563,0.729828895223994,0.9620559595796646,0.9257797829690371,0.9844623786766683,0.6934393915104742,0.797105458592682,0.6879077622424814,0.5274292580685478,0.7483550421542278,0.978055950930986,0.8192058313309806,0.961274249343135,0.9551131181572348,0.9326578097862195,0.0,0.9735314396745265,0.8739149441410861,0.8844630621450994,0.9402695452632913,0.898839324603446,0.852942196518654,0.9704594526377404,0.9224855644250526,0.9464841385652225,0.9883896284189111,0.9625682543610743,0.8796781057320833,0.9903597246375476,0.8432661880086154,0.9805756968106226,0.9316527347602842,0.7645796610783627,0.7305016611088412,0.7026885500755784,0.6821979394738393,0.9360039779763527,0.8892403401475713
0.8840892379801334,0.3275447433190115,0.2351657535136182,0.35499259028327007,0.3690864684882107,0.7627011656844965,0.8217426351722678,0.9068329222413791,0.7735742204361835,1.0,0.7465817174988604,0.603256946146832,0.7349943168772194,0.544203354387181,0.7026628456336014,0.642505325437192,0.4419261840596883,0.6058816756989331,0.7119647198298066,0.7788290701593356,0.6261355538786862,0.9098551410056789,0.876719366219332,0.992910382433505,0.5988239758323596,0.769375463461935,0.5717884010445786,0.42736931160082564,0.6419028055000586,0.9161666494874244,0.815787740921619,0.8410000240872216,0.936126235413087,0.8863814729557057,0.9735314396745265,0.0,0.9910103303000537,0.937691173401077,0.9982978489378492,0.9361226674528141,0.8966907569420276,0.9191880192668708,0.8795902833339703,0.8904066916779351,0.9414556517297935,0.9910951742346309,0.8947758211908516,0.8933364694845157,0.8957612824500693,0.8604355031782698,0.9436989579464096,0.6366175802808943,0.7040509254004716,0.6107251078457123,0.5783310521054634,0.8376555449141347,0.7798699026106485
