Cingulate area 2,Glomerular layer of the accessory olfactory bulb,Glomerular layer of the olfactory bulb,"Olfactory bulb, unspecified",Frontal association cortex,Cornu ammonis 3,Dentate gyrus,Cornu ammonis 2,Cornu ammonis 1,Fasciola cinereum,Subiculum,Postrhinal cortex,Presubiculum,Parasubiculum,Perirhinal area 35,Perirhinal area 36,Medial entorhinal cortex,Lateral entorhinal cortex,Primary auditory area,"Secondary auditory area, dorsal part","Secondary auditory area, ventral part","Piriform cortex, layer 1","Piriform cortex, layer 2","Piriform cortex, layer 3",Ventrolateral orbital area,Lateral orbital area,Ventral orbital area,Medial orbital area,Dorsolateral orbital area,Prelimbic area,Secondary motor area,Frontal association area 3,Primary motor area,"Agranular insular cortex, ventral area",Agranular insular cortex dorsal area,Cingulate area 1,Infralimbic area,Dysgranular insular cortex,Granular insular cortex,"Primary somatosensory area, forelimb representation","Primary somatosensory area, dysgranular zone","Primary somatosensory area, face representation",Secondary somatosensory area,"Primary somatosensory area, hindlimb representation","Agranular insular cortex, posterior area","Primary somatosensory area, barrel field",Retrosplenial dysgranular area,"Primary somatosensory area, trunk representation",Retrosplenial granular area,"Parietal association cortex, lateral area","Parietal association cortex, medial area","Parietal association cortex, posterior area",Primary visual area,"Secondary visual area, lateral part",Temporal association cortex,"Secondary visual area, medial part",Nucleus of the lateral olfactory tract
0.0,0.3080564744603029,0.18602240857942395,0.2599162574284018,0.2384247320392514,0.7247524134568071,0.7769098060189716,0.6770712056334401,0.7783843520821205,0.6728099244768191,0.6850481756704269,0.591888976920183,0.6712641626479721,0.6772336455210143,0.7133111315517972,0.6934626004323515,0.5265620061918821,0.6436250877891094,0.8492459717013681,0.7189745237416446,0.7472895065994246,0.7371563498292565,0.7379305642865439,0.927544080913319,0.34094336239487344,0.36079223666593674,0.3722697013210884,0.21484827460588202,0.33582223773719494,0.4212856151021239,0.4923194587686771,0.5881970550909564,0.6615442016274639,0.6307817006345527,0.678583272285577,0.9087079692517089,0.6921284556601446,0.7626618187310708,0.7390153204213193,0.8275678297505937,0.8017130275237505,0.7384424531033004,0.787622701155663,0.663220692653282,0.8322104298453493,0.9083461793553915,0.721085327801133,0.7975423535054195,0.7364745634754228,0.7832732969561884,0.599675917859354,0.738277709013942,0.7168629424787024,0.5776187736505062,0.612032733096874,0.6172030574709088,0.6566668607198914
0.3080564744603029,0.0,0.6495006722520752,0.7577359446662888,0.7149634174238747,0.5760993678864723,0.5040839880209292,0.5652950637637818,0.5249912148911989,0.5338294854531427,0.5577169227486645,0.5828435206778748,0.6843908566837198,0.6009568456276155,0.5568779405286969,0.5924873443312334,0.7018765021845281,0.6084950212899093,0.5314756173375548,0.5613820037949003,0.6131808110777174,0.47830584083898386,0.49246772940935457,0.4554085763980315,0.6282840430042161,0.6428800771914226,0.7385763422501744,0.6503832204922609,0.7287656725824067,0.5658017570429535,0.5792999654917441,0.5623798697893905,0.5386786900510928,0.5305927716848796,0.5156683123612728,0.39940473633870105,0.41019006060012125,0.4778635178977558,0.4894707198819078,0.3686055096624979,0.34382091993370023,0.48225318957367774,0.4832787793317888,0.4421684591915477,0.4825470354439587,0.38510114575476007,0.513933231628922,0.4676391171069978,0.4718064986688883,0.4810408464470047,0.5913527662517024,0.5466606580518582,0.6185706636841645,0.632730692927713,0.5955841971017918,0.5068755198136791,0.48627913663372124
0.18602240857942395,0.6495006722520752,0.0,0.8160235806935644,0.6849817638245648,0.3401029560851405,0.30207108471455224,0.3321888477698095,0.3130593570996855,0.3074057307433683,0.3429574562682296,0.36699151008642106,0.3738485825223189,0.35161866517621937,0.3284121900353936,0.32237883194296046,0.44584298637120834,0.3707746040804719,0.3135094576522322,0.33925313433752274,0.3410202489327641,0.3093072105174312,0.3019928914755886,0.2786895976584539,0.4584749334260363,0.44286834691303595,0.4880983215816294,0.6942998154172191,0.5435042778227117,0.42706566550065556,0.4117319990558844,0.34881313718095297,0.3217308415134499,0.3270472278883277,0.33104874688832925,0.26164912203692914,0.2553140230992524,0.29606756556314123,0.3015762894360864,0.23914593813228843,0.21835008696240604,0.30108056799669186,0.29584104867093247,0.27846269818398905,0.2852500345096885,0.23736620009692916,0.30221818396099204,0.2755891054720369,0.2725358059908645,0.2848816158376242,0.347694891842515,0.31517410562600995,0.35963491912821915,0.3957571488891744,0.3656819967848702,0.29445599563453567,0.30647686470483804
0.2599162574284018,0.7577359446662888,0.8160235806935644,0.0,0.8418668399536761,0.4947089206179534,0.42559023479812,0.47399200869448055,0.47934608149955626,0.44246803295133735,0.47186745632610716,0.454249542188962,0.5543470492188239,0.48191142390632297,0.47453165275594544,0.4781073345172593,0.5734497015795926,0.5248463305293142,0.4476839836719819,0.479489602562082,0.47867464957481737,0.4526135701503273,0.44999259759582394,0.40284381529073066,0.7093902881149426,0.7240707953337635,0.716854550954122,0.8692718554111063,0.8055153625274594,0.6617998590854025,0.6404986773307932,0.5506056710812074,0.4967101186606028,0.47958778021235254,0.49103590133728703,0.3643476219043953,0.3655404467680302,0.42685632044912275,0.42944750962507994,0.33492537066373734,0.2962887795378373,0.43403269230055486,0.4326265911903075,0.4051231647559341,0.39854086579086984,0.3412074249851789,0.43105946707331516,0.38997581362178046,0.4075292367074594,0.3975062569249308,0.514369483082905,0.44027054242567093,0.5014516386591339,0.5331790719183567,0.5237120133721158,0.4316238078574384,0.4484755772939257
0.2384247320392514,0.7149634174238747,0.6849817638245648,0.8418668399536761,0.0,0.4490782394356874,0.4138009502135241,0.4228329747995829,0.41202131628705546,0.4049577003122492,0.4356258971936822,0.4353353219391509,0.509974955373379,0.4428813096947112,0.4144587911256556,0.4312545295815918,0.5252278512786539,0.47711760167282274,0.402414492547713,0.429203103844385,0.46497267770891704,0.4235001280832301,0.4227308993595453,0.3754789588950105,0.7422870575200451,0.7157622674928606,0.6957347953211768,0.8684088987857235,0.8814447511421989,0.6222814143684745,0.5621887855591684,0.5130690526344626,0.47515188719861334,0.46307085986746277,0.454110390412848,0.32790469576010933,0.3432132012141161,0.38766121449894725,0.37631686402147113,0.30565440700251134,0.2628291046126728,0.4046582869590914,0.36562675405820383,0.3495892865257694,0.36291974864840404,0.3079130738464777,0.38133773543456334,0.34646391855402625,0.36472745218247915,0.3564545955606965,0.46407556331986977,0.4060883614929989,0.4661180656628292,0.49162384450238,0.47316825718171107,0.3782651208487549,0.4172631025016226
0.7247524134568071,0.5760993678864723,0.3401029560851405,0.4947089206179534,0.4490782394356874,0.0,0.9606465985645849,0.8959356110888362,0.9632183555122761,0.8995135546820607,0.9958339089676937,0.8970512764075246,0.9876470532781044,0.9147057137977583,0.9585885408491639,0.9091638530607962,0.8176274327975898,0.988406294126954,0.952804939560581,0.9646443078198083,1.0,0.9505560445496682,0.8360543476212896,0.9450363832868873,0.5927853639833552,0.6407795358304852,0.6887498153963421,0.40087697585574755,0.6316046344367072,0.7465715375076153,0.877104759657944,0.855828572746366,0.9019205086241026,0.8786758527749815,0.8942840771409959,0.8510645500675127,0.7838966029578723,0.9135132952524492,0.9023333891276603,0.8077350073107837,0.713810349029714,0.8847095650021971,0.9506629936043383,0.7684881218875741,0.9656874510102778,0.8389163712030706,0.8472938579260516,0.914317578056355,0.823442073259677,0.8735012383161339,0.8485949258438842,0.9213447866410952,0.9633401425302629,0.9365639539448171,0.9065237836092922,0.8321237270052099,0.8332151261971694
0.7769098060189716,0.5040839880209292,0.30207108471455224,0.42559023479812,0.4138009502135241,0.9606465985645849,0.0,0.988922548383096,1.0,1.0,0.9211548770207132,0.8848448605444053,0.965501188415504,0.8572422434301296,0.9874603544296026,0.942879070173114,0.8056956775453289,1.0,1.0,0.9232647431507292,0.9984679817915548,0.9738940821519374,0.9668820675010595,1.0,0.5701632640360017,0.5779952468655505,0.6364137940030068,0.37275792686553766,0.5813697511758988,0.6829697495025195,0.7905093021825369,0.8570458299900615,0.9855690710371515,0.9677910253218819,1.0,0.9048594873541955,0.9011699544063675,0.9841636463421515,0.9422784857285681,0.9331945440463078,0.87063460548375,0.9677568032086933,0.9523472907266176,0.8509087974237106,0.983025297433876,0.9570740255161388,0.944291628997396,0.942501854394892,0.9781463708632125,0.9757736005756728,0.9595266116981158,0.993258222056553,0.9463267456310445,0.8459799872727165,0.8364279010178256,0.9468950553661875,0.9564504487713141
0.6770712056334401,0.5652950637637818,0.3321888477698095,0.47399200869448055,0.4228329747995829,0.8959356110888362,0.988922548383096,0.0,0.9456663095610566,0.9364967151684963,0.8745291152235156,0.8312369276864304,0.9659730915648022,0.8966724059327685,0.9232065181862585,0.9708614803705717,0.8224496021211501,0.9952394729935834,0.9894601773015818,0.9037501488264363,0.9820063041264095,0.9385230917871809,0.8394769561193512,0.9762035231101255,0.5858331101903048,0.6045179766724679,0.6861164615440714,0.4016994173777124,0.6235987553132045,0.6939756785026462,0.7909474547403981,0.9168301860190057,0.989569533872004,0.8958637736549218,0.8999467016046153,0.827193709726227,0.8447407854396728,0.9766009312821079,0.920216694113271,0.7903704044883387,0.7538197084955667,0.8677513530782661,0.9265255698459552,0.8160836455748679,0.9424023821019046,0.8809610046183901,0.9161697312843144,0.9510089576160207,0.8972852695965086,0.9058985039110033,0.927042226060893,0.9823682756683044,0.9321849302690064,0.8466609024532181,0.9194180720925762,0.8626638610103492,0.9383214831072495
0.7783843520821205,0.5249912148911989,0.3130593570996855,0.47934608149955626,0.41202131628705546,0.9632183555122761,1.0,0.9456663095610566,0.0,0.9734937334746844,0.9144697023156119,0.8090603175325389,1.0,0.8746041177959067,1.0,0.9607347735633985,0.7747253836672877,0.9452744500799221,0.9641899286904642,0.9560437987987821,0.9659717800065645,0.9732462065856875,0.9220540219152547,0.9948358687606265,0.5682947448939343,0.6128820379647204,0.6782782881518744,0.37893984509268575,0.5983520874142351,0.6890649288604521,0.8200794054386595,0.9402495417624922,1.0,0.9200545134228983,0.9554463416156502,0.9465951729217947,0.8695574059426429,0.9420471147808874,0.8997477697295427,0.8964046082471899,0.8052746051374585,0.9580473483610047,0.9797367968595626,0.8792962428991624,0.9695322504366227,0.964149686754788,0.9485901327053391,0.9570243411650293,0.8915648767615437,1.0,0.8817016222099876,0.9748054841652356,0.9278617848585411,0.8672497718595393,0.8750473611522911,0.9411966032245467,0.9737052694912861
0.6728099244768191,0.5338294854531427,0.3074057307433683,0.44246803295133735,0.4049577003122492,0.8995135546820607,1.0,0.9364967151684963,0.9734937334746844,0.0,0.8978534533752586,0.8104086187409751,0.9392769066678714,0.806134489419555,0.9328670813906919,0.9625157977031253,0.7524604236668944,0.8934490595989344,0.9400205187514604,0.8728219062131604,0.9828644864456276,0.9230237500471346,0.8590142618375486,0.9572716131640556,0.5206340224223268,0.5529148553644391,0.6293337921788766,0.3513439186713156,0.5441626732983363,0.6372248545091298,0.7252231688653449,0.8867321821943903,0.9205203700536404,0.8599933733103408,0.9297608357957835,0.8597139293689028,0.8094090869575334,0.9542951784661189,0.9539038639763759,0.852314141132071,0.8131663999660973,0.8278284602627298,0.9753092843273945,0.9044079433850377,0.9639738430260129,0.9040585494092365,1.0,1.0,0.9490846897327169,0.9348023531761528,0.9461369591805355,0.9007255267541547,0.9288626601112475,0.8196617202912072,0.8578131712478735,1.0,0.8989370283200722
0.6850481756704269,0.5577169227486645,0.3429574562682296,0.47186745632610716,0.4356258971936822,0.9958339089676937,0.9211548770207132,0.8745291152235156,0.9144697023156119,0.8978534533752586,0.0,0.8969059481221707,0.9582475200972791,0.916737957714506,0.9614354539464346,0.9964685602413262,0.8539563138810361,0.9700143748999083,0.969143048802544,0.9074184926895354,1.0,0.8876913387323604,0.8092328961935433,0.8718266198458059,0.5315957399910463,0.5586477603083085,0.6433644063281674,0.3903973234484151,0.5801537753449099,0.6650921654145484,0.7889444553948587,0.8394951267749642,0.887257494700888,0.8409557946134355,0.8728597620329674,0.7730089212033079,0.7247464599018423,0.8472161504060856,0.88090887485227,0.8006878067785772,0.750243429370742,0.8085386997993543,0.9681789361941964,0.7645842679612617,0.9131129581067204,0.8780713554862348,0.8946326808525872,0.9345740738530776,0.868152585538115,0.884992055242465,0.8169242284978894,0.9298888146142092,0.9220238739150549,0.8943339896334134,0.8755813934486993,0.8377668629824774,0.8461955639521949
0.591888976920183,0.5828435206778748,0.36699151008642106,0.454249542188962,0.4353353219391509,0.8970512764075246,0.8848448605444053,0.8312369276864304,0.8090603175325389,0.8104086187409751,0.8969059481221707,0.0,0.927817404398739,0.9312169945603643,0.849595444344496,0.8367039186767548,0.9067741763280491,0.8866300249275985,0.9206057733055293,0.8829147329394694,0.9289809141041778,0.7662993370457407,0.7524312246926582,0.7817717974875983,0.4908756167904258,0.5170623922619743,0.6012748178420113,0.3652536889765331,0.5529620914218023,0.5681035541868616,0.6965470036436021,0.693061402805238,0.7697139358717036,0.7435528233700578,0.811270363666636,0.6764825636625197,0.6564296529169458,0.7792458231923006,0.812969122491667,0.681206485532838,0.6502591169475359,0.7513462199431604,0.7733017685310742,0.6423813939465404,0.8431937461989665,0.7525681878478714,0.7557362850974989,0.8280468636508918,0.7305248197105719,0.8022971730095071,0.7659108487860539,0.9229210263422468,0.8583704910296875,0.8661428051053524,0.8582801959983778,0.7343058020924947,0.7193534576904902
0.6712641626479721,0.6843908566837198,0.3738485825223189,0.5543470492188239,0.509974955373379,0.9876470532781044,0.965501188415504,0.9659730915648022,1.0,0.9392769066678714,0.9582475200972791,0.927817404398739,0.0,0.968600885568004,0.9867834718289936,0.9288973440482577,0.930383674372613,1.0,0.9901500602204604,0.9383579198993621,1.0,0.9297320227060303,0.8965180049539683,0.90535114785615,0.6689773723442182,0.6730876373511948,0.7796090640704294,0.43852529681760627,0.6953412923420234,0.7372145915419265,0.8870417467512685,0.8737344600260636,0.8713655788793913,0.8729557543347676,0.9682334870216422,0.7928230972956164,0.7763613939784184,0.9040164463635917,0.8409255466109514,0.7677840314010893,0.7218507124550201,0.8695746802948554,0.8991304181286811,0.7558335498940411,0.9879901792349514,0.8499670905959126,0.8967492040277146,0.8998480815390624,0.8729732405208661,0.9468619244244325,0.8851427650694875,0.9942338708037629,0.9571823610056779,0.9446332628532672,0.9304137872982824,0.8413513154726106,0.8602466969067779
0.6772336455210143,0.6009568456276155,0.35161866517621937,0.48191142390632297,0.4428813096947112,0.9147057137977583,0.8572422434301296,0.8966724059327685,0.8746041177959067,0.806134489419555,0.916737957714506,0.9312169945603643,0.968600885568004,0.0,0.9081801672624601,0.8958075583712967,0.898417210735551,0.939989470614164,0.9049586696564994,0.9080154396533813,0.966165287046552,0.8530772030726582,0.7786575592053706,0.8788507400030235,0.5329203272606696,0.5608175891492182,0.6388795141199058,0.39042765846521044,0.5659790273699993,0.6276578948498549,0.7224155372135463,0.7558200588150593,0.8520235407522823,0.8050862132800508,0.8049197938018511,0.7445585301160436,0.7023371454601917,0.814821833108587,0.8370337196034239,0.7180918155550401,0.641782437115238,0.8188916862864775,0.7780231042889331,0.649508095780755,0.8419079103517506,0.7829144440496394,0.7691748983745705,0.8069362334952492,0.7379908000578714,0.8957780836849456,0.8128546861649957,0.9412208181496705,0.956566990178035,0.9149714388898169,0.8652151780887432,0.7270846715834894,0.773787970903489
0.7133111315517972,0.5568779405286969,0.3284121900353936,0.47453165275594544,0.4144587911256556,0.9585885408491639,0.9874603544296026,0.9232065181862585,1.0,0.9328670813906919,0.9614354539464346,0.849595444344496,0.9867834718289936,0.9081801672624601,0.0,0.9593946222595466,0.8681273819220353,0.9605262714392344,0.9852039500725637,0.9314931396662133,0.9865305240688467,0.9646665452884658,0.8976514846725993,0.8863913921047124,0.5262327056615704,0.5782590686202008,0.6357673004256514,0.3771301965901607,0.5651433915119337,0.657895032448408,0.7416325302226209,0.8427888258848008,0.9481712024948982,0.9006874539705375,0.9238781310554811,0.8072471737386002,0.8185306203255336,0.9335039068220032,0.9102886701709376,0.8217952126989465,0.8107720344793508,0.8704287461637936,0.9599340687542197,0.7914628031335332,0.9230370659740847,0.8693950465774253,0.9601081674209695,0.9914658580290815,0.9058005713698591,0.9362763043081092,0.8793872003650741,0.9556831115380089,0.9634624358421021,0.9044698428132237,0.8760939194985947,0.9647437685721458,0.8818337753599148
0.6934626004323515,0.5924873443312334,0.32237883194296046,0.4781073345172593,0.4312545295815918,0.9091638530607962,0.942879070173114,0.9708614803705717,0.9607347735633985,0.9625157977031253,0.9964685602413262,0.8367039186767548,0.9288973440482577,0.8958075583712967,0.9593946222595466,0.0,0.841112805099273,0.9733874273364248,1.0,0.9690554645804716,0.9812910292483604,0.9453513560651615,0.9062453849084071,0.9658405460558462,0.6041524031604725,0.6432998119610684,0.6931568096041778,0.40271284378442435,0.6093145107758482,0.711833841992033,0.8406427279588868,0.9870781570626035,1.0,0.956616128810952,0.9334922210143151,0.8350717915219209,0.8437104408028648,0.9827249074566333,0.9740125334573037,0.839191957452479,0.7846569026644868,0.9395261740193916,0.9511555095330443,0.8235629377718826,0.9743977472942856,0.9070913170904088,0.8941588249988007,1.0,0.9613314769008957,0.9668259528694136,0.9098151780118221,0.9216921967743194,0.9789353000757797,0.861191399778534,0.8566926521630953,0.8911138358604346,0.9717802835433278
0.5265620061918821,0.7018765021845281,0.44584298637120834,0.5734497015795926,0.5252278512786539,0.8176274327975898,0.8056956775453289,0.8224496021211501,0.7747253836672877,0.7524604236668944,0.8539563138810361,0.9067741763280491,0.930383674372613,0.898417210735551,0.8681273819220353,0.841112805099273,0.0,0.9337942160169318,0.899782091735226,0.8541802693620646,0.8553464630938972,0.7298081502919553,0.7117186671096708,0.7157741965942597,0.5649077341959852,0.6040295980080286,0.685806313472067,0.4641031665965804,0.6212052189880556,0.6495435028416169,0.7180541458561187,0.7107183527848113,0.7521159144721185,0.696621770534359,0.7456360250421943,0.6593129447798601,0.5979625082667528,0.7127957256446059,0.7223333178027669,0.5747812445874854,0.5806194206173725,0.7396094695459738,0.7428261656532783,0.5989667397176114,0.7607395846944583,0.6584021417824178,0.7075849067046351,0.7435009897496937,0.6740396172445773,0.7351027476940146,0.7453023845464609,0.8014077295162019,0.9035075693321865,0.8848054389742764,0.8205037808878745,0.6854238209810989,0.690950265745475
0.6436250877891094,0.6084950212899093,0.3707746040804719,0.5248463305293142,0.47711760167282274,0.988406294126954,1.0,0.9952394729935834,0.9452744500799221,0.8934490595989344,0.9700143748999083,0.8866300249275985,1.0,0.939989470614164,0.9605262714392344,0.9733874273364248,0.9337942160169318,0.0,1.0,0.9609662180188069,0.9801418241162001,0.9186449069077021,0.8903324231472651,0.9495717931535022,0.5954018066881485,0.6289455249355771,0.7377262744230471,0.4376807261094812,0.6506323922597601,0.7413854870683807,0.8507730996394487,0.8246928280582864,0.9288228690786235,0.9030453215995822,0.8943435163941809,0.7681070605420961,0.7772570834910304,0.8947362905257005,0.8620242022995105,0.7541494353331175,0.7002121958164574,0.9128920784895294,0.9167977840018582,0.7701542541147254,0.9187552464555466,0.8098471488627765,0.8872390542478619,0.8972230043925645,0.8447240112921797,0.8752482670912071,0.85227436030518,0.9561909376529962,0.9936388568718366,0.9845848419307811,0.9536984945927082,0.8209012422502956,0.909922908142112
0.8492459717013681,0.5314756173375548,0.3135094576522322,0.4476839836719819,0.402414492547713,0.952804939560581,1.0,0.9894601773015818,0.9641899286904642,0.9400205187514604,0.969143048802544,0.9206057733055293,0.9901500602204604,0.9049586696564994,0.9852039500725637,1.0,0.899782091735226,1.0,0.0,1.0,1.0,0.9479782591521324,0.9152597796526196,1.0,0.5438257908982611,0.5591093380897786,0.6220053240797717,0.3584958226006064,0.5352878523037603,0.6605954534138504,0.7423916793687673,0.8819798162256299,0.9255928420905273,0.8877899267024869,0.929467724378708,0.9578992359613826,0.871657756029648,0.9784777028663506,0.8902429597104243,0.87645239486998,0.7959210845695953,0.9035346987256453,1.0,0.8086876371015581,0.9632116063797375,0.958512334615094,0.9488093685111171,0.9793107877572577,0.863260025903234,0.995330037525478,0.871006818065018,1.0,0.9699044637119786,0.9547506233200694,0.9285297876429313,0.8254641348569813,0.8958402869060095
0.7189745237416446,0.5613820037949003,0.33925313433752274,0.479489602562082,0.429203103844385,0.9646443078198083,0.9232647431507292,0.9037501488264363,0.9560437987987821,0.8728219062131604,0.9074184926895354,0.8829147329394694,0.9383579198993621,0.9080154396533813,0.9314931396662133,0.9690554645804716,0.8541802693620646,0.9609662180188069,1.0,0.0,0.9650216964075012,0.9287004583702948,0.8937077310005512,0.9198865275028426,0.5530638673480753,0.5875321838089326,0.6723784803711796,0.39429530916205013,0.5898507214444547,0.7230040513815168,0.8485692242604193,0.8428718285392532,0.904314243700767,0.8879542921707874,0.9287871103819937,0.8381834722292957,0.8052603757638761,0.9759081194766572,0.8756367776410837,0.7705028336277061,0.7499561683122122,0.862587292161416,0.8433520703581965,0.745533090768312,0.9430543195103371,0.7943519072281363,0.885630546536003,0.8704490057501997,0.8303856128372247,0.8644029396374916,0.863133190805692,0.9709449438779728,0.975746353537571,0.9068795841262219,0.8933357509268128,0.8075181744684691,0.8943632915245866
0.7472895065994246,0.6131808110777174,0.3410202489327641,0.47867464957481737,0.46497267770891704,1.0,0.9984679817915548,0.9820063041264095,0.9659717800065645,0.9828644864456276,1.0,0.9289809141041778,1.0,0.966165287046552,0.9865305240688467,0.9812910292483604,0.8553464630938972,0.9801418241162001,1.0,0.9650216964075012,0.0,0.9428389757629584,0.9098501005489206,0.9765063916480218,0.6182725638557199,0.712865820643554,0.6942467379816722,0.4062359474163102,0.6372958762581906,0.7659536782360751,0.8884773861984361,0.9271761479982166,0.9858389726469884,0.9320747617883344,0.9237300118741509,0.8517325395492932,0.8501081792713835,0.9394881788929907,0.9549055243003859,0.856086481108108,0.7998062195580392,0.8591706209883031,0.9700223609459503,0.8492181710962252,0.9190778833969325,0.8657688386641818,0.9674566387759941,0.998221134363444,0.9590077817055902,0.9483332041783102,0.9033716604441041,0.9423246627966625,0.9855924627797535,0.9493635478113251,0.9398869184419061,0.894883318507496,0.9544146204829788
0.7371563498292565,0.47830584083898386,0.3093072105174312,0.4526135701503273,0.4235001280832301,0.9505560445496682,0.9738940821519374,0.9385230917871809,0.9732462065856875,0.9230237500471346,0.8876913387323604,0.7662993370457407,0.9297320227060303,0.8530772030726582,0.9646665452884658,0.9453513560651615,0.7298081502919553,0.9186449069077021,0.9479782591521324,0.9287004583702948,0.9428389757629584,0.0,0.9925092593559032,1.0,0.6297619696101515,0.6379914927183405,0.7372386608722976,0.38364908166372574,0.6220873167150001,0.8050141368024624,0.9493790665810268,0.9251904090556471,1.0,0.9685965360547358,0.9958904393851322,0.859624372849347,0.9415827978943978,1.0,0.9990003130477273,0.8963936827081664,0.8009961480661061,0.970008699490534,0.9624499358889868,0.8367984809472481,0.9937272628643642,0.9271207261663247,0.8920265763444424,0.9146508299947526,0.8559417081575037,0.9512161616544706,0.900345136074677,0.9321752736204629,0.9289394010450459,0.8753574951371941,0.8373685865462397,0.7905737718503127,0.9709309588476346
0.7379305642865439,0.49246772940935457,0.3019928914755886,0.44999259759582394,0.4227308993595453,0.8360543476212896,0.9668820675010595,0.8394769561193512,0.9220540219152547,0.8590142618375486,0.8092328961935433,0.7524312246926582,0.8965180049539683,0.7786575592053706,0.8976514846725993,0.9062453849084071,0.7117186671096708,0.8903324231472651,0.9152597796526196,0.8937077310005512,0.9098501005489206,0.9925092593559032,0.0,0.9721125172632344,0.6342758273584149,0.6493459876746582,0.7311623168300408,0.4068111852842346,0.6506964024924569,0.8045216921078843,0.8716712218312649,0.9146713490346907,0.9904855402624135,0.9684526742301995,0.9963678310541862,0.8330510027816295,0.9733715330868407,1.0,0.8915170988514322,0.8441371290727108,0.7532768356941736,0.9067096714647285,0.9112893714857916,0.7958554751652135,0.9492330375068966,0.8567942512343848,0.8744281322858746,0.8851370872254936,0.8622202784148498,0.88005864131922,0.8321993155670797,0.9476995801656748,0.9033190450410832,0.8005038822264201,0.8121791012791838,0.7540000576339082,0.9308197594407432
0.927544080913319,0.4554085763980315,0.2786895976584539,0.40284381529073066,0.3754789588950105,0.9450363832868873,1.0,0.9762035231101255,0.9948358687606265,0.9572716131640556,0.8718266198458059,0.7817717974875983,0.90535114785615,0.8788507400030235,0.8863913921047124,0.9658405460558462,0.7157741965942597,0.9495717931535022,1.0,0.9198865275028426,0.9765063916480218,1.0,0.9721125172632344,0.0,0.5661328486641621,0.5801743474300651,0.6251942374948128,0.3396066328913929,0.5543340146244259,0.7128141564103767,0.8263307247356958,0.9156577699741766,0.9992580707549333,0.9324727356093104,0.9827980249857134,1.0,0.9455744535979768,1.0,0.9805566047872349,0.9698971476919085,0.9248751439430977,0.9705495835718403,0.974051693784297,0.8715188700282601,1.0,1.0,0.9059985522704118,1.0,0.9552835382875868,0.9855272467531166,0.857655157235837,0.9216412666903543,0.9186469995308045,0.8228282722929281,0.8538520929381764,0.8722188647637529,0.9437807874732983
0.34094336239487344,0.6282840430042161,0.4584749334260363,0.7093902881149426,0.7422870575200451,0.5927853639833552,0.5701632640360017,0.5858331101903048,0.5682947448939343,0.5206340224223268,0.5315957399910463,0.4908756167904258,0.6689773723442182,0.5329203272606696,0.5262327056615704,0.6041524031604725,0.5649077341959852,0.5954018066881485,0.5438257908982611,0.5530638673480753,0.6182725638557199,0.6297619696101515,0.6342758273584149,0.5661328486641621,0.0,1.0,0.8630805338131937,0.6624074609506032,0.9801616857325111,0.8877426994258169,0.8249941749606915,0.7966141469853607,0.7175315298395515,0.7228818545561035,0.6436221252291119,0.46072841754669625,0.5140296335255738,0.5918624726458578,0.5067817704827811,0.4328126997704435,0.369886528977999,0.5653639827527033,0.5217041612654904,0.48314559596350193,0.5091652853508306,0.43530262248584334,0.511560845984226,0.4663508855074355,0.5001718020788938,0.49122309104383693,0.6261074374654961,0.5432904414732065,0.6218957508344929,0.6436987165033473,0.5885283717680887,0.4888148284897769,0.6017322744524354
0.36079223666593674,0.6428800771914226,0.44286834691303595,0.7240707953337635,0.7157622674928606,0.6407795358304852,0.5779952468655505,0.6045179766724679,0.6128820379647204,0.5529148553644391,0.5586477603083085,0.5170623922619743,0.6730876373511948,0.5608175891492182,0.5782590686202008,0.6432998119610684,0.6040295980080286,0.6289455249355771,0.5591093380897786,0.5875321838089326,0.712865820643554,0.6379914927183405,0.6493459876746582,0.5801743474300651,1.0,0.0,0.8821443694877124,0.6555818500522057,0.9395406117598736,0.8821514308225767,0.8819292281241198,0.7527943430773121,0.7418781945181592,0.7430244271049614,0.6624295174983459,0.47789321356176145,0.5430913835467932,0.6198064067718491,0.5515066141636402,0.4589773691768052,0.37489960443076953,0.602251984920462,0.5511362656281779,0.5141374049866584,0.5275660441067183,0.47503143661461944,0.5435965779535349,0.4865594682123232,0.5385349318415225,0.5145231439641464,0.6525390963153994,0.5784119639006083,0.6320848366352279,0.6584641635487187,0.5990585307694324,0.5329361197507414,0.6353642180363369
0.3722697013210884,0.7385763422501744,0.4880983215816294,0.716854550954122,0.6957347953211768,0.6887498153963421,0.6364137940030068,0.6861164615440714,0.6782782881518744,0.6293337921788766,0.6433644063281674,0.6012748178420113,0.7796090640704294,0.6388795141199058,0.6357673004256514,0.6931568096041778,0.685806313472067,0.7377262744230471,0.6220053240797717,0.6723784803711796,0.6942467379816722,0.7372386608722976,0.7311623168300408,0.6251942374948128,0.8630805338131937,0.8821443694877124,0.0,0.6841198146341,0.9172370065113438,0.9047240423035419,0.9261785353035255,0.8297391667768678,0.7717937917116687,0.7959301986392048,0.761994242148086,0.518983916773483,0.6190403728668815,0.6626232978854703,0.6194095171568946,0.4972810044828091,0.41675833535968154,0.6597151444691467,0.6069658029809726,0.5626018006947056,0.5905848706645318,0.4890060265413791,0.5796761148035041,0.5418162256382515,0.5806061158839969,0.6005275376747999,0.7517950021668373,0.6915389241393963,0.7373656761573661,0.7371790038219358,0.6797131125144514,0.5683794723428957,0.7189334143159254
0.21484827460588202,0.6503832204922609,0.6942998154172191,0.8692718554111063,0.8684088987857235,0.40087697585574755,0.37275792686553766,0.4016994173777124,0.37893984509268575,0.3513439186713156,0.3903973234484151,0.3652536889765331,0.43852529681760627,0.39042765846521044,0.3771301965901607,0.40271284378442435,0.4641031665965804,0.4376807261094812,0.3584958226006064,0.39429530916205013,0.4062359474163102,0.38364908166372574,0.4068111852842346,0.3396066328913929,0.6624074609506032,0.6555818500522057,0.6841198146341,0.0,0.7768683932213573,0.5925058270282493,0.5311629126159092,0.47788579188025426,0.4275320890203444,0.4348392803419595,0.42140313819244885,0.3071500446194138,0.33527313389992,0.36280296058637207,0.3569630061115702,0.2940287724752966,0.24277277773692063,0.37505189309853815,0.3503034424566116,0.33302612183568814,0.3312667226175258,0.27992482793389406,0.3544888386558441,0.3188252303792377,0.33498346080889596,0.33121509968522034,0.4437801507097612,0.3699663154624908,0.4189845380290089,0.45045779934031155,0.41322992857099705,0.34467467730220397,0.388435296476873
0.33582223773719494,0.7287656725824067,0.5435042778227117,0.8055153625274594,0.8814447511421989,0.6316046344367072,0.5813697511758988,0.6235987553132045,0.5983520874142351,0.5441626732983363,0.5801537753449099,0.5529620914218023,0.6953412923420234,0.5659790273699993,0.5651433915119337,0.6093145107758482,0.6212052189880556,0.6506323922597601,0.5352878523037603,0.5898507214444547,0.6372958762581906,0.6220873167150001,0.6506964024924569,0.5543340146244259,0.9801616857325111,0.9395406117598736,0.9172370065113438,0.7768683932213573,0.0,0.9398047492262201,0.8448878785433873,0.7725440744861067,0.7248114124582994,0.6938593172156841,0.6263439090886338,0.45293347824332764,0.5220479505892436,0.5818878453751628,0.5465089866854252,0.43582643534241833,0.36704922466754886,0.5790722280257685,0.5475951933784203,0.5037993133253146,0.5072852082193618,0.44351372455627147,0.521116767708624,0.4803084974419088,0.4830096014658866,0.5075331967425715,0.6523264969338182,0.5566639383906483,0.6569217220257254,0.6843615991941564,0.6138364272902379,0.5122469672964374,0.6025908560481698
0.4212856151021239,0.5658017570429535,0.42706566550065556,0.6617998590854025,0.6222814143684745,0.7465715375076153,0.6829697495025195,0.6939756785026462,0.6890649288604521,0.6372248545091298,0.6650921654145484,0.5681035541868616,0.7372145915419265,0.6276578948498549,0.657895032448408,0.711833841992033,0.6495435028416169,0.7413854870683807,0.6605954534138504,0.7230040513815168,0.7659536782360751,0.8050141368024624,0.8045216921078843,0.7128141564103767,0.8877426994258169,0.8821514308225767,0.9047240423035419,0.5925058270282493,0.9398047492262201,0.0,0.9387082265028529,0.9059534250807804,0.9172618538138871,0.85674046607644,0.827179046675848,0.5801657686071443,0.6736548190435346,0.7555390083463805,0.6784266014312931,0.5527263927514573,0.46314714979614147,0.7630952536721689,0.6976416542826552,0.5998684784580517,0.6338519678782463,0.5560555899774479,0.6420650044097717,0.5919853083357361,0.6368754329248717,0.6247507117106548,0.7575889732456745,0.6810903899215921,0.7027525547300053,0.7726057437573319,0.6687007130504434,0.5741999700589661,0.7418306893009008
0.4923194587686771,0.5792999654917441,0.4117319990558844,0.6404986773307932,0.5621887855591684,0.877104759657944,0.7905093021825369,0.7909474547403981,0.8200794054386595,0.7252231688653449,0.7889444553948587,0.6965470036436021,0.8870417467512685,0.7224155372135463,0.7416325302226209,0.8406427279588868,0.7180541458561187,0.8507730996394487,0.7423916793687673,0.8485692242604193,0.8884773861984361,0.9493790665810268,0.8716712218312649,0.8263307247356958,0.8249941749606915,0.8819292281241198,0.9261785353035255,0.5311629126159092,0.8448878785433873,0.9387082265028529,0.0,0.9235421308474611,0.9360066597345265,0.9049049335805809,0.8686322761871053,0.6968006747253574,0.7352163564470579,0.8478069589689172,0.7648113462777744,0.6463035270412729,0.5465153456303679,0.8687596293536529,0.7697980388373223,0.713396057215525,0.7730759426011914,0.6732149385495342,0.7384616832222994,0.7135277792871216,0.7054187552869289,0.6829055118052983,0.7981121320995148,0.7627811670170516,0.8079580244038147,0.8629134653714522,0.7909404263258778,0.6799858755851099,0.8440467420807897
0.5881970550909564,0.5623798697893905,0.34881313718095297,0.5506056710812074,0.5130690526344626,0.855828572746366,0.8570458299900615,0.9168301860190057,0.9402495417624922,0.8867321821943903,0.8394951267749642,0.693061402805238,0.8737344600260636,0.7558200588150593,0.8427888258848008,0.9870781570626035,0.7107183527848113,0.8246928280582864,0.8819798162256299,0.8428718285392532,0.9271761479982166,0.9251904090556471,0.9146713490346907,0.9156577699741766,0.7966141469853607,0.7527943430773121,0.8297391667768678,0.47788579188025426,0.7725440744861067,0.9059534250807804,0.9235421308474611,0.0,0.9921772110376755,1.0,0.9362344902954834,0.7549264328672525,0.8511812171955067,0.9408628755301803,0.8165848103301091,0.7407353370479752,0.623627518733148,0.8864251623733366,0.8601390880012764,0.7938738704383677,0.8314971171838066,0.7607944977501646,0.8548197284846273,0.8046773205194604,0.8413112358751175,0.8128244524643669,0.9436434731372435,0.8748592734536982,0.9026930409882314,0.8170108626253835,0.7895594094399347,0.7692143438524471,0.9343764110875641
0.6615442016274639,0.5386786900510928,0.3217308415134499,0.4967101186606028,0.47515188719861334,0.9019205086241026,0.9855690710371515,0.989569533872004,1.0,0.9205203700536404,0.887257494700888,0.7697139358717036,0.8713655788793913,0.8520235407522823,0.9481712024948982,1.0,0.7521159144721185,0.9288228690786235,0.9255928420905273,0.904314243700767,0.9858389726469884,1.0,0.9904855402624135,0.9992580707549333,0.7175315298395515,0.7418781945181592,0.7717937917116687,0.4275320890203444,0.7248114124582994,0.9172618538138871,0.9360066597345265,0.9921772110376755,0.0,0.9996456815379533,0.9873653320227436,0.8919221186502015,0.903275076883334,0.9529426289204136,0.9741916985116995,0.8823684999624929,0.7426565256739641,0.921985271473691,0.9305154295490223,0.9159364479854137,0.8845826089174155,0.9164925897133809,0.9319564152062259,0.9412534538182177,0.9174493828431997,0.8856224197741278,0.9694326950743638,0.9882273036537516,0.9159671277668592,0.9133093467994425,0.8465980279430779,0.8192987406783441,0.9382401613664341
0.6307817006345527,0.5305927716848796,0.3270472278883277,0.47958778021235254,0.46307085986746277,0.8786758527749815,0.9677910253218819,0.8958637736549218,0.9200545134228983,0.8599933733103408,0.8409557946134355,0.7435528233700578,0.8729557543347676,0.8050862132800508,0.9006874539705375,0.956616128810952,0.696621770534359,0.9030453215995822,0.8877899267024869,0.8879542921707874,0.9320747617883344,0.9685965360547358,0.9684526742301995,0.9324727356093104,0.7228818545561035,0.7430244271049614,0.7959301986392048,0.4348392803419595,0.6938593172156841,0.85674046607644,0.9049049335805809,1.0,0.9996456815379533,0.0,0.9733696256501673,0.7865549506745825,0.8844520968668831,0.9256077429572265,0.8772735668388117,0.7585555581446751,0.6831463913117144,0.8778901288459589,0.8752693365716168,0.809884619160956,0.8784993065303475,0.8235026186633733,0.8483358068550484,0.8299337206665542,0.8807321452485252,0.8700985209924209,0.932591964203076,0.9224790787148023,0.9032544201682305,0.840132105845698,0.7907767908136221,0.7805132179122861,0.9768700970233639
0.678583272285577,0.5156683123612728,0.33104874688832925,0.49103590133728703,0.454110390412848,0.8942840771409959,1.0,0.8999467016046153,0.9554463416156502,0.9297608357957835,0.8728597620329674,0.811270363666636,0.9682334870216422,0.8049197938018511,0.9238781310554811,0.9334922210143151,0.7456360250421943,0.8943435163941809,0.929467724378708,0.9287871103819937,0.9237300118741509,0.9958904393851322,0.9963678310541862,0.9827980249857134,0.6436221252291119,0.6624295174983459,0.761994242148086,0.42140313819244885,0.6263439090886338,0.827179046675848,0.8686322761871053,0.9362344902954834,0.9873653320227436,0.9733696256501673,0.0,0.8644330186650185,0.9462598760379992,0.987998829016491,0.9196324102899278,0.837708084049165,0.7570513246321883,0.9005282572508441,0.9262596917736734,0.7667567490806648,0.9840112870566021,0.8556189799708144,0.9226889666483347,0.8927475385368657,0.9111970564036433,0.949666872302486,0.9161141692522073,0.9356294789923908,0.8634208891133491,0.8918974138693768,0.8704511113831795,0.7924299681532171,0.9379036561184193
0.9087079692517089,0.39940473633870105,0.26164912203692914,0.3643476219043953,0.32790469576010933,0.8510645500675127,0.9048594873541955,0.827193709726227,0.9465951729217947,0.8597139293689028,0.7730089212033079,0.6764825636625197,0.7928230972956164,0.7445585301160436,0.8072471737386002,0.8350717915219209,0.6593129447798601,0.7681070605420961,0.9578992359613826,0.8381834722292957,0.8517325395492932,0.859624372849347,0.8330510027816295,1.0,0.46072841754669625,0.47789321356176145,0.518983916773483,0.3071500446194138,0.45293347824332764,0.5801657686071443,0.6968006747253574,0.7549264328672525,0.8919221186502015,0.7865549506745825,0.8644330186650185,0.0,0.860374486005756,0.9598244306369252,0.908587885429669,0.9351321700366352,0.877678486524025,0.9218345829405977,0.9216630618960208,0.8159026849563921,0.8846830918249741,0.9281252773893042,0.7956118318687407,0.9784471690438235,0.8351373641357868,0.8628057676276949,0.7968898407510832,0.8780761176499462,0.7917028213722939,0.7232165994906645,0.7128966211381932,0.7152468164834085,0.7937018558264828
