Cingulate area 2,Glomerular layer of the accessory olfactory bulb,Glomerular layer of the olfactory bulb,"Olfactory bulb, unspecified",Frontal association cortex,Cornu ammonis 3,Dentate gyrus,Cornu ammonis 2,Cornu ammonis 1,Fasciola cinereum,Subiculum,Postrhinal cortex,Presubiculum,Parasubiculum,Perirhinal area 35,Perirhinal area 36,Medial entorhinal cortex,Lateral entorhinal cortex,Primary auditory area,"Secondary auditory area, dorsal part","Secondary auditory area, ventral part","Piriform cortex, layer 1","Piriform cortex, layer 2","Piriform cortex, layer 3",Ventrolateral orbital area,Lateral orbital area,Ventral orbital area,Medial orbital area,Dorsolateral orbital area,Prelimbic area,Secondary motor area,Frontal association area 3,Primary motor area,"Agranular insular cortex, ventral area",Agranular insular cortex dorsal area,Cingulate area 1,Infralimbic area,Dysgranular insular cortex,Granular insular cortex,"Primary somatosensory area, forelimb representation","Primary somatosensory area, dysgranular zone","Primary somatosensory area, face representation",Secondary somatosensory area,"Primary somatosensory area, hindlimb representation","Agranular insular cortex, posterior area","Primary somatosensory area, barrel field",Retrosplenial dysgranular area,"Primary somatosensory area, trunk representation",Retrosplenial granular area,"Parietal association cortex, lateral area","Parietal association cortex, medial area","Parietal association cortex, posterior area",Primary visual area,"Secondary visual area, lateral part",Temporal association cortex,"Secondary visual area, medial part",Nucleus of the lateral olfactory tract
0.0,0.35206775115746664,0.35606512125852663,0.5481178709070689,0.7857034268324927,0.9309277672085302,0.8696803169245042,0.7847322784991968,0.9183208010315084,0.8606054568043082,0.8548009796281868,0.8357307086109663,0.801110067909449,0.7294079575134818,0.9008970216472307,0.7966211539382941,0.7516262559906568,0.8424143536003743,0.766512582183756,0.7844956616442004,0.7827307374477456,0.9657135227213962,0.985368964099575,0.9020204606293866,0.6363867530234288,0.8769739494947127,0.9210614501474359,0.9324225612468379,0.8767631488638532,0.6851239499869181,0.9125450432541704,0.9804149459013679,1.0,0.9591060774278964,0.8978147871564407,0.9264415963649598,0.8065621502116003,0.8775802871797754,0.8799232586324389,0.9440038664931844,0.9228178378614948,0.9209232982502276,0.9082457071354874,0.8188193035661953,0.9226785192474132,0.9097129435108203,0.8577411686280498,0.8014548891327176,0.9123136299372794,0.8420786208260965,0.8876904574494344,0.7470011767227295,0.8467080801068229,0.7548604690752384,0.7711079865992538,0.8132306074383345,0.8387708276013432
0.35206775115746664,0.0,0.6358974386421388,0.649639075830493,0.4441575548733146,0.41570063427690906,0.4485303895683365,0.4492867479854013,0.4390584977957216,0.3644346350674878,0.4204344562018988,0.36867342978233986,0.439060082119236,0.4414973131283648,0.4423846446666744,0.4822269533216015,0.4523493595808631,0.4678773297052255,0.5137360015237978,0.4620562598911208,0.4336103825748315,0.37490385821941447,0.3210890579441983,0.35045430180416753,0.19004051376366218,0.29731412352502473,0.25596182725370187,0.3017716011331938,0.3034759351635162,0.2200380911739869,0.314736875675998,0.3703325505390236,0.3680276396298457,0.25544857447502667,0.31452243814386877,0.33472271817645544,0.24497416749783726,0.42641420017427295,0.44723544578036983,0.30041007870582276,0.3339323132756927,0.37226626984289224,0.41745552232676025,0.36862480483582294,0.4024731318533619,0.3006596114247319,0.40407831620321893,0.4759182412486402,0.4218474670034728,0.4999224729288024,0.338026316945661,0.47812005410943365,0.401071166285909,0.4412622450193393,0.3740196333446953,0.39485832010802885,0.3438608899883938
0.35606512125852663,0.6358974386421388,0.0,0.813568964728111,0.4595104289623605,0.3798073358215233,0.4552943878780724,0.40225149515268094,0.4812861939705842,0.3317316288863585,0.48841026556234074,0.454559284625086,0.47968431616685997,0.5253889128762216,0.42255459863501466,0.5088969357754352,0.533336041628799,0.4714468792621879,0.5944636942966983,0.4573447122570053,0.5163103599103224,0.39312323816678757,0.3247164763376683,0.3852443534501629,0.18160405755748635,0.2888764499772823,0.2952878262160124,0.3116972033378147,0.3547024556192385,0.21446702192377132,0.3275411719289975,0.39718131539165424,0.363384002697947,0.2694376964006852,0.3362760377547724,0.3151936314252628,0.2810882940640118,0.4583162494012944,0.4630377847798769,0.30763661503297757,0.35189442734912413,0.4055267487959413,0.43450471543861147,0.35344018999501947,0.44871215981383256,0.3098405035310672,0.4819566839543159,0.5611085524664282,0.487393913548665,0.3954753093706146,0.407116061702362,0.5703673968406463,0.4626038496198459,0.4407628352027932,0.3968971892181862,0.44707954664295546,0.3338767484536781
0.5481178709070689,0.649639075830493,0.813568964728111,0.0,0.6790362541873929,0.6147533352133234,0.7065407989260706,0.6205849703960757,0.7107106445898522,0.5113673753410379,0.7086552663766261,0.657740003183406,0.7305265129827925,0.7410728551285233,0.6305499810270682,0.7582513866450507,0.7495085002497931,0.7174935674980679,0.7807954014068714,0.6863349908968287,0.7311360387438675,0.5961084403438293,0.48303424348287244,0.5765072485732412,0.26836629121130895,0.44592459796302886,0.42928029532171497,0.4669763918205952,0.5144918696827752,0.3243996296912359,0.47791960729705424,0.6022464146263353,0.5369794775507916,0.39820657770969486,0.4821880658976222,0.5065794284396745,0.42556963600607545,0.7117678029107641,0.6974480796954953,0.48084604085637767,0.5418457480656196,0.6315885132596262,0.6605300235929504,0.5514163682847854,0.6433988213916723,0.4766133960423308,0.6983835199547561,0.8584942999100109,0.7358746170769769,0.5962613726687421,0.5910148924636696,0.7897061287692362,0.6876587463347432,0.6770302829891465,0.6004303345060711,0.6908074895315797,0.5424892535139876
0.7857034268324927,0.4441575548733146,0.4595104289623605,0.6790362541873929,0.0,0.8532998789973382,0.8551602417521783,0.7897025397844036,0.9166430433781693,0.6859184322599212,0.8004634180496802,0.7896902472095993,0.801521994793482,0.7336604299598346,0.7841544586445456,0.7889125732569675,0.7884379465874144,0.7687389630411016,0.7587731544911213,0.7888337789261333,0.7398107997539944,0.802024409756979,0.7367610573880127,0.8028426340042533,0.46851398854045195,0.7526959721821928,0.6754198893767762,0.687197575430878,0.8038607662551304,0.540020047035975,0.7296732442416289,0.8295960926137282,0.773649198681124,0.6756322010244086,0.7411763698498832,0.8078347795399723,0.6705385691584507,0.836167231313881,0.8395298607481838,0.7383982273645227,0.7616628968573378,0.7946523089875638,0.7567148630134676,0.7259060908151347,0.7914250747009122,0.685346234419959,0.7997233710170987,0.8106282716591425,0.8185128416795839,0.7806442138447018,0.7174177282352027,0.8324610393048013,0.7713855393018537,0.7717180251655623,0.7383618853545787,0.7567588462083364,0.7123067820268693
0.9309277672085302,0.41570063427690906,0.3798073358215233,0.6147533352133234,0.8532998789973382,0.0,0.8948603890342447,0.9556330406045773,0.9314504551067043,0.9024797371495245,0.8496852672511086,0.79666527328952,0.7960184520236826,0.6639296240867897,0.9777014083428383,0.8335701065848332,0.7499084963603346,0.8255719622135282,0.7395926434652308,0.8024073059674819,0.7726426905602954,0.8466379901022613,0.8936384550749755,0.8237441857070784,0.5748806784325808,0.8762800065278593,0.7591212674962484,0.8308786224974507,0.8249484038170904,0.6399604573035942,0.7827890867976858,0.8679394788415892,0.9676156518198825,0.7506430573341966,0.8279216708598067,0.896035164367052,0.7896138933967554,0.8450245992587142,0.8994761953897139,0.8419754756737143,0.95650561892731,0.8480782877527239,0.8440498447607804,0.8979065319148365,0.8595683232858965,0.8930441452432539,0.8295559095146059,0.8705405389021112,0.8187867448358411,0.9664433256993097,0.8073935752996908,0.7473421440672067,0.7895850178547549,0.8275208677622714,0.7963088023041347,0.779609243364952,0.8868774174894984
0.8696803169245042,0.4485303895683365,0.4552943878780724,0.7065407989260706,0.8551602417521783,0.8948603890342447,0.0,0.9353905736737592,1.0,0.8527062797115555,0.9959376439589643,0.9903730834356135,0.8943371467320574,0.8082653905521346,0.9969022618766664,0.8743001188271985,0.9014162693423905,0.9860846696566392,0.9120604370570496,0.9726004875269835,0.9999204209309226,0.8942893755754399,0.8232398152496786,0.8629393475180442,0.4404629498100249,0.7355790871747021,0.6828252914135832,0.7441321609388492,0.7332607892681023,0.5246365369478913,0.6985987031408986,0.9119265437729582,0.8871589363308748,0.6535965016548575,0.715364852819903,0.860559889616997,0.6644622430618202,0.993885741937181,0.9538802624714218,0.7757119128289098,0.8485751689671636,0.9398895814301242,0.9300213038965874,0.8795228497244643,0.9375327925616359,0.7993617065337643,0.977497738551236,0.9751200420600882,0.9689447665843914,0.9023155040270722,0.8627391587834841,0.8422996647833062,0.9330043651785006,0.9012310384615712,0.8912044813340907,0.8813965609361052,0.8867645046463152
0.7847322784991968,0.4492867479854013,0.40225149515268094,0.6205849703960757,0.7897025397844036,0.9556330406045773,0.9353905736737592,0.0,0.9030388077497029,0.9622249012146801,0.8602386820583406,0.8171135167003614,0.8058589813408755,0.686235691981964,0.9320622431173902,0.8713456179079621,0.8329812788253353,0.8830939863511675,0.823682896773225,0.8323693846180354,0.7909404239431155,0.8387089605173284,0.8281064956433385,0.8359991377237405,0.44892761393174796,0.7818383607018905,0.6868674503767901,0.7773732404350898,0.6810585158573935,0.5511267056708766,0.708508715498876,0.8439945253622825,0.8678621802791572,0.6413416895455519,0.7139012981515334,0.853574914981074,0.658014864096497,0.8654903554487923,0.876962585268454,0.7514674509064,0.9237229427839141,0.8103406106016224,0.8637994516655052,0.8862994404779903,0.8710690450697566,0.8308813579353809,0.7965823480795812,0.8427071720515694,0.8386863546361044,1.0,0.7596353523464621,0.7441362607175869,0.7844870654849535,0.8468024376480372,0.7940534022229015,0.8495106463584617,0.9595113929847812
0.9183208010315084,0.4390584977957216,0.4812861939705842,0.7107106445898522,0.9166430433781693,0.9314504551067043,1.0,0.9030388077497029,0.0,0.8152035905128233,0.9893788156915816,0.9492449627424029,0.9614596246476611,0.9076218989886258,0.9738570943144536,1.0,0.9003423348964715,0.9994328559622605,0.9090661804187457,0.9355106210749373,0.9731943790919991,0.998252956596062,0.9437651789942633,0.9427400744159052,0.48764311972509133,0.7655758148995212,0.7635116522206324,0.79273171816197,0.8078554881616157,0.5803093883731756,0.7901868640861113,0.9034454370076135,0.9460042668846713,0.7238269804190903,0.7890106722038998,0.8925038755527505,0.6849560060154398,0.9541933462632166,1.0,0.861963606480926,0.945079372497857,0.9693586521522382,0.9586710267462262,0.8295331612172148,0.9848386407395016,0.8345315376675005,0.9766652149865375,0.969152305595216,0.9961713098147599,0.9085009460650478,0.985789173174006,0.8986452294257573,0.9762373592952341,0.9161752514896722,0.9308055328718664,0.9419711521056501,0.8287421964074669
0.8606054568043082,0.3644346350674878,0.3317316288863585,0.5113673753410379,0.6859184322599212,0.9024797371495245,0.8527062797115555,0.9622249012146801,0.8152035905128233,0.0,0.8132479636133718,0.7719679799791015,0.7979924296779933,0.6956262413092036,0.9171861905666385,0.802678637949529,0.7171493007601781,0.8620839346385171,0.7514770561169551,0.8475859212427623,0.7378755199071436,0.7808741414805025,0.8624293715923123,0.7476613288079628,0.4744339219546803,0.7712657386727838,0.6466068852046294,0.828290407352289,0.6442271096824516,0.5390184318920713,0.7362539765061481,0.8450289186450476,0.8476053481333333,0.6310927576861879,0.7127506257016085,0.8781415737059592,0.6010554965129096,0.790828195298725,0.8693303097387582,0.7609446371108524,0.906438400957961,0.8041762430326498,0.8475624311685034,0.7946081319908938,0.8178745445326425,0.7467496240303947,0.7647317975443012,0.7666793673597612,0.8356504884204276,0.9911126042418321,0.756668756566827,0.7025712171436739,0.7642718730370014,0.8079788087046124,0.7901925769472733,0.7624042413889704,0.8968316834213608
0.8548009796281868,0.4204344562018988,0.48841026556234074,0.7086552663766261,0.8004634180496802,0.8496852672511086,0.9959376439589643,0.8602386820583406,0.9893788156915816,0.8132479636133718,0.0,0.979810775108778,0.9191193408425115,0.9227650605108338,0.9452666265669896,0.9514584148540332,0.9214598160531741,0.9732001677107889,0.9593708896334272,0.9631419318028069,0.9020803267695905,0.9218622066640881,0.8852770386778407,0.9077856855624604,0.44114757499517876,0.6489495550776324,0.7582331985501732,0.6973276729310732,0.7405935535779611,0.5170649337784242,0.6986960719023091,0.8522356757565583,0.8258580741374338,0.6900928612691586,0.7671107059165158,0.8306956699497638,0.6755992767178853,0.923663616794656,0.9454501616796926,0.7932503452983026,0.822366601428424,0.9510598045168768,0.9870558509023774,0.803753301860156,1.0,0.7885721726205249,1.0,1.0,0.9956857920203857,0.7616801048327952,0.9833836743370438,0.9411459529290003,0.986065726625672,0.895480342759226,0.894082641944776,0.8814333630515688,0.7937054673159328
0.8357307086109663,0.36867342978233986,0.454559284625086,0.657740003183406,0.7896902472095993,0.79666527328952,0.9903730834356135,0.8171135167003614,0.9492449627424029,0.7719679799791015,0.979810775108778,0.0,1.0,1.0,0.99570707833397,0.9731574220014986,0.9869151704612791,0.9782527708962582,1.0,0.9705849614945561,0.9936246555234577,0.8560207575986128,0.8435518737463892,0.8814766671978115,0.4167886542512659,0.6091831281641749,0.6567972274995225,0.7206774871352476,0.6980984513601939,0.47440778559313773,0.639519854575415,0.8787389971578955,0.7592849254931359,0.6346330246669107,0.7156477806941995,0.7703655543838223,0.6108396193275663,0.9527648458020466,1.0,0.7633117419731095,0.8112909137488374,0.9816701269319721,0.9009396383391152,0.7615054022866319,1.0,0.745204991848746,0.9999562602815377,0.9334071940410253,1.0,0.7751593260741761,0.9606314663791389,0.9589694148994077,0.9762803540115365,0.9357753379142797,0.9653534051090654,0.9580281180519121,0.8245041289037797
0.801110067909449,0.439060082119236,0.47968431616685997,0.7305265129827925,0.801521994793482,0.7960184520236826,0.8943371467320574,0.8058589813408755,0.9614596246476611,0.7979924296779933,0.9191193408425115,1.0,0.0,0.9263601155932223,0.923672680400907,1.0,0.9805330630858914,0.963459742372703,0.9718459698346561,0.8908357622015847,0.9617081700019006,0.8607201705551305,0.8057152326908484,0.805497490771056,0.4174954677347346,0.6318487270911498,0.682426991577399,0.6985282170976337,0.6809683667055804,0.470839967306697,0.6843238442889128,0.8517816716571607,0.7948873556833645,0.6039129067322218,0.6950067905220944,0.7492532800987585,0.5995520993329829,0.9972648976580303,0.9534231812665837,0.755483788484898,0.7992173149644162,0.8486649845934713,0.8729356027124449,0.7451716608071156,0.9771965647498001,0.7089761123181583,0.9444780437204904,0.9226464008823222,1.0,0.8839691094712331,0.936140739978555,0.9240122718414183,0.9341142436834423,0.9598730297812007,0.9460202537449539,0.9433900484944231,0.8270195449939678
0.7294079575134818,0.4414973131283648,0.5253889128762216,0.7410728551285233,0.7336604299598346,0.6639296240867897,0.8082653905521346,0.686235691981964,0.9076218989886258,0.6956262413092036,0.9227650605108338,1.0,0.9263601155932223,0.0,0.8793834798428001,0.9134899130169603,1.0,0.9358820164346644,0.9862761330247548,0.9126724723212509,0.9637793512500893,0.7875046933962774,0.726674474025823,0.7607408667215823,0.35615783752590424,0.5599661017785359,0.6008840047682246,0.6158944499395621,0.6056838961496012,0.41447909424714424,0.5669077732008296,0.828310967893666,0.7084405548786966,0.550955697639726,0.6245767022463871,0.6493561333542561,0.5270295685932713,0.8944347801442178,0.9297997887934083,0.6552165510019476,0.7346151632823755,0.8113778146332902,0.8367519292665294,0.6694239050929127,0.9177363752079447,0.6395891473961638,0.8711868035306937,0.951700273010081,0.9255848775900297,0.7862735013053245,0.8651074754175893,1.0,0.977274021875527,0.9554275736212745,0.8903228716028259,0.9271436064996597,0.6578567329517064
0.9008970216472307,0.4423846446666744,0.42255459863501466,0.6305499810270682,0.7841544586445456,0.9777014083428383,0.9969022618766664,0.9320622431173902,0.9738570943144536,0.9171861905666385,0.9452666265669896,0.99570707833397,0.923672680400907,0.8793834798428001,0.0,0.9525313269284393,0.9572725902292457,0.9851842623675497,0.9692034867341814,0.9672385367690569,0.9017778421935688,0.9767598658266055,0.8831460261828012,0.8962744676950466,0.4616024660207353,0.7335270499376146,0.7069027582907278,0.8039070838460208,0.7184066831748555,0.5220832735401648,0.737992337014794,0.9043342751832291,0.9050901525122942,0.6575299681695652,0.7737288772490167,0.8826892097239464,0.65051697419251,0.9627112439313561,1.0,0.8270466975107273,0.9882090607407676,0.8965322591454299,0.9947326751379574,0.8971865391307556,1.0,0.8427442083443558,0.9567792721883307,0.9931059005820753,0.9480380470857892,1.0,0.899528650152738,0.8558894726416975,0.9179398542530331,0.9364568598087939,0.9459250320843485,0.9177330916445299,0.9051708746461016
0.7966211539382941,0.4822269533216015,0.5088969357754352,0.7582513866450507,0.7889125732569675,0.8335701065848332,0.8743001188271985,0.8713456179079621,1.0,0.802678637949529,0.9514584148540332,0.9731574220014986,1.0,0.9134899130169603,0.9525313269284393,0.0,0.9698192164847497,0.9920769003059544,0.9589485636564162,0.901007580745704,0.8836568797222923,0.8398992681435746,0.8103407742083444,0.8581424214193271,0.39128937610562436,0.6158519773021826,0.6258050035865234,0.6781889886646562,0.6701525358796875,0.47720711882258376,0.65108260130917,0.8082402733681916,0.8343178316919726,0.5750854564604564,0.6824244616852121,0.7273698547664569,0.590481987299881,0.9561485435486297,0.9981763960268866,0.7320811861485845,0.8369608593538171,0.8447320152997501,0.8855546967982909,0.8051206515867708,0.9875530242236348,0.742433772064264,0.9436507067784535,0.9675844821146581,0.9429825155054529,0.8719170513782009,0.8775944181927771,0.9655790994172919,0.948501109245609,0.9223969390422967,0.9208258435246164,0.9532657189156363,0.8131532426394353
0.7516262559906568,0.4523493595808631,0.533336041628799,0.7495085002497931,0.7884379465874144,0.7499084963603346,0.9014162693423905,0.8329812788253353,0.9003423348964715,0.7171493007601781,0.9214598160531741,0.9869151704612791,0.9805330630858914,1.0,0.9572725902292457,0.9698192164847497,0.0,1.0,0.9704850143231605,1.0,0.9576476707627442,0.8315130760241073,0.7535822870021945,0.7742948750204132,0.3802288795888086,0.6045240911623045,0.6187756351891539,0.6356093141597887,0.6344815676502104,0.4322452947615477,0.6072391360116149,0.8089674581140716,0.7418473872812033,0.5638785089956923,0.6808975606687201,0.7023366002810817,0.5334709793813392,0.9063755770416688,1.0,0.6934571244664027,0.7758437377470397,0.8862968360942125,0.8808054647766083,0.7489541064851618,0.9824211806959298,0.6917029398422305,0.9334281038318205,0.9493537743012672,0.9706498426661214,0.8047443721094758,0.9056037027070776,0.9999263210899297,0.9694720586334417,0.9006787221329645,0.9688065146532076,0.9288785992227337,0.7846545016771698
0.8424143536003743,0.4678773297052255,0.4714468792621879,0.7174935674980679,0.7687389630411016,0.8255719622135282,0.9860846696566392,0.8830939863511675,0.9994328559622605,0.8620839346385171,0.9732001677107889,0.9782527708962582,0.963459742372703,0.9358820164346644,0.9851842623675497,0.9920769003059544,1.0,0.0,0.9629201390611728,0.955643687545788,0.9838023313026754,0.8184557835214492,0.855703620686434,0.9215204538703967,0.4281775740474087,0.655236718115089,0.6439260143983649,0.6991432548853364,0.6556999039735152,0.49527990062415517,0.659601021052446,0.8824182021144276,0.8154737234623414,0.617797683038709,0.6698766270432942,0.7598981215203786,0.6180039024700331,0.9294465803868226,0.9903857508936389,0.7921174340500222,0.8882425211339341,0.9280541659909469,0.9148115360888014,0.8086042741382862,0.986533698348923,0.7412854779903575,0.9472016194570787,0.9895622102563058,0.9963539448217528,0.9865850850217608,0.8727553072725205,0.8744987025935098,0.9465463748245978,0.9221058118307766,0.9188539346188122,0.9844624611968609,0.8998807685734416
0.766512582183756,0.5137360015237978,0.5944636942966983,0.7807954014068714,0.7587731544911213,0.7395926434652308,0.9120604370570496,0.823682896773225,0.9090661804187457,0.7514770561169551,0.9593708896334272,1.0,0.9718459698346561,0.9862761330247548,0.9692034867341814,0.9589485636564162,0.9704850143231605,0.9629201390611728,0.0,0.926404150573953,0.9767973060499465,0.803683760697724,0.7404802057907484,0.8235596764388124,0.3466905836790497,0.542507975306452,0.5862650549538312,0.6358324812789804,0.6099866524269175,0.41700206535192746,0.5672871332273147,0.7757476370784876,0.7753108697524598,0.5361881579146488,0.6617585991507111,0.6662542849041899,0.5315551706503722,0.9307801039392203,0.9660018341046177,0.6739364490242253,0.8046439857203272,0.8747864850629097,0.8758965132238511,0.7240268830146412,0.9373925984374639,0.7126128596104175,0.9288725891082891,0.9927453049359166,0.9925075677926355,0.8181527916100999,0.8592747547097193,0.9698940487887604,0.8959565564733589,0.9104094062272424,0.9102537053287565,0.9175113521924214,0.7216240728302709
0.7844956616442004,0.4620562598911208,0.4573447122570053,0.6863349908968287,0.7888337789261333,0.8024073059674819,0.9726004875269835,0.8323693846180354,0.9355106210749373,0.8475859212427623,0.9631419318028069,0.9705849614945561,0.8908357622015847,0.9126724723212509,0.9672385367690569,0.901007580745704,1.0,0.955643687545788,0.926404150573953,0.0,0.8803464449234971,0.8137278968213789,0.7710068024333302,0.777494818342055,0.37342115982562396,0.6324162600199762,0.6058262333230741,0.6667626124237613,0.6408183117465166,0.43444195282403775,0.6461052466322645,0.7885109834869556,0.7716693364309615,0.595312423678417,0.6562923850275825,0.7210639625904371,0.5396200964661638,0.9053824153430161,0.9309392539028603,0.7102130855806049,0.799134447229505,0.8655279079383869,0.845903781101256,0.7802313934098218,0.8839932009766847,0.6955152504107786,0.8826849367664968,0.9716617407780853,0.9369650679055961,0.8423317739420766,0.817200310828503,0.8816527454949273,0.9136481734092544,0.9062525105150179,0.9406791141545594,0.9130351208404115,0.7836581973955675
0.7827307374477456,0.4336103825748315,0.5163103599103224,0.7311360387438675,0.7398107997539944,0.7726426905602954,0.9999204209309226,0.7909404239431155,0.9731943790919991,0.7378755199071436,0.9020803267695905,0.9936246555234577,0.9617081700019006,0.9637793512500893,0.9017778421935688,0.8836568797222923,0.9576476707627442,0.9838023313026754,0.9767973060499465,0.8803464449234971,0.0,0.8757588113169034,0.7632994506049815,0.8224505255898638,0.387800834559834,0.6014346368000684,0.6533479256741042,0.6504872030630493,0.6541907756808937,0.45108656909574896,0.6124769439453118,0.7915230933209321,0.7497412606993641,0.589910866632528,0.6977484710982949,0.7136050964914761,0.56596159591712,1.0,0.9796858061483813,0.7249462717691693,0.7905658671775342,0.8716873198624937,0.8960606831418461,0.7257967414979093,0.9950510937958557,0.7102462657929689,0.9599631238902316,0.9711164647422029,0.9335172470151689,0.7972067950901611,0.9597064492163246,0.9274196138416195,0.9086127064112353,0.9519048966317383,0.8976712110762843,0.9184226876778985,0.7470365517551354
0.9657135227213962,0.37490385821941447,0.39312323816678757,0.5961084403438293,0.802024409756979,0.8466379901022613,0.8942893755754399,0.8387089605173284,0.998252956596062,0.7808741414805025,0.9218622066640881,0.8560207575986128,0.8607201705551305,0.7875046933962774,0.9767598658266055,0.8398992681435746,0.8315130760241073,0.8184557835214492,0.803683760697724,0.8137278968213789,0.8757588113169034,0.0,0.9165765343021607,0.8858322785923841,0.5642751186542874,0.8400425847919647,0.8463721655784219,0.7908439314981198,0.8459267231667454,0.6695254655409298,0.8377455431085016,1.0,0.9684335608814825,0.8132316334293606,0.9397119355385447,0.8877827736946147,0.7905404012938587,0.88285603267531,0.9209257468154863,0.9222886453193218,0.9010473636670109,1.0,0.9534649776602365,0.8814637161355959,0.9495678925335342,0.8795299991707448,0.9133256436019318,0.8786796355229868,0.919002530504072,0.8310352568007087,0.9254117278879508,0.7815023472205295,0.8854411277341214,0.8020549163569525,0.797700003516667,0.8384831455230709,0.7663467804374593
0.985368964099575,0.3210890579441983,0.3247164763376683,0.48303424348287244,0.7367610573880127,0.8936384550749755,0.8232398152496786,0.8281064956433385,0.9437651789942633,0.8624293715923123,0.8852770386778407,0.8435518737463892,0.8057152326908484,0.726674474025823,0.8831460261828012,0.8103407742083444,0.7535822870021945,0.855703620686434,0.7404802057907484,0.7710068024333302,0.7632994506049815,0.9165765343021607,0.0,0.9362311682205436,0.6568023421397224,0.9071073555294339,0.8479877473614581,0.7382667715952534,0.8929386975439286,0.7432784211274828,0.8731160919390675,1.0,0.9728221006929607,0.8988872256083889,0.9868365419813078,0.9902190674399073,0.8883665918934619,0.8751322967606517,0.8961084866312914,0.964627120186944,0.9532749163905928,0.8859075294303341,0.8683776727845794,0.9145335551739872,0.8736766713638345,0.8852189493138336,0.8602903985797237,0.7918758419722003,0.8672296969526799,0.8215188026401727,0.8478422644028888,0.7413743227451222,0.8151615743548373,0.8075043922651907,0.8222769605560521,0.8379619822198955,0.7635882382134087
0.9020204606293866,0.35045430180416753,0.3852443534501629,0.5765072485732412,0.8028426340042533,0.8237441857070784,0.8629393475180442,0.8359991377237405,0.9427400744159052,0.7476613288079628,0.9077856855624604,0.8814766671978115,0.805497490771056,0.7607408667215823,0.8962744676950466,0.8581424214193271,0.7742948750204132,0.9215204538703967,0.8235596764388124,0.777494818342055,0.8224505255898638,0.8858322785923841,0.9362311682205436,0.0,0.5505581558739361,0.7759886149421531,0.8264764502757094,0.7424702864149955,0.8002391500949171,0.6236948727512701,0.7902686220338938,0.9528519490009644,0.85894035926282,0.8162358599401467,0.8649512918067483,0.8927616945714714,0.7934686755527837,0.8817425655984533,0.9284978160790922,0.9139213561052137,0.9544489859940388,0.9085306824963233,0.8583372724232582,0.8363813033775321,0.9248792702873253,0.8789991906337549,0.8982747226402098,0.9294782094319002,0.9384227163116832,0.8079911198185268,0.8865376810964447,0.7900641401872759,0.8335982540533852,0.8026197936665703,0.8237949221404816,0.8801082387467413,0.8221445846466205
0.6363867530234288,0.19004051376366218,0.18160405755748635,0.26836629121130895,0.46851398854045195,0.5748806784325808,0.4404629498100249,0.44892761393174796,0.48764311972509133,0.4744339219546803,0.44114757499517876,0.4167886542512659,0.4174954677347346,0.35615783752590424,0.4616024660207353,0.39128937610562436,0.3802288795888086,0.4281775740474087,0.3466905836790497,0.37342115982562396,0.387800834559834,0.5642751186542874,0.6568023421397224,0.5505581558739361,0.0,0.7928911235452641,0.7228692713293394,0.5432346149042938,0.6431650744438906,0.9470375927959956,0.7631509189639178,0.5966004457191657,0.6387750869437645,0.8226239695698178,0.7301788155113093,0.696126700220434,0.8344645155185159,0.4641781397518068,0.47206898477418213,0.6745473917436733,0.569950519462111,0.5130240889788168,0.4592573849024244,0.5210832977767131,0.45876295450177856,0.639337625197248,0.44469638971855324,0.39357988088224416,0.4501404777776699,0.4531185113804404,0.45875634307633056,0.37877250215234404,0.4335263019966484,0.4053651756424431,0.40686535681141867,0.40695862945375705,0.4717387961645422
0.8769739494947127,0.29731412352502473,0.2888764499772823,0.44592459796302886,0.7526959721821928,0.8762800065278593,0.7355790871747021,0.7818383607018905,0.7655758148995212,0.7712657386727838,0.6489495550776324,0.6091831281641749,0.6318487270911498,0.5599661017785359,0.7335270499376146,0.6158519773021826,0.6045240911623045,0.655236718115089,0.542507975306452,0.6324162600199762,0.6014346368000684,0.8400425847919647,0.9071073555294339,0.7759886149421531,0.7928911235452641,0.0,0.8572221780110278,0.7854032863041068,0.8007853389727243,0.864523052218087,0.9661702954236421,0.9082452626756755,0.8870625849778757,0.9323324356350204,0.907275548863117,0.9720109991055857,0.9155833987464722,0.7322569519548552,0.7241155059595874,0.9001380906511813,0.8461402026269965,0.7630648528566154,0.7095459118605405,0.7867114303644962,0.7260947340974171,0.8455244574512247,0.6975156954456031,0.6292552404258219,0.6982305454566695,0.7876999729044176,0.6523227230888198,0.6054001064627207,0.6354462695019707,0.6491154634469033,0.6226848043014853,0.6248214453049459,0.7785842507962341
0.9210614501474359,0.25596182725370187,0.2952878262160124,0.42928029532171497,0.6754198893767762,0.7591212674962484,0.6828252914135832,0.6868674503767901,0.7635116522206324,0.6466068852046294,0.7582331985501732,0.6567972274995225,0.682426991577399,0.6008840047682246,0.7069027582907278,0.6258050035865234,0.6187756351891539,0.6439260143983649,0.5862650549538312,0.6058262333230741,0.6533479256741042,0.8463721655784219,0.8479877473614581,0.8264764502757094,0.7228692713293394,0.8572221780110278,0.0,0.7844647436630269,0.9442924470800447,0.8336037090883694,0.9088413107401585,0.8834597027571829,0.8495845082622693,0.955946070398599,0.9489896838987215,0.946762018221626,0.9675529991843269,0.7388679729758764,0.7308137103671936,0.8910059959548546,0.8437714868159535,0.8005968658278644,0.7463262687237686,0.7193814876091027,0.7418805182552924,0.8176896255631544,0.735710935323583,0.6582185456733078,0.8201670404856534,0.6265737874404511,0.7747606994091937,0.6596879915275289,0.7235855824568266,0.6360846635378162,0.620997434896646,0.6682226450747687,0.6664651802857878
0.9324225612468379,0.3017716011331938,0.3116972033378147,0.4669763918205952,0.687197575430878,0.8308786224974507,0.7441321609388492,0.7773732404350898,0.79273171816197,0.828290407352289,0.6973276729310732,0.7206774871352476,0.6985282170976337,0.6158944499395621,0.8039070838460208,0.6781889886646562,0.6356093141597887,0.6991432548853364,0.6358324812789804,0.6667626124237613,0.6504872030630493,0.7908439314981198,0.7382667715952534,0.7424702864149955,0.5432346149042938,0.7854032863041068,0.7844647436630269,0.0,0.7582472329421668,0.6317288221723502,0.7906474592391207,0.9054851611211305,0.7675637291307587,0.7920326941852397,0.777143973631731,0.8863474612468473,0.7410526899717901,0.7338230693308603,0.769689318192849,0.7482390720914649,0.8378211480834076,0.735031346963652,0.7408858895769924,0.7030444734614953,0.7341992384611582,0.7692237814122439,0.7231210325500672,0.6991600800638889,0.7711296623035411,0.8207132262068442,0.7321757294776156,0.6766409391488355,0.713081144062354,0.6924076241090503,0.6785054198906861,0.6718112427760754,0.7363743446005138
0.8767631488638532,0.3034759351635162,0.3547024556192385,0.5144918696827752,0.8038607662551304,0.8249484038170904,0.7332607892681023,0.6810585158573935,0.8078554881616157,0.6442271096824516,0.7405935535779611,0.6980984513601939,0.6809683667055804,0.6056838961496012,0.7184066831748555,0.6701525358796875,0.6344815676502104,0.6556999039735152,0.6099866524269175,0.6408183117465166,0.6541907756808937,0.8459267231667454,0.8929386975439286,0.8002391500949171,0.6431650744438906,0.8007853389727243,0.9442924470800447,0.7582472329421668,0.0,0.7540596690223473,0.8775792533651373,0.9045275204140882,0.850525005029233,0.8996008938319999,0.9098198382056135,0.7969891179179035,0.8250087326960958,0.7537829646703856,0.7221297378336782,0.7921655220182698,0.8156402290098573,0.731321085562283,0.7283097486795725,0.7068885787970942,0.7584454460121556,0.7647413863730578,0.7713066535890192,0.7154687921219526,0.7862887582361113,0.6308134506040953,0.7442088285387792,0.7056315702175713,0.7566467617418287,0.6553773054621564,0.6215928444968759,0.6679868309372271,0.644507174100821
0.6851239499869181,0.2200380911739869,0.21446702192377132,0.3243996296912359,0.540020047035975,0.6399604573035942,0.5246365369478913,0.5511267056708766,0.5803093883731756,0.5390184318920713,0.5170649337784242,0.47440778559313773,0.470839967306697,0.41447909424714424,0.5220832735401648,0.47720711882258376,0.4322452947615477,0.49527990062415517,0.41700206535192746,0.43444195282403775,0.45108656909574896,0.6695254655409298,0.7432784211274828,0.6236948727512701,0.9470375927959956,0.864523052218087,0.8336037090883694,0.6317288221723502,0.7540596690223473,0.0,0.8306439337205638,0.7299087786414273,0.7346866485076458,0.9065487080764497,0.7732575147826417,0.8053905136450566,0.9076777615240343,0.5215325343554398,0.5409673293885133,0.7763589949033176,0.6913284463627319,0.6155947219228081,0.5806887519077807,0.5879553463094137,0.5437656005984935,0.7013344052723642,0.5246805048996225,0.46509706816789753,0.5136093270704645,0.5326634013476816,0.5390685070705358,0.4543410201081133,0.499361373081501,0.47580436856754443,0.4734604221659946,0.4715431278608726,0.5642385042825188
0.9125450432541704,0.314736875675998,0.3275411719289975,0.47791960729705424,0.7296732442416289,0.7827890867976858,0.6985987031408986,0.708508715498876,0.7901868640861113,0.7362539765061481,0.6986960719023091,0.639519854575415,0.6843238442889128,0.5669077732008296,0.737992337014794,0.65108260130917,0.6072391360116149,0.659601021052446,0.5672871332273147,0.6461052466322645,0.6124769439453118,0.8377455431085016,0.8731160919390675,0.7902686220338938,0.7631509189639178,0.9661702954236421,0.9088413107401585,0.7906474592391207,0.8775792533651373,0.8306439337205638,0.0,0.9435817773079941,0.8656810993064523,0.9644892769934449,0.9536971523040366,0.9944325007369559,0.9823932381922555,0.7039345496416048,0.7207974332395726,0.9171714787003364,0.8632750780514604,0.8190983044053306,0.7351102558824211,0.7130644214393488,0.7251475782789524,0.82420010042224,0.725960917964776,0.6522429306636379,0.7239121507107602,0.7090617163637304,0.7469514884540525,0.6353829135225579,0.6933855485589677,0.6433064925010221,0.6087991601310239,0.6127536071279228,0.6875957737277422
0.9804149459013679,0.3703325505390236,0.39718131539165424,0.6022464146263353,0.8295960926137282,0.8679394788415892,0.9119265437729582,0.8439945253622825,0.9034454370076135,0.8450289186450476,0.8522356757565583,0.8787389971578955,0.8517816716571607,0.828310967893666,0.9043342751832291,0.8082402733681916,0.8089674581140716,0.8824182021144276,0.7757476370784876,0.7885109834869556,0.7915230933209321,1.0,1.0,0.9528519490009644,0.5966004457191657,0.9082452626756755,0.8834597027571829,0.9054851611211305,0.9045275204140882,0.7299087786414273,0.9435817773079941,0.0,0.9433444866985302,0.9364537880907987,0.9810402057237748,1.0,0.8721782243990065,0.9392100051772425,0.9336008382354833,0.9290048075595023,0.962490171978558,0.9762106251739058,0.8996199580566085,0.8532706943809788,0.9542615470427067,0.8988820359350126,0.9342376421775053,0.8084905106261601,0.9464364885120826,0.8664661550941071,0.9153728720020629,0.8460333226643021,0.858286232018133,0.844121877520513,0.7670272393533124,0.8210051347905023,0.8107937261833491
1.0,0.3680276396298457,0.363384002697947,0.5369794775507916,0.773649198681124,0.9676156518198825,0.8871589363308748,0.8678621802791572,0.9460042668846713,0.8476053481333333,0.8258580741374338,0.7592849254931359,0.7948873556833645,0.7084405548786966,0.9050901525122942,0.8343178316919726,0.7418473872812033,0.8154737234623414,0.7753108697524598,0.7716693364309615,0.7497412606993641,0.9684335608814825,0.9728221006929607,0.85894035926282,0.6387750869437645,0.8870625849778757,0.8495845082622693,0.7675637291307587,0.850525005029233,0.7346866485076458,0.8656810993064523,0.9433444866985302,0.0,0.8846922191907988,0.9113449472735397,0.9278421250746451,0.8347873119371955,0.8728467691522898,0.8568105485548466,0.9337380726449164,0.919686980994281,0.9285159276351223,0.8776489778347095,0.9015286740199847,0.8645401893210665,0.9008860442886598,0.8317742273093139,0.8482435326378029,0.8592509342723771,0.8078816535359469,0.9253690520507462,0.7542795098036509,0.807738522586163,0.7874396317461798,0.7921930558314626,0.8129262412065621,0.8026475457360723
0.9591060774278964,0.25544857447502667,0.2694376964006852,0.39820657770969486,0.6756322010244086,0.7506430573341966,0.6535965016548575,0.6413416895455519,0.7238269804190903,0.6310927576861879,0.6900928612691586,0.6346330246669107,0.6039129067322218,0.550955697639726,0.6575299681695652,0.5750854564604564,0.5638785089956923,0.617797683038709,0.5361881579146488,0.595312423678417,0.589910866632528,0.8132316334293606,0.8988872256083889,0.8162358599401467,0.8226239695698178,0.9323324356350204,0.955946070398599,0.7920326941852397,0.8996008938319999,0.9065487080764497,0.9644892769934449,0.9364537880907987,0.8846922191907988,0.0,0.949989065877789,0.9327013332278268,1.0,0.7135253174818961,0.7312964605212953,0.8787303371198355,0.7825324701450477,0.7831425427668399,0.7131719635281206,0.6962175235808878,0.6913423364487441,0.7973954451238296,0.7422272524349469,0.6184501094904559,0.6914708458775862,0.6252523412548604,0.7132979636458652,0.6039588041022428,0.6829762073354533,0.5962763800764962,0.5956663329474929,0.6262572812942925,0.633078420574058
0.8978147871564407,0.31452243814386877,0.3362760377547724,0.4821880658976222,0.7411763698498832,0.8279216708598067,0.715364852819903,0.7139012981515334,0.7890106722038998,0.7127506257016085,0.7671107059165158,0.7156477806941995,0.6950067905220944,0.6245767022463871,0.7737288772490167,0.6824244616852121,0.6808975606687201,0.6698766270432942,0.6617585991507111,0.6562923850275825,0.6977484710982949,0.9397119355385447,0.9868365419813078,0.8649512918067483,0.7301788155113093,0.907275548863117,0.9489896838987215,0.777143973631731,0.9098198382056135,0.7732575147826417,0.9536971523040366,0.9810402057237748,0.9113449472735397,0.949989065877789,0.0,0.9346248404199686,0.9896495788704294,0.7767234069147687,0.758391154481435,0.9396564239332169,0.8273703505385603,0.8849583394556126,0.7829697887426055,0.7853998200301958,0.8004333426170581,0.7992667463669947,0.780177538204418,0.6892989325574449,0.8053598240219743,0.7191204155929509,0.8147295128860887,0.6854996004603882,0.7264289029745831,0.6777085816635648,0.6821975762505129,0.7083515151591196,0.6918840077781645
0.9264415963649598,0.33472271817645544,0.3151936314252628,0.5065794284396745,0.8078347795399723,0.896035164367052,0.860559889616997,0.853574914981074,0.8925038755527505,0.8781415737059592,0.8306956699497638,0.7703655543838223,0.7492532800987585,0.6493561333542561,0.8826892097239464,0.7273698547664569,0.7023366002810817,0.7598981215203786,0.6662542849041899,0.7210639625904371,0.7136050964914761,0.8877827736946147,0.9902190674399073,0.8927616945714714,0.696126700220434,0.9720109991055857,0.946762018221626,0.8863474612468473,0.7969891179179035,0.8053905136450566,0.9944325007369559,1.0,0.9278421250746451,0.9327013332278268,0.9346248404199686,0.0,0.9491188088642182,0.8348311245587952,0.8992117192273987,1.0,0.9481233424577881,0.8647448322808348,0.8096842331559034,0.8699767118030974,0.9355350795788531,0.9040829180207615,0.7968148199773736,0.7471539634785246,0.8525021530585808,0.8480269251441377,0.848728686712056,0.6872126517198708,0.7742909248528552,0.781471927706873,0.7356741011080732,0.8079453537402255,0.8067218096151164
