Cingulate area 2,Glomerular layer of the accessory olfactory bulb,Glomerular layer of the olfactory bulb,"Olfactory bulb, unspecified",Frontal association cortex,Cornu ammonis 3,Dentate gyrus,Cornu ammonis 2,Cornu ammonis 1,Fasciola cinereum,Subiculum,Postrhinal cortex,Presubiculum,Parasubiculum,Perirhinal area 35,Perirhinal area 36,Medial entorhinal cortex,Lateral entorhinal cortex,Primary auditory area,"Secondary auditory area, dorsal part","Secondary auditory area, ventral part","Piriform cortex, layer 1","Piriform cortex, layer 2","Piriform cortex, layer 3",Ventrolateral orbital area,Lateral orbital area,Ventral orbital area,Medial orbital area,Dorsolateral orbital area,Prelimbic area,Secondary motor area,Frontal association area 3,Primary motor area,"Agranular insular cortex, ventral area",Agranular insular cortex dorsal area,Cingulate area 1,Infralimbic area,Dysgranular insular cortex,Granular insular cortex,"Primary somatosensory area, forelimb representation","Primary somatosensory area, dysgranular zone","Primary somatosensory area, face representation",Secondary somatosensory area,"Primary somatosensory area, hindlimb representation","Agranular insular cortex, posterior area","Primary somatosensory area, barrel field",Retrosplenial dysgranular area,"Primary somatosensory area, trunk representation",Retrosplenial granular area,"Parietal association cortex, lateral area","Parietal association cortex, medial area","Parietal association cortex, posterior area",Primary visual area,"Secondary visual area, lateral part",Temporal association cortex,"Secondary visual area, medial part",Nucleus of the lateral olfactory tract
0.0,0.4229046446326414,0.34321108519802634,0.38635489263384787,0.4124697657049589,0.912345310926115,0.953414601201698,0.8299327650261207,0.9263137152016484,0.8122062800491634,0.9495523095519545,0.8233690655353141,0.8559195922477127,0.9229182640064048,0.8985726123493971,0.8369097628615504,0.9263832195905073,0.905412269781688,0.7241171586278651,0.758577598821466,0.8260988957209215,0.8245693314411744,0.8206183302622257,0.8515160499615982,0.5863217662454164,0.5589449422816894,0.4857202399162461,0.4282326759568744,0.4618292824518923,0.6014481814755943,0.6388126562398888,0.5785314968679277,0.838890228835234,0.7424726284160262,0.6199340838455681,0.9287811195980474,0.62057182890522,0.772134042049835,0.8313934095514305,0.9933970661603221,0.9887534689873819,0.7566901251962463,0.9498344804334722,0.7651649681730769,0.8211180007334737,0.9388271428588572,0.9652374647538078,0.9253847662080454,0.8277697139619719,0.952449366534661,0.9312765145403454,0.7137845089061218,0.8947985250673376,0.7836144678281207,0.8748515658937774,0.9498899868059675,0.7798526733968377
0.4229046446326414,0.0,0.8654173020612819,0.901463593646249,0.8352153903423223,0.3690629406140241,0.37877352062214253,0.44982920264577375,0.3943612882541098,0.34685477682106547,0.4053408128137415,0.4454918002076015,0.378583899870876,0.41434678143301873,0.5257737012277209,0.5463254154160375,0.5212781672443578,0.4686639749467536,0.5126899783782328,0.5049351945941968,0.5022741538887914,0.5683886382406295,0.6505858337509218,0.5377213774657517,0.8235245488804438,0.86298075662689,0.9481269139371659,0.896234218227729,0.9400534012141871,0.7360345633395267,0.7705808488961307,0.7277246504101981,0.5394259021794022,0.7489915012919021,0.8369566439828734,0.5140839513308229,0.8814175106485758,0.5914793630910844,0.5996493235482864,0.45998381767593083,0.44781731160779636,0.6966453097503861,0.4538699009166483,0.3264673409700125,0.5278843730562055,0.42062479460400926,0.34642923800209957,0.5264229819489075,0.31642211787749797,0.4588509450848018,0.4670111683372161,0.3503373893461265,0.39519177183540816,0.3538419178000096,0.5246689506165403,0.3933148723613067,0.4956193226039309
0.34321108519802634,0.8654173020612819,0.0,1.0,0.8538540897783806,0.3192092331108326,0.3301037561108246,0.3873415566305855,0.33608530689354976,0.29246900850188673,0.3464232912453943,0.38763347839906925,0.3315780132984783,0.3443153470692773,0.4342987608333975,0.45964503935634154,0.4325117175283599,0.39613433571865997,0.45329631249263674,0.45664369303164015,0.4503277625047053,0.5109558946213418,0.5654769207666284,0.47496969751290086,0.6859764093690832,0.7329947371374287,0.9207150736072628,0.886369418348111,0.8400960340723646,0.727339409278184,0.6503696266811507,0.6816107487368331,0.4612765557090752,0.6398579828381173,0.6863436454740875,0.4242823535315836,0.6972621244029602,0.5468727283754068,0.5323614579841025,0.39287856528752735,0.3759673989273308,0.5682667265379295,0.37809267530402607,0.28516758166679385,0.4554176409528916,0.36269931973092184,0.2918890991131218,0.4247492120710832,0.2686437194412195,0.39186652852929454,0.4033031839199239,0.3162941493539883,0.33119397054341226,0.29977145925282117,0.4476406671359674,0.3238680144828865,0.42912062626817266
0.38635489263384787,0.901463593646249,1.0,0.0,0.9677397302645472,0.34842435495318125,0.37031397352416556,0.43119769711340733,0.37611916601972956,0.3170169848022169,0.3753868239918033,0.4304235169809311,0.35054995679684536,0.3654482298054857,0.4792906939611794,0.5194538065994398,0.500214077230466,0.43925024069460455,0.532934413863864,0.525499326877156,0.5118845289656573,0.5791163954471368,0.6358047347918194,0.5195827018687749,0.7610113999052864,0.8547978023935437,0.9698291985245454,0.9074912132149415,0.8933876317225665,0.7985607721572844,0.702005544579054,0.7933911391265589,0.5290777668709583,0.69442731735778,0.7820930093058222,0.47413862920940253,0.8134135074996782,0.5703860989298276,0.6131710510771374,0.4405663365155055,0.41000887383962586,0.6228680235721212,0.4209937219955726,0.3066250205019384,0.5167663717699034,0.3934499234029734,0.32413501097698094,0.47856707720720054,0.2922958008940424,0.4394921868122123,0.43670139466110813,0.3601126961996467,0.3630340503569761,0.34246914051288796,0.49901469906365203,0.359029488347817,0.48903180548297276
0.4124697657049589,0.8352153903423223,0.8538540897783806,0.9677397302645472,0.0,0.35232925530307735,0.3610712128459631,0.42164156978014955,0.38374318846829547,0.3033756602156353,0.39393711103937007,0.4387929181996528,0.36319250224929667,0.38502345955476885,0.46951913412058727,0.5001039547635951,0.5008578953798186,0.4379719838784884,0.5340120557698909,0.5281091601866853,0.527146936628921,0.5836042148820818,0.657113383536987,0.5273338068866705,0.8000164904968945,0.8487177588969942,0.9554928083516284,0.9642742568594311,0.8670116971707402,0.8133481992314646,0.6927454551333,0.7749875645586863,0.5077756782118361,0.6727828836613011,0.764006489509789,0.4641920002308699,0.6932203098317002,0.5873030286664032,0.6016743349477492,0.4397916649163356,0.42590657996153436,0.614490918722114,0.4148258437505083,0.2966672564684761,0.5378544052197459,0.3890171935594147,0.3242154373234799,0.4877656189106255,0.2985123188076854,0.44508113510892705,0.42161763601834357,0.3734847597272896,0.3648702343344386,0.3613573005779636,0.482477956053749,0.37073412343790874,0.5138524516941332
0.912345310926115,0.3690629406140241,0.3192092331108326,0.34842435495318125,0.35232925530307735,0.0,1.0,0.9349369634074,0.9584547137505726,0.9480979676305046,0.9540776497080298,0.8678175665730613,0.9599594527216019,0.8968652274237496,0.8527913311085017,0.8281329820575903,0.9608626698464279,0.8823743070956577,0.7238778315858467,0.7645828845534224,0.8275928989683978,0.744327412016794,0.736506760557156,0.7856042845271503,0.5152843332875416,0.4870773885127735,0.4225775768340686,0.3681277181606434,0.41992567229798994,0.5075579811599963,0.5381735003388713,0.4890199326292792,0.8254024861667156,0.6735421836153899,0.6100302948822384,0.9147734260755035,0.5534677247018017,0.7531948014816413,0.8230870962283476,1.0,0.9238124101358841,0.7483197950559974,1.0,0.9091279613457185,0.771458608327153,0.9396766472132246,1.0,0.850282158882319,0.945777950158966,0.8359365693891087,0.9000689962870707,0.7300108994050042,0.9545895851606574,0.8479878669963107,0.8953881470039056,1.0,0.7354029509119983
0.953414601201698,0.37877352062214253,0.3301037561108246,0.37031397352416556,0.3610712128459631,1.0,0.0,0.9353582286844501,0.9732105832020969,0.8985139904424608,0.9860832812789396,0.846069912210617,0.9311752172738489,0.8766325355036991,0.9150275369833967,0.919394082076846,0.9016464426756302,0.9525313514002764,0.7789443881430352,0.8063833821737979,0.8582682845270425,0.7973024187982153,0.7633889436909767,0.804727056915265,0.5263957127517863,0.5133574025021249,0.44223677901581543,0.3894494497203985,0.4307849485972291,0.5711977649575837,0.5553164683321626,0.5264103085405426,0.8224332634558169,0.6742925701295195,0.5935581631169123,0.956217933293448,0.5593670234124861,0.7782165550335791,0.8250758683284658,0.9986292743569185,0.9150416302105417,0.7585139353871857,1.0,0.9425967355836803,0.8052978138536648,0.9576961966664536,0.9888858384370106,0.9139273109701646,0.9481723720436056,0.8915656292745613,0.9161536834595803,0.79285666261887,0.9824312141210645,0.8829762479749159,0.8653183130624191,1.0,0.7262343359555431
0.8299327650261207,0.44982920264577375,0.3873415566305855,0.43119769711340733,0.42164156978014955,0.9349369634074,0.9353582286844501,0.0,0.9394662354726622,0.7896730634637175,0.9234750194019322,0.8342110048694431,0.935063026704572,0.8796980844398591,0.9867166624286127,0.9615643121145128,0.912462890832795,0.9196759375849713,0.7954599468910143,0.8887431992736968,0.8803298329829036,0.8234395878334313,0.8222348041250845,0.8659214230342971,0.5470290066807505,0.5430308620306942,0.4658784805311819,0.4285920505264764,0.47847149233794084,0.5828047217386684,0.5695994658640101,0.5498525849807078,0.806893159257403,0.7482441088250383,0.6630774086103726,0.8946189626072709,0.6408733540870708,0.7974458599441024,0.8905979171113599,0.9194250601730215,0.9137100162007908,0.8278873356350224,0.971882465793272,0.7655940641476041,0.8445334774645261,0.9138955884399462,0.8815830054064202,0.900373705650751,0.8219839080976592,0.9045545045374902,0.9294317070489697,0.7500714425018981,0.9147701386562684,0.8266025037043403,0.8973294051448916,0.9018765676303663,0.6980411142640728
0.9263137152016484,0.3943612882541098,0.33608530689354976,0.37611916601972956,0.38374318846829547,0.9584547137505726,0.9732105832020969,0.9394662354726622,0.0,0.8076207909345704,0.9840891736968678,0.8084972053272842,0.8929696386092212,0.8394569739550478,0.8708605582066726,0.8709959215101298,0.9043279831790448,0.9146521159423608,0.8235905934991358,0.8532971454633448,0.8685229984202228,0.8627062192515585,0.8127988757617608,0.8361269297573758,0.5308660954469857,0.5264275540804993,0.4463521203342348,0.38582345068364515,0.4272822491428362,0.593351902704015,0.5763237106756933,0.5245956867559611,0.8035465981988462,0.6818521691286857,0.5875139869311984,0.8969325836479722,0.5607741823966472,0.7960614586885628,0.8121765153045998,0.972780920402003,0.9165728282519351,0.7435995277346626,1.0,0.8859771316866293,0.8359208423821542,0.8882793778397485,0.9481259910456677,0.8689803154114376,0.8745598330579147,0.9053425456755553,0.8431009154083323,0.8361908811692038,0.8321276014093959,0.8283290619975435,0.8638978403867996,0.9404297328386236,0.7710231055413438
0.8122062800491634,0.34685477682106547,0.29246900850188673,0.3170169848022169,0.3033756602156353,0.9480979676305046,0.8985139904424608,0.7896730634637175,0.8076207909345704,0.0,0.8106811043484106,0.7132224902796851,0.8489089301249978,0.7642945584936988,0.7484881607277399,0.7324410607093742,0.7598257969112401,0.7646244062797926,0.5628847682413263,0.5747307776822547,0.6632784325397769,0.6505236391290214,0.6058763379451613,0.6641782420481,0.436329849995819,0.4453633090505687,0.37189720063858506,0.3187864043073514,0.3789271272246146,0.4319699996180096,0.4869922409590042,0.44421478762498534,0.6831892906297055,0.5938076377699132,0.5210882004145173,0.8161129961209961,0.5055748501208559,0.6372098163143294,0.6685808370136439,0.8704723243109687,0.8192356248531358,0.627734750210562,0.8846550741399583,0.917614657935455,0.6333581066546788,0.8984072092394946,0.9781936152068601,0.7210856348871253,0.8672469688381613,0.7147052223028987,0.8669187388232479,0.5428200354150948,0.900658038357095,0.7127271782014639,0.7447404343651086,0.9272665578007748,0.5836352740832284
0.9495523095519545,0.4053408128137415,0.3464232912453943,0.3753868239918033,0.39393711103937007,0.9540776497080298,0.9860832812789396,0.9234750194019322,0.9840891736968678,0.8106811043484106,0.0,0.8756067934204963,0.8556132988218434,0.8825946632142831,0.8802789374328175,0.8611018624503214,0.9577158278611433,0.898040845972514,0.7714565112180566,0.8274449980690709,0.877938521226483,0.8428517395951158,0.846073070512701,0.8649286998792113,0.5509628232521635,0.54704961474731,0.46968938828952855,0.4047681027815032,0.4547103916871904,0.5754176310584173,0.6041741477114441,0.5741468511806991,0.8083466687024414,0.7395766653759216,0.6147147032958364,0.9481232162065218,0.6044388038406397,0.7821046943984007,0.8276845873334142,0.9529419077022506,0.9900546657189635,0.7933187332271637,1.0,0.8018768002821041,0.8387215178131915,0.9570795791477253,0.9483016048799793,0.8889475516136255,0.8846785967987436,0.8371221496825536,0.9006274192331069,0.7728600105165849,0.8651283416563414,0.808072315494632,0.8957621091964496,0.9734218075265244,0.8300519023640632
0.8233690655353141,0.4454918002076015,0.38763347839906925,0.4304235169809311,0.4387929181996528,0.8678175665730613,0.846069912210617,0.8342110048694431,0.8084972053272842,0.7132224902796851,0.8756067934204963,0.0,0.9208303250160071,0.833267048801846,0.8660206793356263,0.7825665443086969,1.0,0.8525256582346699,0.7777773471966852,0.7779269527861562,0.8519004122352984,0.8071563097081311,0.8493847684981948,0.7735630067443074,0.5878218847000586,0.5834466584595527,0.5262213434745374,0.4613949436190953,0.5075009126482523,0.6199854897433239,0.5534637872892159,0.5742255468728567,0.7183223540590487,0.7401810010764541,0.6405841970190285,0.8060298594250623,0.6098323709998711,0.7891049789892031,0.8535287001584027,0.8255552753665735,0.7938720729783746,0.7410306792728536,0.8843061924830775,0.6412435599282517,0.9242077421774308,0.7954958232929324,0.815034702200177,0.8460473052459466,0.7527983277512015,0.8462012749197018,0.8221794932912261,0.6808398500222816,0.8747982227414471,0.796544288430676,0.9388972546753883,0.8624952682749554,0.7778532582585088
0.8559195922477127,0.378583899870876,0.3315780132984783,0.35054995679684536,0.36319250224929667,0.9599594527216019,0.9311752172738489,0.935063026704572,0.8929696386092212,0.8489089301249978,0.8556132988218434,0.9208303250160071,0.0,0.9398869426783536,0.8212931046809748,0.7839520407154614,0.9493543115534488,0.8970960942628387,0.7494861544604478,0.7298368131608084,0.8032174666954888,0.8150831780639999,0.7293306300393072,0.7145159329084114,0.5064456252700524,0.49639430347760793,0.44118251538805,0.37953365118246835,0.42093113163965207,0.5185146483290856,0.526946401642717,0.4806602027114358,0.7705690447899707,0.6793387302974836,0.561215813492894,0.8860919802859464,0.5465410314944843,0.7402395501739343,0.7681544909561775,0.9248255838128286,0.880846708430842,0.7289622801007266,0.9096553628104619,0.8207747563492702,0.8068461878478321,0.8183384460302049,0.9122868129236932,0.84460997125929,0.8666415103524188,0.7625088741248592,0.8996610833592792,0.7482543199441438,0.997388088111809,0.8289864995600619,0.8840996137187829,0.943869972149141,0.7272335404418009
0.9229182640064048,0.41434678143301873,0.3443153470692773,0.3654482298054857,0.38502345955476885,0.8968652274237496,0.8766325355036991,0.8796980844398591,0.8394569739550478,0.7642945584936988,0.8825946632142831,0.833267048801846,0.9398869426783536,0.0,0.8511078704088966,0.7990091306008679,0.9328105201939616,0.8748318530663218,0.6721324329150224,0.6622480753463702,0.714262350581055,0.7671454558988785,0.7558969154682151,0.7126613205840793,0.5535980874136077,0.5569600297950125,0.4749224332395287,0.3989257624103748,0.455344917534235,0.5515596923985315,0.5771034295274678,0.52521049616832,0.7795491305646907,0.7245483894674477,0.6061685007821784,0.8940879111876543,0.6055954951359576,0.7048005214919154,0.8119896606393354,0.8885681660889084,0.9121125882852738,0.7272724927732778,0.9276565403942719,0.7488977540022992,0.7456420784425754,0.8730017552050571,0.9189005546828135,0.8623923777229296,0.8415013696932081,0.7982410941291641,0.8868300929271954,0.5927159835032749,0.8478899223704178,0.7233546852351737,0.8751331744510328,0.8830655350227465,0.7455474344876731
0.8985726123493971,0.5257737012277209,0.4342987608333975,0.4792906939611794,0.46951913412058727,0.8527913311085017,0.9150275369833967,0.9867166624286127,0.8708605582066726,0.7484881607277399,0.8802789374328175,0.8660206793356263,0.8212931046809748,0.8511078704088966,0.0,0.9273351640811335,0.8860652949155685,0.9212451453079201,0.830955300770896,0.9082235384860564,0.9736762684085448,0.8842727485886135,0.9340237868629424,0.9005687580678068,0.6323759104037434,0.653696183337028,0.5844897190428011,0.4950851979665881,0.5624286189710679,0.6648235657226512,0.6821979501375275,0.6510443554446111,0.8467876743798861,0.8872821207162881,0.7615212284852672,0.9836759207270867,0.728404826339771,0.8692637147344795,0.9139416287267896,0.8930458256971363,0.8938607747764628,0.8755242960408933,0.9699993477078098,0.7046156593274036,0.898474837289752,0.8458927555749176,0.8142104630147784,0.9614871860965392,0.7525584145074987,0.9243163377197433,0.964632876132404,0.7379442172198649,0.835015103552689,0.7217992242287851,0.9675876121248659,0.8406937914406448,0.7739281148509968
0.8369097628615504,0.5463254154160375,0.45964503935634154,0.5194538065994398,0.5001039547635951,0.8281329820575903,0.919394082076846,0.9615643121145128,0.8709959215101298,0.7324410607093742,0.8611018624503214,0.7825665443086969,0.7839520407154614,0.7990091306008679,0.9273351640811335,0.0,0.8373474154847331,0.935999696713278,0.890199366683641,0.9346879765475248,0.9930133389471263,0.9189047018704255,0.9320563600797123,0.9372478515085215,0.648639554775958,0.6745842021486506,0.590243329288043,0.5167861374631271,0.5814015123601225,0.7019953150019939,0.7441331832445364,0.6562612930257314,0.9227811425956168,0.843085805129897,0.7643080240888664,0.9329820794751313,0.7753181931083245,0.8562654551936866,1.0,0.8420154725202729,0.8491096799626342,0.9080508534261329,0.9490973893357026,0.7223975580409049,0.8753140116737324,0.8546618327143823,0.7854999446489467,0.976320779887426,0.7180934501397958,0.9867034462603893,0.9280345854006996,0.7357808719995043,0.8386053569727441,0.7235525652348203,0.9706891356439763,0.8323289879694417,0.7504951135888613
0.9263832195905073,0.5212781672443578,0.4325117175283599,0.500214077230466,0.5008578953798186,0.9608626698464279,0.9016464426756302,0.912462890832795,0.9043279831790448,0.7598257969112401,0.9577158278611433,1.0,0.9493543115534488,0.9328105201939616,0.8860652949155685,0.8373474154847331,0.0,0.9373133885851562,0.8629235813740973,0.8306127843628451,0.9354891286516179,0.9275209906005317,0.9901671067963869,0.8476086560430331,0.7172117146300746,0.6412612339892657,0.6259661320738933,0.513015642462155,0.5765785327412085,0.6870009997323828,0.7064941309979385,0.6796363370152536,0.8603102717371173,0.8655343714636139,0.759080744005897,0.9453500191566326,0.6955468405396983,0.9067772821889214,1.0,0.8659631181034215,0.9419015892807464,0.878345024191945,0.9945312711856911,0.6889133206200978,0.9806659291814193,0.8390638772117903,0.8874367052766088,0.9782418444922695,0.8070282572532659,0.8487222214653817,0.9337219525548776,0.7347274358141291,0.8809578961956538,0.8612765224492369,1.0,0.9045584666848668,0.9507330831159104
0.905412269781688,0.4686639749467536,0.39613433571865997,0.43925024069460455,0.4379719838784884,0.8823743070956577,0.9525313514002764,0.9196759375849713,0.9146521159423608,0.7646244062797926,0.898040845972514,0.8525256582346699,0.8970960942628387,0.8748318530663218,0.9212451453079201,0.935999696713278,0.9373133885851562,0.0,0.8396770195094491,0.8383821404022341,0.8907484415541725,0.8811247833790613,0.858708758708665,0.8385379161221375,0.628370434130977,0.6082990899627102,0.5247324815544911,0.46674848161751903,0.5271454943686221,0.6327567796683705,0.6645089809312948,0.5938794355475026,0.8504577544553203,0.8069721368879434,0.7013118555763871,0.9293968929341148,0.6589926174036452,0.8378285905048412,0.8871038039953686,0.8677460460799441,0.9080779249657509,0.849537572064239,0.917924417966333,0.7308267146331775,0.855122487366548,0.8146164268332047,0.8132542471484849,0.9441820027185476,0.7702877052376825,0.894688095491647,0.8800448537806131,0.7987576763212887,0.8649456026619016,0.8054160963630004,0.9787608021946649,0.948022344721256,0.8137755506430835
0.7241171586278651,0.5126899783782328,0.45329631249263674,0.532934413863864,0.5340120557698909,0.7238778315858467,0.7789443881430352,0.7954599468910143,0.8235905934991358,0.5628847682413263,0.7714565112180566,0.7777773471966852,0.7494861544604478,0.6721324329150224,0.830955300770896,0.890199366683641,0.8629235813740973,0.8396770195094491,0.0,0.9687193891886724,0.9594651384533949,0.8679777464679205,0.9598680425281135,0.9214761123129858,0.6501651003534002,0.6331001511524641,0.5952583840363532,0.5399191614882071,0.5648481597076244,0.7065641898748136,0.6259890835691163,0.6591033175694408,0.7146234401637085,0.7273582276699037,0.7114469188783157,0.8092083196924675,0.6831479886489551,0.8481430934677282,0.8868474327315169,0.8178916953337139,0.8005449575842322,0.8541148639490739,0.8291261829037541,0.6062403939094586,0.8776711947337281,0.7396231327859778,0.6905141558679315,0.8874560370802265,0.6397780114331879,0.9114806678422609,0.7113819711831801,0.8080354096661959,0.7322166600460064,0.770446528440397,0.8826659544923869,0.7668570724645611,0.7216128487037556
0.758577598821466,0.5049351945941968,0.45664369303164015,0.525499326877156,0.5281091601866853,0.7645828845534224,0.8063833821737979,0.8887431992736968,0.8532971454633448,0.5747307776822547,0.8274449980690709,0.7779269527861562,0.7298368131608084,0.6622480753463702,0.9082235384860564,0.9346879765475248,0.8306127843628451,0.8383821404022341,0.9687193891886724,0.0,0.9467343711455212,0.9239516262479993,0.9955806925066536,0.9648198443474753,0.6493538442674764,0.6252877781310363,0.5770472291531976,0.5455717602582192,0.538538718959737,0.7520379045422139,0.6612420550722554,0.6818327107970984,0.761885547693632,0.7889504545831909,0.7034433733429172,0.8284813645126881,0.7057360288541206,0.8844828168618142,0.8639201310790497,0.8015789830730256,0.8581066504559063,0.8295754184121455,0.842508453125513,0.6160676323524222,0.9159135854779885,0.6959648131803841,0.6630710192605698,0.9315469761887162,0.625580328655053,0.8836692294783685,0.7504176643034759,0.8537625260853243,0.7544544322533833,0.752776279622053,0.8700719927895133,0.7361166565902943,0.7112233987481087
0.8260988957209215,0.5022741538887914,0.4503277625047053,0.5118845289656573,0.527146936628921,0.8275928989683978,0.8582682845270425,0.8803298329829036,0.8685229984202228,0.6632784325397769,0.877938521226483,0.8519004122352984,0.8032174666954888,0.714262350581055,0.9736762684085448,0.9930133389471263,0.9354891286516179,0.8907484415541725,0.9594651384533949,0.9467343711455212,0.0,0.947492125947012,0.979179315160047,0.9527344862340943,0.6563677972894086,0.6459353751045592,0.604604639798815,0.5302052345229503,0.5888062707179681,0.7565349820300763,0.6923897071871472,0.7042341308649557,0.8236021097399369,0.8148317439906282,0.7268556912942407,0.9127688177866107,0.7290068962920331,0.916353999581921,1.0,0.882293480522626,0.8772438653739393,0.9491002655451296,0.9706924365576272,0.7309785209069858,0.9593509734617447,0.7986834844107124,0.8061053963151228,0.9254742486596569,0.7260931878179275,0.9148765915642102,0.8454170538678604,0.8238508812263252,0.7990324177372454,0.7782448600714638,0.9006955806233254,0.8532221962873054,0.7743473188877539
0.8245693314411744,0.5683886382406295,0.5109558946213418,0.5791163954471368,0.5836042148820818,0.744327412016794,0.7973024187982153,0.8234395878334313,0.8627062192515585,0.6505236391290214,0.8428517395951158,0.8071563097081311,0.8150831780639999,0.7671454558988785,0.8842727485886135,0.9189047018704255,0.9275209906005317,0.8811247833790613,0.8679777464679205,0.9239516262479993,0.947492125947012,0.0,0.9475567370585462,0.9574752104713894,0.7691585405321161,0.7609193819491408,0.705573877371034,0.5886255343764925,0.6486041234294903,0.8032384334253259,0.855828710612727,0.7950670605703111,0.8853169508797102,0.8988166994980529,0.765096881724883,0.9493323799771356,0.7857352094057055,0.9107374416745003,0.9404524186251407,0.8941246902899116,0.9002596741186384,0.9811661069732999,0.8919600333698094,0.672350874649605,0.9636629758716454,0.8394844122961398,0.7202711389654672,0.9929362029668891,0.6570546009300768,0.8832506497428464,0.8445481833006473,0.7422211638035572,0.7998046734474548,0.7383445033569136,0.9351097385589577,0.8154619753049119,0.8296407887352383
0.8206183302622257,0.6505858337509218,0.5654769207666284,0.6358047347918194,0.657113383536987,0.736506760557156,0.7633889436909767,0.8222348041250845,0.8127988757617608,0.6058763379451613,0.846073070512701,0.8493847684981948,0.7293306300393072,0.7558969154682151,0.9340237868629424,0.9320563600797123,0.9901671067963869,0.858708758708665,0.9598680425281135,0.9955806925066536,0.979179315160047,0.9475567370585462,0.0,0.9620270388849522,0.8072452679016995,0.8319170623678802,0.72838979860849,0.6427758334312909,0.7177320547802375,0.873343074888956,0.7943670489509205,0.8106698621399845,0.9070483675225174,0.9293000141480435,0.8965167222836405,0.8799288200179002,0.8867567631573741,0.9652126503222903,1.0,0.8799610904729022,0.8440813734571073,0.9891543655231547,0.8794995619630127,0.6072426650264263,0.9808396542712517,0.7919305865749015,0.7324527470429784,0.9823812606290361,0.6195331470895684,0.8553634294072825,0.8758196073290585,0.7938596145906723,0.7832565699399741,0.7233231328679587,0.9663432374091976,0.7813906445004154,0.8512787329819813
0.8515160499615982,0.5377213774657517,0.47496969751290086,0.5195827018687749,0.5273338068866705,0.7856042845271503,0.804727056915265,0.8659214230342971,0.8361269297573758,0.6641782420481,0.8649286998792113,0.7735630067443074,0.7145159329084114,0.7126613205840793,0.9005687580678068,0.9372478515085215,0.8476086560430331,0.8385379161221375,0.9214761123129858,0.9648198443474753,0.9527344862340943,0.9574752104713894,0.9620270388849522,0.0,0.7122645907078837,0.7264703811474703,0.6319721493906273,0.5391924547763902,0.5999978674469467,0.7827085936846316,0.7729280703518416,0.7479798720073746,0.9357672335042639,0.8830574425162437,0.7772539441209297,0.9637595342115658,0.7337510059584534,0.8906497429781989,0.9077819040463859,0.8973830135257495,0.898783926621018,0.9333737813495554,0.8863466007790788,0.6488453280472828,0.9613536874357393,0.7909327635700125,0.743234676137275,1.0,0.6682990677842663,0.8441476824736805,0.8681187354923366,0.7973328984781394,0.7627608804125506,0.7647198241206931,0.8979524140432702,0.8034381337500585,0.7892727052329049
0.5863217662454164,0.8235245488804438,0.6859764093690832,0.7610113999052864,0.8000164904968945,0.5152843332875416,0.5263957127517863,0.5470290066807505,0.5308660954469857,0.436329849995819,0.5509628232521635,0.5878218847000586,0.5064456252700524,0.5535980874136077,0.6323759104037434,0.648639554775958,0.7172117146300746,0.628370434130977,0.6501651003534002,0.6493538442674764,0.6563677972894086,0.7691585405321161,0.8072452679016995,0.7122645907078837,0.0,0.9337184970052141,0.8950798940346074,0.8797192689346637,0.8831950111618349,0.9766019197087672,0.9253584506065318,0.9424178157169499,0.7362858014504428,0.9383617709512484,0.8880479124957528,0.6830579327419062,0.8963308072922831,0.7907141227029448,0.8067061082520094,0.6508188262282226,0.6249218934880382,0.8314049009276249,0.5856929217727159,0.41087880712060454,0.7144799068191903,0.5803464857333887,0.4614944688391667,0.7042633652381348,0.42233833701219636,0.6059303067566743,0.5900661998215344,0.4628122544734606,0.5067622537134137,0.4688409677205073,0.6406119824567363,0.49580710836651115,0.6995179102910403
0.5589449422816894,0.86298075662689,0.7329947371374287,0.8547978023935437,0.8487177588969942,0.4870773885127735,0.5133574025021249,0.5430308620306942,0.5264275540804993,0.4453633090505687,0.54704961474731,0.5834466584595527,0.49639430347760793,0.5569600297950125,0.653696183337028,0.6745842021486506,0.6412612339892657,0.6082990899627102,0.6331001511524641,0.6252877781310363,0.6459353751045592,0.7609193819491408,0.8319170623678802,0.7264703811474703,0.9337184970052141,0.0,0.9581016404786802,0.9069965281217239,0.9168710827056521,0.9206495756465303,0.9520398934133207,0.9822216672340662,0.7457977194549682,0.9901044629172667,0.9314156504222386,0.737040241975562,0.9664071006332424,0.7542162242802859,0.8135176640482452,0.6493433312260585,0.5909944931055917,0.873822897841675,0.6132678914472227,0.42540366309751765,0.68043439961373,0.5673642571901546,0.4684992505557287,0.6769145752172884,0.4106214046719329,0.6080882496842495,0.6402637924369481,0.4394567451926433,0.5226104330472271,0.44811918222834046,0.6444190031266382,0.5111647972305376,0.6527473593120123
0.4857202399162461,0.9481269139371659,0.9207150736072628,0.9698291985245454,0.9554928083516284,0.4225775768340686,0.44223677901581543,0.4658784805311819,0.4463521203342348,0.37189720063858506,0.46968938828952855,0.5262213434745374,0.44118251538805,0.4749224332395287,0.5844897190428011,0.590243329288043,0.6259661320738933,0.5247324815544911,0.5952583840363532,0.5770472291531976,0.604604639798815,0.705573877371034,0.72838979860849,0.6319721493906273,0.8950798940346074,0.9581016404786802,0.0,1.0,0.9112174631032306,0.9391344504874056,0.9044894377121899,0.881505695935666,0.6277423016438064,0.9045763138872764,0.9145151504092939,0.5825864367827105,0.9237058209138312,0.6947381629937209,0.6970988305429588,0.570642919293879,0.5026107844386717,0.7445285878582116,0.4931501989501554,0.3513232606182644,0.6220825657058736,0.47526395523243425,0.3913960208794315,0.6129632188925409,0.3527555620189234,0.5327559240678854,0.526371811983809,0.40593274424558023,0.4293202582956606,0.4007753238475137,0.5898116578867051,0.44319722347506463,0.6249393469452378
0.4282326759568744,0.896234218227729,0.886369418348111,0.9074912132149415,0.9642742568594311,0.3681277181606434,0.3894494497203985,0.4285920505264764,0.38582345068364515,0.3187864043073514,0.4047681027815032,0.4613949436190953,0.37953365118246835,0.3989257624103748,0.4950851979665881,0.5167861374631271,0.513015642462155,0.46674848161751903,0.5399191614882071,0.5455717602582192,0.5302052345229503,0.5886255343764925,0.6427758334312909,0.5391924547763902,0.8797192689346637,0.9069965281217239,1.0,0.0,0.8856035316663611,0.8612372705308737,0.7464133254584304,0.8485500587444355,0.5565192007863496,0.720020242064294,0.7770507527103927,0.49274162756208173,0.7571895291228712,0.6121833382344349,0.6252544351718573,0.46669975094913374,0.45122151427067747,0.6757833032497982,0.4252678163341068,0.30913555733227,0.5597403512408284,0.41558815814534655,0.3403293295336194,0.5086760173919604,0.3175589310795377,0.4589754509462389,0.44803301911990323,0.3709426271495981,0.37900904070478275,0.35752968507144595,0.5165084558476225,0.3866006171413436,0.5350122880267072
0.4618292824518923,0.9400534012141871,0.8400960340723646,0.8933876317225665,0.8670116971707402,0.41992567229798994,0.4307849485972291,0.47847149233794084,0.4272822491428362,0.3789271272246146,0.4547103916871904,0.5075009126482523,0.42093113163965207,0.455344917534235,0.5624286189710679,0.5814015123601225,0.5765785327412085,0.5271454943686221,0.5648481597076244,0.538538718959737,0.5888062707179681,0.6486041234294903,0.7177320547802375,0.5999978674469467,0.8831950111618349,0.9168710827056521,0.9112174631032306,0.8856035316663611,0.0,0.8276823363563777,0.8182542814846188,0.8531629363586146,0.6040483216815277,0.7889122000465294,0.8402812056381548,0.5622651225493025,0.8428305953250426,0.6552072472796453,0.677957968221398,0.5213816812096279,0.514825381191352,0.7199250121978386,0.5189629924972969,0.3446415973134253,0.5925839435235316,0.45899208029249733,0.39677974142042244,0.5500908242163164,0.34666973331153267,0.5200939181236711,0.5166536474726625,0.39757373106638383,0.43192851544321187,0.39832041772396704,0.5986404894100199,0.43301298219587575,0.5930762911758549
0.6014481814755943,0.7360345633395267,0.727339409278184,0.7985607721572844,0.8133481992314646,0.5075579811599963,0.5711977649575837,0.5828047217386684,0.593351902704015,0.4319699996180096,0.5754176310584173,0.6199854897433239,0.5185146483290856,0.5515596923985315,0.6648235657226512,0.7019953150019939,0.6870009997323828,0.6327567796683705,0.7065641898748136,0.7520379045422139,0.7565349820300763,0.8032384334253259,0.873343074888956,0.7827085936846316,0.9766019197087672,0.9206495756465303,0.9391344504874056,0.8612372705308737,0.8276823363563777,0.0,0.8662215868647577,0.9916471808143544,0.750784818217084,0.9274596841107662,0.821307766525731,0.67833722394036,0.814373653068631,0.7741206182307954,0.856834606288977,0.6627897017171734,0.6334799283912853,0.9238735107751594,0.6069573156149962,0.42520924332625676,0.7619536784315343,0.5813922827274093,0.4725930378421491,0.7754949755232248,0.43200241703957387,0.6528453839674231,0.6186639076578855,0.5377176762742075,0.5085944376880314,0.48916298893631693,0.6797977608409043,0.5265328215019842,0.7394609362863649
0.6388126562398888,0.7705808488961307,0.6503696266811507,0.702005544579054,0.6927454551333,0.5381735003388713,0.5553164683321626,0.5695994658640101,0.5763237106756933,0.4869922409590042,0.6041741477114441,0.5534637872892159,0.526946401642717,0.5771034295274678,0.6821979501375275,0.7441331832445364,0.7064941309979385,0.6645089809312948,0.6259890835691163,0.6612420550722554,0.6923897071871472,0.855828710612727,0.7943670489509205,0.7729280703518416,0.9253584506065318,0.9520398934133207,0.9044894377121899,0.7464133254584304,0.8182542814846188,0.8662215868647577,0.0,0.8674039371402162,0.8081423196851226,0.9489687987514421,0.9375708880717887,0.7989644221991514,0.9584527264274239,0.7891620425013535,0.7852563270917775,0.7180339724776926,0.6598530622233979,0.9436019680529875,0.6332251517655333,0.4783229447779222,0.6788712189775993,0.6503842960528323,0.49403341843834603,0.7255219742279893,0.45631765045736394,0.6225572013344755,0.6505273562298438,0.43803734376175213,0.5347486332413336,0.4605653230626115,0.6702689724202874,0.5434834938586968,0.6911078010485248
0.5785314968679277,0.7277246504101981,0.6816107487368331,0.7933911391265589,0.7749875645586863,0.4890199326292792,0.5264103085405426,0.5498525849807078,0.5245956867559611,0.44421478762498534,0.5741468511806991,0.5742255468728567,0.4806602027114358,0.52521049616832,0.6510443554446111,0.6562612930257314,0.6796363370152536,0.5938794355475026,0.6591033175694408,0.6818327107970984,0.7042341308649557,0.7950670605703111,0.8106698621399845,0.7479798720073746,0.9424178157169499,0.9822216672340662,0.881505695935666,0.8485500587444355,0.8531629363586146,0.9916471808143544,0.8674039371402162,0.0,0.7470382141043842,0.9122407897391783,0.875588517189406,0.6883103080091169,0.8659667260114925,0.8053142393323236,0.7680000902868985,0.6835188960735065,0.6392799644729672,0.8827865965788295,0.5685578909307796,0.4354582322936074,0.6796243520789803,0.5905406396751604,0.4659169397710818,0.7140786562040855,0.40846914637314147,0.6249362737727595,0.5981634343296697,0.48504315440696494,0.48644897160501305,0.47373046822515297,0.6462978906508867,0.5204991982320815,0.689666938841
0.838890228835234,0.5394259021794022,0.4612765557090752,0.5290777668709583,0.5077756782118361,0.8254024861667156,0.8224332634558169,0.806893159257403,0.8035465981988462,0.6831892906297055,0.8083466687024414,0.7183223540590487,0.7705690447899707,0.7795491305646907,0.8467876743798861,0.9227811425956168,0.8603102717371173,0.8504577544553203,0.7146234401637085,0.761885547693632,0.8236021097399369,0.8853169508797102,0.9070483675225174,0.9357672335042639,0.7362858014504428,0.7457977194549682,0.6277423016438064,0.5565192007863496,0.6040483216815277,0.750784818217084,0.8081423196851226,0.7470382141043842,0.0,0.91056463088682,0.8075403876313773,0.9934067639653157,0.7735364143369352,0.8777774213616134,0.9604091135831971,0.9406206019001833,0.9040392467822372,0.9555177479819882,0.9148612791328293,0.7018712040958218,0.8101173649785615,0.9014954630800338,0.7429099001362527,0.9450361702181664,0.6895956883354305,0.7989337696583192,0.9103127251154765,0.6311336624033141,0.7809799356298552,0.6532399911740616,0.8156663772903284,0.8009902012839792,0.7922268153109744
0.7424726284160262,0.7489915012919021,0.6398579828381173,0.69442731735778,0.6727828836613011,0.6735421836153899,0.6742925701295195,0.7482441088250383,0.6818521691286857,0.5938076377699132,0.7395766653759216,0.7401810010764541,0.6793387302974836,0.7245483894674477,0.8872821207162881,0.843085805129897,0.8655343714636139,0.8069721368879434,0.7273582276699037,0.7889504545831909,0.8148317439906282,0.8988166994980529,0.9293000141480435,0.8830574425162437,0.9383617709512484,0.9901044629172667,0.9045763138872764,0.720020242064294,0.7889122000465294,0.9274596841107662,0.9489687987514421,0.9122407897391783,0.91056463088682,0.0,0.9836847378857971,0.8477948208366247,0.9501480305308287,0.8884751852008357,0.9617341782845538,0.8571755208942026,0.8293536585493242,1.0,0.7961190991267125,0.5573933996695024,0.8012381919723285,0.755482406087267,0.6091470789640002,0.8711212423341856,0.5185816300394169,0.7561569313254021,0.7975905687140195,0.5257066601869973,0.6524792698108312,0.5547268066145824,0.79255590589288,0.6731542229555589,0.7983587589038984
0.6199340838455681,0.8369566439828734,0.6863436454740875,0.7820930093058222,0.764006489509789,0.6100302948822384,0.5935581631169123,0.6630774086103726,0.5875139869311984,0.5210882004145173,0.6147147032958364,0.6405841970190285,0.561215813492894,0.6061685007821784,0.7615212284852672,0.7643080240888664,0.759080744005897,0.7013118555763871,0.7114469188783157,0.7034433733429172,0.7268556912942407,0.765096881724883,0.8965167222836405,0.7772539441209297,0.8880479124957528,0.9314156504222386,0.9145151504092939,0.7770507527103927,0.8402812056381548,0.821307766525731,0.9375708880717887,0.875588517189406,0.8075403876313773,0.9836847378857971,0.0,0.7540486084294862,0.955429312271318,0.7801258445033541,0.8961363938081205,0.7191841006245763,0.668945647500842,0.9538377105284949,0.7079311131584041,0.47033571799213875,0.7241208996734636,0.6459489954082801,0.5351949918768992,0.7527903507467344,0.4701114621866633,0.6484527226721674,0.7012906561214621,0.47623462552916945,0.5794555259885051,0.5017526653832137,0.7674202532499758,0.6093125310796191,0.7411799698669544
0.9287811195980474,0.5140839513308229,0.4242823535315836,0.47413862920940253,0.4641920002308699,0.9147734260755035,0.956217933293448,0.8946189626072709,0.8969325836479722,0.8161129961209961,0.9481232162065218,0.8060298594250623,0.8860919802859464,0.8940879111876543,0.9836759207270867,0.9329820794751313,0.9453500191566326,0.9293968929341148,0.8092083196924675,0.8284813645126881,0.9127688177866107,0.9493323799771356,0.8799288200179002,0.9637595342115658,0.6830579327419062,0.737040241975562,0.5825864367827105,0.49274162756208173,0.5622651225493025,0.67833722394036,0.7989644221991514,0.6883103080091169,0.9934067639653157,0.8477948208366247,0.7540486084294862,0.0,0.7677746928262845,0.8423021038616051,0.9071977061834857,0.9899277280172273,0.9415130706740473,0.9535734467623815,0.985860371182252,0.8188441712247886,0.853742247769985,0.9724783051989558,0.9326056182794381,0.9943210492503772,0.7592029772189397,0.9254889269542922,0.9885780473127509,0.6768840689881354,0.9119691697473871,0.7230448255036355,0.8758898524242527,0.9312009144736672,0.8536388190433065
