Cingulate area 2,Glomerular layer of the accessory olfactory bulb,Glomerular layer of the olfactory bulb,"Olfactory bulb, unspecified",Frontal association cortex,Cornu ammonis 3,Dentate gyrus,Cornu ammonis 2,Cornu ammonis 1,Fasciola cinereum,Subiculum,Postrhinal cortex,Presubiculum,Parasubiculum,Perirhinal area 35,Perirhinal area 36,Medial entorhinal cortex,Lateral entorhinal cortex,Primary auditory area,"Secondary auditory area, dorsal part","Secondary auditory area, ventral part","Piriform cortex, layer 1","Piriform cortex, layer 2","Piriform cortex, layer 3",Ventrolateral orbital area,Lateral orbital area,Ventral orbital area,Medial orbital area,Dorsolateral orbital area,Prelimbic area,Secondary motor area,Frontal association area 3,Primary motor area,"Agranular insular cortex, ventral area",Agranular insular cortex dorsal area,Cingulate area 1,Infralimbic area,Dysgranular insular cortex,Granular insular cortex,"Primary somatosensory area, forelimb representation","Primary somatosensory area, dysgranular zone","Primary somatosensory area, face representation",Secondary somatosensory area,"Primary somatosensory area, hindlimb representation","Agranular insular cortex, posterior area","Primary somatosensory area, barrel field",Retrosplenial dysgranular area,"Primary somatosensory area, trunk representation",Retrosplenial granular area,"Parietal association cortex, lateral area","Parietal association cortex, medial area","Parietal association cortex, posterior area",Primary visual area,"Secondary visual area, lateral part",Temporal association cortex,"Secondary visual area, medial part",Nucleus of the lateral olfactory tract
0.0,0.47104916546757747,0.44585235404863355,0.5241139020860153,0.47917443269932664,0.9152718539978479,0.9060492180936169,0.8403264397308454,0.939031288497313,0.6608414173075378,0.9272126697952493,0.7021813866369513,0.8596294554810743,0.877288227748324,0.7841749986847876,0.7183592213341727,0.9617645578574833,0.7662872680193465,0.7769227096546673,0.7546137584144752,0.7602080749792961,0.8479458005722413,0.8831994023930759,0.8334959488349248,0.7321514725740322,0.7857202225376002,0.7253972206776333,0.5295495387880668,0.5269732932479261,0.7992773514493658,0.7859923612485351,0.6215149899472421,0.8356835759119152,0.8865590557907801,0.7901475249706369,0.9616665037445671,0.8075136254764073,0.8533839410284799,0.8921282780960066,0.9064133247119367,0.8670299426744872,0.7464837865565765,0.9161907585937439,0.8697335982330006,0.7665431470675724,0.8981814017422428,0.9841303087566221,0.8966900802297897,0.9323110822584992,0.8008258548863182,0.8829426376671751,0.8306259210271723,0.9294793026599915,0.8947162230762961,0.7821116071086034,0.9202135001270526,0.822640869214138
0.47104916546757747,0.0,0.7946375761367094,0.8794364103016651,0.6798480272361143,0.4931141416696449,0.5130722910820673,0.5801371549382653,0.5651480083705818,0.5119827471635526,0.4597369788219269,0.7116764479161442,0.46922244869550606,0.6114168816759215,0.6748742318439785,0.7714458023495369,0.6039512611784421,0.6634647728753994,0.700257802334105,0.6403864837440643,0.7443613712862819,0.6124842573038023,0.6025794564334723,0.6004366819419251,0.7181144736175145,0.820947971976526,0.7712989707393273,0.7550126339231632,0.7899163451053044,0.5990045656988106,0.6200881755036883,0.7926861672560741,0.5281028742342725,0.5841883343141668,0.6821438184097989,0.5417681661837613,0.5826239582646451,0.5993277121368503,0.6455012919616305,0.535585806302367,0.47241397928962,0.6270704095478543,0.6538195675054821,0.5020795521039677,0.6605771474596847,0.5761095677386595,0.523708246320477,0.5198321401797379,0.4853871787631389,0.5687796282059377,0.4010083674017031,0.5730118246701947,0.5325350459265605,0.5101766655015918,0.7238824840557551,0.5608456290417883,0.3398663635750508
0.44585235404863355,0.7946375761367094,0.0,0.9948509027813891,0.7367637238621546,0.4522269242971701,0.484356620640535,0.5353298266724662,0.5234843307882487,0.46702069268847135,0.4370837541864841,0.6184424826715889,0.4946309883135626,0.5380669149610923,0.5865043106542055,0.6748287807960841,0.5411076363825374,0.6062653016996464,0.6120660853246784,0.5712293551759074,0.6362653867354646,0.5431983956454881,0.5634896768276971,0.545203099780589,0.6430026490955818,0.6670041303105402,0.7491788018243515,0.8709505573031695,0.7772047879936537,0.5281647393286464,0.5959910173531018,0.7207058787348585,0.4924736136815852,0.5295869721128781,0.6349647813214514,0.5291582154454401,0.5713378116147195,0.5164467922796835,0.5875131748490371,0.5177056055406921,0.4540661574052007,0.5710024240464016,0.573948067491266,0.4551474908937705,0.5549635623578454,0.5348851609155861,0.4884238835660834,0.4701461106616173,0.47537236252565374,0.5650596854941865,0.40708419660457046,0.5174935726449083,0.5079262890737837,0.48750170922284525,0.6215885682242182,0.4933497518529554,0.3382613721902327
0.5241139020860153,0.8794364103016651,0.9948509027813891,0.0,0.8978242374498003,0.5332228027347737,0.5599521470640414,0.6417712447705839,0.6369475295113818,0.5639077229715759,0.5144304023279259,0.725021609913992,0.5689255314105038,0.6297641992965265,0.6783653225660129,0.8328460409380473,0.6372329461840655,0.715152234618376,0.7399462110506808,0.6790567732961339,0.7570135873858094,0.6854786949516772,0.6644866646382251,0.6639364087008824,0.7596098772504015,0.8526228637277495,0.8887372024809767,0.9986491744602158,0.9101190443658256,0.6545209153734508,0.7470598980447303,0.9179187178507142,0.6086711240983852,0.6296946906163831,0.7871527562269622,0.6934615835558894,0.6996458065231475,0.675997513116184,0.7274316975083013,0.6089552865209515,0.5325555795300857,0.7176080665740974,0.6866425638982963,0.5573766715426475,0.6624949287963781,0.6402979181943954,0.5764818514304456,0.5592489353740105,0.5555935521810461,0.6798475498277119,0.4689265735700568,0.6080138717705306,0.592201136196376,0.5533358087117674,0.7629210807366807,0.6084711838027672,0.3703528751277073
0.47917443269932664,0.6798480272361143,0.7367637238621546,0.8978242374498003,0.0,0.474696855555389,0.49789778803354584,0.5223448904554556,0.55077655027991,0.5934714037371815,0.45069337986988395,0.6621374523503964,0.4288350866451205,0.5680600454032181,0.5060604321375044,0.6226037384336546,0.5487085670175693,0.6011909432213292,0.5783189777941419,0.5130112217969998,0.5849813492701125,0.5978537328238819,0.5375920474824276,0.5133108891343892,0.7040802437260609,0.7268329410483796,0.845578362006119,0.9870127063664442,0.9885095377704242,0.5973937881622685,0.7277649569824715,0.7994254204321583,0.5267884371093794,0.5075406447628804,0.7019018956622403,0.6191635170740125,0.7082086240111132,0.5707855192050255,0.6574024598754864,0.4963314523332104,0.3978867186815708,0.5975149828713389,0.6037542840779387,0.5106306537232977,0.526979675240709,0.5226355666832155,0.5221712789339717,0.48587899747205726,0.4878784890893351,0.5703809806636392,0.4045488149933438,0.4368112031763341,0.5359745448987027,0.43237720910939953,0.579721516504047,0.5023920497538097,0.3096014294613661
0.9152718539978479,0.4931141416696449,0.4522269242971701,0.5332228027347737,0.474696855555389,0.0,0.9425466906388593,0.8509776948186878,0.9656964077908774,0.701014199333097,0.9399784458360532,0.7619771959674189,0.8737434360714968,0.8778990288541361,0.8394848904819735,0.7791620509242573,0.9817241216556836,0.8797691733523553,0.8403266295796958,0.8066964546880261,0.8211127246759407,0.8876870706868275,0.9175094001196382,0.8999937114966177,0.7693964706494134,0.7826442913334496,0.6768948374663987,0.5256476703304086,0.5072071179595173,0.8311133601723057,0.6981997114074735,0.6065180629760107,0.8214510783779748,0.8508684073642482,0.7770414373034633,0.8749886455614659,0.7407615989706328,0.8014944362321438,0.8943549055228408,0.874987740958602,0.8242080666116405,0.7760393164805048,0.8880743879391105,0.862327978702265,0.7978151291841783,0.9122325313805392,0.9383385424114029,0.8389427224623078,0.9576816836227483,0.8079260224931536,0.8221674616061813,0.8795268095232351,0.9875706385938853,0.9638158797276946,0.8476356850510317,0.9716774816870989,0.795504264677294
0.9060492180936169,0.5130722910820673,0.484356620640535,0.5599521470640414,0.49789778803354584,0.9425466906388593,0.0,0.8600141803850445,0.9693162583665237,0.7052691244088918,0.9614907985429543,0.8004893803715454,0.954035309279673,0.9047516856898409,0.7586953413554098,0.7764793107468356,0.9552519544674093,0.8575999804264778,0.8002769575918495,0.8363701504155192,0.7904064593768902,0.8969813235241035,0.863105529253615,0.8647003022258953,0.7685930399039167,0.8010605201801205,0.7720719854065179,0.5541133260855378,0.5380742420226844,0.8420681048944058,0.7265068753691782,0.6581460493043713,0.8748220146294868,0.8554967657656146,0.7975248283874554,0.8714900359219062,0.8434118100544667,0.8153119658672533,0.9641450963564686,0.9659355542454333,0.8431068407268288,0.8272235041289633,0.9399068298218864,0.944099593349039,0.8315413783414078,0.9375974102179626,0.9672882411114399,0.8729909625006289,1.0,0.8925202181609881,0.8810103494399565,0.8485325565837872,0.9679312550097509,0.9382456786199975,0.8178614675663216,0.9270342303771955,0.7912568866032196
0.8403264397308454,0.5801371549382653,0.5353298266724662,0.6417712447705839,0.5223448904554556,0.8509776948186878,0.8600141803850445,0.0,0.8893755743767525,0.6025301727643599,0.8413103693819185,0.7796411289725361,0.8499612360975646,0.8364859907829373,0.8511201655688361,0.8798617107744097,0.9338479295221064,0.9145791474558043,0.8268856470388942,0.8756594548648637,0.8513897406560585,0.9246859526813567,0.9401978783267145,0.9654994295039036,0.8619458788723143,0.8633583922007828,0.8118343492637411,0.626892611474629,0.5804301368324405,0.8483947408262571,0.826162878043005,0.7075307947025619,0.8340998331096462,0.9434520026214142,0.8817677920357762,0.8867865204439344,0.8770753073708991,0.797185240449766,0.9263841594723766,0.9209714042518502,0.9074795483334847,0.8416241436393483,0.9451253202185754,0.8693674119846538,0.825092675948569,0.9475931086451613,0.8607047747644807,0.9368107653355912,0.8587316329442677,0.8493778929996028,0.7904819981179286,0.91314425265114,0.9126959910556995,0.9104041932089125,0.8949100678597928,0.8804489065105099,0.6781465932264064
0.939031288497313,0.5651480083705818,0.5234843307882487,0.6369475295113818,0.55077655027991,0.9656964077908774,0.9693162583665237,0.8893755743767525,0.0,0.7146123325641657,1.0,0.8681993250771751,0.9975083122958971,0.9292456548164618,0.8590286038198425,0.8671471969290616,1.0,0.9690543715645428,0.8963518847879356,0.9304136448097047,0.8891262388326404,0.9877993251377091,0.9501276395711168,0.977993433970924,0.8667786358523456,0.8990740047980126,0.8472854095076773,0.6070998830981347,0.5999989529719919,0.8938479674216767,0.8247743571371898,0.6706340599171506,0.9244879750310586,0.9285361143814161,0.8984735211204682,0.9793447717340649,0.9119103598960129,0.9262783540685829,1.0,1.0,0.9605389990464902,0.9018163218923608,0.999227790087301,0.9909504318715562,0.8493556339458981,0.9763798749729313,0.966406613175584,0.904701563756267,0.9474870363899567,0.935962257801139,0.878249830254315,0.9429693848228362,1.0,0.9601523594121274,0.9316440070181801,0.9876112377028146,0.7626185471979396
0.6608414173075378,0.5119827471635526,0.46702069268847135,0.5639077229715759,0.5934714037371815,0.701014199333097,0.7052691244088918,0.6025301727643599,0.7146123325641657,0.0,0.6093209720744953,0.699917128530164,0.5179722966207263,0.7290906625969338,0.5403111998539231,0.5758591117698048,0.7753839547508421,0.6944143966230979,0.6419625109826532,0.6236616099931321,0.6095333313832952,0.6188117158914686,0.5452367364294105,0.576157972288675,0.6274502735244178,0.6434606531267518,0.5839364308828103,0.5768263285563616,0.569134005970164,0.6366458675814285,0.6386270728567506,0.5570960597110943,0.576804629447735,0.5544217963196619,0.6425357888652059,0.6669502934358658,0.6002194791684983,0.6146145882718123,0.689863163231746,0.5537504233492673,0.4645606977759123,0.593198805970914,0.6597775667391198,0.6044334439567998,0.6636262841114491,0.5772123521448512,0.7053321676071276,0.5640360216437986,0.6301342715438215,0.5775833859356778,0.4809050053038536,0.5322066761039006,0.7034266066319769,0.5664459730678842,0.6344871389207861,0.6817980905223371,0.46834553717436483
0.9272126697952493,0.4597369788219269,0.4370837541864841,0.5144304023279259,0.45069337986988395,0.9399784458360532,0.9614907985429543,0.8413103693819185,1.0,0.6093209720744953,0.0,0.7459828736936084,0.953258649850225,0.8330507210816278,0.7607391445787404,0.7844604787761938,0.9869949972043764,0.8453564192805477,0.7690688433779375,0.7533336877638284,0.7847734403629635,0.9122397035456798,0.8576579267122687,0.8893015388240543,0.7287715411097836,0.7752415834179063,0.6910894930505633,0.5071422170048628,0.47705138656908996,0.7796634015464671,0.7158098687166459,0.6095600201428966,0.841988136344921,0.8750261311635398,0.7955371090649671,0.9055243432364711,0.8056498489136964,0.8039400973563586,0.85503853870993,0.9645008274815968,0.9485302274180972,0.8232118839701683,0.8692689541718724,1.0,0.733439203395969,0.8697805338783108,0.9835304237319791,0.8813722447829162,0.9737877022931164,0.86286878616159,0.9858393649795616,0.8537538198822721,0.9526775140074787,0.9239236605809075,0.8006808800366219,0.9336206282283085,0.826805432660951
0.7021813866369513,0.7116764479161442,0.6184424826715889,0.725021609913992,0.6621374523503964,0.7619771959674189,0.8004893803715454,0.7796411289725361,0.8681993250771751,0.699917128530164,0.7459828736936084,0.0,0.7406439637562917,0.8895176670763217,0.8417119134241361,0.9134972029879368,0.8918397819825513,0.91522250764839,0.9541056532352191,0.8836583895743433,0.8818938772065766,0.7689939547177137,0.8022563575760481,0.7906278492209433,0.8214808382972822,0.910303681151029,0.8575029540099688,0.7069731356332812,0.6460442903711331,0.8004491020173943,0.7390731034960069,0.7524528430900496,0.7623342161945506,0.7552465715053548,0.8573842968422394,0.7487658566797301,0.7545354391171026,0.8159708702603691,0.8871375630721698,0.7840888175404546,0.6898134440185213,0.7889400444513572,0.8809122009582983,0.7347814295265938,0.8943123831557266,0.8517090705914763,0.7852733817280134,0.7659756539105685,0.8075953940160618,0.8997124241252588,0.6604753789201704,0.8050974694473845,0.8387767140959866,0.8265857194402039,0.9917626535875511,0.8047045257084582,0.5923700917768959
0.8596294554810743,0.46922244869550606,0.4946309883135626,0.5689255314105038,0.4288350866451205,0.8737434360714968,0.954035309279673,0.8499612360975646,0.9975083122958971,0.5179722966207263,0.953258649850225,0.7406439637562917,0.0,0.8806826618065038,0.8174643612201474,0.7578858705653708,0.9599613379306932,0.8456203915112992,0.7662140197027246,0.7538365061831857,0.7943909852054766,0.8562044517625708,0.9204972306077193,0.8999032933443489,0.7715445368259041,0.7442095493419638,0.6953574983091593,0.5148634935374026,0.4819144872745538,0.7833603991144973,0.6520763274673208,0.6296279024689342,0.8753684322957351,0.8563475592813312,0.7973017179415589,0.8501281207926208,0.7651945986783604,0.7759486526153133,0.8291730451767771,0.985112709402273,0.9890234714407967,0.7583994436854274,0.8967028245603993,0.8737082159699054,0.6995538389704848,0.893492279671041,0.9211455450323055,0.9106005007330067,0.9109709828192996,0.905785245476067,0.8856470845776429,0.910739371368866,0.9806680591465524,0.9425771334831676,0.8198315452828164,0.8734746941728729,0.8884849322484086
0.877288227748324,0.6114168816759215,0.5380669149610923,0.6297641992965265,0.5680600454032181,0.8778990288541361,0.9047516856898409,0.8364859907829373,0.9292456548164618,0.7290906625969338,0.8330507210816278,0.8895176670763217,0.8806826618065038,0.0,0.9039077527614068,0.792160836602554,0.9808770986371619,0.9959599280382745,0.8859739014183625,0.8942643837365595,0.8510134746317582,0.8890668198591238,0.8601857228762458,0.8890981970607684,0.8166519052660389,0.8208044016816171,0.7607077717690923,0.616228110226847,0.5723329208038512,0.7892359814273615,0.7199617625814563,0.6810221484414418,0.8131066677793115,0.832078618020917,0.8080483162494004,0.8576795678480987,0.8515876573848551,0.8113378495739537,0.9511922708088302,0.8760645309843532,0.8235010265602956,0.7861149637704172,0.8806126596997448,0.8399687117517765,0.8026991942463904,0.8374500232569612,0.9477090538238094,0.8645873949208588,0.8938856726348657,0.9223244893695179,0.7684517546864116,0.8495890789113252,0.8696556738438402,0.9225389980288302,0.9313738499516844,0.8960216885540969,0.7587908662578092
0.7841749986847876,0.6748742318439785,0.5865043106542055,0.6783653225660129,0.5060604321375044,0.8394848904819735,0.7586953413554098,0.8511201655688361,0.8590286038198425,0.5403111998539231,0.7607391445787404,0.8417119134241361,0.8174643612201474,0.9039077527614068,0.0,0.9450104331222366,0.9139611762827939,0.915549568286823,0.9306293169836579,0.9299282928964898,0.9798815616594108,0.8478075889958365,0.8755997604139287,0.9230414145429318,0.8464619772826651,0.89705879680462,0.8235534237232538,0.6073813584957573,0.5612535359893074,0.8498146742258257,0.7336006717257881,0.7910789054432183,0.7650300040458848,0.8384348807418373,0.7892613129655939,0.8125847728759408,0.7323304680098786,0.8095397778159734,0.9014335522399951,0.8227796254034536,0.8151548397563667,0.7704577775601128,0.867904040488179,0.759245083282217,0.8509679928717465,0.9125662768938785,0.7899087893705004,0.846603775292243,0.8169339604840301,0.8064366229765063,0.6980039653840068,0.9330405512793086,0.8054107867153265,0.9106175609361599,0.9834354658387736,0.8980502575549669,0.6200972577701923
0.7183592213341727,0.7714458023495369,0.6748287807960841,0.8328460409380473,0.6226037384336546,0.7791620509242573,0.7764793107468356,0.8798617107744097,0.8671471969290616,0.5758591117698048,0.7844604787761938,0.9134972029879368,0.7578858705653708,0.792160836602554,0.9450104331222366,0.0,0.8889602452504565,0.9262614376674756,0.9280021961559831,0.9078772020445535,0.9387248809861123,0.9035353489294509,0.9134793361417545,0.9460108540036118,0.9825130894957964,0.9681730021594441,0.8986639949857322,0.7332568939214674,0.7036560273739166,0.8633888129385058,0.8238980851027478,0.8815522492635681,0.8338333912467972,0.8509916686577073,0.865876223399936,0.8762989851216805,0.8121242925050397,0.8650763386370146,0.9319021765792166,0.8365687942871981,0.7548534139448648,0.8217909826991399,0.9257960632614521,0.817484575205406,0.9104488057229971,0.9504272135983344,0.7431336647675714,0.8135673649415059,0.8062371564393164,0.8886845546374931,0.7050490291640956,0.9347770181686539,0.8260157057904487,0.8525135284501316,0.9881499494287415,0.8675025156991363,0.5673799240516204
0.9617645578574833,0.6039512611784421,0.5411076363825374,0.6372329461840655,0.5487085670175693,0.9817241216556836,0.9552519544674093,0.9338479295221064,1.0,0.7753839547508421,0.9869949972043764,0.8918397819825513,0.9599613379306932,0.9808770986371619,0.9139611762827939,0.8889602452504565,0.0,0.9759006176622335,0.9342259463827862,0.9346622566364773,0.9071093458214008,0.9299774046970991,0.9819984776913923,0.9547406147132483,0.8755909866918836,0.9254971852930892,0.7614199119183003,0.6093233033400026,0.6129895620362297,0.8747682119916766,0.7806933757477842,0.667836520830241,0.8024173819112894,0.8727605528125745,0.8753571106324592,0.9077668291205646,0.8620978451651095,0.9068363613536731,0.9827510641638851,0.9806359820207319,0.868586677152241,0.8598997004062882,1.0,0.8940214769165981,0.9162772475985821,0.9799135689471202,0.9665273775356682,0.8819398502993313,0.9456229612914356,0.936397803506713,0.792566241633343,0.8769869503154624,1.0,0.9888812135644138,0.9621367697960932,0.9756371101016638,0.7557462972936569
0.7662872680193465,0.6634647728753994,0.6062653016996464,0.715152234618376,0.6011909432213292,0.8797691733523553,0.8575999804264778,0.9145791474558043,0.9690543715645428,0.6944143966230979,0.8453564192805477,0.91522250764839,0.8456203915112992,0.9959599280382745,0.915549568286823,0.9262614376674756,0.9759006176622335,0.0,0.918861537505779,0.8865389618915576,0.925726332542946,0.9020352213373634,0.9027935078198849,0.8665202593329686,0.8923672090891323,0.9481421691257372,0.847884064580053,0.671173017752558,0.643579713508173,0.8369408628058673,0.8417077938211388,0.7854508912686642,0.8175988288575684,0.8805711309681893,0.871246747872301,0.823806264276009,0.7951505693871377,0.882799218513683,0.888478729031615,0.8870668270616628,0.8190051385609949,0.798526778083083,0.9863234190515839,0.8432964995253559,0.9126717770827845,0.9360667146923041,0.8625212433286774,0.8711976024919457,0.8568076819902988,0.8798958512361106,0.757590878374781,0.912361098441026,0.9405120536041746,0.9940230735191766,0.9985671590952764,0.8842014726934739,0.652287014029233
0.7769227096546673,0.700257802334105,0.6120660853246784,0.7399462110506808,0.5783189777941419,0.8403266295796958,0.8002769575918495,0.8268856470388942,0.8963518847879356,0.6419625109826532,0.7690688433779375,0.9541056532352191,0.7662140197027246,0.8859739014183625,0.9306293169836579,0.9280021961559831,0.9342259463827862,0.918861537505779,0.0,0.9507130637525948,0.9804844031035408,0.876836700037137,0.9068881070425788,0.8871670376077905,0.8509167552115379,0.9581034027262187,0.8472226350497826,0.6502384110431515,0.6382198309929736,0.8706557593678909,0.7673242548136647,0.7915991144025573,0.761095232540629,0.822086674771103,0.9090955135762017,0.850004486805407,0.7597483356714115,0.81503779661786,0.9708671077567008,0.8083311966164598,0.7937062700945042,0.7626069782532114,0.9688028056227274,0.771878887137798,0.9483006460940833,0.9015431836343129,0.8212844611414722,0.812306518680947,0.8521985480027414,0.8086036489214186,0.6731094711273365,0.9724487283910774,0.9101618350141656,0.8991904084588643,1.0,0.9365991635279113,0.6037451479951557
0.7546137584144752,0.6403864837440643,0.5712293551759074,0.6790567732961339,0.5130112217969998,0.8066964546880261,0.8363701504155192,0.8756594548648637,0.9304136448097047,0.6236616099931321,0.7533336877638284,0.8836583895743433,0.7538365061831857,0.8942643837365595,0.9299282928964898,0.9078772020445535,0.9346622566364773,0.8865389618915576,0.9507130637525948,0.0,0.9149997625102919,0.8953663403079039,0.8491753160171255,0.9323629159469089,0.7922135035519815,0.8823382406637416,0.7948103741119673,0.5934171158104515,0.5793472518402335,0.8302822718578889,0.7321441227565598,0.7086540289229205,0.7625354991441894,0.8327276795384606,0.7584406109460279,0.7833186314012496,0.7401842472416488,0.8019899395775832,0.8579689808489379,0.8275216459296013,0.765369762303941,0.7433144440766775,0.9115723756207846,0.769287623518172,0.8533737942196357,0.9097613128901624,0.8152630336868143,0.806244735946386,0.7850460473218872,0.7895309011772906,0.6676650042737039,0.8950492337575611,0.8809232451946338,0.9067034998255872,0.9441268748355419,0.8604592621367693,0.6179238605819204
0.7602080749792961,0.7443613712862819,0.6362653867354646,0.7570135873858094,0.5849813492701125,0.8211127246759407,0.7904064593768902,0.8513897406560585,0.8891262388326404,0.6095333313832952,0.7847734403629635,0.8818938772065766,0.7943909852054766,0.8510134746317582,0.9798815616594108,0.9387248809861123,0.9071093458214008,0.925726332542946,0.9804844031035408,0.9149997625102919,0.0,0.818998171840601,0.9304934708976489,0.9251374776125438,0.9118953939238935,0.964262489345877,0.847560820855422,0.6701491316969114,0.6502468787471779,0.8836903533558214,0.7549930592787836,0.8305327657777771,0.7774037713279326,0.8557311988798157,0.8560454145012439,0.8471465702372493,0.7960836712292038,0.8272013119060349,0.9560760997277341,0.8658238746830195,0.7910661424161992,0.8044947566038451,0.9605313465867382,0.83926046102002,0.9793884255534806,0.8784216799589823,0.820944995859844,0.8193259562187176,0.7766950363639205,0.8286663825199135,0.6714630508425677,0.9119772832849307,0.8393305399981631,0.893094766934673,1.0,0.8574406449667562,0.5895167078075161
0.8479458005722413,0.6124842573038023,0.5431983956454881,0.6854786949516772,0.5978537328238819,0.8876870706868275,0.8969813235241035,0.9246859526813567,0.9877993251377091,0.6188117158914686,0.9122397035456798,0.7689939547177137,0.8562044517625708,0.8890668198591238,0.8478075889958365,0.9035353489294509,0.9299774046970991,0.9020352213373634,0.876836700037137,0.8953663403079039,0.818998171840601,0.0,0.9971941985128795,0.9704639819195907,0.9177543593803125,0.9711131268630364,0.8892216417526292,0.650405371374668,0.6581490917196201,1.0,0.9633301134507383,0.7868643892606259,0.9803157665418225,0.9421514374948826,0.9265437749085712,0.9655763748516671,0.9525698285868467,0.9154295578141134,0.9755168061425423,1.0,0.9402727594356655,0.9372055262728867,1.0,0.8908228717851515,0.9341410544037839,1.0,0.9050730320351426,0.917439272093179,0.8898005016155677,0.8432574934196361,0.8374675102741254,0.848904882248646,0.8938975797838691,0.9261685454019083,0.8799638471001402,0.9848945782153862,0.6456304147023076
0.8831994023930759,0.6025794564334723,0.5634896768276971,0.6644866646382251,0.5375920474824276,0.9175094001196382,0.863105529253615,0.9401978783267145,0.9501276395711168,0.5452367364294105,0.8576579267122687,0.8022563575760481,0.9204972306077193,0.8601857228762458,0.8755997604139287,0.9134793361417545,0.9819984776913923,0.9027935078198849,0.9068881070425788,0.8491753160171255,0.9304934708976489,0.9971941985128795,0.0,1.0,0.9635549190089724,0.9392626235018591,0.8190942301391186,0.6092725404992819,0.6120748839743347,0.9254074711900545,0.8029840011754823,0.7835392839233527,0.9029738137525509,0.9741157939155336,0.9271188812430203,0.9198237204966746,0.8701214902966622,0.8950210045468768,1.0,0.9662230661160175,0.9421366663489175,0.9156982430187929,1.0,0.9525663590248505,0.8576727152924545,1.0,0.8360814324749691,0.9580631033753103,0.8475951881776713,0.892471431868019,0.8956713569370001,0.9526814278485073,0.8976652589801335,0.9197889487315613,0.946800152593942,0.9006960801870375,0.6752706712833566
0.8334959488349248,0.6004366819419251,0.545203099780589,0.6639364087008824,0.5133108891343892,0.8999937114966177,0.8647003022258953,0.9654994295039036,0.977993433970924,0.576157972288675,0.8893015388240543,0.7906278492209433,0.8999032933443489,0.8890981970607684,0.9230414145429318,0.9460108540036118,0.9547406147132483,0.8665202593329686,0.8871670376077905,0.9323629159469089,0.9251374776125438,0.9704639819195907,1.0,0.0,0.9055926939113567,0.9793321936357872,0.8363529843653805,0.5993384143824055,0.5990824632022936,0.9787522515617253,0.8387925994101358,0.772934802943969,0.9698549564962479,0.9927167048910923,0.8933990264359427,0.9398229710774496,0.9037139165657131,0.913587067174689,0.98005639293988,1.0,1.0,0.878903063307117,1.0,0.9321152797251087,0.9059586474189706,1.0,0.894652066780049,0.9628842172930306,0.91983563253496,0.8831758378987774,0.9050327268824168,0.9765968123169019,0.9544064854750941,0.9711301767090856,0.9294644758083103,0.9830967954112615,0.6758511515795419
0.7321514725740322,0.7181144736175145,0.6430026490955818,0.7596098772504015,0.7040802437260609,0.7693964706494134,0.7685930399039167,0.8619458788723143,0.8667786358523456,0.6274502735244178,0.7287715411097836,0.8214808382972822,0.7715445368259041,0.8166519052660389,0.8464619772826651,0.9825130894957964,0.8755909866918836,0.8923672090891323,0.8509167552115379,0.7922135035519815,0.9118953939238935,0.9177543593803125,0.9635549190089724,0.9055926939113567,0.0,0.98829015790119,0.9689277945515513,0.7873046167403047,0.8248278196194813,0.8786181371612116,0.9781138783224588,0.865801949054504,0.9248783605139752,0.8825808456789612,0.9392518346495989,0.9240164177664217,0.9467628169850506,0.9067913564115097,0.9908960764236375,0.8586868321567114,0.7361365652608116,0.8910976544267948,0.9670454041548984,0.8505352013964916,0.8831445922439614,0.9209365845460307,0.7851795184363705,0.8421901083742255,0.8125996719301881,0.8678057943357191,0.6923013151382517,0.7732866954231479,0.8624957096319876,0.7768858387868705,0.9076741444173705,0.8020991071032036,0.5194440822953346
0.7857202225376002,0.820947971976526,0.6670041303105402,0.8526228637277495,0.7268329410483796,0.7826442913334496,0.8010605201801205,0.8633583922007828,0.8990740047980126,0.6434606531267518,0.7752415834179063,0.910303681151029,0.7442095493419638,0.8208044016816171,0.89705879680462,0.9681730021594441,0.9254971852930892,0.9481421691257372,0.9581034027262187,0.8823382406637416,0.964262489345877,0.9711131268630364,0.9392626235018591,0.9793321936357872,0.98829015790119,0.0,1.0,0.7911375293844141,0.835254391989158,0.9769260954274013,0.9280483011960139,0.9536341045631086,0.882330349659674,0.9639508460956884,1.0,0.959265790956585,0.9614519942594669,0.8998178886970482,0.9732991666682347,0.8660888823864272,0.7518080266082446,0.943959268495003,1.0,0.8240474558678548,0.8908427157151876,0.952486689774614,0.8344816071804434,0.84047301983927,0.8160879220648101,0.860547239783549,0.655908938644371,0.8503225257849264,0.8253195770890902,0.8112800204268361,0.9952125182890283,0.848093839141105,0.531029589885776
0.7253972206776333,0.7712989707393273,0.7491788018243515,0.8887372024809767,0.845578362006119,0.6768948374663987,0.7720719854065179,0.8118343492637411,0.8472854095076773,0.5839364308828103,0.6910894930505633,0.8575029540099688,0.6953574983091593,0.7607077717690923,0.8235534237232538,0.8986639949857322,0.7614199119183003,0.847884064580053,0.8472226350497826,0.7948103741119673,0.847560820855422,0.8892216417526292,0.8190942301391186,0.8363529843653805,0.9689277945515513,1.0,0.0,0.8780833416732132,0.9405707120447628,0.8672269882563844,0.9592890133965063,0.9410273437810631,0.789554799039879,0.8358082403291976,0.9966034135454018,0.8965111491823872,0.9358384567367718,0.8578099914615865,0.9315592824884246,0.7836550348309262,0.6856510400382527,0.8691289502186536,0.8880723072644423,0.7768321020239002,0.7944400110677284,0.8303860497246132,0.7371090402926412,0.733574931972515,0.751431607150307,0.8175144692782378,0.6252409954013625,0.78620375027949,0.7854965513575355,0.6971917047962581,0.8536211304627307,0.7479289828133756,0.4738086744005653
0.5295495387880668,0.7550126339231632,0.8709505573031695,0.9986491744602158,0.9870127063664442,0.5256476703304086,0.5541133260855378,0.626892611474629,0.6070998830981347,0.5768263285563616,0.5071422170048628,0.7069731356332812,0.5148634935374026,0.616228110226847,0.6073813584957573,0.7332568939214674,0.6093233033400026,0.671173017752558,0.6502384110431515,0.5934171158104515,0.6701491316969114,0.650405371374668,0.6092725404992819,0.5993384143824055,0.7873046167403047,0.7911375293844141,0.8780833416732132,0.0,0.9980118272157648,0.6529603670303835,0.7536755428842401,0.8748033965722601,0.5864075197677568,0.5838721931046522,0.7809508495206703,0.6447802936816558,0.7444577230088696,0.6172372968705928,0.6901077083061284,0.5773778703831605,0.4695591169004282,0.675669746389701,0.6622361801234591,0.5459570436681446,0.6044054210455072,0.5710367021062749,0.5725479673856565,0.5211536568500691,0.5372737409235988,0.6514384649637212,0.46001856362637844,0.5163544442542963,0.5846140750964144,0.5222486396073981,0.6634835285724828,0.5651673792941505,0.34634747937207155
0.5269732932479261,0.7899163451053044,0.7772047879936537,0.9101190443658256,0.9885095377704242,0.5072071179595173,0.5380742420226844,0.5804301368324405,0.5999989529719919,0.569134005970164,0.47705138656908996,0.6460442903711331,0.4819144872745538,0.5723329208038512,0.5612535359893074,0.7036560273739166,0.6129895620362297,0.643579713508173,0.6382198309929736,0.5793472518402335,0.6502468787471779,0.6581490917196201,0.6120748839743347,0.5990824632022936,0.8248278196194813,0.835254391989158,0.9405707120447628,0.9980118272157648,0.0,0.6668865482334975,0.899414691328567,0.9226536249565893,0.6334237166712771,0.6082082139193052,0.7926142997734897,0.680449984204394,0.7612002819892473,0.6765099628389706,0.7144270537895081,0.580351845524102,0.45074991316103274,0.704279435283843,0.6949030745144552,0.5687199191622175,0.6498574138497686,0.6199451071186731,0.5753820909616808,0.5247475630251387,0.5101705866041498,0.602176266706092,0.4281971158473093,0.5160664142394649,0.5610575112477064,0.47489792505890804,0.629137366947326,0.5545748649617861,0.3184276625022851
0.7992773514493658,0.5990045656988106,0.5281647393286464,0.6545209153734508,0.5973937881622685,0.8311133601723057,0.8420681048944058,0.8483947408262571,0.8938479674216767,0.6366458675814285,0.7796634015464671,0.8004491020173943,0.7833603991144973,0.7892359814273615,0.8498146742258257,0.8633888129385058,0.8747682119916766,0.8369408628058673,0.8706557593678909,0.8302822718578889,0.8836903533558214,1.0,0.9254074711900545,0.9787522515617253,0.8786181371612116,0.9769260954274013,0.8672269882563844,0.6529603670303835,0.6668865482334975,0.0,0.9937302706228426,0.7791876818922392,0.9385763241830962,0.9401511981324832,0.8756907514882757,0.9573906233998707,0.8859161861755324,0.9715758365314305,0.9458762819038133,0.944563682362738,0.8641363838566608,0.8582973481957344,1.0,0.9134362575440642,0.8815534138646933,0.9680565369068852,0.7912834807941939,0.8772643600828857,0.8441233258423916,0.8191244742060865,0.7488031480589894,0.8316567991898681,0.8670897516799054,0.8791119458201768,0.9082022748946293,0.8896973359250316,0.6040775063035196
0.7859923612485351,0.6200881755036883,0.5959910173531018,0.7470598980447303,0.7277649569824715,0.6981997114074735,0.7265068753691782,0.826162878043005,0.8247743571371898,0.6386270728567506,0.7158098687166459,0.7390731034960069,0.6520763274673208,0.7199617625814563,0.7336006717257881,0.8238980851027478,0.7806933757477842,0.8417077938211388,0.7673242548136647,0.7321441227565598,0.7549930592787836,0.9633301134507383,0.8029840011754823,0.8387925994101358,0.9781138783224588,0.9280483011960139,0.9592890133965063,0.7536755428842401,0.899414691328567,0.9937302706228426,0.0,0.9690063076817387,0.880022013847994,0.8554295323197048,0.9150404248568296,0.9299804106717798,0.9529174994525291,0.9259753948553633,0.9622806811492183,0.7941003401821373,0.7099836953625697,0.9166225642270462,0.9353722764590653,0.8432971353978003,0.8171804084838787,0.874155927349626,0.8135706643308909,0.7795548689537256,0.7529175647981086,0.7714106239074207,0.6451560423453203,0.6971758926561293,0.7405922416367586,0.7051507366846396,0.8193513399909824,0.7457357495562376,0.47752997384129864
0.6215149899472421,0.7926861672560741,0.7207058787348585,0.9179187178507142,0.7994254204321583,0.6065180629760107,0.6581460493043713,0.7075307947025619,0.6706340599171506,0.5570960597110943,0.6095600201428966,0.7524528430900496,0.6296279024689342,0.6810221484414418,0.7910789054432183,0.8815522492635681,0.667836520830241,0.7854508912686642,0.7915991144025573,0.7086540289229205,0.8305327657777771,0.7868643892606259,0.7835392839233527,0.772934802943969,0.865801949054504,0.9536341045631086,0.9410273437810631,0.8748033965722601,0.9226536249565893,0.7791876818922392,0.9690063076817387,0.0,0.74704477014681,0.7735895363874871,0.8841975503183421,0.8097213082516564,0.8393456010508876,0.7882063259942163,0.8259060008783216,0.695593493747911,0.6318150110804571,0.7504741080374244,0.8257029964217908,0.696906357620251,0.7915178120725326,0.8125794000223502,0.651887736998276,0.6730515763972025,0.6362574437609716,0.7416629953759285,0.5392571363584097,0.6958914763289955,0.6599199115370163,0.6294465467897692,0.8133769545414026,0.6504254817396217,0.40592510136640303
0.8356835759119152,0.5281028742342725,0.4924736136815852,0.6086711240983852,0.5267884371093794,0.8214510783779748,0.8748220146294868,0.8340998331096462,0.9244879750310586,0.576804629447735,0.841988136344921,0.7623342161945506,0.8753684322957351,0.8131066677793115,0.7650300040458848,0.8338333912467972,0.8024173819112894,0.8175988288575684,0.761095232540629,0.7625354991441894,0.7774037713279326,0.9803157665418225,0.9029738137525509,0.9698549564962479,0.9248783605139752,0.882330349659674,0.789554799039879,0.5864075197677568,0.6334237166712771,0.9385763241830962,0.880022013847994,0.74704477014681,0.0,0.9538487147207834,0.894927571304863,0.9398774649517301,0.870601974658993,0.8549746483137552,0.9556320978339597,0.9565515666026009,0.88824302922859,0.857381177188627,0.9811384540684814,0.9702952533270048,0.7945578100227624,0.8880950794600113,0.9334988121482928,0.8891018431044485,0.8584065319056893,0.8744602626467712,0.7952750698133362,0.7840027671437015,0.8549989467584431,0.8571746169571626,0.8772244218454561,0.8963052085914598,0.6188651757471219
0.8865590557907801,0.5841883343141668,0.5295869721128781,0.6296946906163831,0.5075406447628804,0.8508684073642482,0.8554967657656146,0.9434520026214142,0.9285361143814161,0.5544217963196619,0.8750261311635398,0.7552465715053548,0.8563475592813312,0.832078618020917,0.8384348807418373,0.8509916686577073,0.8727605528125745,0.8805711309681893,0.822086674771103,0.8327276795384606,0.8557311988798157,0.9421514374948826,0.9741157939155336,0.9927167048910923,0.8825808456789612,0.9639508460956884,0.8358082403291976,0.5838721931046522,0.6082082139193052,0.9401511981324832,0.8554295323197048,0.7735895363874871,0.9538487147207834,0.0,0.911282723073561,0.9353815893727463,0.8328970227146345,0.8516903592715164,0.9669839292595694,0.9683024963673001,0.9749141730042736,0.8915883473093904,0.9882799426962179,0.9249026336568248,0.8506304426887111,1.0,0.8674383385508487,0.9612744490735043,0.9391498147169034,0.8744256098525428,0.8120880818714745,0.9261626995654957,0.8982777149745911,0.9225068508568105,0.9155757656714545,0.8798086156554298,0.6469508168394408
0.7901475249706369,0.6821438184097989,0.6349647813214514,0.7871527562269622,0.7019018956622403,0.7770414373034633,0.7975248283874554,0.8817677920357762,0.8984735211204682,0.6425357888652059,0.7955371090649671,0.8573842968422394,0.7973017179415589,0.8080483162494004,0.7892613129655939,0.865876223399936,0.8753571106324592,0.871246747872301,0.9090955135762017,0.7584406109460279,0.8560454145012439,0.9265437749085712,0.9271188812430203,0.8933990264359427,0.9392518346495989,1.0,0.9966034135454018,0.7809508495206703,0.7926142997734897,0.8756907514882757,0.9150404248568296,0.8841975503183421,0.894927571304863,0.911282723073561,0.0,0.9133697285418164,1.0,0.9356962696216068,1.0,0.8668501748656084,0.7707902274970357,0.9444135139284271,0.9458568565074725,0.8694245694768685,0.874807161620832,0.92835556677148,0.788829779495721,0.8218321854052365,0.8094749414373321,0.8843201386927628,0.6740900760537241,0.8170224769283297,0.8823554616762992,0.8016019309780545,0.9051215371375322,0.785008098249292,0.5597920146315072
0.9616665037445671,0.5417681661837613,0.5291582154454401,0.6934615835558894,0.6191635170740125,0.8749886455614659,0.8714900359219062,0.8867865204439344,0.9793447717340649,0.6669502934358658,0.9055243432364711,0.7487658566797301,0.8501281207926208,0.8576795678480987,0.8125847728759408,0.8762989851216805,0.9077668291205646,0.823806264276009,0.850004486805407,0.7833186314012496,0.8471465702372493,0.9655763748516671,0.9198237204966746,0.9398229710774496,0.9240164177664217,0.959265790956585,0.8965111491823872,0.6447802936816558,0.680449984204394,0.9573906233998707,0.9299804106717798,0.8097213082516564,0.9398774649517301,0.9353815893727463,0.9133697285418164,0.0,1.0,0.971997483189628,1.0,0.9687662937337069,0.8591126275636579,0.9610144139300723,0.9917575601274408,1.0,0.7961558868247246,0.9166676980289868,0.9191196647794994,0.893861265335309,0.9029361348410073,0.8993441703441349,0.8246891532365723,0.7932527595583847,0.8375563634559917,0.8245456950229734,0.8559443883875818,0.8589808048369313,0.6302459932699002
