Cingulate area 2,Glomerular layer of the accessory olfactory bulb,Glomerular layer of the olfactory bulb,"Olfactory bulb, unspecified",Frontal association cortex,Cornu ammonis 3,Dentate gyrus,Cornu ammonis 2,Cornu ammonis 1,Fasciola cinereum,Subiculum,Postrhinal cortex,Presubiculum,Parasubiculum,Perirhinal area 35,Perirhinal area 36,Medial entorhinal cortex,Lateral entorhinal cortex,Primary auditory area,"Secondary auditory area, dorsal part","Secondary auditory area, ventral part","Piriform cortex, layer 1","Piriform cortex, layer 2","Piriform cortex, layer 3",Ventrolateral orbital area,Lateral orbital area,Ventral orbital area,Medial orbital area,Dorsolateral orbital area,Prelimbic area,Secondary motor area,Frontal association area 3,Primary motor area,"Agranular insular cortex, ventral area",Agranular insular cortex dorsal area,Cingulate area 1,Infralimbic area,Dysgranular insular cortex,Granular insular cortex,"Primary somatosensory area, forelimb representation","Primary somatosensory area, dysgranular zone","Primary somatosensory area, face representation",Secondary somatosensory area,"Primary somatosensory area, hindlimb representation","Agranular insular cortex, posterior area","Primary somatosensory area, barrel field",Retrosplenial dysgranular area,"Primary somatosensory area, trunk representation",Retrosplenial granular area,"Parietal association cortex, lateral area","Parietal association cortex, medial area","Parietal association cortex, posterior area",Primary visual area,"Secondary visual area, lateral part",Temporal association cortex,"Secondary visual area, medial part",Nucleus of the lateral olfactory tract
0.0,0.6670943437820704,0.27818096168746925,0.33843637102091734,0.7458859572763245,0.8510915159569374,0.779833438371643,0.885379531995052,0.8581032750200726,0.731424519988529,0.7087934596742457,0.6304682196439115,0.5599888766815673,0.37749580136727856,0.7207249405186007,0.7313176624584572,0.5601253094685554,0.6349788442102483,0.7687304449105883,0.9567676069885148,0.6792200675171866,0.7981698610453763,0.7492463429995836,0.8362059365104612,0.6375362829821605,0.5414962586684021,0.8117256064527342,0.6901091167100125,0.5428280996967909,0.7646389633808472,0.7157932370108521,0.8602606372627482,0.8319157948691789,0.7980602601480576,0.834718592204644,0.8561439260739637,0.7384538764382719,0.7402785796958995,0.7651646588968896,0.8495306568054626,0.8282879063868921,0.8513758448288453,0.7675233197638619,0.7764078442852893,0.5703244596720259,0.873611001322941,0.7627966015117571,0.8463365237490053,0.7902250584572158,0.7578097328863913,0.7695706336985052,0.8612258881530312,0.6721713161746258,0.7862566347381297,0.6300765521615482,0.7195151267571557,0.9036495389512315
0.6670943437820704,0.0,0.547246906103142,0.6380589741669129,0.8356013447342016,0.7286292472227502,0.8140814106586423,0.6443822993663719,0.7753158688986496,0.798099686248323,0.8802142453817859,0.7252290031861963,0.8280966959130225,0.6943377437778222,0.5959163487221995,0.6648192726441225,0.786687168596367,0.7013453352222725,0.676651875598306,0.6873881641651032,0.6909971101226959,0.7911202374483309,0.7988644937852807,0.7808877009980026,0.8343372311111026,0.8000149963721058,0.7618768671752607,0.7596136108884282,0.7826751069525072,0.7392155077051686,0.8384235080127205,0.7355702565380531,0.7271832010485262,0.7039600192215597,0.730543362449441,0.7249044483788459,0.8124021261729611,0.7755435338586426,0.8443437387181959,0.6308394504537558,0.6108201031299181,0.6671591067701567,0.8248070069915546,0.536438556795862,0.7248202039341132,0.6407811011203557,0.8628013406809726,0.694395251521143,0.912355928769257,0.698193256973367,0.851145058099109,0.8552284423069006,0.8624020606939894,0.7261260942313741,0.6164060973265115,0.8262995360984001,0.7440316797727307
0.27818096168746925,0.547246906103142,0.0,0.9025295513143698,0.4081982602840017,0.31930275406837066,0.424106392876015,0.2917696015762267,0.37858374656640287,0.3724195734808758,0.4826351809757459,0.4439791802163294,0.5657403376038572,0.8244075512703122,0.3237236065567752,0.3377938498254442,0.6375377339420434,0.4682654459382263,0.3392517324972913,0.3140475720050825,0.3717213636040882,0.4020427117976638,0.4377534794416497,0.3968225906827933,0.48868701192125,0.6036031779152425,0.3669359061846656,0.38715959869136096,0.563413219847818,0.3403257698557468,0.4302804356385518,0.35817424061314723,0.3496492018680684,0.36187099990852073,0.34209373238605756,0.306583331860896,0.390150571138644,0.3851412208947551,0.4582459143922538,0.3062944516938555,0.29926437562022884,0.31302189434097305,0.43481574691722863,0.26825518422370526,0.4442128189295104,0.3271671913009943,0.4532863494710823,0.32991509174268313,0.4460932143736234,0.37196462940820724,0.39649529389517446,0.3957166193676865,0.48277891040349413,0.35669493986230544,0.3644280039503611,0.4348949064808471,0.33067367610344106
0.33843637102091734,0.6380589741669129,0.9025295513143698,0.0,0.4844675553420963,0.40355537031765104,0.5271675097396396,0.34636174037471984,0.4703559601542473,0.4621822406642443,0.5668348859867729,0.4752499918470667,0.6875395889366199,0.8048286337975415,0.3648028757255485,0.38605047010247395,0.7074798558947576,0.5383177604747142,0.39812693862567733,0.3850943186300749,0.4219593612194679,0.4972383916005467,0.5560425157587056,0.5032957097659234,0.6330944047949425,0.8075589019895735,0.468638075621538,0.4824817274666758,0.7381763266422956,0.4571260363699621,0.5561421478271863,0.4532939933412405,0.45396644628292104,0.4518599228849462,0.432844646737638,0.3687972730076583,0.47711182227550714,0.4624002725164766,0.5449854658754494,0.38413115411583837,0.3782522713960071,0.3866722541111021,0.5415947697137921,0.32664368746672423,0.5000677093324173,0.4075512986155284,0.5569635886012697,0.3906181667794432,0.5431808375741,0.47291535727751605,0.48314946836951767,0.48728539142904376,0.5710370120424826,0.4020063508963663,0.4147505602444169,0.5203719321728202,0.40345395016919255
0.7458859572763245,0.8356013447342016,0.4081982602840017,0.4844675553420963,0.0,0.7375097255719801,0.6705250725681047,0.6705383292100398,0.768879916609385,0.837010845045758,0.7300748148629433,0.5958578102865172,0.6180323038310319,0.49538284110252,0.551421730266998,0.6065108377071072,0.5773199057344672,0.5716272223727773,0.6222114933374665,0.7405454775411475,0.5827845277675501,0.7445918906510218,0.7220054562962043,0.8380799287022858,0.778422362518416,0.6609898868987873,0.8867778748480991,0.8557733615108322,0.6449098318994627,0.899422271095939,0.800545072706025,0.7520974340609259,0.7565248872612034,0.6817049782769182,0.7444822176068512,0.7381111662025944,0.7200004913343765,0.7285767155535285,0.8108765689218949,0.6374413205647785,0.702438401949467,0.7423198018315119,0.8097290889863287,0.5323732102616222,0.6506640346898698,0.7114989050692506,0.7885014273808668,0.7916749368213106,0.8551160065364621,0.6552573995248405,0.6918529740262419,0.8387820482934928,0.7898057711598627,0.7158541793408028,0.5316667354847924,0.6948801853121118,0.7373207057364308
0.8510915159569374,0.7286292472227502,0.31930275406837066,0.40355537031765104,0.7375097255719801,0.0,0.9821566904234023,0.9963594430349874,0.9871809536718034,0.8412812264751719,0.8839765799735559,0.798115604291415,0.7162822561667423,0.4595394191800298,0.841850640330907,0.9192205982998071,0.6788570694187627,0.7970857895103973,0.9509729322085916,1.0,0.8768123592433553,0.8379419737739715,0.8814752489862362,0.9593244376204847,0.7322028651389131,0.6556419704320212,0.8097913069011605,0.7997016065303756,0.6771685984601626,0.7704365029186017,0.7907652707893387,0.9102120702005949,0.9293486805543503,0.9311821090016661,0.9559378029414926,0.8198517979780385,0.8464711589614632,0.8380501048566333,0.9270362441958184,0.9606949390952418,0.9633405497327147,0.9629693988276381,0.8956513433801937,0.8160464268047795,0.6515202735388442,0.9746295525377335,0.9284668464257764,0.9325258296582876,0.9060534291720965,0.9562952779529,0.8755224658050416,0.9336988498482599,0.8081821600004828,0.8479724646266087,0.7725256430396401,0.909843943385093,0.9412075658457102
0.779833438371643,0.8140814106586423,0.424106392876015,0.5271675097396396,0.6705250725681047,0.9821566904234023,0.0,0.8717766132100965,1.0,0.8123201710822284,0.9630060271461537,0.9373211803209603,0.8959570573733028,0.6262007510147971,0.8882936809871514,0.9114746703125152,0.8699574258411692,0.9286693443449312,0.9536003513882116,0.9091575572112263,0.9098372631659675,0.8450229950961463,0.8766921877554,0.9689919138786127,0.8154426541848875,0.8353133104215769,0.7818788190399188,0.756750499692678,0.8763065895873954,0.708050201291706,0.8632968581296022,0.9099476413199157,0.9106708179793487,0.9114672527238424,0.8997446887153914,0.835062252561869,0.863708673028254,0.8596425275292712,0.9993636223671989,0.8794813615618386,0.8839611678703152,0.8453013109386235,0.9084206875950621,0.7693761385982836,0.7568957631104872,0.9094488188250682,1.0,0.8484120309879052,0.9422983341419527,0.9796391044245744,0.9930291157291302,0.964073182847779,0.8509379162215173,0.8853966526969552,0.8847881514753649,0.9875057573264622,0.9871695808985407
0.885379531995052,0.6443822993663719,0.2917696015762267,0.34636174037471984,0.6705383292100398,0.9963594430349874,0.8717766132100965,0.0,0.9390987590452591,0.704350760510065,0.8630966712567378,0.7430492276385091,0.6237212703250942,0.40617317717498647,0.8793087391531202,0.9052305117795425,0.607441027406551,0.7278898772790146,0.918917767837612,0.9856913601737475,0.811095103860077,0.9028859900641869,0.786682146191342,0.8692948244268757,0.7039552346644361,0.5803630158311464,0.7574003663815966,0.704299862881205,0.5973498806916794,0.6723760757158965,0.768080914158419,0.9708928672432763,0.870806998848098,0.9001588696044979,0.8875861017392198,0.826463188896391,0.7609635905310429,0.7658437999602928,0.7769668787023924,0.92594275106049,0.8696693080548701,0.9067039788943608,0.8051257090437121,0.8480604133384547,0.5838080246527823,0.920196962415184,0.8511768680428803,0.8450422628458619,0.7976369789068171,0.9074748988174374,0.8404115365209213,0.9508908065811944,0.7017696917344638,0.8111980511877213,0.7983094016390787,0.8317834748951018,0.8956039150570217
0.8581032750200726,0.7753158688986496,0.37858374656640287,0.4703559601542473,0.768879916609385,0.9871809536718034,1.0,0.9390987590452591,0.0,0.7705241489822282,0.9828180243839738,0.9212107562058722,0.8098749934622328,0.528667253170396,0.963443378868932,0.9245175641862591,0.8090015783099194,0.8755629969460391,0.9634189434660608,0.9760454705842423,0.8900309780728743,0.9592943554218236,0.8867210375821494,0.9383231201381935,0.7376682094264119,0.7146102356505225,0.7707032382863109,0.8009141289871469,0.7361647272993322,0.7159239685832934,0.8677233856235287,0.9985006148289675,0.8983009270935269,0.8911055135303367,0.898543386779057,0.8293435075170402,0.7770770195955241,0.894192387335385,0.9637493386358345,0.9372693905757409,0.9560544792010417,0.9049199419806226,0.9237673552198981,0.8214133408646553,0.7539233948744909,0.9310102176947546,0.9901852408172092,0.8771103588597067,0.966444725610767,0.9703721108903961,0.9870213077091632,0.9894922671593547,0.899596237023325,0.9921373363607875,0.8511641189087779,0.9125283089294713,0.9729831011724821
0.731424519988529,0.798099686248323,0.3724195734808758,0.4621822406642443,0.837010845045758,0.8412812264751719,0.8123201710822284,0.704350760510065,0.7705241489822282,0.0,0.7493770253483544,0.6038431723407269,0.741984821021292,0.5013353582716182,0.6006313848214982,0.664916251170788,0.61989996225901,0.6170876214585258,0.7118480995108861,0.7706292817255941,0.700272796740724,0.7544084655487256,0.7785919180091554,0.8038324660109745,0.8478323425103764,0.7045008570056364,0.8674428634878794,0.9091026953189364,0.7166399201552078,0.8786541613982399,0.8371601365287684,0.8038947999287501,0.7497810971913953,0.7970359181997602,0.820380886815427,0.8118797716954229,0.8787851449570793,0.7286804445014154,0.8740913591332111,0.7166679754539251,0.7155019152758819,0.7511731814376719,0.8505317339360239,0.573951280521755,0.6540822606656697,0.7549781559211016,0.8070776665743998,0.7889140020300346,0.9519345121446093,0.6948675425908746,0.7217963584835776,0.7955583148354232,0.816391486783048,0.7573020064834858,0.5642034750361675,0.7324875655294022,0.8368257135123873
0.7087934596742457,0.8802142453817859,0.4826351809757459,0.5668348859867729,0.7300748148629433,0.8839765799735559,0.9630060271461537,0.8630966712567378,0.9828180243839738,0.7493770253483544,0.0,0.9829761836512215,0.9334421831409041,0.6708388082917509,0.852573425014215,0.9104630192197071,0.9518535206101647,0.9814522953120068,0.8733180036271385,0.8946081372626008,0.9344569794286355,0.8585014097087569,0.8297604851851123,0.9160606438106742,0.7848966709838184,0.825440220102435,0.7406649629780641,0.7733814924576788,0.8387403703042173,0.6306247412035589,0.799327352033946,0.842185132645118,0.805831593346756,0.7873081847360579,0.8096798880254584,0.7611653688911744,0.7495379584436962,0.839218087031355,0.9782689910868314,0.8203214773382286,0.8974456554283289,0.8060848640513727,0.9251611701186448,0.7224887486857982,0.7655140213469057,0.81066616053108,1.0,0.8512851287515627,0.9675578344277161,0.9121359475578261,0.9134120364584637,0.9899245620888676,0.9032336922003374,0.9432720006552999,0.8953199816508182,1.0,0.8675059193670918
0.6304682196439115,0.7252290031861963,0.4439791802163294,0.4752499918470667,0.5958578102865172,0.798115604291415,0.9373211803209603,0.7430492276385091,0.9212107562058722,0.6038431723407269,0.9829761836512215,0.0,0.7561293220323019,0.6035380597659269,0.8614850129502368,0.9026211441289547,0.9058406639416287,0.9953356648964156,0.8464952469276561,0.7526252353258976,0.829560686683068,0.7557638376647655,0.7633571403250399,0.7570567649934531,0.578235718038445,0.6317041096222983,0.579441116416809,0.5625832639754544,0.6292892106293142,0.5000672558468754,0.6725621299024311,0.6885935710399699,0.6820683644891817,0.6820632871899058,0.6321957949226911,0.6044700326488015,0.6165346706818913,0.7581216632678743,0.8162106840762988,0.757724532849944,0.7190286009677621,0.7033354818959007,0.7793582908474833,0.6981444206583327,0.7753434957474615,0.6689641887696262,0.926219028313383,0.7063822817245791,0.8441643141516544,0.8053343705462994,0.9137616717420072,0.8956521075997915,0.7634019420177145,0.8545228743054102,0.9418066844448765,0.8677376045021512,0.7433264529402474
0.5599888766815673,0.8280966959130225,0.5657403376038572,0.6875395889366199,0.6180323038310319,0.7162822561667423,0.8959570573733028,0.6237212703250942,0.8098749934622328,0.741984821021292,0.9334421831409041,0.7561293220323019,0.0,0.7510362228987234,0.6471157233394137,0.711247736125054,0.902342398403731,0.8064780892305611,0.6968020923044638,0.6906681064282624,0.7274856497598218,0.7148267241330449,0.8317736615986411,0.7331053139485986,0.7867659177397576,0.9179565393294631,0.7134861070986444,0.6931480004753771,0.9383269922165509,0.6415850634029993,0.7626914559881989,0.7073808784672951,0.6745514435691188,0.7242071780619795,0.6852629334849852,0.6051250285697647,0.7329588843687661,0.7184995536709122,0.9187849395846511,0.6536648845080235,0.6350410706041402,0.6006741387371966,0.8025685991472868,0.5402127918909666,0.6905259253137609,0.6379560786443307,0.8729054920635555,0.619891648529282,0.8590324374602141,0.7362060204024347,0.7731892858601586,0.8419846589944698,0.8284760292642191,0.7114288165695224,0.7100662605721846,0.8756178165706016,0.6738561172364622
0.37749580136727856,0.6943377437778222,0.8244075512703122,0.8048286337975415,0.49538284110252,0.4595394191800298,0.6262007510147971,0.40617317717498647,0.528667253170396,0.5013353582716182,0.6708388082917509,0.6035380597659269,0.7510362228987234,0.0,0.45401687544963426,0.48502012674362405,0.8010774665343238,0.6374272313121383,0.47357842732119715,0.4426212370581832,0.5138248543720462,0.5407819095646714,0.575785882798079,0.5290684416959298,0.578324019107766,0.6803021372082922,0.47397082191662626,0.4952101576347409,0.6672984228675379,0.4520377818642715,0.5591839899537535,0.47825733945246607,0.4681784209793776,0.48982693709466923,0.4577194055021046,0.40742787022752325,0.49020638069514144,0.5336651957563361,0.6303647301911212,0.43737848052910855,0.43056220011022817,0.43749950291035883,0.5995894640411525,0.3645210046505252,0.6010694183170515,0.43043370384233226,0.6511771925278669,0.4543422083031497,0.5964069894755581,0.5090616524412033,0.5670221649681286,0.557508503023425,0.6400972792002819,0.5079760128276599,0.5267751994080063,0.6095945491915293,0.4644671392596449
0.7207249405186007,0.5959163487221995,0.3237236065567752,0.3648028757255485,0.551421730266998,0.841850640330907,0.8882936809871514,0.8793087391531202,0.963443378868932,0.6006313848214982,0.852573425014215,0.8614850129502368,0.6471157233394137,0.45401687544963426,0.0,1.0,0.7127469379767838,0.8939617184613831,0.8875029027780428,0.8847901624260129,0.903386337745551,0.8630137678818767,0.772899049192858,0.8470764408545552,0.5804478107246465,0.5450200622326675,0.5944736067294561,0.5841792149613403,0.5704313929050748,0.5192579389448394,0.6720073522191352,0.7785095627538997,0.7173063504900218,0.772766421623997,0.6940533350176094,0.6602867693960968,0.6174937771106558,0.7337965644429221,0.8226285322657361,0.8215308655009403,0.9589034879044058,0.8345117301880687,0.7506364656773538,0.811479257199179,0.6645692620728975,0.7619289768406112,0.8311739317515425,0.725200325727983,0.7413780360342,0.9060228285570026,0.7650376548252786,0.8717501887230059,0.6910048969300151,0.8053198671780513,0.9083928965655378,0.8467196930427865,0.8085466790941782
0.7313176624584572,0.6648192726441225,0.3377938498254442,0.38605047010247395,0.6065108377071072,0.9192205982998071,0.9114746703125152,0.9052305117795425,0.9245175641862591,0.664916251170788,0.9104630192197071,0.9026211441289547,0.711247736125054,0.48502012674362405,1.0,0.0,0.7096628472833922,0.8995399495756133,1.0,0.8498451481801279,0.9844793928530652,0.8689267180326418,0.7837001380054703,0.8229827531131518,0.6129585124212216,0.5725964886021625,0.6479039757813998,0.6504567334583549,0.622634552683867,0.569858610228957,0.7180390564624144,0.8337646388796663,0.7605907147962657,0.7916517634891298,0.7175372321205146,0.6772955761949534,0.6591233477077661,0.8198222481210552,0.8936629008050198,0.8099935040788541,0.9111532102526263,0.8362621561024367,0.8399765728567319,0.7712184351681156,0.7716414309954827,0.7693932965620179,0.8688251481595316,0.7239130151656888,0.8279229806512907,0.8546476857491369,0.832432290600502,0.8517020015813277,0.7246309695237926,0.8919342349387028,0.911021187087622,0.8931087257811202,0.8517015653954157
0.5601253094685554,0.786687168596367,0.6375377339420434,0.7074798558947576,0.5773199057344672,0.6788570694187627,0.8699574258411692,0.607441027406551,0.8090015783099194,0.61989996225901,0.9518535206101647,0.9058406639416287,0.902342398403731,0.8010774665343238,0.7127469379767838,0.7096628472833922,0.0,0.8879997250340131,0.7199044631374819,0.6763662531967124,0.7300845248927396,0.7252531683618897,0.7536751316394629,0.7492432797345626,0.6829698194835278,0.7587869723553498,0.5824044397678572,0.5577210533463142,0.7970346685280008,0.5086300531056014,0.6789481918728664,0.6878974340362201,0.6192389223060001,0.6432553283244984,0.6106519107984089,0.5602657816780384,0.6292032104875551,0.7063688952296491,0.7946554920306533,0.6576745614006236,0.6011310043425182,0.602461249250119,0.7699400324019706,0.5404222587756236,0.7237678753604873,0.6127062183852549,0.878906381657554,0.6354933665185781,0.8064887742184549,0.7737760566592148,0.8174531409813411,0.7964020517100969,0.7660405138751152,0.7011749369307163,0.7269753700651153,0.8602967001156195,0.6231348599901838
0.6349788442102483,0.7013453352222725,0.4682654459382263,0.5383177604747142,0.5716272223727773,0.7970857895103973,0.9286693443449312,0.7278898772790146,0.8755629969460391,0.6170876214585258,0.9814522953120068,0.9953356648964156,0.8064780892305611,0.6374272313121383,0.8939617184613831,0.8995399495756133,0.8879997250340131,0.0,0.8672010024940682,0.7275674813209313,0.9623874688060905,0.7967466752276997,0.7770336842302012,0.8347538219309677,0.6299967628467548,0.6785449357036809,0.5787025671790751,0.5921176711467646,0.7511478389802398,0.5162468109843176,0.706052220426243,0.7555284231527601,0.7218258777031826,0.7611005665753244,0.6936927946005903,0.5906698488100531,0.6630950651435693,0.791053088548772,0.8467200490890799,0.8123969278613905,0.7386027976444057,0.7584454539100451,0.8482487790332347,0.7302721520956456,0.732661776444123,0.7190526387636252,0.921649716605951,0.7752634434463124,0.8225256067632783,0.8789396844155619,0.8560673549522289,0.8709069787348774,0.7830285840688359,0.8576118690090004,0.8819030016493521,0.9697754136379723,0.745575488799628
0.7687304449105883,0.676651875598306,0.3392517324972913,0.39812693862567733,0.6222114933374665,0.9509729322085916,0.9536003513882116,0.918917767837612,0.9634189434660608,0.7118480995108861,0.8733180036271385,0.8464952469276561,0.6968020923044638,0.47357842732119715,0.8875029027780428,1.0,0.7199044631374819,0.8672010024940682,0.0,0.9410037282325432,0.9929585114835653,0.8652613873023782,0.8373704608519966,0.9016014859961315,0.6584075439281585,0.6023397228161153,0.6583903746493555,0.6461080260044281,0.6331655091658629,0.650702812872205,0.7542751624266145,0.8719246105636308,0.8090947080290067,0.8299094386399539,0.8038278350572731,0.7216407252836532,0.6693258456797619,0.854573706128094,0.9068706217581215,0.8735202430638039,0.8880850192374069,0.8927607949356015,0.8732981407069534,0.7693841110317687,0.7443820474580569,0.8160166107847799,0.9216851845316744,0.8103082309890128,0.8399105865104232,0.8513637979676215,0.8595754019620325,0.8725965363954435,0.7874750121263563,0.9207334842109632,0.8324393336273577,0.8847524173225413,0.8636791968677325
0.9567676069885148,0.6873881641651032,0.3140475720050825,0.3850943186300749,0.7405454775411475,1.0,0.9091575572112263,0.9856913601737475,0.9760454705842423,0.7706292817255941,0.8946081372626008,0.7526252353258976,0.6906681064282624,0.4426212370581832,0.8847901624260129,0.8498451481801279,0.6763662531967124,0.7275674813209313,0.9410037282325432,0.0,0.8265186478707411,0.8668882214495326,0.829814140375673,0.9324785161921813,0.7188864022860111,0.6126886371652013,0.8481032757984154,0.7687425591943353,0.6326649807050294,0.7668257787379028,0.8099051453129188,0.9484816512529664,0.9130664901786042,0.8838987685387867,0.9459845012571677,0.8855044262032828,0.7899911795252172,0.8487275062912242,0.8653667085450845,0.9168814529235353,0.9542261903552457,0.9896436347725782,0.8816082590304957,0.8465683024345362,0.6588038079484585,0.9852892426242982,0.9062979943278077,0.8867271768812344,0.8588880808653122,0.9183238179290379,0.8817857043194609,0.9524057494659062,0.7853250905147461,0.8855158219341269,0.7590892240604703,0.8848223437243732,0.9753547557297354
0.6792200675171866,0.6909971101226959,0.3717213636040882,0.4219593612194679,0.5827845277675501,0.8768123592433553,0.9098372631659675,0.811095103860077,0.8900309780728743,0.700272796740724,0.9344569794286355,0.829560686683068,0.7274856497598218,0.5138248543720462,0.903386337745551,0.9844793928530652,0.7300845248927396,0.9623874688060905,0.9929585114835653,0.8265186478707411,0.0,0.8869030661752064,0.8436076044963097,0.7970337896785542,0.6241118271556172,0.6057095149688048,0.6374550099079566,0.6538556565529532,0.6373619932039868,0.5758353076558188,0.7231261702656863,0.8289801898205557,0.7379383247011614,0.8387005129974152,0.7105809301553812,0.6816300847403465,0.6343055514366472,0.8864039270977535,0.9322996388200555,0.7496318518012286,0.8243314555466384,0.7892032779913822,0.806420525367701,0.6505372279712173,0.8166562899683244,0.7453548071960451,0.9118715851628858,0.7391892700196129,0.8120774893302964,0.8606534658188423,0.8105727152585728,0.8301242198226818,0.7304514661494627,0.7981346524378218,0.8297785214809759,0.9028340486411423,0.8193144510329785
0.7981698610453763,0.7911202374483309,0.4020427117976638,0.4972383916005467,0.7445918906510218,0.8379419737739715,0.8450229950961463,0.9028859900641869,0.9592943554218236,0.7544084655487256,0.8585014097087569,0.7557638376647655,0.7148267241330449,0.5407819095646714,0.8630137678818767,0.8689267180326418,0.7252531683618897,0.7967466752276997,0.8652613873023782,0.8668882214495326,0.8869030661752064,0.0,0.9110696599425919,0.9978730609081597,0.7568729408944233,0.7443596201784192,0.8012853244896737,0.7443522838608426,0.8156337028194593,0.7074075982203428,0.8303562536053927,0.8926956109553176,0.8796832682875277,0.8176190520129514,0.8416226661487436,0.7941725055160094,0.7645596306553856,0.8481067555456597,0.9842856267198833,0.8117688475340955,0.8941095790316653,0.9271119488700076,0.8791176354665653,0.7569975803450288,0.7488739089659604,0.8778324744424347,0.9409274499566994,0.8541393900950394,0.8017212403104206,0.8573414035497892,0.8210408365256863,0.897674409621923,0.7812422140029848,0.7821212985943249,0.695957574909711,0.904085225072535,0.8689257319634183
0.7492463429995836,0.7988644937852807,0.4377534794416497,0.5560425157587056,0.7220054562962043,0.8814752489862362,0.8766921877554,0.786682146191342,0.8867210375821494,0.7785919180091554,0.8297604851851123,0.7633571403250399,0.8317736615986411,0.575785882798079,0.772899049192858,0.7837001380054703,0.7536751316394629,0.7770336842302012,0.8373704608519966,0.829814140375673,0.8436076044963097,0.9110696599425919,0.0,0.9765492758053339,0.8318751793780081,0.8384904472886173,0.8020163503724657,0.7722063626480514,0.9063787567360165,0.7407728608754939,0.8582835678632983,0.9168521233433612,0.8062486586811501,0.8656952441029522,0.8354811344523919,0.7539094863826189,0.8415156362752154,0.8690635952112296,0.9963675892667505,0.7322105404529151,0.7989986484884741,0.8338662323121483,0.8969726951568598,0.6437883529892328,0.7594299998328943,0.7827361449893289,0.8492958191650611,0.7907253481005164,0.8602810606533882,0.8480463639690171,0.9090353338214131,0.9313000060348944,0.7704266126917165,0.7479568476658096,0.6809788240587366,0.801409681379493,0.7933198664769496
0.8362059365104612,0.7808877009980026,0.3968225906827933,0.5032957097659234,0.8380799287022858,0.9593244376204847,0.9689919138786127,0.8692948244268757,0.9383231201381935,0.8038324660109745,0.9160606438106742,0.7570567649934531,0.7331053139485986,0.5290684416959298,0.8470764408545552,0.8229827531131518,0.7492432797345626,0.8347538219309677,0.9016014859961315,0.9324785161921813,0.7970337896785542,0.9978730609081597,0.9765492758053339,0.0,0.8758761894988817,0.784826744917118,0.9178847570198028,0.8495313911861908,0.8094614427530691,0.7991206719559736,0.9497683867567299,1.0,0.9320402744363684,0.9631229803413626,0.9623882301698373,0.858266003443669,0.8548569949644812,0.9651205668540649,0.9867430497210959,0.9204330324988866,0.9195885200024476,1.0,0.9155730963373013,0.770727289743687,0.7893092042320349,0.9376603790338269,0.9644390959145114,0.8750071206176356,0.9196188979602199,0.8935524152450727,0.8779069902218173,0.9641132886491117,0.7970479076336583,0.8145042755152206,0.7350457314771615,0.9198348138058355,0.9784461431569044
0.6375362829821605,0.8343372311111026,0.48868701192125,0.6330944047949425,0.778422362518416,0.7322028651389131,0.8154426541848875,0.7039552346644361,0.7376682094264119,0.8478323425103764,0.7848966709838184,0.578235718038445,0.7867659177397576,0.578324019107766,0.5804478107246465,0.6129585124212216,0.6829698194835278,0.6299967628467548,0.6584075439281585,0.7188864022860111,0.6241118271556172,0.7568729408944233,0.8318751793780081,0.8758761894988817,0.0,0.9730038955694248,0.8931721576293893,0.9146930511597329,0.9479080629859079,0.8467259252557522,0.8097432926794383,0.8188962700673265,0.8109659753757029,0.8123660582789867,0.8535797593958729,0.7364292116002016,0.8867836939816658,0.672139680668446,0.7821763051247372,0.6420855446028267,0.6416236673995771,0.6697840096695128,0.8162995083729233,0.534128604654399,0.6040329666503983,0.7382217761661546,0.8105873532565594,0.6963355077332112,0.8129571679197892,0.7133853739983791,0.7168098485160534,0.7785803975988465,0.774611277030997,0.6230954485277848,0.5152303803647308,0.7377294853508769,0.7397536428143225
0.5414962586684021,0.8000149963721058,0.6036031779152425,0.8075589019895735,0.6609898868987873,0.6556419704320212,0.8353133104215769,0.5803630158311464,0.7146102356505225,0.7045008570056364,0.825440220102435,0.6317041096222983,0.9179565393294631,0.6803021372082922,0.5450200622326675,0.5725964886021625,0.7587869723553498,0.6785449357036809,0.6023397228161153,0.6126886371652013,0.6057095149688048,0.7443596201784192,0.8384904472886173,0.784826744917118,0.9730038955694248,0.0,0.76694763061919,0.7711098444903848,0.9474850210326913,0.6931435878358702,0.8253609681785908,0.707078788068716,0.6912459207800166,0.7333734891099635,0.7129741755043199,0.6282665184274195,0.7885447479974249,0.6387392325094482,0.8115428778766213,0.6019130872300578,0.5973440984750158,0.5987933626175584,0.7525842316058988,0.5095412661536394,0.6127971590071635,0.6602894218812657,0.7862716854686334,0.624612593527475,0.7562352478554758,0.6938718250388581,0.6904479597828119,0.7616984427716714,0.7593624649446254,0.5863660590641397,0.5470721407774428,0.7506531723702157,0.654104182356783
0.8117256064527342,0.7618768671752607,0.3669359061846656,0.468638075621538,0.8867778748480991,0.8097913069011605,0.7818788190399188,0.7574003663815966,0.7707032382863109,0.8674428634878794,0.7406649629780641,0.579441116416809,0.7134861070986444,0.47397082191662626,0.5944736067294561,0.6479039757813998,0.5824044397678572,0.5787025671790751,0.6583903746493555,0.8481032757984154,0.6374550099079566,0.8012853244896737,0.8020163503724657,0.9178847570198028,0.8931721576293893,0.76694763061919,0.0,0.9392640514494786,0.7435517180083411,0.968423605120985,0.9082354400247084,0.8797722637832728,0.9038926249084207,0.8379379568881209,0.8751092489351537,0.9000385521484626,0.8713258520120641,0.7224849615998662,0.8156917413812658,0.7464480455253549,0.7801183383754925,0.787774889377217,0.8173522941764739,0.6487195255364292,0.5948607271944938,0.8082945529393849,0.8355099841061628,0.7952169156621363,0.856651438267682,0.7715373051963283,0.7523283134080327,0.8586007202350682,0.7367650911148299,0.6642374508356014,0.559975319106941,0.774409688712603,0.8710561828661234
0.6901091167100125,0.7596136108884282,0.38715959869136096,0.4824817274666758,0.8557733615108322,0.7997016065303756,0.756750499692678,0.704299862881205,0.8009141289871469,0.9091026953189364,0.7733814924576788,0.5625832639754544,0.6931480004753771,0.4952101576347409,0.5841792149613403,0.6504567334583549,0.5577210533463142,0.5921176711467646,0.6461080260044281,0.7687425591943353,0.6538556565529532,0.7443522838608426,0.7722063626480514,0.8495313911861908,0.9146930511597329,0.7711098444903848,0.9392640514494786,0.0,0.7497591160260632,0.9118943902764268,0.8703152833215968,0.7811400497229933,0.7786459227259571,0.7754992008762135,0.8103955784092512,0.8066986704311695,0.8926820519238856,0.7196027910866912,0.7977766740880808,0.7072474626078317,0.7027091723024019,0.7307118227666486,0.813762170981456,0.5765725937777324,0.6354439280906351,0.7726562577076915,0.7941498355837076,0.7622837855896493,0.8507012813191829,0.6746817228119854,0.664469508838018,0.7709588689643178,0.813255427172667,0.6886890202893252,0.5669426345878456,0.7061835126636344,0.8117434338089136
0.5428280996967909,0.7826751069525072,0.563413219847818,0.7381763266422956,0.6449098318994627,0.6771685984601626,0.8763065895873954,0.5973498806916794,0.7361647272993322,0.7166399201552078,0.8387403703042173,0.6292892106293142,0.9383269922165509,0.6672984228675379,0.5704313929050748,0.622634552683867,0.7970346685280008,0.7511478389802398,0.6331655091658629,0.6326649807050294,0.6373619932039868,0.8156337028194593,0.9063787567360165,0.8094614427530691,0.9479080629859079,0.9474850210326913,0.7435517180083411,0.7497591160260632,0.0,0.7198206695513287,0.8419922463206593,0.7421123055005263,0.7434091786234623,0.8631586660618147,0.7930462204921396,0.6336109973276972,0.8017893831638686,0.6721510461062148,0.8178583885761974,0.6362316856560651,0.6161688268787706,0.5977193409911047,0.8665596866346683,0.5452874722109936,0.6407676403143477,0.7447635753304732,0.8266062852746845,0.5976361061012372,0.7759176203892165,0.7417197109375236,0.726728519434347,0.7635669885279142,0.7761353129931263,0.6066294815600892,0.5712075840946336,0.75759610579484,0.6564052346373326
0.7646389633808472,0.7392155077051686,0.3403257698557468,0.4571260363699621,0.899422271095939,0.7704365029186017,0.708050201291706,0.6723760757158965,0.7159239685832934,0.8786541613982399,0.6306247412035589,0.5000672558468754,0.6415850634029993,0.4520377818642715,0.5192579389448394,0.569858610228957,0.5086300531056014,0.5162468109843176,0.650702812872205,0.7668257787379028,0.5758353076558188,0.7074075982203428,0.7407728608754939,0.7991206719559736,0.8467259252557522,0.6931435878358702,0.968423605120985,0.9118943902764268,0.7198206695513287,0.0,0.8697248605107935,0.8023763050467172,0.8263331947730878,0.7637953421065835,0.8166245587576882,0.8269093755232583,0.8897681721512412,0.6263468246386421,0.720960339282205,0.6429532350924191,0.6861381676306293,0.6945921633895761,0.7551772119670033,0.5377862331950095,0.5543730893446769,0.7699597789327406,0.740373282852243,0.7125151034800677,0.7846009358379356,0.6474218862877004,0.640486025738473,0.7419795446667259,0.6796243279219831,0.6088650752999414,0.48451956664977097,0.6488904808485533,0.782007999626703
0.7157932370108521,0.8384235080127205,0.4302804356385518,0.5561421478271863,0.800545072706025,0.7907652707893387,0.8632968581296022,0.768080914158419,0.8677233856235287,0.8371601365287684,0.799327352033946,0.6725621299024311,0.7626914559881989,0.5591839899537535,0.6720073522191352,0.7180390564624144,0.6789481918728664,0.706052220426243,0.7542751624266145,0.8099051453129188,0.7231261702656863,0.8303562536053927,0.8582835678632983,0.9497683867567299,0.8097432926794383,0.8253609681785908,0.9082354400247084,0.8703152833215968,0.8419922463206593,0.8697248605107935,0.0,0.9082346113865982,0.8910232131213923,0.8478941918065027,0.8754515069240258,0.7903448166958446,0.8546724443573223,0.756702861877575,0.9071010219767001,0.758883547054369,0.8137208764421705,0.7809174751394502,0.8805215646677508,0.6548047664740713,0.7124952342714929,0.8147463309252487,0.8369463439824155,0.7900292992387041,0.91997342428259,0.7631535039503587,0.8089301201979388,0.9170763659068104,0.8413234330338657,0.736637552722594,0.6211982124170932,0.8588414541126089,0.8170353956445779
0.8602606372627482,0.7355702565380531,0.35817424061314723,0.4532939933412405,0.7520974340609259,0.9102120702005949,0.9099476413199157,0.9708928672432763,0.9985006148289675,0.8038947999287501,0.842185132645118,0.6885935710399699,0.7073808784672951,0.47825733945246607,0.7785095627538997,0.8337646388796663,0.6878974340362201,0.7555284231527601,0.8719246105636308,0.9484816512529664,0.8289801898205557,0.8926956109553176,0.9168521233433612,1.0,0.8188962700673265,0.707078788068716,0.8797722637832728,0.7811400497229933,0.7421123055005263,0.8023763050467172,0.9082346113865982,0.0,0.9737524969875017,0.9706601946835232,0.8985852380383157,0.8325937133803618,0.8119842651479569,0.8889491595414365,0.9208917478394556,0.8528781751461936,0.9095019162597534,0.940470369624328,0.8767333447172571,0.7863685410625292,0.7002397988375176,0.9500397085524289,0.9018843127303479,0.8935280697614463,0.865504051442218,0.8479774801367115,0.8246673293599269,1.0,0.7726648797905751,0.8088780346176154,0.7245060709215995,0.8853953532012466,0.9405767692328503
0.8319157948691789,0.7271832010485262,0.3496492018680684,0.45396644628292104,0.7565248872612034,0.9293486805543503,0.9106708179793487,0.870806998848098,0.8983009270935269,0.7497810971913953,0.805831593346756,0.6820683644891817,0.6745514435691188,0.4681784209793776,0.7173063504900218,0.7605907147962657,0.6192389223060001,0.7218258777031826,0.8090947080290067,0.9130664901786042,0.7379383247011614,0.8796832682875277,0.8062486586811501,0.9320402744363684,0.8109659753757029,0.6912459207800166,0.9038926249084207,0.7786459227259571,0.7434091786234623,0.8263331947730878,0.8910232131213923,0.9737524969875017,0.0,0.8880044780170342,0.9389252935326576,0.8296211615964897,0.8350532991847462,0.7822010988818923,0.850353858317429,0.8455355058704637,0.9192649698026479,0.8830086593397494,0.8966902945501707,0.8408104467805451,0.6096402724303617,0.9930803207688,0.9125005603809251,0.9303070033050183,0.899455187764661,0.844150421789231,0.8687445183051188,0.9444525536363155,0.7659467778196747,0.6880481788268189,0.6350295613859764,0.8387963518493591,0.8778875309172602
0.7980602601480576,0.7039600192215597,0.36187099990852073,0.4518599228849462,0.6817049782769182,0.9311821090016661,0.9114672527238424,0.9001588696044979,0.8911055135303367,0.7970359181997602,0.7873081847360579,0.6820632871899058,0.7242071780619795,0.48982693709466923,0.772766421623997,0.7916517634891298,0.6432553283244984,0.7611005665753244,0.8299094386399539,0.8838987685387867,0.8387005129974152,0.8176190520129514,0.8656952441029522,0.9631229803413626,0.8123660582789867,0.7333734891099635,0.8379379568881209,0.7754992008762135,0.8631586660618147,0.7637953421065835,0.8478941918065027,0.9706601946835232,0.8880044780170342,0.0,0.9006893711469482,0.8359196335262925,0.8661100510458737,0.8048508361193228,0.7949695768481689,0.84547651029527,0.8027852900223145,0.8057216211594316,0.8225657427986377,0.7520554295730455,0.6090384529471274,0.8934771734194112,0.9026900941602747,0.8536898097455915,0.8498495871428171,0.8805292420700982,0.799410721687612,0.8859720896155833,0.7445181306395053,0.7644990604661451,0.6986110012669589,0.8114120157674983,0.8717185721514225
0.834718592204644,0.730543362449441,0.34209373238605756,0.432844646737638,0.7444822176068512,0.9559378029414926,0.8997446887153914,0.8875861017392198,0.898543386779057,0.820380886815427,0.8096798880254584,0.6321957949226911,0.6852629334849852,0.4577194055021046,0.6940533350176094,0.7175372321205146,0.6106519107984089,0.6936927946005903,0.8038278350572731,0.9459845012571677,0.7105809301553812,0.8416226661487436,0.8354811344523919,0.9623882301698373,0.8535797593958729,0.7129741755043199,0.8751092489351537,0.8103955784092512,0.7930462204921396,0.8166245587576882,0.8754515069240258,0.8985852380383157,0.9389252935326576,0.9006893711469482,0.0,0.8918492737561969,0.8794006301207857,0.7523737820695048,0.8401731459846647,0.8500086261656171,0.8935823241465027,0.8228118290873662,0.8806739852694545,0.757037040294279,0.5560943702453472,0.9171379425355135,0.8257229825675193,0.8462782047329686,0.8635648356141375,0.82653455091569,0.8145016916173606,0.9109717560089973,0.8047222149564875,0.7330127570698034,0.6233267659627902,0.8327183021628902,0.9092978376847674
0.8561439260739637,0.7249044483788459,0.306583331860896,0.3687972730076583,0.7381111662025944,0.8198517979780385,0.835062252561869,0.826463188896391,0.8293435075170402,0.8118797716954229,0.7611653688911744,0.6044700326488015,0.6051250285697647,0.40742787022752325,0.6602867693960968,0.6772955761949534,0.5602657816780384,0.5906698488100531,0.7216407252836532,0.8855044262032828,0.6816300847403465,0.7941725055160094,0.7539094863826189,0.858266003443669,0.7364292116002016,0.6282665184274195,0.9000385521484626,0.8066986704311695,0.6336109973276972,0.8269093755232583,0.7903448166958446,0.8325937133803618,0.8296211615964897,0.8359196335262925,0.8918492737561969,0.0,0.8146469648956676,0.7654963511208714,0.7686055189012043,0.8331542727231734,0.7977878982105442,0.8149441201208099,0.7633873985528216,0.6500829639021118,0.5815384977720517,0.8517567864328228,0.7721312857591385,0.8144955962590533,0.8135377767054428,0.7610674991015043,0.7836809980660683,0.8417027174272911,0.7222382888515504,0.7448800211884797,0.6010390011091565,0.7104108932097127,0.8563550603081572
