Cingulate area 2,Frontal association cortex,Cornu ammonis 3,Dentate gyrus,Cornu ammonis 2,Cornu ammonis 1,Fasciola cinereum,Subiculum,Postrhinal cortex,Presubiculum,Parasubiculum,Perirhinal area 35,Perirhinal area 36,Medial entorhinal cortex,Lateral entorhinal cortex,Primary auditory area,"Secondary auditory area, dorsal part","Secondary auditory area, ventral part","Piriform cortex, layer 1","Piriform cortex, layer 2","Piriform cortex, layer 3",Ventrolateral orbital area,Lateral orbital area,Ventral orbital area,Medial orbital area,Dorsolateral orbital area,Prelimbic area,Secondary motor area,Frontal association area 3,Primary motor area,"Agranular insular cortex, ventral area",Agranular insular cortex dorsal area,Cingulate area 1,Infralimbic area,Dysgranular insular cortex,Granular insular cortex,"Primary somatosensory area, forelimb representation","Primary somatosensory area, dysgranular zone","Primary somatosensory area, face representation",Secondary somatosensory area,"Primary somatosensory area, hindlimb representation","Agranular insular cortex, posterior area","Primary somatosensory area, barrel field",Retrosplenial dysgranular area,"Primary somatosensory area, trunk representation",Retrosplenial granular area,"Parietal association cortex, lateral area","Parietal association cortex, medial area","Parietal association cortex, posterior area",Primary visual area,"Secondary visual area, lateral part",Temporal association cortex,"Secondary visual area, medial part"
0.0,0.3726573602384503,0.8935022724312471,0.7950907085005529,0.8867061517586122,0.8138580989749276,0.8077721112973524,0.7596024257789359,0.7282431161126895,0.7999814598112026,0.7494138738662323,0.8950262624937851,0.7098925741851444,0.8464885461339439,0.8123628562872203,0.7587948574072433,0.7537575897793783,0.721235286638341,0.764978714618372,0.7721108341140973,0.8116481352965271,0.6213311839124122,0.6715561273020123,0.6344961357273069,0.6554632057127594,0.5226817095599673,0.7324152130868636,0.7545724907505619,0.7239126677018332,0.8294389178814238,0.7319982563452725,0.5435352924231113,0.9706265108591688,0.838714335270687,0.838911856984298,0.7682163645299174,0.9058001155891443,0.8767037039652861,0.6941761923690836,0.907062888161181,0.8791036131129133,0.803358823682773,0.8423619269920894,0.8563662126052716,0.837671977374915,0.8128610912707711,0.7651705318523032,0.8152044966718702,0.6753608314457628,0.8031191115567752,0.7319846734928037,0.655901054881234,0.8241458296406565
0.3726573602384503,0.0,0.3959588592136851,0.32575568741584837,0.39361884157856225,0.409544621915397,0.31351987541481285,0.3824818679598007,0.48002457141953125,0.4144864423984688,0.4547067103613561,0.4131234568794304,0.48994620559458785,0.4328963880459861,0.48892493733890413,0.44529384669825406,0.4562589343145474,0.4949077895400424,0.5992247033717907,0.5478038584157486,0.5233692753963535,0.7496443476572614,0.7018742834750842,0.7821294001722876,0.7406506335642582,0.8354748055448135,0.5719378556183914,0.5823973979890311,0.5887739990830125,0.5117883621402168,0.5745270742570205,0.7212226643461928,0.4136841279452069,0.4088212268095512,0.5941046974673724,0.5736596295176116,0.42412369247129394,0.373466046027111,0.5893676713956758,0.47550388260176285,0.4399548473258337,0.5313466054866435,0.40244499295694375,0.3991498211283748,0.37471028181292504,0.3870841338639814,0.2617687567289188,0.3163132546540932,0.5666555757560511,0.40307332025426956,0.5477598715548349,0.5296246308387593,0.35194609028484247
0.8935022724312471,0.3959588592136851,0.0,0.9001980739128692,1.0,0.9824783420938324,0.9232342201262955,0.9766575463098016,0.841725111128002,0.9773787938061439,0.9624433140582322,1.0,0.8992685445130911,0.8861246930835498,0.9385216751293451,0.962172083605536,0.8752379372600991,0.9068158928694054,0.9074281250780514,0.9389273101749674,0.8945688411689451,0.6480898002427158,0.6510565959774017,0.6540076088447677,0.7251093334281898,0.5787342673864702,0.6920609572255813,0.7297117855772601,0.7746935650375171,0.8515428059966548,0.8550845406125758,0.5909790325405727,0.9148976058945508,0.7318808419734261,0.8698119675522986,0.8115282579377567,0.8632902346720115,0.9512323425405724,0.7350717473043238,0.8410919804132816,0.9643019845063802,0.8240171214121281,0.9814857958633852,0.9928645823926732,0.9245101633811847,0.9906408843013447,0.8248210422159175,0.9412253798069367,0.8227252005372402,0.943834158394232,0.8831753978593874,0.8157231866337293,1.0
0.7950907085005529,0.32575568741584837,0.9001980739128692,0.0,0.8719451292794802,0.9162009063160728,0.9652408034925607,0.8928958211170971,0.7170337390434931,0.8494423785862405,0.8248861405036608,0.8543922397154146,0.7164731167081563,0.8682800819751357,0.8811047298053927,0.8239688363528279,0.8028421636519297,0.7851247207600307,0.724140563317978,0.741194678452329,0.7802616014599285,0.5699498493159407,0.5470086792422051,0.5609766146231121,0.6168522733253436,0.4658747139301319,0.6694236090053058,0.6635277118308928,0.6214687693384483,0.7630833565250931,0.6468808951087381,0.4685606212959808,0.8764108129299334,0.68581156903064,0.7243611090349625,0.6591186192024,0.7986741052114086,0.8811506190304248,0.6171755239528348,0.8199682130443517,0.830509288338613,0.7254684126085729,0.9023479740617313,0.9353378148213258,0.9143944048551981,0.8841517099086187,0.8527451144625359,0.9226744307628056,0.6991256648711773,0.8546159135382182,0.7433732380053112,0.695731508080903,1.0
0.8867061517586122,0.39361884157856225,1.0,0.8719451292794802,0.0,0.9876076454728029,0.8572351692476687,0.9794308042582236,0.9343205494714506,0.9717646843435529,0.9774400156424295,0.9999454849795164,0.9020114441152006,0.9964335029951422,0.9991188195984856,0.9775240709264928,0.9727720365067146,0.977083164834966,0.9246701942072972,0.9303033177274331,0.9077237329249119,0.6950280090970462,0.6776659448382575,0.6903860874538532,0.7604320556950883,0.5964347057946576,0.6758033069745887,0.785163962454332,0.8047702892549488,0.8896905431771966,0.8672468433268273,0.6150443640223524,0.9130182090138111,0.7065556133767703,0.8672887132516998,0.8340695802775275,0.8273084846957143,0.9432929274018732,0.7693735002802637,0.8849936229715525,0.9110816977815748,0.8802806178796315,0.9692392088993188,0.9711385414500867,0.9757735561417613,0.9850056781505392,0.8290781387586832,0.9087668241767864,0.8339286502572204,0.9903579665796971,0.9990188067097279,0.8663662040158467,1.0
0.8138580989749276,0.409544621915397,0.9824783420938324,0.9162009063160728,0.9876076454728029,0.0,0.8772558979196341,0.9279182281143025,0.8484450180425323,0.9881389843896683,0.9217527639098344,0.9569182426536308,0.8660921173438259,0.9336393645755136,0.9464352046930923,0.9200642036310674,0.887227415930362,0.8911027528837234,0.88960988562624,0.8310607728922664,0.9003989266764942,0.6692213323809243,0.6589260247345343,0.7009889387634011,0.7527282861795476,0.5723362483139286,0.7103864889310884,0.7471456789575525,0.7554085322033803,0.8840975856658359,0.8071966022037659,0.5859023816164988,0.9197516224975634,0.7293822451264714,0.8513980712571224,0.7967478351372883,0.8451276609734747,0.9885726550173876,0.7689892044857187,0.8942812590714742,0.9223303995416944,0.7867927490967451,0.9017890348348683,0.9427592099976266,0.949108326599308,0.9415773496287078,0.8036409322670147,0.914736475423583,0.8416872284643606,0.9433572410236775,0.8704156618077608,0.8150928804414913,0.9949653452137023
0.8077721112973524,0.31351987541481285,0.9232342201262955,0.9652408034925607,0.8572351692476687,0.8772558979196341,0.0,0.8443952502725359,0.6878386595168192,0.8032417422968537,0.7561792262668932,0.8184902238074583,0.6911570013513204,0.8441620481256277,0.7635860988914046,0.748134335398845,0.7373059216663669,0.7409243113019608,0.7469014230187191,0.6876872522352394,0.7511123479506139,0.532695238719793,0.5153391664388928,0.5368161882347667,0.5792993576673826,0.4527573464120209,0.6166895457241871,0.6362491191502389,0.6378231397250111,0.709970854908536,0.6578954646196513,0.4615357981671148,0.8404296893230698,0.6425937126183936,0.7005975575713973,0.6389980071914155,0.7600623271180337,0.8563461953813055,0.5933718932866838,0.7461333583211874,0.8181394942656974,0.6612837138762725,0.8349534785174086,0.8453368481578528,0.868243449237961,0.9036173104070232,0.7673601927395012,0.8983608683299683,0.6511183909993704,0.8113527130289435,0.7179880241585457,0.6651407934050012,0.9536666458490597
0.7596024257789359,0.3824818679598007,0.9766575463098016,0.8928958211170971,0.9794308042582236,0.9279182281143025,0.8443952502725359,0.0,0.8708378016194754,0.9157712231521078,0.9474277641718195,0.9346213058001865,0.8458812350938809,0.8999518338126434,0.9197435538610902,0.839037097147735,0.8720416953300355,0.8885436952016661,0.8375073402136098,0.8908608781110116,0.8866250087693286,0.6541922180206705,0.6423141332624012,0.6366876897974937,0.6649327850227144,0.5793033627967004,0.6652789277457987,0.703865969398255,0.7524455019985241,0.7892410156211863,0.7703764125982491,0.5892772277932762,0.8098019762327174,0.6894891178332635,0.8354966361553403,0.7272133763417232,0.8314787794258518,0.8612795709578822,0.7246433394515077,0.8182325610540981,0.8784906796740958,0.7651051218033704,0.9343871865998845,0.9124927138181586,0.8833241972832926,0.9708556045244647,0.7512039428942852,0.8073346783113889,0.8216077865854576,0.8956739109002775,0.8532174468906372,0.8033418086328659,0.8971757941948507
0.7282431161126895,0.48002457141953125,0.841725111128002,0.7170337390434931,0.9343205494714506,0.8484450180425323,0.6878386595168192,0.8708378016194754,0.0,0.901508347911062,0.9035157166755464,0.949254333234767,0.9506604259399641,0.8765958486696491,0.9603176341125108,0.9581321428686476,0.9266222187301599,0.9673045818556427,0.9346150314574412,0.8590922918173318,0.8898248153904318,0.7986427517691705,0.7402828528374671,0.7661699698555474,0.8277524457125978,0.6810430729196597,0.7067578240755675,0.7655779971234564,0.8221868154995272,0.8116799463513809,0.9112553977108758,0.7192121892979085,0.7789142826568005,0.7081521973622572,0.9181711197394349,0.8437341239716348,0.7535798184750231,0.7675581520155004,0.7870009202732213,0.8808846896483934,0.8263003995781352,0.8826346715235541,0.8535622926760591,0.8437091108139503,0.8462808298335465,0.8341000521560945,0.6403504271573482,0.7430310499635332,0.8932827233263763,0.8917119479495696,0.9746372648903929,0.9151719361031471,0.7911849337006029
0.7999814598112026,0.4144864423984688,0.9773787938061439,0.8494423785862405,0.9717646843435529,0.9881389843896683,0.8032417422968537,0.9157712231521078,0.901508347911062,0.0,0.9882168225815834,0.9777949352048375,0.8888281457587284,0.9275479039202624,0.9810261633691059,1.0,0.951319276747694,0.9496548602254314,0.9170895072130503,0.8843735222463323,0.8939207206508593,0.6963101921747292,0.6939037307957873,0.7122924836820996,0.7660155370655277,0.5834818740238544,0.7296091559841094,0.7573951341378534,0.7786871070401149,0.8481824315992252,0.8665583247681014,0.6368806873095917,0.8586059887221126,0.706205963042149,0.9050924529709982,0.7465694362297187,0.8168888731336833,0.8760312839493108,0.7391175076655994,0.8634314872477754,0.874877225735021,0.8086308196771191,0.9461490001867262,0.9362841268844497,0.8931026580387517,0.9405110529967948,0.7585128847087949,0.852604579695522,0.8628558956968031,0.9939288652547096,0.9330068091090716,0.9093368915657998,0.895154375677385
0.7494138738662323,0.4547067103613561,0.9624433140582322,0.8248861405036608,0.9774400156424295,0.9217527639098344,0.7561792262668932,0.9474277641718195,0.9035157166755464,0.9882168225815834,0.0,0.9365864694340391,0.9350311968190453,0.9665925027007017,0.9643104220227444,0.9914306708693891,0.9410193886160201,0.9903121676722242,0.8915887008702063,0.8862329284796132,0.878384472921937,0.7499095719261538,0.7368701111273429,0.749682154309304,0.7619566804625535,0.645883134437835,0.7113799353115141,0.7922555735361446,0.8255450458553029,0.8198104561062908,0.8114336493439298,0.6351289817868592,0.7798350025008882,0.6815325019007242,0.8690649776414019,0.8371707332743019,0.800406717585687,0.8384016407550374,0.7660634065013027,0.8629143544716728,0.9048708915699674,0.8619029519476916,0.8950212759793855,0.9239719560021759,0.9129626846000483,0.9435833477881241,0.7178103155334578,0.7814272989550664,0.8883029829747501,0.9130573463038322,1.0,0.8981872251498324,0.90370971375091
0.8950262624937851,0.4131234568794304,1.0,0.8543922397154146,0.9999454849795164,0.9569182426536308,0.8184902238074583,0.9346213058001865,0.949254333234767,0.9777949352048375,0.9365864694340391,0.0,0.99310381425862,0.9574957360825058,1.0,0.998678023688099,0.961440103661744,0.9713783034765054,0.9087984589493168,0.950205674039699,0.9428920974044854,0.7216799630877121,0.725217885036154,0.7213912796655635,0.7452860197838564,0.6014687564192394,0.7010296294690063,0.7978435943251397,0.7768219893268864,0.8541576879367667,0.9461826944221838,0.6655697741037248,0.8934200260205936,0.7503876380636226,0.9560150096262532,0.9338582259373993,0.8027269130802828,0.9296373702281931,0.7848030008974187,0.9603916902746459,0.8687299847568106,0.9494929889334653,0.9358245145906753,0.921947828055843,0.9045408503801394,0.9556348004870999,0.7800187615760406,0.7996395120730055,0.8765083897091414,1.0,0.96353928149836,0.8942588892825956,0.9614026337003008
0.7098925741851444,0.48994620559458785,0.8992685445130911,0.7164731167081563,0.9020114441152006,0.8660921173438259,0.6911570013513204,0.8458812350938809,0.9506604259399641,0.8888281457587284,0.9350311968190453,0.99310381425862,0.0,0.8670629628443961,0.9663250768013174,0.9470384610654455,0.9032998102566017,0.9475374949024961,0.8974636229071216,0.9904988677304228,0.894461234798641,0.7268277878282874,0.7497225348700204,0.779608992944698,0.8058989471055706,0.6822100781718388,0.6911991303401054,0.7495437299019757,0.7927288796361508,0.8013007547164184,0.9147516551742477,0.7655434199965452,0.7814840327537962,0.6866537365627375,0.9189310196923,0.8362416532593148,0.7756367265848912,0.8195448598520443,0.8244894598810428,0.7884346230470396,0.8351981986722822,0.8782323991823829,0.8402251874213165,0.9058605450082395,0.8124781073012518,0.7986406275254772,0.6367903347692816,0.7312420105963249,0.9621606071847946,0.9089966812662715,1.0,0.924091278888633,0.823199923051422
0.8464885461339439,0.4328963880459861,0.8861246930835498,0.8682800819751357,0.9964335029951422,0.9336393645755136,0.8441620481256277,0.8999518338126434,0.8765958486696491,0.9275479039202624,0.9665925027007017,0.9574957360825058,0.8670629628443961,0.0,0.9973812011937272,0.9145988726738737,0.9207651358305791,0.9097803616678946,0.8744511188918411,0.8633698848383227,0.950059163105064,0.7424621689716773,0.756448253009614,0.7512263401585679,0.798426187573381,0.6358512983611394,0.7800546644777441,0.8573614889313288,0.8390584682467818,0.8269181970675303,0.8589167839795209,0.6021456774369547,0.9258969303526356,0.7627788480905464,0.9014472069759777,0.8319322390479736,0.8402097810419769,0.8797002555502997,0.8380508232725836,1.0,0.9089703477234083,0.898319151956408,1.0,0.927445572769194,0.8959261136281627,0.8846961761276796,0.79909351507893,0.8154959277871572,0.8171616482847901,0.9525383769906816,0.8935378154682995,0.8242662796600272,0.941997538953948
0.8123628562872203,0.48892493733890413,0.9385216751293451,0.8811047298053927,0.9991188195984856,0.9464352046930923,0.7635860988914046,0.9197435538610902,0.9603176341125108,0.9810261633691059,0.9643104220227444,1.0,0.9663250768013174,0.9973812011937272,0.0,1.0,0.9664592125010921,0.9866052835023268,0.9526454277396589,1.0,0.9032193108917843,0.8044158244416992,0.7796763860748245,0.836597582931088,0.8237692707865534,0.7087051850314076,0.746342845387471,0.8292884312023369,0.8803020886420713,0.85863027676208,0.9778611345905405,0.7078809036593657,0.8619398237559736,0.7797796225125676,0.9758983831981569,0.8952311639080689,0.8254127748491911,0.9123973923855756,0.8460859696507389,0.9833092790250171,0.9595388419096033,0.921682060745811,0.9656650079519491,0.9941697694550463,0.9426848738819983,0.9432950690681758,0.7352429919147652,0.7259972234168474,0.9456449043969809,1.0,0.9909753106585927,0.9504039020342612,0.9462321983161534
0.7587948574072433,0.44529384669825406,0.962172083605536,0.8239688363528279,0.9775240709264928,0.9200642036310674,0.748134335398845,0.839037097147735,0.9581321428686476,1.0,0.9914306708693891,0.998678023688099,0.9470384610654455,0.9145988726738737,1.0,0.0,0.9823498248652817,0.9746559932773813,0.8967425359642996,0.9081273284733963,0.9064904877637545,0.7432878220338432,0.7590069343991257,0.7358328839010988,0.7890334961292605,0.6386374199771676,0.6734042562197314,0.8027551619745504,0.7722763428846218,0.8249763772555422,0.8892432880231197,0.656155388266126,0.8262523049685893,0.7313663762050017,0.9105398962695499,0.8469785953578454,0.7860822489261523,0.8775340736384815,0.7718254460403263,0.9540413260524667,0.8014206539951846,0.859672511975289,0.974247384240658,0.9355963704552192,0.8522820639848024,0.8715972817069092,0.8001707402639224,0.7842742438486483,0.8868437282722778,0.9834771887052227,0.953590906269763,0.9405162657727301,0.8779406670085564
0.7537575897793783,0.4562589343145474,0.8752379372600991,0.8028421636519297,0.9727720365067146,0.887227415930362,0.7373059216663669,0.8720416953300355,0.9266222187301599,0.951319276747694,0.9410193886160201,0.961440103661744,0.9032998102566017,0.9207651358305791,0.9664592125010921,0.9823498248652817,0.0,0.9914249633810479,0.9071584000560087,0.8901202907923618,0.8790779709373829,0.7340177637434478,0.7311685762003146,0.7570718009169185,0.8189565863895846,0.596212163614491,0.6860506046976088,0.8086295907582346,0.7644509410291191,0.8619587808531021,0.8287140158197314,0.6460716262278172,0.840018422594679,0.7517012571732341,0.8981368133871921,0.8011276661097466,0.7411050518922603,0.8641838369478637,0.7705217324060805,0.9051712069922947,0.8212566814243465,0.8570841708238225,0.9926177568752085,0.9325482205818153,0.8863874626620557,0.8710966463891887,0.7349979384118116,0.806342410960915,0.9072958242203752,1.0,0.9595461930819631,0.8806275979520152,0.8380099864957089
0.721235286638341,0.4949077895400424,0.9068158928694054,0.7851247207600307,0.977083164834966,0.8911027528837234,0.7409243113019608,0.8885436952016661,0.9673045818556427,0.9496548602254314,0.9903121676722242,0.9713783034765054,0.9475374949024961,0.9097803616678946,0.9866052835023268,0.9746559932773813,0.9914249633810479,0.0,0.9131045023781901,0.9327483915343302,0.8835102577265875,0.7363022230321614,0.7412032374221289,0.7257064324661652,0.7980333791921856,0.6597509535910926,0.6784608762192198,0.7433941591599058,0.7507235054407291,0.8171820826034665,0.9254153014794193,0.6626261267545991,0.7844449747180152,0.6578993164273554,0.9149932119783357,0.8197231588394562,0.7100615392138493,0.8183811851344522,0.7295457735203456,0.8734076444322206,0.8089518030662016,0.8375562335852073,0.8788743286683108,0.9449599197260937,0.8964859932804066,0.9145569422189357,0.6643462609714879,0.775471288104935,1.0,0.9707305252720368,0.9736141508821198,0.9533899268192597,0.87253457566247
0.764978714618372,0.5992247033717907,0.9074281250780514,0.724140563317978,0.9246701942072972,0.88960988562624,0.7469014230187191,0.8375073402136098,0.9346150314574412,0.9170895072130503,0.8915887008702063,0.9087984589493168,0.8974636229071216,0.8744511188918411,0.9526454277396589,0.8967425359642996,0.9071584000560087,0.9131045023781901,0.0,0.980244204760088,1.0,0.9903411067472854,0.9554893214688306,0.8879970898695765,0.964733078317304,0.8268724882149984,0.9213793668243088,0.9635096422120778,1.0,0.9537485824087459,1.0,0.8361372603472036,0.9062787884034129,0.8030712562056685,1.0,0.9192652125772982,0.9001273215945598,0.8724831038057974,0.9318115953644706,0.9230622955746184,0.962885455767446,0.9790732536642298,0.9297089471743029,0.8529741540487639,0.8001376092577237,0.8929902065340777,0.5928000457307836,0.7476908092701425,0.9173361944034398,0.8403938279565204,0.9661930999901023,0.9216605222121869,0.8141309451426677
0.7721108341140973,0.5478038584157486,0.9389273101749674,0.741194678452329,0.9303033177274331,0.8310607728922664,0.6876872522352394,0.8908608781110116,0.8590922918173318,0.8843735222463323,0.8862329284796132,0.950205674039699,0.9904988677304228,0.8633698848383227,1.0,0.9081273284733963,0.8901202907923618,0.9327483915343302,0.980244204760088,0.0,0.9947726353041054,0.8884172726008603,0.9637797740811463,0.8382392159062317,0.9100150726999104,0.7988887130743904,0.7968224532187811,0.883680492111714,0.9683784869317799,0.9652761158404916,1.0,0.8157072160525908,0.830106012304524,0.7854641392674278,0.9765675513985687,0.8879510827151126,0.8126828779791299,0.8704253146200919,0.9176236743306525,0.9488125529713491,0.8608308839764166,0.9218413488651408,0.8841734904409321,0.9048617450948092,0.7972590968207648,0.8185889906565654,0.5876575185446556,0.704402272983151,0.9404845978590752,0.8371950184962442,1.0,0.9495732034511424,0.7914842449645003
0.8116481352965271,0.5233692753963535,0.8945688411689451,0.7802616014599285,0.9077237329249119,0.9003989266764942,0.7511123479506139,0.8866250087693286,0.8898248153904318,0.8939207206508593,0.878384472921937,0.9428920974044854,0.894461234798641,0.950059163105064,0.9032193108917843,0.9064904877637545,0.8790779709373829,0.8835102577265875,1.0,0.9947726353041054,0.0,0.8892830696686187,0.8995216634917772,0.8160288209596541,0.8756104095481589,0.7758041320233632,0.8405248081100483,0.8914573864213092,0.9535221984836921,0.9394344925741542,0.9473637787211371,0.7251327725479433,0.9633922457236664,0.8065104713293441,0.996692428255842,0.8982957997370354,0.895167702723146,0.9184216529639244,0.8564257832959807,0.9553213191360825,0.9575526284712859,0.9605362732106179,1.0,0.900509206688736,0.8189113579456395,0.8587473599949259,0.6195587107837057,0.7252536168108387,0.8466163618977001,0.8686028132326252,0.9184592287625075,0.8122317856304467,0.837352900743502
0.6213311839124122,0.7496443476572614,0.6480898002427158,0.5699498493159407,0.6950280090970462,0.6692213323809243,0.532695238719793,0.6541922180206705,0.7986427517691705,0.6963101921747292,0.7499095719261538,0.7216799630877121,0.7268277878282874,0.7424621689716773,0.8044158244416992,0.7432878220338432,0.7340177637434478,0.7363022230321614,0.9903411067472854,0.8884172726008603,0.8892830696686187,0.0,0.9742583646460555,0.9901171120904068,0.9657115927767279,0.9753311294730992,0.8503404572335207,0.9307104134004496,0.9048946163407461,0.842359363901689,0.8904629965250066,0.8590074442875187,0.7249647827356233,0.7053513184385707,0.8392242439765518,0.8316460554004352,0.7145570876916959,0.6749856554014441,0.8573619964706267,0.7948982794881629,0.764222074763917,0.8387751462807539,0.713517896737207,0.6964580558466617,0.5847927904987654,0.6496745447491225,0.4325908712474368,0.5337438694273049,0.8291638531842099,0.665038428017187,0.7884326264202569,0.7953101138478137,0.5923566011156408
0.6715561273020123,0.7018742834750842,0.6510565959774017,0.5470086792422051,0.6776659448382575,0.6589260247345343,0.5153391664388928,0.6423141332624012,0.7402828528374671,0.6939037307957873,0.7368701111273429,0.725217885036154,0.7497225348700204,0.756448253009614,0.7796763860748245,0.7590069343991257,0.7311685762003146,0.7412032374221289,0.9554893214688306,0.9637797740811463,0.8995216634917772,0.9742583646460555,0.0,0.9476928776886238,0.8910680916812872,0.9539358706869472,0.8428609315934544,0.8732941608945515,0.9528497094851728,0.8333902166522338,0.9458244695911275,0.895044936877055,0.722420203838266,0.7284195952846014,0.9234724796633402,0.8802577183556864,0.7398500290774614,0.7243951602679896,0.939457484063346,0.7912705073592003,0.7458301231876922,0.8908077376598399,0.7095908275323142,0.6860807659407848,0.613060373426102,0.6112634022871275,0.4499111844565563,0.5140739741117318,0.8059981593380434,0.6532513294336814,0.7996222122434343,0.7976656833892495,0.5971269718629646
0.6344961357273069,0.7821294001722876,0.6540076088447677,0.5609766146231121,0.6903860874538532,0.7009889387634011,0.5368161882347667,0.6366876897974937,0.7661699698555474,0.7122924836820996,0.749682154309304,0.7213912796655635,0.779608992944698,0.7512263401585679,0.836597582931088,0.7358328839010988,0.7570718009169185,0.7257064324661652,0.8879970898695765,0.8382392159062317,0.8160288209596541,0.9901171120904068,0.9476928776886238,0.0,1.0,0.9367061787831233,0.9329307970471733,0.9360717156186538,0.8636547643976372,0.819881182716564,0.8763599554060577,0.8234405295104,0.7442715963176391,0.6794343812511164,0.9420919684593649,0.8806760594539558,0.7078333152877875,0.650162526200683,0.8553294329913871,0.766214225032271,0.6963981415604261,0.8544024487636125,0.6911959607893128,0.6916098613148691,0.6367314292934568,0.649426358181829,0.4386034756091609,0.5503423452911649,0.8315712169658634,0.6408235038253189,0.8628776419369609,0.8225662418534571,0.6246485141231133
0.6554632057127594,0.7406506335642582,0.7251093334281898,0.6168522733253436,0.7604320556950883,0.7527282861795476,0.5792993576673826,0.6649327850227144,0.8277524457125978,0.7660155370655277,0.7619566804625535,0.7452860197838564,0.8058989471055706,0.798426187573381,0.8237692707865534,0.7890334961292605,0.8189565863895846,0.7980333791921856,0.964733078317304,0.9100150726999104,0.8756104095481589,0.9657115927767279,0.8910680916812872,1.0,0.0,0.8433538716493992,0.9069855496933877,0.886180055649601,0.869388861447579,0.8255988543115661,0.8884870564964688,0.8337245048470917,0.751096254365656,0.7413429498768794,1.0,0.8528272310336558,0.7251093219558191,0.6739777631503092,0.8288357328973541,0.8408632970666272,0.7649346604588164,0.8682620374485791,0.7326110051934493,0.7321639711095425,0.6819265389270226,0.6825406800786071,0.47695186983767907,0.5959864842299005,0.8742763382500532,0.7292301699694452,0.8687799631362976,0.872993336071234,0.6370703118686182
0.5226817095599673,0.8354748055448135,0.5787342673864702,0.4658747139301319,0.5964347057946576,0.5723362483139286,0.4527573464120209,0.5793033627967004,0.6810430729196597,0.5834818740238544,0.645883134437835,0.6014687564192394,0.6822100781718388,0.6358512983611394,0.7087051850314076,0.6386374199771676,0.596212163614491,0.6597509535910926,0.8268724882149984,0.7988887130743904,0.7758041320233632,0.9753311294730992,0.9539358706869472,0.9367061787831233,0.8433538716493992,0.0,0.7780363954804591,0.7983712510853432,0.9379374518386739,0.7270102211407391,0.8520247575670158,0.914639392228458,0.6414996546942641,0.6193378621116026,0.8309928948035892,0.7851461459929632,0.6703015054879568,0.5797625190484159,0.7981134521665019,0.6821381913166836,0.6536199624058103,0.778412622039872,0.6053032926614803,0.5867855451277277,0.5267113442350037,0.5396987721876588,0.3535557293917042,0.43855046051132546,0.748024044677127,0.5441074661355528,0.7097087727924916,0.6788257614041462,0.5189098027992877
0.7324152130868636,0.5719378556183914,0.6920609572255813,0.6694236090053058,0.6758033069745887,0.7103864889310884,0.6166895457241871,0.6652789277457987,0.7067578240755675,0.7296091559841094,0.7113799353115141,0.7010296294690063,0.6911991303401054,0.7800546644777441,0.746342845387471,0.6734042562197314,0.6860506046976088,0.6784608762192198,0.9213793668243088,0.7968224532187811,0.8405248081100483,0.8503404572335207,0.8428609315934544,0.9329307970471733,0.9069855496933877,0.7780363954804591,0.0,0.8830598772343273,0.9421826952621262,0.8985339127929286,0.795492189647087,0.7544919764985256,0.8473906178101512,0.8358236024669706,0.9048956455331199,0.8389930798678024,0.8468299059534631,0.7387559779714961,0.8460880219897285,0.8776799225881495,0.8632565280047816,0.8438806152825777,0.7834897761088335,0.6776497717594065,0.6945828723895274,0.6306563751643578,0.49676468465700485,0.5819863321316436,0.6692336710732223,0.6452856675116703,0.7617868142119767,0.6816185553023697,0.6762855383410122
0.7545724907505619,0.5823973979890311,0.7297117855772601,0.6635277118308928,0.785163962454332,0.7471456789575525,0.6362491191502389,0.703865969398255,0.7655779971234564,0.7573951341378534,0.7922555735361446,0.7978435943251397,0.7495437299019757,0.8573614889313288,0.8292884312023369,0.8027551619745504,0.8086295907582346,0.7433941591599058,0.9635096422120778,0.883680492111714,0.8914573864213092,0.9307104134004496,0.8732941608945515,0.9360717156186538,0.886180055649601,0.7983712510853432,0.8830598772343273,0.0,0.9561970983932285,0.9400630936553491,0.9001773423292784,0.7659587879399448,0.8959853141273578,0.7930236704159104,0.9927659274512473,0.9337282531561251,0.8537171341221221,0.8234402674472128,0.8700369323742433,0.87931121004477,0.9118354913203424,0.8541127397092054,0.7881245740761125,0.7517200632065285,0.7068124742519382,0.722705781998316,0.5321995124252135,0.6412149329694304,0.7996517680812605,0.7416732298749033,0.8187810330334795,0.7601670577107753,0.7477609155186388
0.7239126677018332,0.5887739990830125,0.7746935650375171,0.6214687693384483,0.8047702892549488,0.7554085322033803,0.6378231397250111,0.7524455019985241,0.8221868154995272,0.7786871070401149,0.8255450458553029,0.7768219893268864,0.7927288796361508,0.8390584682467818,0.8803020886420713,0.7722763428846218,0.7644509410291191,0.7507235054407291,1.0,0.9683784869317799,0.9535221984836921,0.9048946163407461,0.9528497094851728,0.8636547643976372,0.869388861447579,0.9379374518386739,0.9421826952621262,0.9561970983932285,0.0,0.9267535794135011,1.0,0.8062718810940527,0.8745420002210615,0.7540033457597769,0.9585230806184324,0.8946230919978408,0.8641236487064511,0.8621696174891383,0.9301073301919333,0.877377288452132,0.8442424955654511,0.9185208699739545,0.8236156115411668,0.787737613922534,0.6539678133169002,0.6960992589101641,0.5157258279208369,0.5933888049229181,0.8187493838189941,0.7313736464205454,0.8560273110303569,0.7540153839807363,0.717499252406903
0.8294389178814238,0.5117883621402168,0.8515428059966548,0.7630833565250931,0.8896905431771966,0.8840975856658359,0.709970854908536,0.7892410156211863,0.8116799463513809,0.8481824315992252,0.8198104561062908,0.8541576879367667,0.8013007547164184,0.8269181970675303,0.85863027676208,0.8249763772555422,0.8619587808531021,0.8171820826034665,0.9537485824087459,0.9652761158404916,0.9394344925741542,0.842359363901689,0.8333902166522338,0.819881182716564,0.8255988543115661,0.7270102211407391,0.8985339127929286,0.9400630936553491,0.9267535794135011,0.0,0.9446304228011458,0.7387927652056335,0.9726093868313681,0.8033378581987992,0.9895913401038043,0.86960124586054,0.9209689784068372,0.88793501335163,0.9169086645176311,0.9001208823127531,0.9463709710550889,0.8558545190204242,0.9464087752226057,0.8389180747681977,0.8166599692294009,0.7894733452802785,0.6307963369689222,0.7329554495067233,0.7913217958519188,0.780094947880837,0.8790408591162988,0.7952243969743404,0.8141932319629183
0.7319982563452725,0.5745270742570205,0.8550845406125758,0.6468808951087381,0.8672468433268273,0.8071966022037659,0.6578954646196513,0.7703764125982491,0.9112553977108758,0.8665583247681014,0.8114336493439298,0.9461826944221838,0.9147516551742477,0.8589167839795209,0.9778611345905405,0.8892432880231197,0.8287140158197314,0.9254153014794193,1.0,1.0,0.9473637787211371,0.8904629965250066,0.9458244695911275,0.8763599554060577,0.8884870564964688,0.8520247575670158,0.795492189647087,0.9001773423292784,1.0,0.9446304228011458,0.0,0.8481237066679183,0.8275048278619129,0.7743217862261836,0.9786162782161015,0.9592078484570108,0.8049363786239375,0.8295809925088111,0.8751459429126545,0.9183653708010825,0.8655477049189996,0.9941693935629315,0.8538519363986513,0.828843137842127,0.7641882275741614,0.781348513046286,0.5469477202544544,0.650150073936296,0.9308253234147946,0.8483309541453171,0.9461959700335038,0.8942941366582281,0.7501154356058727
0.5435352924231113,0.7212226643461928,0.5909790325405727,0.4685606212959808,0.6150443640223524,0.5859023816164988,0.4615357981671148,0.5892772277932762,0.7192121892979085,0.6368806873095917,0.6351289817868592,0.6655697741037248,0.7655434199965452,0.6021456774369547,0.7078809036593657,0.656155388266126,0.6460716262278172,0.6626261267545991,0.8361372603472036,0.8157072160525908,0.7251327725479433,0.8590074442875187,0.895044936877055,0.8234405295104,0.8337245048470917,0.914639392228458,0.7544919764985256,0.7659587879399448,0.8062718810940527,0.7387927652056335,0.8481237066679183,0.0,0.633634282563404,0.6187141998061417,0.8132047829792449,0.7702216851175339,0.6722281555305718,0.6283519465891381,0.8462413837561138,0.7432933727315721,0.7037733322675218,0.8066180199323473,0.6189210670612205,0.6049566542409621,0.5344671640877457,0.5551653382935275,0.4094198644081589,0.4591838036596778,0.7484356764231758,0.6119378245347682,0.7694030212403677,0.7369962135683998,0.5153648170554398
0.9706265108591688,0.4136841279452069,0.9148976058945508,0.8764108129299334,0.9130182090138111,0.9197516224975634,0.8404296893230698,0.8098019762327174,0.7789142826568005,0.8586059887221126,0.7798350025008882,0.8934200260205936,0.7814840327537962,0.9258969303526356,0.8619398237559736,0.8262523049685893,0.840018422594679,0.7844449747180152,0.9062787884034129,0.830106012304524,0.9633922457236664,0.7249647827356233,0.722420203838266,0.7442715963176391,0.751096254365656,0.6414996546942641,0.8473906178101512,0.8959853141273578,0.8745420002210615,0.9726093868313681,0.8275048278619129,0.633634282563404,0.0,0.913490924459418,0.8937778781209229,0.8687596892308378,0.9602618093671323,0.9668576197353773,0.8197031343652925,0.9838472976865147,0.9867802833326955,0.9110578159257865,0.9609808053772022,0.8358917357411074,0.8622377242222128,0.864284688575087,0.706702464098802,0.8495225590135503,0.7351922232273339,0.8453449363468459,0.8420695801094354,0.746604919490743,0.9334539776817022
0.838714335270687,0.4088212268095512,0.7318808419734261,0.68581156903064,0.7065556133767703,0.7293822451264714,0.6425937126183936,0.6894891178332635,0.7081521973622572,0.706205963042149,0.6815325019007242,0.7503876380636226,0.6866537365627375,0.7627788480905464,0.7797796225125676,0.7313663762050017,0.7517012571732341,0.6578993164273554,0.8030712562056685,0.7854641392674278,0.8065104713293441,0.7053513184385707,0.7284195952846014,0.6794343812511164,0.7413429498768794,0.6193378621116026,0.8358236024669706,0.7930236704159104,0.7540033457597769,0.8033378581987992,0.7743217862261836,0.6187141998061417,0.913490924459418,0.0,0.8760246619450756,0.7930084366383157,0.8459943103246258,0.8579686238243266,0.7642281821794602,0.8656086318510666,0.782528113638665,0.8200084528663903,0.8345505436373811,0.7221175362510799,0.7137074797189212,0.6718541091883606,0.6123537258242268,0.6398290433998254,0.6343595723905198,0.6856406107496298,0.6975508502925575,0.6505470370275199,0.7335680463027746
0.838911856984298,0.5941046974673724,0.8698119675522986,0.7243611090349625,0.8672887132516998,0.8513980712571224,0.7005975575713973,0.8354966361553403,0.9181711197394349,0.9050924529709982,0.8690649776414019,0.9560150096262532,0.9189310196923,0.9014472069759777,0.9758983831981569,0.9105398962695499,0.8981368133871921,0.9149932119783357,1.0,0.9765675513985687,0.996692428255842,0.8392242439765518,0.9234724796633402,0.9420919684593649,1.0,0.8309928948035892,0.9048956455331199,0.9927659274512473,0.9585230806184324,0.9895913401038043,0.9786162782161015,0.8132047829792449,0.8937778781209229,0.8760246619450756,0.0,1.0,0.9325814253647424,0.889335854166036,0.9199682020417336,0.9449392700594617,0.9682709632938766,1.0,0.8942793597749856,0.8118252142205843,0.780831675368637,0.7587172754496718,0.5995506730064504,0.696952510890955,0.8876037420594318,0.8754313334612513,0.9881651679544862,0.9353905820791822,0.7869316408352406
0.7682163645299174,0.5736596295176116,0.8115282579377567,0.6591186192024,0.8340695802775275,0.7967478351372883,0.6389980071914155,0.7272133763417232,0.8437341239716348,0.7465694362297187,0.8371707332743019,0.9338582259373993,0.8362416532593148,0.8319322390479736,0.8952311639080689,0.8469785953578454,0.8011276661097466,0.8197231588394562,0.9192652125772982,0.8879510827151126,0.8982957997370354,0.8316460554004352,0.8802577183556864,0.8806760594539558,0.8528272310336558,0.7851461459929632,0.8389930798678024,0.9337282531561251,0.8946230919978408,0.86960124586054,0.9592078484570108,0.7702216851175339,0.8687596892308378,0.7930084366383157,1.0,0.0,0.8519155766049131,0.8097532203065283,0.9442503801164518,0.9215141827299301,0.8990101833247248,0.9476910878660182,0.8002391705557264,0.7515497631277914,0.715540918688429,0.7056895067488871,0.584247990917447,0.6508316050796252,0.801715181124411,0.7849559361547702,0.9096505275224109,0.7765446396358451,0.7258843718944401
0.9058001155891443,0.42412369247129394,0.8632902346720115,0.7986741052114086,0.8273084846957143,0.8451276609734747,0.7600623271180337,0.8314787794258518,0.7535798184750231,0.8168888731336833,0.800406717585687,0.8027269130802828,0.7756367265848912,0.8402097810419769,0.8254127748491911,0.7860822489261523,0.7411050518922603,0.7100615392138493,0.9001273215945598,0.8126828779791299,0.895167702723146,0.7145570876916959,0.7398500290774614,0.7078333152877875,0.7251093219558191,0.6703015054879568,0.8468299059534631,0.8537171341221221,0.8641236487064511,0.9209689784068372,0.8049363786239375,0.6722281555305718,0.9602618093671323,0.8459943103246258,0.9325814253647424,0.8519155766049131,0.0,0.9295372474567325,0.9026976243382288,0.9247677731415351,0.8977049524022798,0.9210299626471854,0.9011452870039182,0.8045935630046305,0.7756086554334194,0.7681464472915307,0.6925679994482,0.6907243047099736,0.7174611471096541,0.7585922283163437,0.7585361639304421,0.7051419377694781,0.8228723239406114
0.8767037039652861,0.373466046027111,0.9512323425405724,0.8811506190304248,0.9432929274018732,0.9885726550173876,0.8563461953813055,0.8612795709578822,0.7675581520155004,0.8760312839493108,0.8384016407550374,0.9296373702281931,0.8195448598520443,0.8797002555502997,0.9123973923855756,0.8775340736384815,0.8641838369478637,0.8183811851344522,0.8724831038057974,0.8704253146200919,0.9184216529639244,0.6749856554014441,0.7243951602679896,0.650162526200683,0.6739777631503092,0.5797625190484159,0.7387559779714961,0.8234402674472128,0.8621696174891383,0.88793501335163,0.8295809925088111,0.6283519465891381,0.9668576197353773,0.8579686238243266,0.889335854166036,0.8097532203065283,0.9295372474567325,0.0,0.8146543169431002,0.9363617861714996,0.9477096191695699,0.8202810161674213,0.9970228400158336,0.9185231543100789,0.8444905907529177,0.9289247579088553,0.7985817184969614,0.8176433622452915,0.7356526858255685,0.8706199486792268,0.7820843489616013,0.7365060611810735,0.9450706236587382
0.6941761923690836,0.5893676713956758,0.7350717473043238,0.6171755239528348,0.7693735002802637,0.7689892044857187,0.5933718932866838,0.7246433394515077,0.7870009202732213,0.7391175076655994,0.7660634065013027,0.7848030008974187,0.8244894598810428,0.8380508232725836,0.8460859696507389,0.7718254460403263,0.7705217324060805,0.7295457735203456,0.9318115953644706,0.9176236743306525,0.8564257832959807,0.8573619964706267,0.939457484063346,0.8553294329913871,0.8288357328973541,0.7981134521665019,0.8460880219897285,0.8700369323742433,0.9301073301919333,0.9169086645176311,0.8751459429126545,0.8462413837561138,0.8197031343652925,0.7642281821794602,0.9199682020417336,0.9442503801164518,0.9026976243382288,0.8146543169431002,0.0,0.846404172756723,0.8721769969323789,0.9010806841006315,0.7697334444027258,0.7374929798112912,0.6849853469586085,0.7144379860413562,0.5462846500910181,0.5983824737441613,0.7661495295255443,0.7349723370662635,0.831535287355408,0.7438300640153285,0.718147930382262
