Cingulate area 2,Frontal association cortex,Cornu ammonis 3,Dentate gyrus,Cornu ammonis 2,Cornu ammonis 1,Fasciola cinereum,Subiculum,Postrhinal cortex,Presubiculum,Parasubiculum,Perirhinal area 35,Perirhinal area 36,Medial entorhinal cortex,Lateral entorhinal cortex,Primary auditory area,"Secondary auditory area, dorsal part","Secondary auditory area, ventral part","Piriform cortex, layer 1","Piriform cortex, layer 2","Piriform cortex, layer 3",Ventrolateral orbital area,Lateral orbital area,Ventral orbital area,Medial orbital area,Dorsolateral orbital area,Prelimbic area,Secondary motor area,Frontal association area 3,Primary motor area,"Agranular insular cortex, ventral area",Agranular insular cortex dorsal area,Cingulate area 1,Infralimbic area,Dysgranular insular cortex,Granular insular cortex,"Primary somatosensory area, forelimb representation","Primary somatosensory area, dysgranular zone","Primary somatosensory area, face representation",Secondary somatosensory area,"Primary somatosensory area, hindlimb representation","Agranular insular cortex, posterior area","Primary somatosensory area, barrel field",Retrosplenial dysgranular area,"Primary somatosensory area, trunk representation",Retrosplenial granular area,"Parietal association cortex, lateral area","Parietal association cortex, medial area","Parietal association cortex, posterior area",Primary visual area,"Secondary visual area, lateral part",Temporal association cortex,"Secondary visual area, medial part"
0.0,0.5752614780292433,0.9524927996149893,0.9129266984319366,0.8293282303886749,0.8997907842899593,0.6513782495437094,0.7762326751284373,0.5970283939000438,0.6519241757111621,0.7179595923773935,0.5928220489975383,0.5869159688361166,0.7321645317293873,0.6613286598903978,0.6774232124201729,0.7880118406580963,0.5833249168437843,0.8197952052696734,0.7767769408570278,0.7764975238874643,0.7941013906554985,0.8592870700312703,0.7528861408836426,0.6828631603800398,0.7879226991015549,0.8242812382778801,0.7965673418619471,0.620843703337066,0.8553326467658146,0.8548136334409407,0.8804119767074837,1.0,0.9007583279445412,0.7836917803523883,0.7243139897967402,0.8750758660606929,0.8572197079460149,0.8330541949645347,0.5898395329147332,0.8529980270574496,0.6530774711564282,0.7906889640125735,0.8842539343005753,0.7952167086740886,0.8685812109417383,0.7782269350344552,0.7512644970625536,0.6432557558535292,0.8127260777458848,0.6824026755954815,0.6020918394652008,0.84548440951911
0.5752614780292433,0.0,0.7398902942413432,0.811648452594547,0.7621160286091873,0.7821354893199106,0.7994922125895421,0.7923272061743751,0.77395134065052,0.735278140285407,0.8513874294028729,0.8114574443979148,0.7733430617652071,0.8256178875648879,0.7878777784873606,0.7828897004125428,0.8000620351379526,0.7772228021695627,0.6675913628083763,0.6846733689380949,0.6621817472492598,0.8851718991519198,0.7975029612027082,0.8215768580056177,0.8919593380364667,0.7814702245954813,0.8069676045152913,0.8417334428624461,0.4736115404779299,0.5595137279246652,0.5771398820041425,0.5349123485202267,0.6014121802767194,0.8239175395610384,0.6696443281912572,0.6258658906501826,0.5640693664981895,0.5491549422186894,0.6603382273315946,0.7128326563864178,0.5977517532351686,0.6966116140021513,0.7669166280011204,0.8403547823054619,0.7300737255318559,0.7650512958758265,0.6260331451829705,0.8566993908230134,0.5064304823976211,0.8536724483643802,0.7606252637152913,0.7774677638669453,0.7334920045462001
0.9524927996149893,0.7398902942413432,0.0,1.0,0.9686900402732506,1.0,0.816950189692189,0.9743992680643333,0.8127051229270753,0.8604239078546949,0.8613554774931531,0.7410208741044618,0.7888575301420211,0.9141431505144381,0.883440964199788,0.9087249474173827,1.0,0.7862608253456433,0.8678017940127468,0.9140154906252201,0.9121622085046388,0.9710995619433329,0.9120802010474235,0.8287334942308482,0.8123797592092996,0.9431475633085612,0.9215048245680032,0.8365795381443834,0.6231041525960223,0.8187412052075376,0.8450757031025719,0.7652426619856842,0.8804850284164021,0.9372115339035728,0.8735400700812356,0.836037418928176,0.8307173458049059,0.8439057050234783,0.8765906176465458,0.7623837993602925,0.8877298760663154,0.8109277660276409,0.9483765040848371,0.9917372283773284,0.9406355049367815,0.9900646561035736,1.0,1.0,0.8520562167636425,0.9854642168000676,0.9631373273075918,0.757486205751064,0.9790440172241003
0.9129266984319366,0.811648452594547,1.0,0.0,0.9601842449619347,1.0,0.8724676289623806,0.9561845341385331,0.8844602282584582,0.9260996592626792,0.9889957236316367,0.8415963062540652,0.8300015004696356,0.9600343164424361,0.9357922849751589,0.9332360225879924,1.0,0.8903896547532324,0.8920592035035533,0.9783944277217108,0.8282308694411833,1.0,0.9721648174930414,0.8798497834275405,0.9277876003629815,0.9610234736809645,0.9360602288776717,0.8820948011741123,0.619035767606779,0.8239911183687473,0.8400971449438728,0.7301923944591086,0.8663313588490731,0.938923884254766,0.9574244965557459,0.8692592882099023,0.8079585886614662,0.8527816213580595,0.9061942972093849,0.8629236279470711,0.8713268941255875,0.9272002060921589,0.9650297969688971,1.0,0.9669497511510926,1.0,0.959087114952707,0.9898640866806252,0.7736078683426552,1.0,0.9821080734988356,0.8489541557175313,0.9826990951231144
0.8293282303886749,0.7621160286091873,0.9686900402732506,0.9601842449619347,0.0,0.9710027673540391,0.7889017242240765,0.9465432063883348,0.7877042207264424,0.8438872699901995,0.8307502697639083,0.7351109220118608,0.7815390127249874,0.8682277488527956,0.8843055261367968,0.8776356699660518,0.9128613028664079,0.7896592320368835,0.8364981426576201,0.8647832552465268,0.8353622367725201,0.8870968903550013,0.9077411130298705,0.8570319188368698,0.8103800561656094,0.9172394265939575,0.9722589361816211,0.8454410568076968,0.6054582623004111,0.7727129501346781,0.7804148422861746,0.6808543262766849,0.8104810192459714,0.8751061320988665,0.838175428741297,0.7858595101194764,0.7830532658964109,0.8199976900788146,0.803348266606005,0.7827964230597755,0.8439961969918818,0.8032485401631428,0.8975455723848751,0.9711767905091649,0.9414832471993145,0.932105751935771,0.9287371052623753,0.9627977649858893,0.7633760034477903,0.9483438260009409,0.884686040377495,0.7656052375916125,0.8915344182686303
0.8997907842899593,0.7821354893199106,1.0,1.0,0.9710027673540391,0.0,0.8561522613104071,0.9644921168764304,0.8287770088162693,0.9507111721733764,0.9812595530680465,0.9102571223861415,0.8797676397482138,0.9547072025658683,0.9339514224279495,0.967366080940788,1.0,0.8218529314564381,0.8840981498223986,0.9125862810974644,0.8884438714874543,1.0,0.9864610346295907,0.8922154096800624,0.9102340148742747,0.9973124698442538,0.9713691932024675,0.8890664683169309,0.5873494675755777,0.7967664154459705,0.8736674884202594,0.7305806197771928,0.8909855637567694,0.971594906155699,0.9454746219259643,0.9115102970834925,0.8250494312973106,0.8649103442576443,0.9214402445356434,0.8384456387894487,0.8605666207726103,0.878970800144916,0.9579732003846431,0.9856397253531824,1.0,1.0,0.9413763800361475,0.9999243126162654,0.8074655817279393,0.9809360458364854,0.9654458401553262,0.8747175364558989,0.9669855920656425
0.6513782495437094,0.7994922125895421,0.816950189692189,0.8724676289623806,0.7889017242240765,0.8561522613104071,0.0,0.8139640202652626,0.8658423689567962,0.7829231177889632,0.8214705970710697,0.8672673377450015,0.8243558309472275,0.8405598089623237,0.864412781883406,0.9394868514994327,0.9249636237745108,0.8096093196242459,0.7952272649873031,0.7999033401852903,0.7961988080392818,0.8546663249720076,0.8597842697378167,0.7851905121357811,0.9314500905645685,0.8770607147221038,0.8012318090472001,0.8127419059725923,0.5074315780167868,0.6345060355546956,0.6505184075366917,0.5844844889337042,0.6626849074003911,0.8195369854165658,0.8154305398970754,0.7940930209382727,0.6229312298451957,0.625601584439752,0.769713390972246,0.8572454154252604,0.6633672218368236,0.823645013750235,0.8562965449880973,0.8373709103198014,0.7782309183280268,0.8341338128501159,0.6761658709697423,0.796747744812953,0.6039887468118474,0.868498610329114,0.8209474280345195,0.7703020368567615,0.7758373528023518
0.7762326751284373,0.7923272061743751,0.9743992680643333,0.9561845341385331,0.9465432063883348,0.9644921168764304,0.8139640202652626,0.0,0.8948404399055743,0.8877549872549846,0.8963710534980291,0.8518218233609604,0.8037061132358565,0.8786100540292969,0.9798360481721735,0.8305740865759056,0.9460572900533235,0.801342868012122,0.7588679303253636,0.8067163169329521,0.7890942445758288,0.972775025963659,0.8301356580885442,0.8772328409060804,0.833514514537505,0.9074988794016402,0.8800719935065883,0.794013260297401,0.529009802056388,0.686270766514562,0.6873320336587547,0.604411334912576,0.7487717027954369,0.849118091863109,0.7601009685069026,0.7469846796109437,0.7008840863572348,0.7056001561839857,0.7403311711438472,0.8083087330825075,0.7762418568945407,0.8594194849184746,0.8483907344054705,0.8587615841995869,0.9270269473588977,0.9171501314719953,0.8687366146193152,1.0,0.8175080349767905,0.9625323066272461,0.9423243860581477,0.8436332959096613,0.8678526425627257
0.5970283939000438,0.77395134065052,0.8127051229270753,0.8844602282584582,0.7877042207264424,0.8287770088162693,0.8658423689567962,0.8948404399055743,0.0,0.9276082710075984,0.9840678381150919,0.9942683000489982,0.9990320998838381,0.8708888163614231,0.9859070706341885,0.9563940531813053,0.9921893623897443,0.9223144693864952,0.7522910542829165,0.7151448416565185,0.6889928396617642,0.8532051465650216,0.8265477882907181,0.8246295111898739,0.9675802250951653,0.8693779972052118,0.8022043038685671,0.7911854609419768,0.4477767958702289,0.5647227385082615,0.5684604653462184,0.49974097543069906,0.6025762821898943,0.7871195084630989,0.7216115059312969,0.711015136450736,0.5409935163343618,0.5698664826543529,0.6869392739705467,0.8395155313867736,0.6390477009207544,0.7944855013646964,0.8118749989828848,0.8493120003479389,0.8104456942742362,0.859241511081296,0.653260837621184,0.8117714327832498,0.6564031201830769,0.9158004177964306,0.9679204642400294,0.9266390413258487,0.7689777944945713
0.6519241757111621,0.735278140285407,0.8604239078546949,0.9260996592626792,0.8438872699901995,0.9507111721733764,0.7829231177889632,0.8877549872549846,0.9276082710075984,0.0,1.0,0.8453941728704245,0.847135199154744,0.9157651370503815,0.8805699357682182,0.8785809085372155,0.9098078373649684,0.9208639719622606,0.672396854521885,0.7160633403191521,0.6821138480116846,0.8365210091383226,0.7769443918563985,0.6793121538161015,0.8207296487728275,0.8522003894391247,0.7577031679674897,0.7189630579581281,0.4412802805509744,0.5584475876971875,0.6052548084998973,0.5141521388390066,0.6182816982823409,0.7925493850457604,0.70021503292092,0.67113372033117,0.5696845533898044,0.5822245996770281,0.6721991225509507,0.7854896059583089,0.6441681477874968,0.7474377670353684,0.7391854408523476,0.8333518697964541,0.8578319892186681,0.8757153234317152,0.719405822436191,0.7805539605571465,0.7070601373691162,0.9369207490117591,0.9110358427660012,0.8001412924630776,0.7449380992865827
0.7179595923773935,0.8513874294028729,0.8613554774931531,0.9889957236316367,0.8307502697639083,0.9812595530680465,0.8214705970710697,0.8963710534980291,0.9840678381150919,1.0,0.0,0.9550433588253191,0.9308879914320258,0.9408558985700469,0.8810094600637947,0.947076792816633,0.9783142477238497,0.8975656273705729,0.7591772423414266,0.7413490548028729,0.7302530339656556,0.8567828888197121,0.8386350145878441,0.7671531794840631,1.0,0.8764150731520971,0.8463341418633121,0.8390833899220312,0.4577010211186404,0.5837678854401825,0.635643416115627,0.5613025900137258,0.6965954571336819,0.8457294876591818,0.7689690777613805,0.7389496516359296,0.6336047944126233,0.6367633914710055,0.7234515651998776,0.80227275235542,0.6707126468577543,0.7514542757268869,0.8340594068786883,0.9233079224667684,0.8466127438685958,0.9163192057413727,0.6940160836532895,0.8050958265685679,0.6515474870865512,0.9864234791427853,0.9681227953321737,0.8305401833886353,0.7988625431695747
0.5928220489975383,0.8114574443979148,0.7410208741044618,0.8415963062540652,0.7351109220118608,0.9102571223861415,0.8672673377450015,0.8518218233609604,0.9942683000489982,0.8453941728704245,0.9550433588253191,0.0,1.0,0.8996698565713336,0.8995261454891914,0.9343197317909127,0.9650823525748397,0.9365234663312724,0.7539294650800907,0.7086720492543036,0.6851403796922795,0.8468058246230422,0.7937482306291731,0.78181398717536,0.9911825405722167,0.8708512531071236,0.7499477853287826,0.7790027106038795,0.43867141343565547,0.5591305543991417,0.5670433667933602,0.5058923125695608,0.5824312424682718,0.7456408892811324,0.7342175561611025,0.7359796602713732,0.5514063652153386,0.5511042771973745,0.6661689679387245,0.8936512500159065,0.6150020047057123,0.8355840617122834,0.8554361122766773,0.8438548131474317,0.7741659043312416,0.868952168807317,0.6249643075469165,0.7743234328064599,0.6190681792907509,0.8572650340708098,0.970297121572106,0.9224035960652195,0.7413931459626356
0.5869159688361166,0.7733430617652071,0.7888575301420211,0.8300015004696356,0.7815390127249874,0.8797676397482138,0.8243558309472275,0.8037061132358565,0.9990320998838381,0.847135199154744,0.9308879914320258,1.0,0.0,0.8693477029973432,0.9094461444189703,0.9545659256108562,0.9384857100685553,0.9361776106101126,0.7574164705445899,0.6987542234463001,0.6711837783436228,0.8354808504638274,0.777915967468882,0.7305963417896586,0.9498076572423143,0.8187193286084972,0.74739606051908,0.7507488008364342,0.4406289815303431,0.5333038948117218,0.5946128336011449,0.5105754546464627,0.5822602395309959,0.730915821229364,0.7031704418670583,0.7340905629568584,0.538627918727663,0.5521551069820528,0.6802618943664891,0.8629035438578492,0.6064447004431491,0.7796810971977368,0.9033449416415218,0.8002875592015186,0.7758498204017038,0.8387851309815003,0.6021860957817617,0.7554846509000854,0.6274898652577927,0.909128151667998,0.9486218974861681,0.8813413592379752,0.7378041755519666
0.7321645317293873,0.8256178875648879,0.9141431505144381,0.9600343164424361,0.8682277488527956,0.9547072025658683,0.8405598089623237,0.8786100540292969,0.8708888163614231,0.9157651370503815,0.9408558985700469,0.8996698565713336,0.8693477029973432,0.0,0.843158152712356,0.9051362605134853,1.0,0.8511361074254868,0.8335570797756455,0.7994206435647275,0.7541578324056457,0.9550643691654856,0.8515275981077786,0.7756360579766503,0.9744106115936694,0.987109924701423,0.9045122166144481,0.9095415693219641,0.48242812537044794,0.6464502713291373,0.6993517554843599,0.6170615351046619,0.7333866558504232,0.8676456524852723,0.7816702697890029,0.7678583637959775,0.6503027186631862,0.6680925593306315,0.7928009338744471,0.7957357741545296,0.6849383323168111,0.811487536071311,0.8652638416490376,0.8698811242175614,0.8206207970933609,0.8953888754328168,0.7474418688839,0.8318182905967927,0.6633149710426748,0.9593975086515794,0.9629270364280147,0.8183620151014024,0.789334470868596
0.6613286598903978,0.7878777784873606,0.883440964199788,0.9357922849751589,0.8843055261367968,0.9339514224279495,0.864412781883406,0.9798360481721735,0.9859070706341885,0.8805699357682182,0.8810094600637947,0.8995261454891914,0.9094461444189703,0.843158152712356,0.0,0.9285859780977836,0.9535249624972295,0.8964184679140429,0.7299623425098107,0.7480080882393069,0.7266145723695011,0.9042159926542261,0.8757495397694667,0.8272406580562283,0.8652844820335497,0.8292134459942172,0.8578042721752999,0.7596061946800862,0.4768268459606394,0.6520681637431055,0.6518482019927159,0.5544604608089185,0.6811885326712548,0.7511339772773161,0.7493292937714493,0.7561137613708755,0.6207030065489187,0.6498858660967884,0.7066467563650802,0.8540379807989523,0.7208738218717794,0.8421345084255266,0.8556982063087285,0.8877512875816554,0.9553989298690506,0.8942914350212815,0.712180586206583,0.8406766359008404,0.7967595204860541,0.9441530443734727,0.9554151772723295,1.0,0.8684179761288089
0.6774232124201729,0.7828897004125428,0.9087249474173827,0.9332360225879924,0.8776356699660518,0.967366080940788,0.9394868514994327,0.8305740865759056,0.9563940531813053,0.8785809085372155,0.947076792816633,0.9343197317909127,0.9545659256108562,0.9051362605134853,0.9285859780977836,0.0,0.9820812170985488,0.926271672758733,0.8256973053258653,0.8222337584247503,0.8047287702414135,0.8892930950257665,0.9104263163987731,0.8281671616025584,0.9649040357481844,0.9116847590676883,0.848957021112557,0.8193412719697486,0.5031799164219078,0.6605336659473698,0.6558093352806427,0.597802718490079,0.6461561895300743,0.7657977837509945,0.8371580011703451,0.8338746445393751,0.6554132133498155,0.6796641381608963,0.8048119874021058,0.9565770893021733,0.6853368262909144,0.9161634087939581,0.913998093910601,0.8692713887649488,0.8683591862455501,0.899950757793692,0.7128003906650245,0.8644356589257937,0.7038182927840442,0.8999106149585141,1.0,0.9044461476159145,0.862870549696963
0.7880118406580963,0.8000620351379526,1.0,1.0,0.9128613028664079,1.0,0.9249636237745108,0.9460572900533235,0.9921893623897443,0.9098078373649684,0.9783142477238497,0.9650823525748397,0.9384857100685553,1.0,0.9535249624972295,0.9820812170985488,0.0,0.992896460231126,0.8890331879786403,0.9638538096689334,0.8596710085730379,1.0,0.9790358954353057,0.8826264610698984,0.9348547128663107,0.9687740077802991,0.9308423406273454,0.8804328791737457,0.5431792031735622,0.7769680614007233,0.7312276022654703,0.6842226462238875,0.7701083339332565,0.8961358002043108,0.9135642664896222,0.9036339507245632,0.7552422612067012,0.7690923669886305,0.8748456960617841,0.9434609279651835,0.8238813668314655,0.9627619137988983,0.9870005925296378,0.9567951107840442,0.9766963253516814,1.0,0.8994488969440935,0.9405468607641437,0.7842029982905389,1.0,1.0,0.9244147081865928,0.9230349867139162
0.5833249168437843,0.7772228021695627,0.7862608253456433,0.8903896547532324,0.7896592320368835,0.8218529314564381,0.8096093196242459,0.801342868012122,0.9223144693864952,0.9208639719622606,0.8975656273705729,0.9365234663312724,0.9361776106101126,0.8511361074254868,0.8964184679140429,0.926271672758733,0.992896460231126,0.0,0.7389896110139814,0.7360167559672591,0.6592297396286261,0.8299549609318105,0.7814688490432853,0.7571385117217111,0.9507926911926499,0.8852653914853686,0.7545510571931339,0.783033166828955,0.43542472708757457,0.5603335373474834,0.557265718816976,0.5107772243410641,0.5568803972977568,0.7160932504974652,0.7003015832149743,0.7211015991565797,0.561848989909171,0.5393504357683748,0.6708798585109391,0.8272505329892164,0.6125378866700419,0.8093355407504442,0.810139229917524,0.8068668224076481,0.8060649796112327,0.8152073056995203,0.631073320737905,0.8131776875267734,0.6455800267684687,0.8963170753756913,0.9607943084382101,0.8400237773344371,0.7339915564481755
0.8197952052696734,0.6675913628083763,0.8678017940127468,0.8920592035035533,0.8364981426576201,0.8840981498223986,0.7952272649873031,0.7588679303253636,0.7522910542829165,0.672396854521885,0.7591772423414266,0.7539294650800907,0.7574164705445899,0.8335570797756455,0.7299623425098107,0.8256973053258653,0.8890331879786403,0.7389896110139814,0.0,0.9236032020945798,0.8927208367948855,0.9121562482063698,0.8936023982264271,0.7992461118038683,0.8438517615194012,0.9095694436614342,0.9363689274898964,0.8269652448844912,0.722682589199312,0.8825039262033324,0.9331675279510997,0.797293299255874,0.8264962375889756,0.778819738519832,0.9001205236940254,0.9191070609225878,0.8402571714089186,0.8621314366890723,0.9330060708048532,0.8376558222318293,0.814223321152306,0.8366569978686732,0.9722568115345865,0.9605862392153942,0.8895135966859443,0.8865371069292037,0.8279671653180958,0.8285392507317326,0.6598937193119981,0.8011248554118992,0.7493260154871149,0.700185556890175,0.8730337863928548
0.7767769408570278,0.6846733689380949,0.9140154906252201,0.9783944277217108,0.8647832552465268,0.9125862810974644,0.7999033401852903,0.8067163169329521,0.7151448416565185,0.7160633403191521,0.7413490548028729,0.7086720492543036,0.6987542234463001,0.7994206435647275,0.7480080882393069,0.8222337584247503,0.9638538096689334,0.7360167559672591,0.9236032020945798,0.0,0.9012128451424481,0.9114784102316112,0.9144230389344,0.7971716321857867,0.7775906044125775,0.9395679983691761,0.8948602329663837,0.8177799257505293,0.7641065944543473,0.8967976130917479,0.9369006833991502,0.8961186968936689,0.8580020295030052,0.8035040789991126,0.8954667364050273,0.9114973577938483,0.9494857508761854,0.9035998434783453,0.9649092113306279,0.7942928404416122,0.8699763082322396,0.8577021530084227,0.9859476010294681,0.8899661690571931,0.9444312884807162,0.9657620558247549,0.8536731629406303,0.8658196610228645,0.7009403093562715,0.8412806381213529,0.7842626888704252,0.6958773548510895,0.8833602845257149
0.7764975238874643,0.6621817472492598,0.9121622085046388,0.8282308694411833,0.8353622367725201,0.8884438714874543,0.7961988080392818,0.7890942445758288,0.6889928396617642,0.6821138480116846,0.7302530339656556,0.6851403796922795,0.6711837783436228,0.7541578324056457,0.7266145723695011,0.8047287702414135,0.8596710085730379,0.6592297396286261,0.8927208367948855,0.9012128451424481,0.0,0.9122870792422311,0.8692535200986397,0.7882973097415636,0.801837886654496,0.904767559691774,0.8763489735358978,0.7870994955093114,0.6866699323377137,0.8146351879340533,0.8727701862874809,0.885635279462714,0.8424055323499392,0.804030914655543,0.8852644282583777,0.8517622932790685,0.8376910672789,0.9182738169026392,0.9048904255425898,0.7667018049657598,0.7932668407392183,0.8279890050062099,0.9741449548024794,0.8882066311155117,0.8732965223291508,0.8964046813402166,0.8422809711124628,0.8102701162755556,0.6728187051133993,0.8088754932821245,0.7191046165692015,0.6944273168656052,0.8634307955130232
0.7941013906554985,0.8851718991519198,0.9710995619433329,1.0,0.8870968903550013,1.0,0.8546663249720076,0.972775025963659,0.8532051465650216,0.8365210091383226,0.8567828888197121,0.8468058246230422,0.8354808504638274,0.9550643691654856,0.9042159926542261,0.8892930950257665,1.0,0.8299549609318105,0.9121562482063698,0.9114784102316112,0.9122870792422311,0.0,0.9558994080086082,0.9646763291240742,0.9636271267159628,0.9821554243451401,0.9882293279725979,0.9779142298766083,0.6557578420503553,0.7570734063908706,0.8129909888834569,0.7577170229287967,0.9171401666352701,0.9898322901702034,0.8666595909676665,0.7963604190048047,0.802415229051168,0.8390892359518126,0.8843307866243307,0.833495059086564,0.8682180586948609,0.8919314395125443,0.9681992007044876,0.9857706538841433,0.9263573258615381,1.0,0.8424227961767623,1.0,0.7179371696914763,0.9694656718064665,0.8922019680888255,0.8577371856500869,0.9618456218290236
0.8592870700312703,0.7975029612027082,0.9120802010474235,0.9721648174930414,0.9077411130298705,0.9864610346295907,0.8597842697378167,0.8301356580885442,0.8265477882907181,0.7769443918563985,0.8386350145878441,0.7937482306291731,0.777915967468882,0.8515275981077786,0.8757495397694667,0.9104263163987731,0.9790358954353057,0.7814688490432853,0.8936023982264271,0.9144230389344,0.8692535200986397,0.9558994080086082,0.0,0.8779689187256821,0.9183434648508475,0.9296260499273012,0.9121623645581338,0.9045166661152001,0.6373557985223363,0.8408266710966994,0.808969287023067,0.7642479274692165,0.8787493404432025,0.9178070454909946,0.852307144691872,0.8008198577467512,0.782364147846641,0.86263394769852,0.9001964511650172,0.8179614261262879,0.8269254342960662,0.8804716289575638,0.9809139349152746,1.0,0.9376250467343487,0.9450509505953133,0.8336641177976356,0.9579891003033177,0.6910394508246189,0.9435838256637789,0.859405888035764,0.8340948570551295,0.8972762594158238
0.7528861408836426,0.8215768580056177,0.8287334942308482,0.8798497834275405,0.8570319188368698,0.8922154096800624,0.7851905121357811,0.8772328409060804,0.8246295111898739,0.6793121538161015,0.7671531794840631,0.78181398717536,0.7305963417896586,0.7756360579766503,0.8272406580562283,0.8281671616025584,0.8826264610698984,0.7571385117217111,0.7992461118038683,0.7971716321857867,0.7882973097415636,0.9646763291240742,0.8779689187256821,0.0,0.859553226530542,0.8378204484771796,0.8837083049436099,0.8844976201564646,0.5531507159073604,0.7345750478984161,0.7039715441739338,0.6887974490345519,0.8346382622554495,0.8627354893600939,0.7434804947988495,0.7370785047953112,0.7154449073732951,0.7417455061807045,0.8693438082426255,0.7584641424680567,0.7931724654382928,0.7806449238056379,0.9022782922370781,0.9406744499426352,0.847224369461159,0.9177085461923208,0.7017692343103235,0.9387389176919264,0.6147755153350442,0.8687677784962301,0.7736647934629953,0.7978413034817426,0.9376866185315756
0.6828631603800398,0.8919593380364667,0.8123797592092996,0.9277876003629815,0.8103800561656094,0.9102340148742747,0.9314500905645685,0.833514514537505,0.9675802250951653,0.8207296487728275,1.0,0.9911825405722167,0.9498076572423143,0.9744106115936694,0.8652844820335497,0.9649040357481844,0.9348547128663107,0.9507926911926499,0.8438517615194012,0.7775906044125775,0.801837886654496,0.9636271267159628,0.9183434648508475,0.859553226530542,0.0,0.9525749699406177,0.8555939525581842,0.9764377784115738,0.4522625664005308,0.5892778801626961,0.6416803419120013,0.57211121218501,0.6740454763743473,0.8585044576279811,0.7669466184365569,0.7478874141840914,0.5789367881767381,0.5953109045626194,0.7524277040720869,0.8523624416183035,0.6092035098924148,0.8535847175419815,0.91023289889773,0.880375910462939,0.7922951033706508,0.894439874039183,0.642836549326424,0.7654264784089079,0.5544134185207547,0.947281464980652,0.8863656163955844,0.863103950224858,0.732832261510625
0.7879226991015549,0.7814702245954813,0.9431475633085612,0.9610234736809645,0.9172394265939575,0.9973124698442538,0.8770607147221038,0.9074988794016402,0.8693779972052118,0.8522003894391247,0.8764150731520971,0.8708512531071236,0.8187193286084972,0.987109924701423,0.8292134459942172,0.9116847590676883,0.9687740077802991,0.8852653914853686,0.9095694436614342,0.9395679983691761,0.904767559691774,0.9821554243451401,0.9296260499273012,0.8378204484771796,0.9525749699406177,0.0,0.9271852890238282,0.89352561672171,0.5719149810477794,0.7954764832631622,0.7940748793136028,0.7504958462615011,0.7961098241726369,0.9019197101975718,0.8676004568765967,0.8480103875987289,0.787558375420353,0.7763726422928522,0.9023568795377754,0.8865417444117043,0.8057449253694484,0.8878771513997092,0.9621720257103789,1.0,0.9049387859948399,0.9761438612109443,0.8544544857815686,0.853869290576419,0.7170024472196415,0.9283430998982741,0.9248079560282052,0.8361154386293154,0.8697897739882674
0.8242812382778801,0.8069676045152913,0.9215048245680032,0.9360602288776717,0.9722589361816211,0.9713691932024675,0.8012318090472001,0.8800719935065883,0.8022043038685671,0.7577031679674897,0.8463341418633121,0.7499477853287826,0.74739606051908,0.9045122166144481,0.8578042721752999,0.848957021112557,0.9308423406273454,0.7545510571931339,0.9363689274898964,0.8948602329663837,0.8763489735358978,0.9882293279725979,0.9121623645581338,0.8837083049436099,0.8555939525581842,0.9271852890238282,0.0,0.8840323865687424,0.6343485147779494,0.836118987956346,0.868356551482477,0.7486364118159599,0.8202011317947665,0.9325748101665692,0.8289694287937338,0.8101631440969761,0.8096131508917004,0.8779002349392618,0.8920640019624871,0.7612405290962294,0.8573730778112708,0.80470318866094,0.9191386273297804,0.9947558790803475,0.891479719241901,0.9670974856212847,0.8200894972068963,0.9146288859798541,0.6828399120368639,0.949295407544,0.8392135883688717,0.7631199924081203,0.8926595248683318
0.7965673418619471,0.8417334428624461,0.8365795381443834,0.8820948011741123,0.8454410568076968,0.8890664683169309,0.8127419059725923,0.794013260297401,0.7911854609419768,0.7189630579581281,0.8390833899220312,0.7790027106038795,0.7507488008364342,0.9095415693219641,0.7596061946800862,0.8193412719697486,0.8804328791737457,0.783033166828955,0.8269652448844912,0.8177799257505293,0.7870994955093114,0.9779142298766083,0.9045166661152001,0.8844976201564646,0.9764377784115738,0.89352561672171,0.8840323865687424,0.0,0.5461884150529346,0.6921904115314049,0.718008507545811,0.6603780691871827,0.799958302104408,0.9138573873454582,0.7641739500544796,0.7644605227888439,0.6943375007936673,0.7214463143901354,0.8324292218354701,0.7364164924374509,0.7181415587914662,0.7572865063410655,0.8947595236501901,0.9366910333264205,0.801131403737531,0.9143322780945967,0.6490348540084786,0.8368939805654624,0.5471612163298675,0.9520715083086218,0.7934353119164185,0.6924677558484844,0.8055312074665192
0.620843703337066,0.4736115404779299,0.6231041525960223,0.619035767606779,0.6054582623004111,0.5873494675755777,0.5074315780167868,0.529009802056388,0.4477767958702289,0.4412802805509744,0.4577010211186404,0.43867141343565547,0.4406289815303431,0.48242812537044794,0.4768268459606394,0.5031799164219078,0.5431792031735622,0.43542472708757457,0.722682589199312,0.7641065944543473,0.6866699323377137,0.6557578420503553,0.6373557985223363,0.5531507159073604,0.4522625664005308,0.5719149810477794,0.6343485147779494,0.5461884150529346,0.0,0.8321343173469912,0.9311548321090667,0.8505335595683949,0.7123005566968285,0.5668003547383174,0.6607679649589169,0.6334859476140882,0.8595981413848897,0.8841117994987961,0.7507246669121379,0.5029272824735289,0.785863025410701,0.5612717794456151,0.6397582828226183,0.650082294550631,0.6796458279989085,0.6111092119345717,0.7172796716779551,0.6576358940917959,0.5367555595042338,0.5450425314611669,0.4771715163848483,0.4480380517952548,0.6834331510420945
0.8553326467658146,0.5595137279246652,0.8187412052075376,0.8239911183687473,0.7727129501346781,0.7967664154459705,0.6345060355546956,0.686270766514562,0.5647227385082615,0.5584475876971875,0.5837678854401825,0.5591305543991417,0.5333038948117218,0.6464502713291373,0.6520681637431055,0.6605336659473698,0.7769680614007233,0.5603335373474834,0.8825039262033324,0.8967976130917479,0.8146351879340533,0.7570734063908706,0.8408266710966994,0.7345750478984161,0.5892778801626961,0.7954764832631622,0.836118987956346,0.6921904115314049,0.8321343173469912,0.0,0.9741253446285488,1.0,0.8967487269575021,0.727539409735488,0.778859493415877,0.7618675883927695,1.0,1.0,0.8835834068953331,0.627371850111379,0.8981373582893494,0.7113327329767664,0.8275537468509446,0.8320034089856502,0.8700369758427083,0.8388534220617065,0.8348872331217826,0.8121996224352268,0.668871170651158,0.6856770461947094,0.6504881085004012,0.5692350542453098,0.8197117358677058
0.8548136334409407,0.5771398820041425,0.8450757031025719,0.8400971449438728,0.7804148422861746,0.8736674884202594,0.6505184075366917,0.6873320336587547,0.5684604653462184,0.6052548084998973,0.635643416115627,0.5670433667933602,0.5946128336011449,0.6993517554843599,0.6518482019927159,0.6558093352806427,0.7312276022654703,0.557265718816976,0.9331675279510997,0.9369006833991502,0.8727701862874809,0.8129909888834569,0.808969287023067,0.7039715441739338,0.6416803419120013,0.7940748793136028,0.868356551482477,0.718008507545811,0.9311548321090667,0.9741253446285488,0.0,0.9765975980688822,0.9497529497224735,0.7448916345739192,0.9200786928716158,0.8394086093003661,0.9994925265308654,1.0,0.9547879401043946,0.6673688027650505,0.9753984901352777,0.7735893336575069,0.8149600176497297,0.8176099429374191,0.8647993912431429,0.8726699780786527,0.9480534336773784,0.7877380934107717,0.6789581548886756,0.7490370167556358,0.6709266931418655,0.5663250708385914,0.8467666092965327
0.8804119767074837,0.5349123485202267,0.7652426619856842,0.7301923944591086,0.6808543262766849,0.7305806197771928,0.5844844889337042,0.604411334912576,0.49974097543069906,0.5141521388390066,0.5613025900137258,0.5058923125695608,0.5105754546464627,0.6170615351046619,0.5544604608089185,0.597802718490079,0.6842226462238875,0.5107772243410641,0.797293299255874,0.8961186968936689,0.885635279462714,0.7577170229287967,0.7642479274692165,0.6887974490345519,0.57211121218501,0.7504958462615011,0.7486364118159599,0.6603780691871827,0.8505335595683949,1.0,0.9765975980688822,0.0,0.9589059816508945,0.7024594020496285,0.8065232392746914,0.7401718916010052,0.9465820637701641,1.0,0.9140493868979453,0.5749849963865238,0.8956982347933162,0.655530290472246,0.782777507193583,0.8058093347713832,0.7518462962750354,0.7560254320074004,0.7967761896603378,0.7337380022430925,0.5548422787432026,0.6465898232490349,0.5794403224512942,0.5006407845888039,0.7324775855866493
1.0,0.6014121802767194,0.8804850284164021,0.8663313588490731,0.8104810192459714,0.8909855637567694,0.6626849074003911,0.7487717027954369,0.6025762821898943,0.6182816982823409,0.6965954571336819,0.5824312424682718,0.5822602395309959,0.7333866558504232,0.6811885326712548,0.6461561895300743,0.7701083339332565,0.5568803972977568,0.8264962375889756,0.8580020295030052,0.8424055323499392,0.9171401666352701,0.8787493404432025,0.8346382622554495,0.6740454763743473,0.7961098241726369,0.8202011317947665,0.799958302104408,0.7123005566968285,0.8967487269575021,0.9497529497224735,0.9589059816508945,0.0,0.8453883404644637,0.8533592563396889,0.7429847083723683,0.9454202813636555,0.9374486697149469,0.9516662852501887,0.6359278084228491,0.8525668869263443,0.720441384320599,0.7897699635978341,0.959039628545006,0.8163944839339584,0.8444503379364302,0.8451244409452141,0.8544887488374491,0.6131799226141981,0.7723080162678649,0.6539315402316144,0.5971753740000245,0.8627511655271533
0.9007583279445412,0.8239175395610384,0.9372115339035728,0.938923884254766,0.8751061320988665,0.971594906155699,0.8195369854165658,0.849118091863109,0.7871195084630989,0.7925493850457604,0.8457294876591818,0.7456408892811324,0.730915821229364,0.8676456524852723,0.7511339772773161,0.7657977837509945,0.8961358002043108,0.7160932504974652,0.778819738519832,0.8035040789991126,0.804030914655543,0.9898322901702034,0.9178070454909946,0.8627354893600939,0.8585044576279811,0.9019197101975718,0.9325748101665692,0.9138573873454582,0.5668003547383174,0.727539409735488,0.7448916345739192,0.7024594020496285,0.8453883404644637,0.0,0.7841561222183521,0.7119516286278195,0.7410233791736538,0.7606172376239915,0.8551007985352885,0.7165066737876661,0.7325938455304682,0.7418824233768767,0.8720184323154416,0.8975767506003351,0.8379036335731783,0.9477403173892734,0.7637426207429939,0.8873342536680076,0.6220710526460009,0.8980045395944283,0.7950398363832523,0.6904010004800536,0.8668615324376938
0.7836917803523883,0.6696443281912572,0.8735400700812356,0.9574244965557459,0.838175428741297,0.9454746219259643,0.8154305398970754,0.7601009685069026,0.7216115059312969,0.70021503292092,0.7689690777613805,0.7342175561611025,0.7031704418670583,0.7816702697890029,0.7493292937714493,0.8371580011703451,0.9135642664896222,0.7003015832149743,0.9001205236940254,0.8954667364050273,0.8852644282583777,0.8666595909676665,0.852307144691872,0.7434804947988495,0.7669466184365569,0.8676004568765967,0.8289694287937338,0.7641739500544796,0.6607679649589169,0.778859493415877,0.9200786928716158,0.8065232392746914,0.8533592563396889,0.7841561222183521,0.0,0.9275946716960864,0.839832786015689,0.8429544259365538,0.8780630535985078,0.869477385720577,0.8353176408837091,0.8731168638650987,0.971584353686965,0.9145446952923207,0.9230475948799387,0.9002100138746248,0.820540993003762,0.7928402356966643,0.7100431746777442,0.8153542957072033,0.8043212408344904,0.697047405707854,0.8614336426316987
0.7243139897967402,0.6258658906501826,0.836037418928176,0.8692592882099023,0.7858595101194764,0.9115102970834925,0.7940930209382727,0.7469846796109437,0.711015136450736,0.67113372033117,0.7389496516359296,0.7359796602713732,0.7340905629568584,0.7678583637959775,0.7561137613708755,0.8338746445393751,0.9036339507245632,0.7211015991565797,0.9191070609225878,0.9114973577938483,0.8517622932790685,0.7963604190048047,0.8008198577467512,0.7370785047953112,0.7478874141840914,0.8480103875987289,0.8101631440969761,0.7644605227888439,0.6334859476140882,0.7618675883927695,0.8394086093003661,0.7401718916010052,0.7429847083723683,0.7119516286278195,0.9275946716960864,0.0,0.7766252492840592,0.7920405072567263,0.8017665411848511,0.8972137936887545,0.7960551442524761,0.995192001094663,0.9101895451068754,0.8467421095008671,0.9167050588319658,0.8257181162633536,0.7670326809008131,0.7504073703992526,0.7026566631237823,0.767424793279259,0.7436679252062864,0.7243630498050989,0.8497634604237226
0.8750758660606929,0.5640693664981895,0.8307173458049059,0.8079585886614662,0.7830532658964109,0.8250494312973106,0.6229312298451957,0.7008840863572348,0.5409935163343618,0.5696845533898044,0.6336047944126233,0.5514063652153386,0.538627918727663,0.6503027186631862,0.6207030065489187,0.6554132133498155,0.7552422612067012,0.561848989909171,0.8402571714089186,0.9494857508761854,0.8376910672789,0.802415229051168,0.782364147846641,0.7154449073732951,0.5789367881767381,0.787558375420353,0.8096131508917004,0.6943375007936673,0.8595981413848897,1.0,0.9994925265308654,0.9465820637701641,0.9454202813636555,0.7410233791736538,0.839832786015689,0.7766252492840592,0.0,1.0,0.962280480620583,0.6169982610223637,0.9857670947144329,0.720890972391316,0.8250074396556341,0.795043832207942,0.8874601308285701,0.8131167161892349,0.8936318582329461,0.8431235029429835,0.7003450783538472,0.7133857621471553,0.6346205226025188,0.5524791812805779,0.8276106718759255
0.8572197079460149,0.5491549422186894,0.8439057050234783,0.8527816213580595,0.8199976900788146,0.8649103442576443,0.625601584439752,0.7056001561839857,0.5698664826543529,0.5822245996770281,0.6367633914710055,0.5511042771973745,0.5521551069820528,0.6680925593306315,0.6498858660967884,0.6796641381608963,0.7690923669886305,0.5393504357683748,0.8621314366890723,0.9035998434783453,0.9182738169026392,0.8390892359518126,0.86263394769852,0.7417455061807045,0.5953109045626194,0.7763726422928522,0.8779002349392618,0.7214463143901354,0.8841117994987961,1.0,1.0,1.0,0.9374486697149469,0.7606172376239915,0.8429544259365538,0.7920405072567263,1.0,0.0,0.9563422487190436,0.6314176635163795,0.9599543715750332,0.7424357047503419,0.9042445293981811,0.8601924408007973,0.8943028847690311,0.886105573051995,0.8997401742275849,0.8433260829809446,0.7216345638824782,0.74322865535684,0.637947210415925,0.5758398027503426,0.8636287917551895
0.8330541949645347,0.6603382273315946,0.8765906176465458,0.9061942972093849,0.803348266606005,0.9214402445356434,0.769713390972246,0.7403311711438472,0.6869392739705467,0.6721991225509507,0.7234515651998776,0.6661689679387245,0.6802618943664891,0.7928009338744471,0.7066467563650802,0.8048119874021058,0.8748456960617841,0.6708798585109391,0.9330060708048532,0.9649092113306279,0.9048904255425898,0.8843307866243307,0.9001964511650172,0.8693438082426255,0.7524277040720869,0.9023568795377754,0.8920640019624871,0.8324292218354701,0.7507246669121379,0.8835834068953331,0.9547879401043946,0.9140493868979453,0.9516662852501887,0.8551007985352885,0.8780630535985078,0.8017665411848511,0.962280480620583,0.9563422487190436,0.0,0.7286125775614648,0.8447154365426007,0.7738005333900372,0.9320246835704665,0.9538798815540893,0.8531041124345027,0.9516799474735207,0.8515646213885876,0.8708462842751217,0.6686037092977918,0.8125714627782145,0.753054732850937,0.6258880983884422,0.855174933327494
