Cingulate area 2,Frontal association cortex,Cornu ammonis 3,Dentate gyrus,Cornu ammonis 2,Cornu ammonis 1,Fasciola cinereum,Subiculum,Postrhinal cortex,Presubiculum,Parasubiculum,Perirhinal area 35,Perirhinal area 36,Medial entorhinal cortex,Lateral entorhinal cortex,Primary auditory area,"Secondary auditory area, dorsal part","Secondary auditory area, ventral part","Piriform cortex, layer 1","Piriform cortex, layer 2","Piriform cortex, layer 3",Ventrolateral orbital area,Lateral orbital area,Ventral orbital area,Medial orbital area,Dorsolateral orbital area,Prelimbic area,Secondary motor area,Frontal association area 3,Primary motor area,"Agranular insular cortex, ventral area",Agranular insular cortex dorsal area,Cingulate area 1,Infralimbic area,Dysgranular insular cortex,Granular insular cortex,"Primary somatosensory area, forelimb representation","Primary somatosensory area, dysgranular zone","Primary somatosensory area, face representation",Secondary somatosensory area,"Primary somatosensory area, hindlimb representation","Agranular insular cortex, posterior area","Primary somatosensory area, barrel field",Retrosplenial dysgranular area,"Primary somatosensory area, trunk representation",Retrosplenial granular area,"Parietal association cortex, lateral area","Parietal association cortex, medial area","Parietal association cortex, posterior area",Primary visual area,"Secondary visual area, lateral part",Temporal association cortex,"Secondary visual area, medial part"
0.0,0.5556776249272334,0.9519878561371897,0.8917792025067776,0.8241189747892856,0.8821308063153118,0.8555927955273438,0.9450315003282832,0.8161103186858699,0.7763585057491383,0.9035177874057905,0.8090708647461256,0.8593111177252379,0.8674648156043654,0.914136227420128,0.7465197439584603,0.925060570816103,0.7198183653337458,0.8122579978075795,0.7725687002415225,0.894309842065578,0.7707377676169803,0.6718425024454486,0.7471789586995374,0.7584542596875513,0.5247738348135038,0.8053423833456922,0.7376013970785651,0.6778522112724897,0.9588955931375497,0.735520674142057,0.7693170727679669,1.0,0.9105042076315115,0.8072681895813105,0.7814685610630672,0.9368174470163695,0.9193943706633165,0.7741950068309854,0.8206148615016537,0.7915885786090285,0.9268550508964598,0.8356434559617365,0.8529911042000698,0.9226902959753611,0.8423799072419934,0.8912252189521364,0.6890073442912937,0.853528752545421,0.8921755610332083,0.8039005426153653,0.7635669955628102,0.9412715990250576
0.5556776249272334,0.0,0.5081075631832336,0.5679133863531842,0.4412685009274646,0.5125302378997504,0.42038103371795016,0.6148128611709369,0.7286496956417486,0.6610948871599556,0.6096664018332383,0.5779571580597107,0.6151984016169004,0.6875769627080833,0.5900557751857843,0.5317189206519011,0.5462489558053953,0.551704334545446,0.7826075253415645,0.7084871018341494,0.7014241962773542,0.9976913521021776,0.8923540908306993,0.938962360897539,0.8666026832459155,0.9195109520896882,0.8827483555307808,0.8630246446931654,0.8612939254667645,0.7050598792151966,0.7958978156042301,0.7960857109137538,0.6155105399834965,0.537280085861945,0.7490598163957248,0.8089754915900067,0.6636283251456921,0.6776216671112532,0.8742143572762621,0.7589879816010777,0.3491410280282351,0.6501712005492807,0.7581564744775551,0.4997362420733104,0.5191643218947914,0.6021065896744056,0.4349803314328943,0.25914391075490106,0.3899719082015376,0.5883506613859879,0.591085043470764,0.6456734565676824,0.5682523276117434
0.9519878561371897,0.5081075631832336,0.0,0.9185269022827838,0.9742323264223126,0.9775005604678446,0.9195527981930126,0.8992319983547237,0.7515292367669434,0.839096116255789,0.7412120114713423,0.8759811374739266,0.9144703483609666,0.8376493317976397,0.8843604444238408,0.9163175337337304,1.0,0.7875068830635951,0.7872649723688477,0.7872322536973363,0.8953745161758782,0.6905623801754472,0.6122201513131075,0.6898617433655674,0.7025203044469428,0.4690547555694159,0.6480686761407655,0.6758134085945107,0.556546375043015,0.8649563182691546,0.6629549943798493,0.7112739266390379,0.9026046118658989,0.9589023984986957,0.7101349299746155,0.7429493003784443,0.8292391538455934,0.8591401665792351,0.7150023159851596,0.7180846098442014,0.8126542647581377,0.8441705414577989,0.8743350490678397,0.9073016987505027,0.9724148436359131,0.8811405150108705,0.7951928322832115,0.8165753935093675,0.9227682392994073,0.9489923040554467,0.9289265203040562,0.7959181757192617,0.91008501235303
0.8917792025067776,0.5679133863531842,0.9185269022827838,0.0,0.9232167283661946,0.9434964784045197,0.8493163894782016,0.984636801123822,0.831658818672511,0.9355419852542418,0.8323637061131133,0.9031627448649474,0.9132445042102739,0.9308336935853481,0.9293850102833909,0.7637417427393357,0.902390649994307,0.7990623258866025,0.7845384549532092,0.8405043403394303,0.8335483516272645,0.7643223310166776,0.6382483232356033,0.7539996953180542,0.774509989326016,0.5305270129618653,0.6944579276842693,0.6918836658593078,0.6288811621462455,0.8720783981199031,0.7100999054937247,0.7373103795399553,0.8823953828042337,0.9260273867063633,0.7847073307822815,0.7723568542747857,0.8361563514858129,0.8526994161174836,0.733945708608882,0.8035813701971207,0.7591106353104053,0.8714654127045331,0.9178668339537184,0.8940096260258928,0.8841105509782504,0.9263257655529381,0.8114288610138009,0.6574289826789577,0.8575204002200663,0.9657900861100434,0.9186996685582851,0.8031160892159586,0.9307018522202748
0.8241189747892856,0.4412685009274646,0.9742323264223126,0.9232167283661946,0.0,0.9616141520405347,0.842770001638101,0.8776762162576708,0.7701729438966156,0.8277446642517614,0.767200632386691,0.9312398144955103,0.9417963675908788,0.783713894897603,0.8293192040337191,0.9149819479020525,0.9765784613621002,0.8670622809724247,0.7366226104197964,0.8054409652697704,0.8252415887351378,0.6247763473059231,0.5313181521896472,0.6867233724260021,0.6434340706392552,0.4516490579904721,0.563578821081914,0.5973194257624825,0.4975263871681297,0.7770660822472042,0.6214741471125007,0.6664413096703876,0.7992056916087472,0.9066408990377961,0.6919131675207472,0.6971030371740211,0.7752966964306144,0.8467855046860102,0.6152912952046027,0.6926905955370152,0.8296328599718207,0.8108354403316426,0.8944603026458553,0.9427082661086846,0.9363413409995968,0.9684985520996119,0.8094157138048872,0.9490172514789619,0.8076349204411456,0.94888550492229,0.900548849497202,0.8282267660910043,0.9664088554555311
0.8821308063153118,0.5125302378997504,0.9775005604678446,0.9434964784045197,0.9616141520405347,0.0,0.947678434304268,0.9376972001063772,0.8527855219501996,0.8764095297211483,0.8540716720802346,0.9375641185171895,0.895516620841779,0.9264308197405927,0.9505979398090878,0.897986525047393,1.0,0.8474264375046364,0.8692558792986526,0.8268864055393899,0.9292977173893194,0.7110049480776166,0.6427290061855181,0.69990215664258,0.7151202416569079,0.5107129820101748,0.6875421169268372,0.6687160134975372,0.5837242710127842,0.9078151364954504,0.6888504989175251,0.71983477638673,0.8735058137368155,0.9236948665001244,0.7725581923955951,0.7826881064784599,0.8541249338342962,0.8236334096561814,0.7335400853876918,0.7400888639203163,0.8037008997349822,0.9347746358831487,0.9528162244256044,0.9450515739432969,0.9596735598020024,0.9714251383234478,0.9075053441051142,0.7733730060200568,0.8815407952551004,1.0,0.9269393512888628,0.8565291368123558,0.9229942501803832
0.8555927955273438,0.42038103371795016,0.9195527981930126,0.8493163894782016,0.842770001638101,0.947678434304268,0.0,0.8590851827136761,0.7202674269841826,0.7522222443581711,0.6969062565584871,0.7786440214367332,0.7544602097715687,0.7610659084876945,0.8659448719570032,0.7068279018988042,0.840298633206005,0.6913418062401264,0.6575531907577106,0.6229106291758787,0.7058521673797833,0.5981424894515966,0.5056954555228038,0.5332905520515967,0.5632820319432105,0.3989311754877423,0.5777578376646464,0.5455359017022762,0.48524608703307787,0.7265448930943358,0.5265095017573527,0.5657851295510619,0.8738153906873711,0.8743867674568473,0.5668525358604587,0.6304283272099845,0.7140468633235477,0.7082688201416791,0.5972106400338738,0.6170772544056219,0.8888315925538103,0.6996266745564957,0.7355652477931724,0.802508532340246,0.7870202616663229,0.8318466078443381,0.7995565665362221,0.6557277396691907,0.9565205034747807,0.8635690182739542,0.8009198233371763,0.6677374917138231,0.8136591881482642
0.9450315003282832,0.6148128611709369,0.8992319983547237,0.984636801123822,0.8776762162576708,0.9376972001063772,0.8590851827136761,0.0,0.9576774733731845,0.9383953486487107,0.856427474300526,0.9161838256784451,0.9362939919178201,0.9115811609971767,0.9559947577353092,0.8113879383239617,0.9800928238795233,0.7831672851454107,0.8536221228600855,0.827425050781901,0.9213325227766817,0.8299159363279371,0.7294241871983911,0.8234063616490235,0.7829090741511375,0.545641442356827,0.7521858035308657,0.73187387180508,0.6564991755321229,0.940961058648008,0.7742181550050605,0.7746096382561579,0.8967144836372882,0.9309955932943403,0.827159279436204,0.8628615064071301,0.8649167236601065,0.932024433770492,0.8143260590600929,0.8328977754265202,0.7170217778856468,0.8687291587864757,0.9536655226219661,0.877216087567358,0.8408096026717742,0.9248996645323806,0.7776677868459272,0.5911599806809942,0.8374058944754125,0.9848268226379289,0.9199115255542103,0.8302144965251276,0.9308257362993746
0.8161103186858699,0.7286496956417486,0.7515292367669434,0.831658818672511,0.7701729438966156,0.8527855219501996,0.7202674269841826,0.9576774733731845,0.0,0.8916014810683953,0.8968607906634611,0.9022148335598327,0.9749634032245527,0.9103001433011906,0.9016511682580169,0.7641369217888679,0.929309442553077,0.8402714207624049,0.8870575855580728,0.8812234122235837,0.934431740971376,0.9362395648729295,0.8421880083408048,0.9102094959536278,0.8888861872131583,0.752796032172814,0.8550139205330602,0.8014454787511511,0.7832191583894762,0.9846964697730174,0.8256008374655085,0.8854952953152077,0.8583171229302733,0.8322585785576168,0.8712766664286333,0.8968823281880833,0.9336418633613202,0.9185547004684942,0.882174450791101,0.8894701999933317,0.6031336879525127,0.9413224573462753,0.951125204521758,0.8673462857882647,0.8141176497327606,0.871384685834388,0.820768877427299,0.49529156624570597,0.7029891444531124,0.9244544397111496,0.859581458435056,0.8602329548109128,0.8887585412929233
0.7763585057491383,0.6610948871599556,0.839096116255789,0.9355419852542418,0.8277446642517614,0.8764095297211483,0.7522222443581711,0.9383953486487107,0.8916014810683953,0.0,0.8914674207342879,0.9441624261859086,0.9577169506814965,0.8950301776157844,0.8717033314132019,0.8549664557525332,0.917664667159418,0.8849882590782876,0.9349356174150089,0.8594158555149343,0.9083434867790106,0.8610909983949003,0.7559354188118427,0.8667986149814033,0.9068963719861189,0.6404714652748913,0.7741463468394026,0.8109532735658633,0.6641708738286662,0.9662704035429092,0.7996403963302543,0.8374919435428196,0.8521212492650463,0.8574697982357486,0.8199651935244245,0.9056243265303807,0.8754878809221073,0.9286306851102066,0.8503991793816484,0.8655310019107322,0.6719428844174803,0.9128430385384764,0.9664391669293277,0.8804710970891736,0.8860383597545467,0.9949801855316854,0.7352001121433842,0.5376307013938807,0.7324311726459336,0.9655445363998028,0.9660608379538818,0.905048254471441,0.854671691560374
0.9035177874057905,0.6096664018332383,0.7412120114713423,0.8323637061131133,0.767200632386691,0.8540716720802346,0.6969062565584871,0.856427474300526,0.8968607906634611,0.8914674207342879,0.0,0.8765504861812238,0.8583338429414873,0.8487434177991091,0.9334353451938021,0.7015639859433601,0.8709274599395579,0.7423264662615633,0.8085273683360079,0.807728777065219,0.9056854675548971,0.8192137379053611,0.7775093353931025,0.7960790739355739,0.7962670649684114,0.6517386870980648,0.7584012551931623,0.7407635854695799,0.7295181798293948,0.8585140011829311,0.7893745866729525,0.8626536950859526,0.9433510025867841,0.8649363286870722,0.8450147527708456,0.8405137449881013,0.8558735090423075,0.8343960821645132,0.8664586143027752,0.8034673907832408,0.6116353590642075,0.819283151517207,0.8241206733995752,0.856880536515104,0.7703731380004671,0.8387142188760446,0.8290524189374257,0.5487954956743307,0.740848510728323,0.8829185470057997,0.8215717260124598,0.8390262359383774,0.8762521812347472
0.8090708647461256,0.5779571580597107,0.8759811374739266,0.9031627448649474,0.9312398144955103,0.9375641185171895,0.7786440214367332,0.9161838256784451,0.9022148335598327,0.9441624261859086,0.8765504861812238,0.0,0.9746414149256994,0.8573766457417982,0.8454402271015512,0.909074045939162,0.9303603888984179,0.9470050124926793,0.8366390208183686,0.8479585173823814,0.9768604974684423,0.7948863162500044,0.6384560715729214,0.7624196412436257,0.7663867243902716,0.5593023448462641,0.6460083571668753,0.7217425854813915,0.6255089920700007,0.9047788401764102,0.745985378768038,0.7790085803526606,0.7905289587369072,0.847485943139662,0.7796171006892699,0.8646878361606323,0.8244680968019666,0.8835281100894457,0.7336867008708163,0.7992645882167422,0.7137569778569225,0.8840045675304309,0.987319760172781,0.9590702656826963,0.8669495309190502,0.9432742268943518,0.7804059280990714,0.6715962986420133,0.7733237816015394,0.9280818037256989,0.9059007961324101,0.8898610338465646,0.9346490939388165
0.8593111177252379,0.6151984016169004,0.9144703483609666,0.9132445042102739,0.9417963675908788,0.895516620841779,0.7544602097715687,0.9362939919178201,0.9749634032245527,0.9577169506814965,0.8583338429414873,0.9746414149256994,0.0,0.9123888721173303,0.9001340431490359,0.9785585861422383,0.979125817012429,0.9574125816563082,0.9082310979113788,0.9163906146359934,0.9871389569725919,0.854828299306852,0.7188912615734776,0.9030883129100407,0.8749774142129747,0.6332092614225391,0.7526330476255995,0.8522434548968183,0.7058909821507477,0.9301426054351896,0.8092494943504663,0.8527915355650274,0.8280910644560492,0.8405351472354824,0.8640479683345618,0.9254179705072582,0.8849459193008374,0.968725872068509,0.8180954259592214,0.867751182785971,0.6859356219144802,0.9725403051496029,0.9849425809292767,0.9883504680487541,0.8725971861503206,0.8789644799520034,0.7815325488176083,0.6258835301220973,0.7097325657529535,1.0,0.9992000225088185,0.9714724262547719,0.9877095191755019
0.8674648156043654,0.6875769627080833,0.8376493317976397,0.9308336935853481,0.783713894897603,0.9264308197405927,0.7610659084876945,0.9115811609971767,0.9103001433011906,0.8950301776157844,0.8487434177991091,0.8573766457417982,0.9123888721173303,0.0,0.9899030503048736,0.8346643415304499,0.9593450443477229,0.7824122912770083,0.840534803535844,0.8684893433339831,0.8638876616378648,0.8703017311525477,0.7620095443701812,0.8477358886123544,0.8605820337958605,0.6503835247868409,0.8352247190010046,0.7916414265395624,0.7158178681892412,0.9021384823261728,0.8280910145654966,0.828834447828377,0.886018199108596,0.8998090153850791,0.8237054158924989,0.8722680262633468,0.904984377638842,0.8645949799979741,0.8571099292670522,0.8636286130160348,0.6427973890048815,0.8871883935871404,0.9173618473565751,0.8207947826472766,0.8040190098617143,0.8908894913836233,0.7855025628253759,0.5390795227017195,0.7813472066788111,0.9521722886610273,0.8679475827054632,0.8563596611430149,0.8826786714934223
0.914136227420128,0.5900557751857843,0.8843604444238408,0.9293850102833909,0.8293192040337191,0.9505979398090878,0.8659448719570032,0.9559947577353092,0.9016511682580169,0.8717033314132019,0.9334353451938021,0.8454402271015512,0.9001340431490359,0.9899030503048736,0.0,0.7653166998097417,0.9281075847499201,0.7442323849613564,0.8311249110647451,0.838849541032257,0.917142138151472,0.7949972315760707,0.7460416898443066,0.7597317702734803,0.7529517423051472,0.5726292668719422,0.7574054251185675,0.7554527144231276,0.7063129104670051,0.9049131108611879,0.7800153779913258,0.8152453653521329,0.9660651720285703,0.848166970525017,0.8173873198092655,0.7909987344235402,0.8387344193074583,0.8649856739841396,0.798030757305927,0.8103921907496469,0.7022536789666995,0.8724854276553444,0.8621678894900572,0.853552654663876,0.8699902104507585,0.9410575285786442,0.8393175030959699,0.6158434377363424,0.8508843836006338,0.988735386553784,0.9022614068343113,0.8054507622893118,0.9788457262974545
0.7465197439584603,0.5317189206519011,0.9163175337337304,0.7637417427393357,0.9149819479020525,0.897986525047393,0.7068279018988042,0.8113879383239617,0.7641369217888679,0.8549664557525332,0.7015639859433601,0.909074045939162,0.9785585861422383,0.8346643415304499,0.7653166998097417,0.0,0.9764651818573942,0.9688408965692723,0.8670139925258634,0.9075071753998932,0.9000481196430254,0.7406012222467884,0.6084937509177603,0.815787298512539,0.7706580644693188,0.5778426984231056,0.667572371328663,0.7220023834776628,0.5928258057740204,0.8750791887706889,0.7317798884531633,0.7811527220977045,0.7570935048308036,0.8071873786994801,0.7760226512375109,0.872928107977653,0.8073808667833576,0.8746460378589963,0.6937325763822029,0.7581307044138853,0.6569317454197742,0.8449984249283811,0.9134803247347509,0.8862613639074629,0.92782193537954,0.88822171741135,0.7654807551932246,0.6558495621667679,0.6729576746494433,0.9048607046765008,0.916196479948155,0.8848128796554645,0.9020329477718698
0.925060570816103,0.5462489558053953,1.0,0.902390649994307,0.9765784613621002,1.0,0.840298633206005,0.9800928238795233,0.929309442553077,0.917664667159418,0.8709274599395579,0.9303603888984179,0.979125817012429,0.9593450443477229,0.9281075847499201,0.9764651818573942,0.0,0.9149288059973252,0.87250948811794,0.9285195566019983,0.9344726602669606,0.7790232889175541,0.6813133810927469,0.7872320560264991,0.7645327010351458,0.5634784093520102,0.739841177981406,0.7524094670693712,0.6724903179322975,0.9066464283129952,0.7542857911936579,0.8270603631009014,0.9544781713979136,0.9609098132451689,0.8001704736032441,0.8237458394523804,0.9516166163481455,0.9599530610139221,0.8267909503353696,0.8384020900017762,0.7997182057511767,0.9361376602578465,0.9436881334643575,0.9720509231947719,0.9672814901907909,0.9593132128641434,0.9385770661195788,0.7582592015522756,0.8836273494212024,0.9987100353533471,0.9683756830250759,0.9021236482840318,0.9724350132173989
0.7198183653337458,0.551704334545446,0.7875068830635951,0.7990623258866025,0.8670622809724247,0.8474264375046364,0.6913418062401264,0.7831672851454107,0.8402714207624049,0.8849882590782876,0.7423264662615633,0.9470050124926793,0.9574125816563082,0.7824122912770083,0.7442323849613564,0.9688408965692723,0.9149288059973252,0.0,0.8584245741073744,0.8981788636150073,0.8919809439541294,0.7662674997350298,0.6391686875875974,0.8297339999587706,0.8169768678741328,0.6370024514614681,0.6595524015788913,0.750020556584644,0.5910615102851516,0.8259221436286851,0.7810143810839864,0.7666227159934346,0.7244873489865867,0.7607433658689114,0.7758850757578537,0.8146978186280537,0.7781982812418204,0.8894277080787394,0.7012843746160246,0.8358697305018702,0.6093397705022289,0.8497927273940235,0.861438134389025,0.8260912189975333,0.8257978134703254,0.9354805333820242,0.6979635307871483,0.597972073295329,0.6463164750715502,0.8610438852382155,0.940105562556753,0.903171076160817,0.8624463324146926
0.8122579978075795,0.7826075253415645,0.7872649723688477,0.7845384549532092,0.7366226104197964,0.8692558792986526,0.6575531907577106,0.8536221228600855,0.8870575855580728,0.9349356174150089,0.8085273683360079,0.8366390208183686,0.9082310979113788,0.840534803535844,0.8311249110647451,0.8670139925258634,0.87250948811794,0.8584245741073744,0.0,0.8874747502004852,0.9925742097984132,0.9402003961698032,0.7882823505203247,0.9563402314214078,0.9337932201367891,0.7356777018331623,0.8589101554560241,0.8931591420753865,0.7844934141031691,0.9580719760029555,0.8825208585073322,0.8969077819806818,0.8584786893586992,0.8136297656369509,0.9010390035223954,0.9337279588202935,0.9003636005591052,0.926458866633354,0.8997597747017413,0.9166827318991716,0.5749451003955749,0.9021542665563781,0.9334766930900927,0.7984180556708216,0.8291182074982091,0.8655192895849513,0.7002337195275186,0.5046932348797166,0.6042745829103169,0.8958914055837289,0.8766148642367101,0.892951814285307,0.8738516365358736
0.7725687002415225,0.7084871018341494,0.7872322536973363,0.8405043403394303,0.8054409652697704,0.8268864055393899,0.6229106291758787,0.827425050781901,0.8812234122235837,0.8594158555149343,0.807728777065219,0.8479585173823814,0.9163906146359934,0.8684893433339831,0.838849541032257,0.9075071753998932,0.9285195566019983,0.8981788636150073,0.8874747502004852,0.0,0.9230371444289968,0.8615053478673218,0.7880576293255003,0.9702509090267913,0.9138795067700405,0.7347059703473289,0.7868506014381194,0.8965398991975407,0.7536053039195547,0.9346732874740599,0.908804003900116,0.9050615039883575,0.8217595722062773,0.750230004057762,0.8787812428887625,0.9702490898167979,0.8847231879066583,0.9973450758061477,0.871457756210069,0.8767540238377178,0.5536498574132395,0.8757136948117827,0.9736911353977974,0.8075098234969534,0.8423027681331765,0.8591497332184718,0.6676504458641926,0.48987330884227565,0.6213054157279957,0.9049082198697845,0.9401040519632023,0.9268261462839242,0.8618541175237231
0.894309842065578,0.7014241962773542,0.8953745161758782,0.8335483516272645,0.8252415887351378,0.9292977173893194,0.7058521673797833,0.9213325227766817,0.934431740971376,0.9083434867790106,0.9056854675548971,0.9768604974684423,0.9871389569725919,0.8638876616378648,0.917142138151472,0.9000481196430254,0.9344726602669606,0.8919809439541294,0.9925742097984132,0.9230371444289968,0.0,0.900087298407309,0.8029776258727841,0.9674464938326749,0.9506510626761955,0.6627886050221335,0.8377340564723829,0.8879077106091283,0.7365486728484685,0.9858685463131414,0.9208852152617121,0.928825082593526,0.9250166244963538,0.9201244161255299,0.8595342668326402,0.9859875890849642,0.9248477806519092,0.99286012612246,0.9438651511913881,0.9471947969858329,0.651586124105576,0.908695237972854,0.9901115401524299,0.8793039041039796,0.8677032982362043,0.9752228433546726,0.7517907605986491,0.5880663274583653,0.702711434007936,0.979036839741975,0.9448651676993313,0.9421544251635241,0.8947630946084898
0.7707377676169803,0.9976913521021776,0.6905623801754472,0.7643223310166776,0.6247763473059231,0.7110049480776166,0.5981424894515966,0.8299159363279371,0.9362395648729295,0.8610909983949003,0.8192137379053611,0.7948863162500044,0.854828299306852,0.8703017311525477,0.7949972315760707,0.7406012222467884,0.7790232889175541,0.7662674997350298,0.9402003961698032,0.8615053478673218,0.900087298407309,0.0,0.9545785922311106,1.0,0.9790622412800358,0.9230330666805371,0.9823437394160656,0.9938119127006858,0.9260257723973178,0.9997422289074887,0.9744988153092622,0.9281254956908891,0.7706715170160334,0.7361699479699987,0.9403451381032406,0.976382262836704,0.8374937072309475,0.9503760271179823,0.9958096264892674,0.9813034686143614,0.4939640668614736,0.8497025170295229,0.9099706104605343,0.7058396387663384,0.676549428541344,0.7871927405141582,0.6224246961194926,0.382106195167546,0.5525947753614016,0.8112800579623782,0.8620808142560763,0.8051850161226293,0.8093074498278149
0.6718425024454486,0.8923540908306993,0.6122201513131075,0.6382483232356033,0.5313181521896472,0.6427290061855181,0.5056954555228038,0.7294241871983911,0.8421880083408048,0.7559354188118427,0.7775093353931025,0.6384560715729214,0.7188912615734776,0.7620095443701812,0.7460416898443066,0.6084937509177603,0.6813133810927469,0.6391686875875974,0.7882823505203247,0.7880576293255003,0.8029776258727841,0.9545785922311106,0.0,0.9623001192239773,0.8709292140834347,0.8887790850864988,0.9569481134889539,0.9455925422235796,0.9801106612228332,0.825601015610807,0.9031815337702085,0.8695253958114629,0.7359500924326723,0.6619610357740588,0.832519011282287,0.8891080271179725,0.804143017291883,0.7526216358868731,0.9382929090355372,0.8671396463121029,0.4258486809274181,0.7470925865123891,0.7424518828934685,0.5878259880097033,0.5980071674493436,0.6865996029660442,0.591172010857278,0.3458829483504505,0.49142023063237344,0.681293531856823,0.7061815324136218,0.6762115891089532,0.6916117399933811
0.7471789586995374,0.938962360897539,0.6898617433655674,0.7539996953180542,0.6867233724260021,0.69990215664258,0.5332905520515967,0.8234063616490235,0.9102094959536278,0.8667986149814033,0.7960790739355739,0.7624196412436257,0.9030883129100407,0.8477358886123544,0.7597317702734803,0.815787298512539,0.7872320560264991,0.8297339999587706,0.9563402314214078,0.9702509090267913,0.9674464938326749,1.0,0.9623001192239773,0.0,0.9995807885326733,0.9039746818360542,0.9288417471557155,0.9948054169347273,0.8836771268435225,0.9007175276536284,0.9800375233971392,1.0,0.7856866888046822,0.7394451696339943,0.9058596305725832,0.9971415337745345,0.8390019392730923,0.9162720122132333,0.9772597647350652,0.9148352982013259,0.4777409421528816,0.8944543045013893,0.8734896739696394,0.7409103891439122,0.725880220302156,0.8274480878543471,0.5999726626201004,0.3834479317756091,0.5136079127488354,0.8113616918611553,0.8125436610224963,0.9446491001235585,0.8513074199035298
0.7584542596875513,0.8666026832459155,0.7025203044469428,0.774509989326016,0.6434340706392552,0.7151202416569079,0.5632820319432105,0.7829090741511375,0.8888861872131583,0.9068963719861189,0.7962670649684114,0.7663867243902716,0.8749774142129747,0.8605820337958605,0.7529517423051472,0.7706580644693188,0.7645327010351458,0.8169768678741328,0.9337932201367891,0.9138795067700405,0.9506510626761955,0.9790622412800358,0.8709292140834347,0.9995807885326733,0.0,0.8172273499139711,0.9148068674670005,1.0,0.8367395491542824,0.8912179819038283,0.952013485524082,0.9503366236923505,0.7885848979832178,0.7234366168038624,0.8701245195079429,0.9740467416049451,0.8439576640485464,0.8829419659171349,0.9670654797279952,0.8941305822162275,0.48329333772456506,0.8777274561631992,0.9251513766213811,0.7334440888369853,0.7160508196100888,0.837066164630457,0.5715835772006514,0.4045572982776136,0.5308944553765074,0.812741506658461,0.8224400510528234,0.8989439688015302,0.7935731497401853
0.5247738348135038,0.9195109520896882,0.4690547555694159,0.5305270129618653,0.4516490579904721,0.5107129820101748,0.3989311754877423,0.545641442356827,0.752796032172814,0.6404714652748913,0.6517386870980648,0.5593023448462641,0.6332092614225391,0.6503835247868409,0.5726292668719422,0.5778426984231056,0.5634784093520102,0.6370024514614681,0.7356777018331623,0.7347059703473289,0.6627886050221335,0.9230330666805371,0.8887790850864988,0.9039746818360542,0.8172273499139711,0.0,0.8833649472334512,0.8555255085678566,0.9604955241009595,0.7266202401651412,0.7762210214945718,0.7458337634826102,0.5657563979503909,0.5158329747918816,0.7427426652915552,0.7595036580722546,0.6711377721454991,0.6297817704452621,0.814804225287675,0.7348252267290125,0.3473344216937654,0.6444625350659322,0.6727720408309302,0.5168483957553284,0.5219710511588259,0.5931924932825435,0.4666765182642561,0.29107291354438386,0.36517163312909845,0.6167598032635904,0.5948234842798066,0.6547048999590386,0.555956626855478
0.8053423833456922,0.8827483555307808,0.6480686761407655,0.6944579276842693,0.563578821081914,0.6875421169268372,0.5777578376646464,0.7521858035308657,0.8550139205330602,0.7741463468394026,0.7584012551931623,0.6460083571668753,0.7526330476255995,0.8352247190010046,0.7574054251185675,0.667572371328663,0.739841177981406,0.6595524015788913,0.8589101554560241,0.7868506014381194,0.8377340564723829,0.9823437394160656,0.9569481134889539,0.9288417471557155,0.9148068674670005,0.8833649472334512,0.0,0.997069923598711,0.9858554495771595,0.9131905023890722,0.8907501803752551,0.9245083950581025,0.8808185880712811,0.719539838790862,0.9167188858621363,0.8921848157551006,0.8817953284057467,0.7969294663954909,0.906140643529613,0.9088657605336738,0.46568198623983165,0.7760203765927676,0.784514421981607,0.647817998407342,0.655692482423727,0.7457440516080055,0.6190849416512729,0.3800511607640962,0.513271165862329,0.7448445895903754,0.7694223227252647,0.7170020314053668,0.7623011513453031
0.7376013970785651,0.8630246446931654,0.6758134085945107,0.6918836658593078,0.5973194257624825,0.6687160134975372,0.5455359017022762,0.73187387180508,0.8014454787511511,0.8109532735658633,0.7407635854695799,0.7217425854813915,0.8522434548968183,0.7916414265395624,0.7554527144231276,0.7220023834776628,0.7524094670693712,0.750020556584644,0.8931591420753865,0.8965398991975407,0.8879077106091283,0.9938119127006858,0.9455925422235796,0.9948054169347273,1.0,0.8555255085678566,0.997069923598711,0.0,0.8844646921309567,0.9102552260473591,0.9398503698225741,0.9052235994205038,0.7983178236548892,0.6835202204135191,0.9361398297414907,0.9666500889311794,0.8118318311488143,0.8354252222013676,0.9856653679702624,0.9224798572291107,0.449419039832637,0.814580522523458,0.817843017809227,0.6538827621265142,0.68578630168131,0.7627551381078613,0.5635356576123716,0.39000623074045465,0.5154095122266299,0.7474268745226623,0.7255717140430231,0.746767221727849,0.7185055713954556
0.6778522112724897,0.8612939254667645,0.556546375043015,0.6288811621462455,0.4975263871681297,0.5837242710127842,0.48524608703307787,0.6564991755321229,0.7832191583894762,0.6641708738286662,0.7295181798293948,0.6255089920700007,0.7058909821507477,0.7158178681892412,0.7063129104670051,0.5928258057740204,0.6724903179322975,0.5910615102851516,0.7844934141031691,0.7536053039195547,0.7365486728484685,0.9260257723973178,0.9801106612228332,0.8836771268435225,0.8367395491542824,0.9604955241009595,0.9858554495771595,0.8844646921309567,0.0,0.8211291120722455,0.8633298563223722,0.9157250535885157,0.7269847058097695,0.6158530326828787,0.8651581070496143,0.8515737974097534,0.808553684649763,0.7246199960495495,0.9353334403088881,0.8628756013091358,0.42610292885943785,0.7256500960005476,0.7224065478343978,0.5701981805651861,0.5787683383566656,0.6323241056254548,0.5745352497188642,0.32701591823041165,0.4701540470170941,0.6674580705948537,0.6613603730011917,0.6455535279412696,0.6606141747229686
0.9588955931375497,0.7050598792151966,0.8649563182691546,0.8720783981199031,0.7770660822472042,0.9078151364954504,0.7265448930943358,0.940961058648008,0.9846964697730174,0.9662704035429092,0.8585140011829311,0.9047788401764102,0.9301426054351896,0.9021384823261728,0.9049131108611879,0.8750791887706889,0.9066464283129952,0.8259221436286851,0.9580719760029555,0.9346732874740599,0.9858685463131414,0.9997422289074887,0.825601015610807,0.9007175276536284,0.8912179819038283,0.7266202401651412,0.9131905023890722,0.9102552260473591,0.8211291120722455,0.0,0.9040062447010282,0.9105838897445884,0.9758005636495747,0.9076258751030988,0.9361064438064989,0.959304853355504,0.9675813495601366,0.9821798388272472,0.9723040995518138,0.9549480834910894,0.6481102917798685,0.9699252578128309,0.9614718747346624,0.8312834415268366,0.8672921487396827,0.9113138070951902,0.82141293810299,0.5566421376092997,0.7033151968330457,0.9756309005031488,0.9219459242960213,0.8502599678728537,0.9657590027625425
0.735520674142057,0.7958978156042301,0.6629549943798493,0.7100999054937247,0.6214741471125007,0.6888504989175251,0.5265095017573527,0.7742181550050605,0.8256008374655085,0.7996403963302543,0.7893745866729525,0.745985378768038,0.8092494943504663,0.8280910145654966,0.7800153779913258,0.7317798884531633,0.7542857911936579,0.7810143810839864,0.8825208585073322,0.908804003900116,0.9208852152617121,0.9744988153092622,0.9031815337702085,0.9800375233971392,0.952013485524082,0.7762210214945718,0.8907501803752551,0.9398503698225741,0.8633298563223722,0.9040062447010282,0.0,0.9150091332884753,0.8316512052182203,0.7016073184532383,0.9479586296477642,0.8944169787848937,0.8264171797094254,0.9026109789260974,0.9315633549805579,0.8999426322713991,0.47177312991427844,0.8206910292542189,0.8895309706869267,0.6915478350941677,0.6859497125066448,0.8021462292406553,0.6465227073290825,0.41515262210469805,0.5198759648094794,0.7818650374908529,0.7744205776868318,0.8526481591092089,0.7911406620043652
0.7693170727679669,0.7960857109137538,0.7112739266390379,0.7373103795399553,0.6664413096703876,0.71983477638673,0.5657851295510619,0.7746096382561579,0.8854952953152077,0.8374919435428196,0.8626536950859526,0.7790085803526606,0.8527915355650274,0.828834447828377,0.8152453653521329,0.7811527220977045,0.8270603631009014,0.7666227159934346,0.8969077819806818,0.9050615039883575,0.928825082593526,0.9281254956908891,0.8695253958114629,1.0,0.9503366236923505,0.7458337634826102,0.9245083950581025,0.9052235994205038,0.9157250535885157,0.9105838897445884,0.9150091332884753,0.0,0.8276253694639774,0.7476898638536447,0.9403619573006142,0.9212997836831229,0.9455408972319256,0.8761867356233343,0.9961048652613109,0.919673995072133,0.49684649826007493,0.8513831168997708,0.8870485673158756,0.7009921897547856,0.7568809416756923,0.8031332724346827,0.6497585172121476,0.43599138655811875,0.5647892605107947,0.7719028021017181,0.8857321955301346,0.7972853270296523,0.776198502201953
1.0,0.6155105399834965,0.9026046118658989,0.8823953828042337,0.7992056916087472,0.8735058137368155,0.8738153906873711,0.8967144836372882,0.8583171229302733,0.8521212492650463,0.9433510025867841,0.7905289587369072,0.8280910644560492,0.886018199108596,0.9660651720285703,0.7570935048308036,0.9544781713979136,0.7244873489865867,0.8584786893586992,0.8217595722062773,0.9250166244963538,0.7706715170160334,0.7359500924326723,0.7856866888046822,0.7885848979832178,0.5657563979503909,0.8808185880712811,0.7983178236548892,0.7269847058097695,0.9758005636495747,0.8316512052182203,0.8276253694639774,0.0,0.9796838997006698,0.8233543921199524,0.7883067462144938,0.9481432845170538,0.9228681708643094,0.9251762878670051,0.8057264215767622,0.7251025108208354,0.9081113596585292,0.8345326262165572,0.7975899526347997,0.8636626407862085,0.8561290780761058,0.8519225739006304,0.6109487814916239,0.8358716164629413,0.9361965799942142,0.9093797289864752,0.764729093541093,0.9059755138073731
0.9105042076315115,0.537280085861945,0.9589023984986957,0.9260273867063633,0.9066408990377961,0.9236948665001244,0.8743867674568473,0.9309955932943403,0.8322585785576168,0.8574697982357486,0.8649363286870722,0.847485943139662,0.8405351472354824,0.8998090153850791,0.848166970525017,0.8071873786994801,0.9609098132451689,0.7607433658689114,0.8136297656369509,0.750230004057762,0.9201244161255299,0.7361699479699987,0.6619610357740588,0.7394451696339943,0.7234366168038624,0.5158329747918816,0.719539838790862,0.6835202204135191,0.6158530326828787,0.9076258751030988,0.7016073184532383,0.7476898638536447,0.9796838997006698,0.0,0.7469219986154212,0.7629482465090692,0.8522725470335273,0.880309930445391,0.7701733656076339,0.7554502230116117,0.8581670529377515,0.8051594764128975,0.8502180414720796,0.9054750412457286,0.8790163775566073,0.8767727772230254,0.9075431380070481,0.7500480206242723,0.8703664912631917,0.9497193452304895,0.8457079959405989,0.7459362735529577,0.9484195497332584
0.8072681895813105,0.7490598163957248,0.7101349299746155,0.7847073307822815,0.6919131675207472,0.7725581923955951,0.5668525358604587,0.827159279436204,0.8712766664286333,0.8199651935244245,0.8450147527708456,0.7796171006892699,0.8640479683345618,0.8237054158924989,0.8173873198092655,0.7760226512375109,0.8001704736032441,0.7758850757578537,0.9010390035223954,0.8787812428887625,0.8595342668326402,0.9403451381032406,0.832519011282287,0.9058596305725832,0.8701245195079429,0.7427426652915552,0.9167188858621363,0.9361398297414907,0.8651581070496143,0.9361064438064989,0.9479586296477642,0.9403619573006142,0.8233543921199524,0.7469219986154212,0.0,0.9360300207029901,0.869273363331401,0.8831808884131124,0.9039536157615864,0.8836671277171653,0.5015207004699221,0.8835920024843286,0.8383342292942938,0.728203041078954,0.796009980963695,0.8289443092509083,0.6939589834887487,0.4773846861543447,0.5913840308256247,0.8517358468201797,0.8624234947386571,0.8523022998132682,0.8366811048178503
0.7814685610630672,0.8089754915900067,0.7429493003784443,0.7723568542747857,0.6971030371740211,0.7826881064784599,0.6304283272099845,0.8628615064071301,0.8968823281880833,0.9056243265303807,0.8405137449881013,0.8646878361606323,0.9254179705072582,0.8722680262633468,0.7909987344235402,0.872928107977653,0.8237458394523804,0.8146978186280537,0.9337279588202935,0.9702490898167979,0.9859875890849642,0.976382262836704,0.8891080271179725,0.9971415337745345,0.9740467416049451,0.7595036580722546,0.8921848157551006,0.9666500889311794,0.8515737974097534,0.959304853355504,0.8944169787848937,0.9212997836831229,0.7883067462144938,0.7629482465090692,0.9360300207029901,0.0,0.9108596679357932,0.8938313730464309,0.9454142138792364,0.9747297884108557,0.5222572624383162,0.9624152206963996,0.97962695863562,0.7638297368513685,0.790273091109094,0.8893122485005247,0.6548409412831228,0.455132762241752,0.5883758463509899,0.85755076448075,0.9003349723983776,0.9211925098084605,0.8106853167166111
0.9368174470163695,0.6636283251456921,0.8292391538455934,0.8361563514858129,0.7752966964306144,0.8541249338342962,0.7140468633235477,0.8649167236601065,0.9336418633613202,0.8754878809221073,0.8558735090423075,0.8244680968019666,0.8849459193008374,0.904984377638842,0.8387344193074583,0.8073808667833576,0.9516166163481455,0.7781982812418204,0.9003636005591052,0.8847231879066583,0.9248477806519092,0.8374937072309475,0.804143017291883,0.8390019392730923,0.8439576640485464,0.6711377721454991,0.8817953284057467,0.8118318311488143,0.808553684649763,0.9675813495601366,0.8264171797094254,0.9455408972319256,0.9481432845170538,0.8522725470335273,0.869273363331401,0.9108596679357932,0.0,0.855854640796578,0.8899550789978091,0.9200767032429378,0.6595415959665435,0.8816611839253792,0.8933736100949089,0.8068605348364541,0.8606732708949093,0.8834630828626112,0.8076381050160252,0.5592216551500228,0.7243710860114814,0.9462423632921537,0.9025812544649348,0.8377060437560604,0.9187995101247581
0.9193943706633165,0.6776216671112532,0.8591401665792351,0.8526994161174836,0.8467855046860102,0.8236334096561814,0.7082688201416791,0.932024433770492,0.9185547004684942,0.9286306851102066,0.8343960821645132,0.8835281100894457,0.968725872068509,0.8645949799979741,0.8649856739841396,0.8746460378589963,0.9599530610139221,0.8894277080787394,0.926458866633354,0.9973450758061477,0.99286012612246,0.9503760271179823,0.7526216358868731,0.9162720122132333,0.8829419659171349,0.6297817704452621,0.7969294663954909,0.8354252222013676,0.7246199960495495,0.9821798388272472,0.9026109789260974,0.8761867356233343,0.9228681708643094,0.880309930445391,0.8831808884131124,0.8938313730464309,0.855854640796578,0.0,0.8960255323259437,0.9898561964085062,0.6337059177416625,0.9370457007986812,0.9931411730132278,0.8480698432337682,0.8743210717583689,0.9353439943619544,0.7538740607437203,0.5601256086828648,0.7052282715204731,0.8888356612603664,0.8770965792221975,0.9771040892779783,0.869977338488813
0.7741950068309854,0.8742143572762621,0.7150023159851596,0.733945708608882,0.6152912952046027,0.7335400853876918,0.5972106400338738,0.8143260590600929,0.882174450791101,0.8503991793816484,0.8664586143027752,0.7336867008708163,0.8180954259592214,0.8571099292670522,0.798030757305927,0.6937325763822029,0.8267909503353696,0.7012843746160246,0.8997597747017413,0.871457756210069,0.9438651511913881,0.9958096264892674,0.9382929090355372,0.9772597647350652,0.9670654797279952,0.814804225287675,0.906140643529613,0.9856653679702624,0.9353334403088881,0.9723040995518138,0.9315633549805579,0.9961048652613109,0.9251762878670051,0.7701733656076339,0.9039536157615864,0.9454142138792364,0.8899550789978091,0.8960255323259437,0.0,1.0,0.5043775398466007,0.9098539068467202,0.8602104770841108,0.687987498624812,0.7725772262320636,0.8030785237183129,0.6564368156750442,0.4129506916101785,0.5826582614363534,0.8168902723279615,0.8256488368676647,0.7681908061960092,0.7418268179082981
