Cingulate area 2,Frontal association cortex,Cornu ammonis 3,Dentate gyrus,Cornu ammonis 2,Cornu ammonis 1,Fasciola cinereum,Subiculum,Postrhinal cortex,Presubiculum,Parasubiculum,Perirhinal area 35,Perirhinal area 36,Medial entorhinal cortex,Lateral entorhinal cortex,Primary auditory area,"Secondary auditory area, dorsal part","Secondary auditory area, ventral part","Piriform cortex, layer 1","Piriform cortex, layer 2","Piriform cortex, layer 3",Ventrolateral orbital area,Lateral orbital area,Ventral orbital area,Medial orbital area,Dorsolateral orbital area,Prelimbic area,Secondary motor area,Frontal association area 3,Primary motor area,"Agranular insular cortex, ventral area",Agranular insular cortex dorsal area,Cingulate area 1,Infralimbic area,Dysgranular insular cortex,Granular insular cortex,"Primary somatosensory area, forelimb representation","Primary somatosensory area, dysgranular zone","Primary somatosensory area, face representation",Secondary somatosensory area,"Primary somatosensory area, hindlimb representation","Agranular insular cortex, posterior area","Primary somatosensory area, barrel field",Retrosplenial dysgranular area,"Primary somatosensory area, trunk representation",Retrosplenial granular area,"Parietal association cortex, lateral area","Parietal association cortex, medial area","Parietal association cortex, posterior area",Primary visual area,"Secondary visual area, lateral part",Temporal association cortex,"Secondary visual area, medial part"
0.0,0.45288549706319253,0.7709618125698565,0.8097179749215263,0.7654783306472682,0.7435508357319528,0.6952018871742827,0.7034014799543197,0.7420477753464513,0.7251886101274904,0.6427916026540089,0.6106704878374094,0.5096104012352262,0.626429052633046,0.6436129759224031,0.5716944951848488,0.6175508326533524,0.5268155490697043,0.6045684186941195,0.6583893646099065,0.7302135881868592,0.42449913255884303,0.4020105736003724,0.5481710172263852,0.3080785761301311,0.293311414703985,0.519855710886464,0.5601304050743224,0.5646114633405764,0.6611431097703021,0.5929083567774518,0.5033428856724683,0.7256216346728432,0.41357421183347276,0.5585630598378245,0.5924334643332084,0.8986265293731988,0.8808012384182585,0.67679544744114,0.5320234967117337,0.7179556180194486,0.5965166120949457,0.8242701742181634,0.7385640743325115,0.7063158187335914,0.8293066810227764,0.6245270670174756,0.5552538242049838,0.6917171994731716,0.6604797183574413,0.7233660149490365,0.6947713400669085,0.7323630314607773
0.45288549706319253,0.0,0.6935924688698851,0.6187742069390413,0.6265120741364989,0.6672572929626388,0.2816618116548902,0.8209131428692477,0.7169383007518586,0.6587711479870879,0.7243396239807802,0.8199109021031328,0.8487274403613562,0.864882045667015,0.7912043176450019,0.6389169835145739,0.5483748329773558,0.8105628957909494,0.7593340880910536,0.854802942404007,0.762957237982192,0.8191439268380781,0.9244230627806648,0.8171115332810992,0.6769930888431258,0.7691667481951702,0.722272034749567,0.8391896228678094,0.9483699982958503,0.6197033624655341,0.8064229343795909,0.8828749539433842,0.6074778003784727,0.20764855806400823,0.8464454846077687,0.7909307481114105,0.5297609501371431,0.49895923760275157,0.7635657145678648,0.7192878461715508,0.38401779158423777,0.8392387288001185,0.5707961862638367,0.5624460742934855,0.5363771611856887,0.5410152598592988,0.689809095660196,0.31235367368071615,0.47821134927895914,0.6481904825047888,0.45120203463156755,0.7220400765131294,0.6052695979028367
0.7709618125698565,0.6935924688698851,0.0,0.932055725969463,0.9908328924711507,0.9350836693340526,0.5805447427267356,0.9093057367483157,0.9869793853559583,0.8390849740193237,0.8989727402572824,0.8998066819115043,0.7545234120384012,0.9280093328901464,0.9138770782187862,0.8193774615239485,0.760499624174899,0.7741706809393629,0.9075102214893207,0.9232437971905008,0.9380166508704854,0.61456538031329,0.6415876461739578,0.7518883141075097,0.4323331464076605,0.42125336209530084,0.6758262523572529,0.7886164857651484,0.7897368709856389,0.7728222660657273,0.8476324792938252,0.7407261609402082,0.8334913637232616,0.33099486694920444,0.8259614379811632,0.8519276645222293,0.8627293102274398,0.8790947836321769,0.8624336448752571,0.6997971575086919,0.705062598706142,0.945908877973766,0.9239159382879932,0.8306417867344235,0.8189680264655,0.8506282087820007,0.8882460286828613,0.5378257077970053,0.6939815422974914,0.8652292806819516,0.7641026814537846,0.8791169434986383,0.8658078348786451
0.8097179749215263,0.6187742069390413,0.932055725969463,0.0,0.9846467468747082,0.983854816059051,0.661396668211582,0.9912423646875217,0.9591546359376464,0.9262851650877878,0.9911833231954876,0.8204303034770634,0.6893037252743351,0.9460070167676201,0.8730470209773825,0.7254697797126602,0.7477550611783486,0.695517348603347,0.888264214862708,0.8721253666098643,0.9516828948947188,0.5955256441964384,0.5787173957283177,0.7667013266766177,0.400772031814204,0.3924636182363595,0.7263022301565666,0.7119415110820304,0.721446208830071,0.807554767307357,0.7902133509459347,0.6998965281654995,0.9331032188734075,0.3392462852372379,0.7582896639561515,0.811908233124428,0.9845191537602683,0.8769746289718452,0.8266648021766144,0.6702676787712168,0.7687231716291465,0.8804650782966739,0.9821023072929297,0.9346342417644948,0.8933125042856097,1.0,0.9527318143926993,0.6114039297656434,0.8129889571314546,0.9104593488590672,0.8495843368018761,0.8905523584195031,0.9973934395908189
0.7654783306472682,0.6265120741364989,0.9908328924711507,0.9846467468747082,0.0,0.9946427585830837,0.5906795523028793,0.9325165934816065,0.9662899702980201,0.9814310533533344,0.9687372498163295,0.8366757243530099,0.7510982769529123,0.8731830552547616,0.8813264885215845,0.7621828976513005,0.7834843693842884,0.7680086222023452,0.8294827078788286,0.8599924421356842,0.9829887757974739,0.562571577318051,0.5497120373223537,0.727660231137874,0.39759288007681404,0.3980895776870273,0.6565247759238915,0.718087157786413,0.76125657639335,0.7600962496462906,0.8152826749030706,0.6998678240273273,0.9107278143419295,0.319191346057038,0.8215565567816892,0.7952903356838844,0.8926470673631334,0.9270383078653112,0.8361446467185121,0.706304199861851,0.7394547273285061,0.8846570970442246,0.8662647532533733,0.9167913822768101,0.8043777300243319,0.9571502065080337,0.8445320388003115,0.5810565424722084,0.7963812828697607,0.8959098235581164,0.7985099724894537,0.9661626638661727,0.8885021394377722
0.7435508357319528,0.6672572929626388,0.9350836693340526,0.983854816059051,0.9946427585830837,0.0,0.5804055982729344,0.8952132837507544,0.951044443927029,0.898207668658371,0.8971931786047582,0.8184898463055014,0.7175357427660929,0.8660520337537958,0.8900320627635182,0.7163765986528596,0.7590106615123273,0.6892586902700887,0.8774917144395148,0.9042796574897781,0.9714072613745149,0.5977556845033566,0.5992240986541155,0.725592556278039,0.4050142729740158,0.40694339477132946,0.6900601860645047,0.751957762783263,0.7424282143744666,0.7765162684393732,0.8078618482894524,0.7167390663762431,0.8343580544123377,0.3368303127944653,0.7943859239869828,0.7932441183489295,0.8487698521221204,0.8863030328187912,0.8355299524367537,0.7231215154959211,0.667100324316242,0.9310822734042897,0.9082858502059906,0.854542268205583,0.8871003400121619,0.8527900780021205,0.8744068580223876,0.5465995091990392,0.7730257744930883,0.889590179618309,0.7694152429485893,0.8734070654472924,0.8970551846002861
0.6952018871742827,0.2816618116548902,0.5805447427267356,0.661396668211582,0.5906795523028793,0.5804055982729344,0.0,0.4711750461025806,0.5036765574267907,0.5094825919654528,0.47017520852883316,0.40356028974058666,0.31809241387161075,0.4285848041899809,0.4328950846031206,0.38193023265035647,0.44028091956001286,0.3326303923479845,0.41497701128783004,0.422072292146875,0.46035605542428837,0.2921919773116088,0.26532988641114,0.38698730397100817,0.2146590651754991,0.19030858991495625,0.36684800238242105,0.3820604086661135,0.34257812191175646,0.5242846300460886,0.39482375353782706,0.3158121452986446,0.60511206925362,0.5612258342599178,0.359799565053379,0.36614926227983535,0.7599774219266068,0.7471819561357805,0.41056629174244275,0.3250196678835215,0.8498057349674331,0.4080344755020268,0.6514435893033309,0.6360944744590894,0.6348025105004409,0.6913751516883625,0.49944645031712487,0.6793494894121751,0.6149643501158445,0.5083327530916247,0.6042261533438162,0.459551236981952,0.6211768998495792
0.7034014799543197,0.8209131428692477,0.9093057367483157,0.9912423646875217,0.9325165934816065,0.8952132837507544,0.4711750461025806,0.0,0.9674052104990118,0.9515670906253471,1.0,0.8348864854373911,0.7884801155317742,0.9774535654907478,0.9297461036800673,0.7939720513946442,0.7312181290905293,0.7926763864812293,0.8317908858673814,0.923610771270707,0.9713582129088382,0.7682620640868125,0.7394118392370164,0.9210944346920873,0.571506282624356,0.5395350844264306,0.8366862077420225,0.8402845516737053,0.8919423592481459,0.7902357341828927,0.8771088448245896,0.8586232172743389,0.8897468346619524,0.27502824729811287,0.9438888791770579,0.8996635070921412,0.7850689797458534,0.7932382824470919,0.8789473920173386,0.7904150163268329,0.6073742186236599,0.9214067453888366,0.8035164194846468,0.8241659107232883,0.7636546973240953,0.8807709838404593,0.8359327895143905,0.47052679010652576,0.7651213242154178,0.927883965032271,0.7428465012399578,0.9304002560089045,0.8595899787116641
0.7420477753464513,0.7169383007518586,0.9869793853559583,0.9591546359376464,0.9662899702980201,0.951044443927029,0.5036765574267907,0.9674052104990118,0.0,0.9684854923585772,0.9925259591504151,0.9368160220917827,0.7819679747157917,0.9544240153551469,1.0,0.7585474572132949,0.7506549006816312,0.8080039724001142,0.8702673251184077,0.9455939001996463,0.964977245590733,0.609538682800269,0.5965036191718787,0.7752205322949013,0.432307845754174,0.44762906283008863,0.6763141723837777,0.7316400712920804,0.8174449349546071,0.7259106497790626,0.8364073341102735,0.7615115318330894,0.8408671780443928,0.2672911540605637,0.8401273957365684,0.9491490368003921,0.8213318461557871,0.8147105998730323,0.8888234902207706,0.7417395424532317,0.6297275389966397,0.9576174561806996,0.8517536853339961,0.8367284035704607,0.7616406628503857,0.7793866844481429,0.9123736826683589,0.4783612426226341,0.7176833568230302,0.8539640205425878,0.6797764867716273,0.9238710726453919,0.8627545526351627
0.7251886101274904,0.6587711479870879,0.8390849740193237,0.9262851650877878,0.9814310533533344,0.898207668658371,0.5094825919654528,0.9515670906253471,0.9684854923585772,0.0,1.0,0.7260235957822045,0.6952466956966691,0.844164206210711,0.8149583254491333,0.7051054839928942,0.7205252490177783,0.707190455558077,0.7638740707964637,0.7845935522075991,0.8266094045816462,0.6188124045627418,0.5902117513114477,0.8223981618068713,0.4663667207237799,0.4311005905637254,0.7035192019161484,0.6954643884630798,0.802527490601776,0.7150329612259628,0.7233744160489326,0.7038343035002768,0.8498786372530677,0.26331436488430277,0.7720569523773914,0.7879046717315318,0.752208626708045,0.7908720310685641,0.7524381990522556,0.695060124271932,0.6023371328821239,0.7466899458901017,0.7779369122666355,0.7996596012203487,0.7997619092740456,0.8680896845045938,0.8363438570627773,0.5147851791552388,0.7882160387739992,0.9228075434771748,0.791673270030029,0.8694537399520551,0.8866578407676609
0.6427916026540089,0.7243396239807802,0.8989727402572824,0.9911833231954876,0.9687372498163295,0.8971931786047582,0.47017520852883316,1.0,0.9925259591504151,1.0,0.0,0.80827538135735,0.7603511182180589,0.944341060496808,0.9169581601510751,0.74903715312749,0.7093081638232331,0.7741487749318258,0.8325016134507179,0.9013723819566806,0.8651566244931911,0.648418960435727,0.5885170401307702,0.7581682637711274,0.44440190940311336,0.45909624745260796,0.7061112862385075,0.6737797162827218,0.7831809155271351,0.6937920398207998,0.8014913905589414,0.7785456945016198,0.8101590383372416,0.25567767143998327,0.8063015145956467,0.9126418269439771,0.7250997675865922,0.7657598046736532,0.7937196639341916,0.748613184695383,0.5959485655917319,0.899044463303888,0.7893888962313039,0.8056847420311165,0.7889115225809205,0.7993184492694301,0.8788011819553393,0.47908592062767197,0.7143081109238126,0.8881532841437115,0.7230360113399655,0.9073463843235611,0.8557346858580835
0.6106704878374094,0.8199109021031328,0.8998066819115043,0.8204303034770634,0.8366757243530099,0.8184898463055014,0.40356028974058666,0.8348864854373911,0.9368160220917827,0.7260235957822045,0.80827538135735,0.0,0.8632440963805945,0.9916706696815852,0.9792871447401004,0.7738929665742041,0.7290884479528569,0.8551823981632927,0.9549620152188452,0.9939854126222378,1.0,0.6498433601431016,0.674306849314977,0.7246600440900337,0.4822823138958504,0.48961087481399845,0.6654520631661387,0.7945209334264404,0.7931764559913164,0.7156555196644294,0.8891006448363884,0.7940200585889674,0.678812116023134,0.260750654907987,0.9667965936962784,0.9509095089545687,0.6792952343704646,0.6578224859650112,0.9547311788189085,0.8086352969736865,0.4917916213815993,0.973262100746313,0.7823324661646228,0.6386631156591236,0.6860509037082558,0.6438578664070292,0.7980120505415532,0.39328952522310884,0.6036087742002687,0.7584404984289438,0.5961413362842779,0.8878157410867304,0.7109562324469028
0.5096104012352262,0.8487274403613562,0.7545234120384012,0.6893037252743351,0.7510982769529123,0.7175357427660929,0.31809241387161075,0.7884801155317742,0.7819679747157917,0.6952466956966691,0.7603511182180589,0.8632440963805945,0.0,0.861849837036284,0.8413557020171245,0.741462597665846,0.6736887382410438,0.9339996047642221,0.822368322351416,0.9610623830082468,0.8798363016466665,0.6531029686033475,0.731778829382601,0.6965449486487232,0.4974835045611129,0.5859812539298244,0.6147776080329137,0.7874345738455734,0.8357786939487629,0.6189902041705916,0.8723153094641329,0.8382118272207401,0.6026848071203724,0.2409146875554446,0.9047049773471001,0.8859344780799644,0.5630389346135817,0.5495822275178168,0.9113614350986892,0.8714897277964293,0.4101687459420028,0.8430546420815944,0.6264536553457283,0.5483678018635295,0.5672667864130021,0.5455531241488902,0.7008027688893739,0.31620493091265856,0.5042937038774472,0.6696199509042458,0.5011992061412435,0.8575966354715311,0.5934442562582934
0.626429052633046,0.864882045667015,0.9280093328901464,0.9460070167676201,0.8731830552547616,0.8660520337537958,0.4285848041899809,0.9774535654907478,0.9544240153551469,0.844164206210711,0.944341060496808,0.9916706696815852,0.861849837036284,0.0,0.9682672068667398,0.7511911046167575,0.7049891066287897,0.8091793071338731,0.9160822643142116,0.9949833328676067,0.979696491775828,0.7643282359806979,0.737937968178864,0.9254506219849521,0.5654905977611883,0.5703160295765874,0.7836297027944714,0.8441066514393063,0.8873839565561144,0.8033605862015585,0.9223246276391853,0.885685147601305,0.7808738502595336,0.25232977333673207,0.8943996120542266,0.9109328991167751,0.7234404473708921,0.7077340085928441,0.8583079887056204,0.7329196558097454,0.5421951049914473,0.9505510152762581,0.7615277180343675,0.7812893209538351,0.7208693252668181,0.7375498344377541,0.9084375716700127,0.4408701057041382,0.6536157467531283,0.850767774193348,0.6451750086655657,0.8836810779473792,0.8327254172080022
0.6436129759224031,0.7912043176450019,0.9138770782187862,0.8730470209773825,0.8813264885215845,0.8900320627635182,0.4328950846031206,0.9297461036800673,1.0,0.8149583254491333,0.9169581601510751,0.9792871447401004,0.8413557020171245,0.9682672068667398,0.0,0.7361321649855663,0.7579709074851206,0.8547865502548102,0.9318654003294895,1.0,0.988269961138571,0.6200707156074973,0.6717589046887557,0.7537365171675962,0.4694789992199573,0.49150498237880536,0.6647926726905827,0.8149067452045131,0.799179648679939,0.7449048264324749,0.8865328215942343,0.8202439498704732,0.7439122485072703,0.26553476958041744,0.9334097995041909,0.8849924032117615,0.7155367297503954,0.7150019252373747,0.8856851526413606,0.7728013286966985,0.5519961448461247,0.9710588791038148,0.8306885832870012,0.7183594650000721,0.7319469975038275,0.7343927061766169,0.8688239277311359,0.426266604379818,0.644183605702534,0.8353749444605943,0.6579105680477734,0.8998084284898517,0.7754536871298533
0.5716944951848488,0.6389169835145739,0.8193774615239485,0.7254697797126602,0.7621828976513005,0.7163765986528596,0.38193023265035647,0.7939720513946442,0.7585474572132949,0.7051054839928942,0.74903715312749,0.7738929665742041,0.741462597665846,0.7511911046167575,0.7361321649855663,0.0,0.8978478286904803,0.9437159398249239,0.73367703680313,0.827672645069656,0.7729411017074196,0.5502716412139058,0.5795285238082253,0.6350505391712293,0.4281815100936219,0.4375957742604301,0.5820696186019478,0.6689909229023627,0.7503198551971747,0.5694346560696582,0.783105714667472,0.6627409889589494,0.5850014175983838,0.27468467756738607,0.7821516002285517,0.8781884340097956,0.6132970717046661,0.6027855868044378,0.9081038545239124,0.9312236694115815,0.45830280850246485,0.7443967947914052,0.7156372131514067,0.5740102094634997,0.586712101356796,0.606950535373098,0.6763169607516988,0.33843059520421503,0.5427596364268835,0.727471296232647,0.6490708622901272,0.895431587278156,0.5899448026909017
0.6175508326533524,0.5483748329773558,0.760499624174899,0.7477550611783486,0.7834843693842884,0.7590106615123273,0.44028091956001286,0.7312181290905293,0.7506549006816312,0.7205252490177783,0.7093081638232331,0.7290884479528569,0.6736887382410438,0.7049891066287897,0.7579709074851206,0.8978478286904803,0.0,0.8048081498755446,0.7155555658508339,0.7586327060445682,0.8035693139106149,0.44007361097904024,0.4481980467094387,0.556841021248636,0.3373262162782076,0.338129836712445,0.49558882270624105,0.5587957527173352,0.6420116447814928,0.5417528306379691,0.6630807792130288,0.5732034255306657,0.5852971833786211,0.3152633692209372,0.6593402356653126,0.7896125184737135,0.6273556666751817,0.6511557239896512,0.7907585912750795,0.827422922353636,0.4854390450789662,0.6952125767233259,0.7475692739364881,0.599761319925532,0.5977032404237069,0.6381991068704361,0.6628986669128338,0.379538171820113,0.5840680419514936,0.7132003866852795,0.7003034648343348,0.8717552256902927,0.5856955798871429
0.5268155490697043,0.8105628957909494,0.7741706809393629,0.695517348603347,0.7680086222023452,0.6892586902700887,0.3326303923479845,0.7926763864812293,0.8080039724001142,0.707190455558077,0.7741487749318258,0.8551823981632927,0.9339996047642221,0.8091793071338731,0.8547865502548102,0.9437159398249239,0.8048081498755446,0.0,0.7479175597774467,0.9168226414196757,0.8713404003415907,0.6008803983942389,0.682123610273903,0.6937050006322273,0.511081833073082,0.5420822161267091,0.6081678316568465,0.7026451546758019,0.8177059896170854,0.5968642155191085,0.8443784316229765,0.7931981973510699,0.586225655509643,0.2375111844079501,0.9114133694097631,0.9974721262499183,0.5776778553933348,0.5667650528499644,0.9743387160989574,0.9939856635396713,0.4069267997455317,0.8080751449474957,0.6377508361463031,0.5575978836500819,0.5534681642650938,0.5788774269071172,0.6771264963145145,0.3162018306881257,0.4847299258998309,0.6825329179148867,0.5315441987513888,0.9271320980013856,0.602586023792452
0.6045684186941195,0.7593340880910536,0.9075102214893207,0.888264214862708,0.8294827078788286,0.8774917144395148,0.41497701128783004,0.8317908858673814,0.8702673251184077,0.7638740707964637,0.8325016134507179,0.9549620152188452,0.822368322351416,0.9160822643142116,0.9318654003294895,0.73367703680313,0.7155555658508339,0.7479175597774467,0.0,0.9826514906692176,0.9808922936180098,0.6285845841046592,0.6652127403523529,0.7440049407721885,0.45792820847436766,0.4816233239090548,0.6469124470157405,0.8452413290363262,0.8006497681491882,0.7447656710694042,0.9126832900848024,0.76446440995493,0.7120047713468156,0.28965819825958194,0.935790757098387,0.945247601137334,0.6944432789320654,0.7058215817871277,0.8305544030431483,0.721527733333108,0.5454099948272775,0.992817676338166,0.8245832222169291,0.7163082463198129,0.7317953887621326,0.6748317973672084,0.8612108687155469,0.4330036952055763,0.6250916779271,0.76739008014437,0.6368226828115562,0.8194344784170089,0.7402501753411574
0.6583893646099065,0.854802942404007,0.9232437971905008,0.8721253666098643,0.8599924421356842,0.9042796574897781,0.422072292146875,0.923610771270707,0.9455939001996463,0.7845935522075991,0.9013723819566806,0.9939854126222378,0.9610623830082468,0.9949833328676067,1.0,0.827672645069656,0.7586327060445682,0.9168226414196757,0.9826514906692176,0.0,1.0,0.682829823416783,0.7082080437748519,0.7790324241774189,0.5000086595852516,0.5306475800419712,0.7179924661954309,0.8748476424918452,0.8788456665598448,0.8015400496204901,1.0,0.9030140997841379,0.7610897451320167,0.27715316080247737,1.0,0.9690251298165246,0.757341994327999,0.7185391718866815,0.9410359869735375,0.8764292722112343,0.5304803451317459,1.0,0.8104688268324207,0.700355151345004,0.7356327437914977,0.6784920760348735,0.9188574291111145,0.4159535438048246,0.6158657550441025,0.8240603885749687,0.6290149377944262,0.9201129595818444,0.7536461211803117
0.7302135881868592,0.762957237982192,0.9380166508704854,0.9516828948947188,0.9829887757974739,0.9714072613745149,0.46035605542428837,0.9713582129088382,0.964977245590733,0.8266094045816462,0.8651566244931911,1.0,0.8798363016466665,0.979696491775828,0.988269961138571,0.7729411017074196,0.8035693139106149,0.8713404003415907,0.9808922936180098,1.0,0.0,0.6377086252487342,0.6130444176472254,0.7621546788569777,0.43527411997786214,0.4806768618626217,0.6600252701139241,0.8445257708454874,0.7879057478965764,0.7789620363776232,0.9721651741512239,0.8326111409842271,0.7513608405717136,0.30927542849828693,0.9462651433491458,0.9194050958912823,0.7357484369441859,0.768127649576777,0.9441660321595586,0.8017004836631304,0.5856037080651552,1.0,0.8511276679337437,0.758838166161686,0.7718324574812364,0.7336311210965424,0.869232803237848,0.44112904166027894,0.6453725058537564,0.7967031424395152,0.6564029203617094,0.8967672397697984,0.761155305129757
0.42449913255884303,0.8191439268380781,0.61456538031329,0.5955256441964384,0.562571577318051,0.5977556845033566,0.2921919773116088,0.7682620640868125,0.609538682800269,0.6188124045627418,0.648418960435727,0.6498433601431016,0.6531029686033475,0.7643282359806979,0.6200707156074973,0.5502716412139058,0.44007361097904024,0.6008803983942389,0.6285845841046592,0.682829823416783,0.6377086252487342,0.0,0.9583071007955745,0.9143510534298414,0.7955115522369905,0.7503072013567903,0.9134651797040944,0.8456016296477882,0.8342555172828238,0.6967170926634924,0.7272759597179816,0.7857363423941761,0.6927943022120268,0.21590117532679742,0.7144802467611645,0.6248393570308509,0.5447267429535554,0.4824808127804322,0.6363785719985467,0.5469009048204101,0.4107400518618369,0.7100843784399588,0.5141437158394446,0.6004598964809617,0.5637948580761657,0.5610358188555153,0.6963033032838035,0.32875652778451236,0.44158355414914624,0.6139805317415601,0.41543170247337136,0.6272325642718048,0.6920068975274647
0.4020105736003724,0.9244230627806648,0.6415876461739578,0.5787173957283177,0.5497120373223537,0.5992240986541155,0.26532988641114,0.7394118392370164,0.5965036191718787,0.5902117513114477,0.5885170401307702,0.674306849314977,0.731778829382601,0.737937968178864,0.6717589046887557,0.5795285238082253,0.4481980467094387,0.682123610273903,0.6652127403523529,0.7082080437748519,0.6130444176472254,0.9583071007955745,0.0,0.8156039969325753,0.7629125342657769,0.8688006845904033,0.8437230819173743,0.9335396529289348,0.8717651867972276,0.6577705519520035,0.7497696533831568,0.8373388457218391,0.6466275246472223,0.21718156119651993,0.7830115183468308,0.6390931399857309,0.5083537621408011,0.4545636698574307,0.6858756663417269,0.6057612507662105,0.3599933801227484,0.6745640192707344,0.5083297714579781,0.5403030216483156,0.5349283094142261,0.5411807067390905,0.6519584232076031,0.3049766080208447,0.40724283769651626,0.6062058489157911,0.4089430711304945,0.6099441874561528,0.5904224908031136
0.5481710172263852,0.8171115332810992,0.7518883141075097,0.7667013266766177,0.727660231137874,0.725592556278039,0.38698730397100817,0.9210944346920873,0.7752205322949013,0.8223981618068713,0.7581682637711274,0.7246600440900337,0.6965449486487232,0.9254506219849521,0.7537365171675962,0.6350505391712293,0.556841021248636,0.6937050006322273,0.7440049407721885,0.7790324241774189,0.7621546788569777,0.9143510534298414,0.8156039969325753,0.0,0.7236332362169764,0.6181230264069283,0.8669847955776686,0.8544948187166287,0.8414954669353615,0.7781150723730318,0.8427931794694524,0.8244340528172878,0.8218483345177271,0.2454609755672965,0.7818591320794361,0.7019487272691105,0.6697228363125081,0.636021497992608,0.7278815353397267,0.6171136173228081,0.5073321906138427,0.8164461611664195,0.6334703521732901,0.7290854407698106,0.6978740947699684,0.704876303276193,0.7979810030505059,0.41817087281037385,0.5752867110489309,0.7471382007699995,0.5571238222003619,0.7446269246736523,0.8419486095984411
0.3080785761301311,0.6769930888431258,0.4323331464076605,0.400772031814204,0.39759288007681404,0.4050142729740158,0.2146590651754991,0.571506282624356,0.432307845754174,0.4663667207237799,0.44440190940311336,0.4822823138958504,0.4974835045611129,0.5654905977611883,0.4694789992199573,0.4281815100936219,0.3373262162782076,0.511081833073082,0.45792820847436766,0.5000086595852516,0.43527411997786214,0.7955115522369905,0.7629125342657769,0.7236332362169764,0.0,0.8439915305726371,0.699483118779457,0.651746930081854,0.6647797965213934,0.5144520246450576,0.5180786802204378,0.6256015552040728,0.5177232729781763,0.16576776161969042,0.5144368573218661,0.46628875507440126,0.37330692462666293,0.3599546761708512,0.4935011795795437,0.43685680152057926,0.29740151736910087,0.45038949514710414,0.35700124467814004,0.4200508085941342,0.379040830716107,0.40561825062706713,0.48405832183725106,0.24055216194610296,0.313544065413903,0.42457964622600813,0.31360165980179644,0.4296805412036581,0.4469021518801853
0.293311414703985,0.7691667481951702,0.42125336209530084,0.3924636182363595,0.3980895776870273,0.40694339477132946,0.19030858991495625,0.5395350844264306,0.44762906283008863,0.4311005905637254,0.45909624745260796,0.48961087481399845,0.5859812539298244,0.5703160295765874,0.49150498237880536,0.4375957742604301,0.338129836712445,0.5420822161267091,0.4816233239090548,0.5306475800419712,0.4806768618626217,0.7503072013567903,0.8688006845904033,0.6181230264069283,0.8439915305726371,0.0,0.6014452622326247,0.6528784455016715,0.7018848642296613,0.47447591979693415,0.5635316105428844,0.6974050369478625,0.44356240312357725,0.16463260028568852,0.5723291218398658,0.4908945517001811,0.3530441723483588,0.32573323006308297,0.5273120360381395,0.47573912133672996,0.26442644624881495,0.4971614575206058,0.35213474325264366,0.37785227073904,0.36888241850478515,0.379392223228814,0.4698037551659658,0.2164304981082673,0.2987055090903036,0.42190082297160736,0.29210491567865504,0.45888958157439996,0.4152924197666882
0.519855710886464,0.722272034749567,0.6758262523572529,0.7263022301565666,0.6565247759238915,0.6900601860645047,0.36684800238242105,0.8366862077420225,0.6763141723837777,0.7035192019161484,0.7061112862385075,0.6654520631661387,0.6147776080329137,0.7836297027944714,0.6647926726905827,0.5820696186019478,0.49558882270624105,0.6081678316568465,0.6469124470157405,0.7179924661954309,0.6600252701139241,0.9134651797040944,0.8437230819173743,0.8669847955776686,0.699483118779457,0.6014452622326247,0.0,0.8268062168105247,0.862853762653485,0.8067801836736909,0.7303252157451102,0.7548856936312432,0.8500309774974183,0.23850666282007446,0.6867386332929406,0.633155664050894,0.6363388699156449,0.627971805858254,0.6765927029224629,0.5604274685436826,0.5101928432588883,0.6765449712062805,0.6033859620326844,0.7324593349025849,0.6651330109737249,0.7382934079106008,0.7412314230029836,0.4106592352634201,0.5309809805483441,0.7209057009046951,0.5149211474007913,0.6497047653461249,0.7370760681361734
0.5601304050743224,0.8391896228678094,0.7886164857651484,0.7119415110820304,0.718087157786413,0.751957762783263,0.3820604086661135,0.8402845516737053,0.7316400712920804,0.6954643884630798,0.6737797162827218,0.7945209334264404,0.7874345738455734,0.8441066514393063,0.8149067452045131,0.6689909229023627,0.5587957527173352,0.7026451546758019,0.8452413290363262,0.8748476424918452,0.8445257708454874,0.8456016296477882,0.9335396529289348,0.8544948187166287,0.651746930081854,0.6528784455016715,0.8268062168105247,0.0,0.9084662980336415,0.8832603025148941,0.9252478227898375,0.8854512754198938,0.8395723266816321,0.292999361161555,0.8711269210644036,0.7440098951027906,0.7065155910869623,0.6425160829755027,0.8115793350435079,0.6955033364155121,0.5180697182275856,0.8183139444300358,0.6984869590603872,0.6600788955695662,0.7109986230548959,0.7386559774064385,0.7688189890023671,0.4011716466346319,0.5495230658768245,0.6798286762098844,0.5566955515793438,0.79896658637054,0.7640295376348797
0.5646114633405764,0.9483699982958503,0.7897368709856389,0.721446208830071,0.76125657639335,0.7424282143744666,0.34257812191175646,0.8919423592481459,0.8174449349546071,0.802527490601776,0.7831809155271351,0.7931764559913164,0.8357786939487629,0.8873839565561144,0.799179648679939,0.7503198551971747,0.6420116447814928,0.8177059896170854,0.8006497681491882,0.8788456665598448,0.7879057478965764,0.8342555172828238,0.8717651867972276,0.8414954669353615,0.6647797965213934,0.7018848642296613,0.862853762653485,0.9084662980336415,0.0,0.7174641197645026,0.8635031830590869,0.938316474368852,0.7295199718602924,0.22996820677071175,0.8740191347117638,0.8179994597906992,0.624410656805325,0.5871958040584796,0.8776565895091382,0.7931858701952307,0.44504131340930236,0.8431914058542309,0.6419077846761307,0.6565379454717035,0.6331582825817561,0.7022411229429093,0.7646342163011002,0.3620485429517861,0.5658973959019028,0.7179571098931996,0.5381708254728247,0.790860889870176,0.686116146547418
0.6611431097703021,0.6197033624655341,0.7728222660657273,0.807554767307357,0.7600962496462906,0.7765162684393732,0.5242846300460886,0.7902357341828927,0.7259106497790626,0.7150329612259628,0.6937920398207998,0.7156555196644294,0.6189902041705916,0.8033605862015585,0.7449048264324749,0.5694346560696582,0.5417528306379691,0.5968642155191085,0.7447656710694042,0.8015400496204901,0.7789620363776232,0.6967170926634924,0.6577705519520035,0.7781150723730318,0.5144520246450576,0.47447591979693415,0.8067801836736909,0.8832603025148941,0.7174641197645026,0.0,0.7776944398973904,0.7041993642227128,0.8890170801729195,0.35771721886840846,0.7055651911085796,0.6260768336700279,0.8216203120292563,0.7490748319552746,0.7114433899998028,0.5763189203555997,0.6884280104340268,0.7576784633587993,0.78609127875206,0.82006233757212,0.8372156381309516,0.79508203662465,0.812942560624703,0.5386149970046714,0.6727863580182888,0.7805095736570136,0.6438605517338042,0.6911930327123424,0.8394563428300903
0.5929083567774518,0.8064229343795909,0.8476324792938252,0.7902133509459347,0.8152826749030706,0.8078618482894524,0.39482375353782706,0.8771088448245896,0.8364073341102735,0.7233744160489326,0.8014913905589414,0.8891006448363884,0.8723153094641329,0.9223246276391853,0.8865328215942343,0.783105714667472,0.6630807792130288,0.8443784316229765,0.9126832900848024,1.0,0.9721651741512239,0.7272759597179816,0.7497696533831568,0.8427931794694524,0.5180786802204378,0.5635316105428844,0.7303252157451102,0.9252478227898375,0.8635031830590869,0.7776944398973904,0.0,0.8851101574738756,0.750051110771258,0.2968952628055479,0.9178515951323537,0.9284516161031103,0.7241062507089525,0.690019803453604,0.8490116924057985,0.7482622296058952,0.514083478299074,0.9609548611346577,0.7799403253217033,0.69208616933588,0.7143989288291567,0.6764716745902324,0.8257228828373869,0.412381907125417,0.5935050079866016,0.7676525904575757,0.5875163416465391,0.8727675778282264,0.766098538336574
0.5033428856724683,0.8828749539433842,0.7407261609402082,0.6998965281654995,0.6998678240273273,0.7167390663762431,0.3158121452986446,0.8586232172743389,0.7615115318330894,0.7038343035002768,0.7785456945016198,0.7940200585889674,0.8382118272207401,0.885685147601305,0.8202439498704732,0.6627409889589494,0.5732034255306657,0.7931981973510699,0.76446440995493,0.9030140997841379,0.8326111409842271,0.7857363423941761,0.8373388457218391,0.8244340528172878,0.6256015552040728,0.6974050369478625,0.7548856936312432,0.8854512754198938,0.938316474368852,0.7041993642227128,0.8851101574738756,0.0,0.704722058061759,0.2396275111717184,0.8734565697858392,0.8569540587161654,0.603055851416062,0.5305129748236026,0.8221500992460621,0.760939722929735,0.4180487916401587,0.8457508696854675,0.6282913915286915,0.6179940949637757,0.6402084742733234,0.6262740867435301,0.7575032193767667,0.3438743920667744,0.5503663375502945,0.7631644972211878,0.5311751108026761,0.7657551064751333,0.6831454889495503
0.7256216346728432,0.6074778003784727,0.8334913637232616,0.9331032188734075,0.9107278143419295,0.8343580544123377,0.60511206925362,0.8897468346619524,0.8408671780443928,0.8498786372530677,0.8101590383372416,0.678812116023134,0.6026848071203724,0.7808738502595336,0.7439122485072703,0.5850014175983838,0.5852971833786211,0.586225655509643,0.7120047713468156,0.7610897451320167,0.7513608405717136,0.6927943022120268,0.6466275246472223,0.8218483345177271,0.5177232729781763,0.44356240312357725,0.8500309774974183,0.8395723266816321,0.7295199718602924,0.8890170801729195,0.750051110771258,0.704722058061759,0.0,0.3516847149024895,0.7077315817307652,0.6176328175078282,0.9368277119510188,0.8318734032810275,0.7107796114193453,0.5390184349379196,0.8094794418377308,0.7485998877815838,0.7839651687494888,0.9666413326068607,0.862175210342813,0.9664892765718558,0.8416025754878281,0.6182707396210949,0.7326746079191777,0.8210429042173268,0.7165391415296427,0.7391586918903613,1.0
0.41357421183347276,0.20764855806400823,0.33099486694920444,0.3392462852372379,0.319191346057038,0.3368303127944653,0.5612258342599178,0.27502824729811287,0.2672911540605637,0.26331436488430277,0.25567767143998327,0.260750654907987,0.2409146875554446,0.25232977333673207,0.26553476958041744,0.27468467756738607,0.3152633692209372,0.2375111844079501,0.28965819825958194,0.27715316080247737,0.30927542849828693,0.21590117532679742,0.21718156119651993,0.2454609755672965,0.16576776161969042,0.16463260028568852,0.23850666282007446,0.292999361161555,0.22996820677071175,0.35771721886840846,0.2968952628055479,0.2396275111717184,0.3516847149024895,0.0,0.27108044178241436,0.25069501118473975,0.4515100220440056,0.404706246854097,0.280254947217849,0.2435259493313841,0.4529340807935948,0.2793695448425313,0.42702427145423055,0.33419454665011583,0.38301864432165206,0.36933474497828195,0.30050756228214953,0.39652206180826405,0.3364815252134392,0.2977143141583923,0.36344247720341544,0.27856598950247397,0.3293962500296263
0.5585630598378245,0.8464454846077687,0.8259614379811632,0.7582896639561515,0.8215565567816892,0.7943859239869828,0.359799565053379,0.9438888791770579,0.8401273957365684,0.7720569523773914,0.8063015145956467,0.9667965936962784,0.9047049773471001,0.8943996120542266,0.9334097995041909,0.7821516002285517,0.6593402356653126,0.9114133694097631,0.935790757098387,1.0,0.9462651433491458,0.7144802467611645,0.7830115183468308,0.7818591320794361,0.5144368573218661,0.5723291218398658,0.6867386332929406,0.8711269210644036,0.8740191347117638,0.7055651911085796,0.9178515951323537,0.8734565697858392,0.7077315817307652,0.27108044178241436,0.0,0.9111013076709993,0.6651369163050531,0.6531533769630429,0.9096091462882424,0.8348915231932136,0.47549746459434866,1.0,0.7305396489730758,0.6795129450577001,0.6827122933245167,0.6639688493481651,0.7823863837186898,0.3761796520967427,0.6092144063381946,0.7608860667414046,0.6304973560210404,0.8494526366861644,0.708195022649216
0.5924334643332084,0.7909307481114105,0.8519276645222293,0.811908233124428,0.7952903356838844,0.7932441183489295,0.36614926227983535,0.8996635070921412,0.9491490368003921,0.7879046717315318,0.9126418269439771,0.9509095089545687,0.8859344780799644,0.9109328991167751,0.8849924032117615,0.8781884340097956,0.7896125184737135,0.9974721262499183,0.945247601137334,0.9690251298165246,0.9194050958912823,0.6248393570308509,0.6390931399857309,0.7019487272691105,0.46628875507440126,0.4908945517001811,0.633155664050894,0.7440098951027906,0.8179994597906992,0.6260768336700279,0.9284516161031103,0.8569540587161654,0.6176328175078282,0.25069501118473975,0.9111013076709993,0.0,0.6328400069287495,0.6223385417350029,0.930161826114882,0.9640495392006809,0.4515239340040404,0.9309775773785359,0.7425362258393514,0.6070358452834091,0.6468510947034267,0.6359031046692967,0.7530483291706856,0.3551553771321865,0.5901687897118933,0.7549343792974151,0.6371416726526195,0.9231973158425265,0.6331603691173822
0.8986265293731988,0.5297609501371431,0.8627293102274398,0.9845191537602683,0.8926470673631334,0.8487698521221204,0.7599774219266068,0.7850689797458534,0.8213318461557871,0.752208626708045,0.7250997675865922,0.6792952343704646,0.5630389346135817,0.7234404473708921,0.7155367297503954,0.6132970717046661,0.6273556666751817,0.5776778553933348,0.6944432789320654,0.757341994327999,0.7357484369441859,0.5447267429535554,0.5083537621408011,0.6697228363125081,0.37330692462666293,0.3530441723483588,0.6363388699156449,0.7065155910869623,0.624410656805325,0.8216203120292563,0.7241062507089525,0.603055851416062,0.9368277119510188,0.4515100220440056,0.6651369163050531,0.6328400069287495,0.0,0.9885391273546587,0.6937348622657513,0.5461653312430674,0.9109479746234062,0.6944851450403514,0.9125092994844941,0.8736771711479951,0.8671003514747538,0.9415359193923127,0.7746916201106907,0.6706387579164769,0.7581251535932152,0.7563522846392999,0.7279866467213926,0.7689342642963956,0.917243510117666
0.8808012384182585,0.49895923760275157,0.8790947836321769,0.8769746289718452,0.9270383078653112,0.8863030328187912,0.7471819561357805,0.7932382824470919,0.8147105998730323,0.7908720310685641,0.7657598046736532,0.6578224859650112,0.5495822275178168,0.7077340085928441,0.7150019252373747,0.6027855868044378,0.6511557239896512,0.5667650528499644,0.7058215817871277,0.7185391718866815,0.768127649576777,0.4824808127804322,0.4545636698574307,0.636021497992608,0.3599546761708512,0.32573323006308297,0.627971805858254,0.6425160829755027,0.5871958040584796,0.7490748319552746,0.690019803453604,0.5305129748236026,0.8318734032810275,0.404706246854097,0.6531533769630429,0.6223385417350029,0.9885391273546587,0.0,0.682123474854656,0.5560117067191893,0.8620361519487713,0.7024431763575724,0.9287673843451375,0.8442633072039119,0.8723390179013752,0.8926289277805733,0.8094759377894629,0.6954277116131572,0.7350143879236589,0.7204233975142,0.7733733535275262,0.746824565099307,0.8878238721283916
0.67679544744114,0.7635657145678648,0.8624336448752571,0.8266648021766144,0.8361446467185121,0.8355299524367537,0.41056629174244275,0.8789473920173386,0.8888234902207706,0.7524381990522556,0.7937196639341916,0.9547311788189085,0.9113614350986892,0.8583079887056204,0.8856851526413606,0.9081038545239124,0.7907585912750795,0.9743387160989574,0.8305544030431483,0.9410359869735375,0.9441660321595586,0.6363785719985467,0.6858756663417269,0.7278815353397267,0.4935011795795437,0.5273120360381395,0.6765927029224629,0.8115793350435079,0.8776565895091382,0.7114433899998028,0.8490116924057985,0.8221500992460621,0.7107796114193453,0.280254947217849,0.9096091462882424,0.930161826114882,0.6937348622657513,0.682123474854656,0.0,0.8631985144362088,0.502845351188454,0.8520450150701937,0.8087749345770627,0.6137315109416626,0.6316055100239438,0.6886058653707197,0.7450839872244926,0.36039181150328425,0.5969453016108291,0.7619157382174457,0.6285415251593117,0.9474586292299907,0.6783833068323502
