Cingulate area 2,Frontal association cortex,Cornu ammonis 3,Dentate gyrus,Cornu ammonis 2,Cornu ammonis 1,Fasciola cinereum,Subiculum,Postrhinal cortex,Presubiculum,Parasubiculum,Perirhinal area 35,Perirhinal area 36,Medial entorhinal cortex,Lateral entorhinal cortex,Primary auditory area,"Secondary auditory area, dorsal part","Secondary auditory area, ventral part","Piriform cortex, layer 1","Piriform cortex, layer 2","Piriform cortex, layer 3",Ventrolateral orbital area,Lateral orbital area,Ventral orbital area,Medial orbital area,Dorsolateral orbital area,Prelimbic area,Secondary motor area,Frontal association area 3,Primary motor area,"Agranular insular cortex, ventral area",Agranular insular cortex dorsal area,Cingulate area 1,Infralimbic area,Dysgranular insular cortex,Granular insular cortex,"Primary somatosensory area, forelimb representation","Primary somatosensory area, dysgranular zone","Primary somatosensory area, face representation",Secondary somatosensory area,"Primary somatosensory area, hindlimb representation","Agranular insular cortex, posterior area","Primary somatosensory area, barrel field",Retrosplenial dysgranular area,"Primary somatosensory area, trunk representation",Retrosplenial granular area,"Parietal association cortex, lateral area","Parietal association cortex, medial area","Parietal association cortex, posterior area",Primary visual area,"Secondary visual area, lateral part",Temporal association cortex,"Secondary visual area, medial part"
0.0,0.6450598029860665,0.6492497556221563,0.7193269809094089,0.5527994394782447,0.6313227968483205,0.5493051814854609,0.6258438925873722,0.6126658418738097,0.6104237498534202,0.5672847588896308,0.5025343670644159,0.45600275558402276,0.47068939099105966,0.5588321512587091,0.5854055516772055,0.5404686128238889,0.5542442546974884,0.781991129619226,0.6851067543046129,0.6634771242461929,0.7500908278509488,0.7803437789854554,0.765227874959958,0.5451908871088873,0.818154913611245,0.8325752529570912,0.8446106116038979,0.9378147763239887,0.80881529558537,0.8050822208738894,0.8440136612591996,0.957654902805917,0.902282983009497,0.63121614805723,0.6643320703945169,0.7952814896306858,0.7819044355339309,0.6647698923755759,0.5861406278519389,0.8157113565904911,0.6026208612830922,0.6168565006659362,0.6893773517686189,0.7128016704540266,0.6261668763681447,0.6234070478005661,0.6752055888284657,0.7221479209844535,0.697180840634579,0.5711161226463991,0.5068333851750874,0.5978532931181919
0.6450598029860665,0.0,0.6534337020935764,0.6118572372822709,0.5671370249437603,0.6544711144632753,0.5279939478408882,0.4813419844160461,0.46001745408466965,0.5860585447907407,0.4202649278085065,0.546702553414104,0.49175777867442966,0.5520738293284209,0.5073746876136416,0.5836022368889,0.5745273523688535,0.5282758250285908,0.7393638102882968,0.6729875170872343,0.6457369917638371,0.8688498898799422,0.9011446944285149,0.8007572528022878,0.6475529489119187,0.869029282080436,0.7355673426133386,0.8719700918202408,0.6597926687474671,0.8418458196182657,0.8020573159346999,0.8017635736159509,0.7250843844418334,0.7137121180178938,0.6507072925573687,0.6798928876805114,0.7094203007782223,0.7047205374754957,0.6495178242300667,0.5494707715343963,0.7943515657626474,0.5908510051066601,0.5088980129792188,0.6739474516305007,0.6157372614942817,0.5669787473580693,0.5613283678648398,0.7669778992914041,0.6461315959756337,0.616241834562463,0.5819432366769384,0.5188971092470327,0.6585601043305706
0.6492497556221563,0.6534337020935764,0.0,0.9950889331249018,0.9423933614212261,1.0,0.8032833970820529,0.9530156991039301,0.8479362275173696,0.9070342389513747,0.8580170159126169,0.815255621186981,0.7725080671929196,0.9291075468234324,0.930424140068589,0.9456948103076032,0.913150669590609,0.8723940815868355,0.984100567922082,0.9249089015911593,0.9687693621490233,0.6399376076252411,0.7111844684296438,0.7232664722197498,0.5234348364280407,0.8233621788900051,0.7588220125695206,0.7222681977010132,0.6166805724625914,0.7329984706471449,0.6933589128967675,0.7408334262263496,0.7071504058394145,0.7075928361936958,0.9214102293535791,0.8195398399992692,0.868675378247735,0.9234781615230843,0.7919382004968086,0.9134662240220003,0.9061788432483173,0.8742925870597229,0.9223854132968007,1.0,0.9037547382933954,0.9612872343783739,0.9569251502756636,0.9670150728569005,0.7688810876512066,0.98799115096098,0.9966581470050929,0.7636164545192928,0.9480880949930345
0.7193269809094089,0.6118572372822709,0.9950889331249018,0.0,0.9048675004571619,1.0,0.8012606412099703,0.939959847105321,0.8822703260575753,0.9457367126368342,0.8264222686917253,0.8259288983307298,0.7940534084344626,0.78507622925969,0.8799456439769586,0.905426834935648,0.9387864024182128,0.9023908358683584,0.9894071186491548,0.9039618459194039,0.9142786338014637,0.6599074768817482,0.7063521977398732,0.755412266376432,0.5905428642526015,0.8487420226731042,0.8318585616510875,0.8159469509214968,0.6613836081823697,0.7956882689189042,0.7307336409382946,0.8111520839501463,0.738708417930165,0.7553668260888273,0.9754035337820967,0.8971290304588868,0.943892394575585,0.9945535942734937,0.7992213607943268,0.8034306336101663,0.8845455558202657,0.8151577280596856,0.8700666808356415,1.0,0.9096656128762785,0.9772270600760906,0.8687992142661121,0.878176751693215,0.8734601551362166,0.9898205241103745,0.9357441113150676,0.8042137820741299,0.9486769516202221
0.5527994394782447,0.5671370249437603,0.9423933614212261,0.9048675004571619,0.0,0.9892111905460397,0.8831829488363288,0.7914310252962249,0.7495423220587283,1.0,0.7790940159426993,0.9642349085430764,0.9246052769849274,0.7173849310852878,0.9024871363583377,0.9231544939788265,0.922750433728678,0.9485753310984794,0.9115274899131488,0.8904816279354284,0.9283843896852931,0.6072648398055452,0.6339456136591135,0.7475720806356013,0.6103332831521928,0.7481341209345606,0.6838275916198819,0.6604308925126783,0.5770951776798438,0.6417557265331189,0.6844507332457395,0.7392937078971292,0.5879668581719038,0.6296453373042268,0.947165682986806,0.8833022904223884,0.7929326711644911,0.7955151502954998,0.7954303808598692,0.8779708085282321,0.7364640960191525,0.9301813134121888,0.8213008480873868,0.941449954062808,0.7579129759232964,0.8920848127908652,0.783013007004178,0.7997543480233689,0.9059523786406312,0.9383022929549492,0.9881456802752653,0.8930232342685055,0.8803836598464936
0.6313227968483205,0.6544711144632753,1.0,1.0,0.9892111905460397,0.0,0.9649497392173196,0.9119113237441745,0.7760756831574421,0.953177700515552,0.8021841117777279,0.9179444227396901,0.8916543796397898,0.7285456638107124,0.9203220891758528,0.9495244808008936,0.8770337535223515,0.9146123014302037,0.9987139777958388,0.9419943545634367,1.0,0.659868291061024,0.7096415106683412,0.7777807037322702,0.6332825705700489,0.8544971750096333,0.7794767467717941,0.7581280743311363,0.6369412551513194,0.7069468271915463,0.7565071228783896,0.837752940685527,0.701622581872172,0.726525773602288,1.0,0.958900351309617,0.8822788740399159,0.9066740619645722,0.8306418645458067,0.9370128757750551,0.8850057651917408,0.9583774815369412,0.849739694727306,1.0,0.8543310014346226,0.924565318341493,0.8313675488040196,0.8831195097393796,0.942154931081867,0.9337364712791811,0.9315418551645643,0.9200311388138689,0.9065346014356344
0.5493051814854609,0.5279939478408882,0.8032833970820529,0.8012606412099703,0.8831829488363288,0.9649497392173196,0.0,0.7398632287352184,0.6638331763688151,0.8959651243985026,0.6758997995356191,0.8585649060656297,0.8749462373128952,0.5887924766442121,0.81812070443681,0.8452547120033952,0.8368947713680795,0.8192506453422538,0.8252719996395868,0.8769115540660701,0.8886567203953215,0.6468484687644902,0.6105168136685502,0.6982372593479919,0.5966748158509257,0.7298770111727113,0.6672365204434828,0.7115104585322861,0.581538147217679,0.6270280141140311,0.7348177759461085,0.8092224985804312,0.5950582431290863,0.6277246239905532,0.9904407449842432,0.8842298464964763,0.7504909491456199,0.8461070261596779,0.8844150421161389,0.7956833849068166,0.6646557349993744,0.9120553220398995,0.7620234022339522,0.9223565640194864,0.7024787691126781,0.830321653410322,0.6560143552794659,0.791229241540127,0.9186283606388792,0.7932004908325345,0.8136518143769189,0.8163439966157533,0.7448241074491295
0.6258438925873722,0.4813419844160461,0.9530156991039301,0.939959847105321,0.7914310252962249,0.9119113237441745,0.7398632287352184,0.0,1.0,0.9145096235514045,1.0,0.7551551694379103,0.7019992981373946,0.7329928390940842,0.900419415324243,0.916029704343526,0.8431538547902518,0.8173057525528339,0.8211557161949681,0.7150744583477325,0.8445605482901648,0.5143461947576621,0.586802973706454,0.5917522969036492,0.46130965505960525,0.6908748148345112,0.6708132497693936,0.6253270707772104,0.595288298290239,0.5690980395283197,0.6370721031080437,0.6512528045974988,0.6686395239796716,0.6506134181587849,0.7911385207848696,0.7748842988971935,0.7475801121664895,0.808306936456728,0.612857003051724,0.8394958225301561,0.7428661987547154,0.7418632706717146,0.9340347096406932,0.8718349986259907,0.8681431722763117,0.9317557141768934,0.8415727913015583,0.7131152757678682,0.8176856036273956,0.9335880052928778,0.9118545219528807,0.778759978587716,0.8797699527616777
0.6126658418738097,0.46001745408466965,0.8479362275173696,0.8822703260575753,0.7495423220587283,0.7760756831574421,0.6638331763688151,1.0,0.0,0.7996401372471927,1.0,0.7526271110003342,0.644667080335562,0.6957845837227059,0.9030877656724059,0.8264042148244192,0.778749831980312,0.8140042312637408,0.7639681206665514,0.7159722312093612,0.7808328064223856,0.5211471120802054,0.5433571312414066,0.583068119746896,0.43783549357387713,0.6342702084545826,0.6304443853831941,0.6054251288067248,0.5430137226262549,0.5632262248891375,0.5851670132505401,0.6090866785728845,0.6160856538411594,0.6540700113583762,0.7019487926031345,0.6910494168338733,0.6922181156212035,0.8412930056629504,0.5848921291011548,0.7173797639236611,0.701888076193328,0.6722813365628634,0.7778808089600705,0.8111807318394247,0.8416111034922467,0.8888015348742225,0.7894085466132787,0.680017023592403,0.7216140399460748,0.9868366927917542,0.8857445344917322,0.7296938283046962,0.8211315689682577
0.6104237498534202,0.5860585447907407,0.9070342389513747,0.9457367126368342,1.0,0.953177700515552,0.8959651243985026,0.9145096235514045,0.7996401372471927,0.0,0.797825883957636,0.9224659335825485,0.8824954674504338,0.7457576009236491,0.9472904559041558,1.0,0.8911135782083013,0.9157817573287447,0.9507893226309616,0.8913360468412798,0.886604185948038,0.6276191848745659,0.677737863581074,0.7499752162485834,0.6445568054898817,0.7949095481988275,0.7235895981002044,0.7214188680747097,0.6182352109441294,0.7077151784543922,0.707497960690113,0.7706723212027051,0.6846606460382456,0.7570022585862466,0.9157532571723541,0.9207413989001372,0.881203975563102,0.8973218831523573,0.7464037802544702,0.8425402110795421,0.7825243248637803,0.8529218983084754,0.8336656841488458,0.9911071545118839,0.8031062912869441,0.9421644171586467,0.834693651204337,0.8016470760005928,0.9179236322111508,0.996493707457109,0.9923480218975888,0.9320557477448272,0.9307302951262407
0.5672847588896308,0.4202649278085065,0.8580170159126169,0.8264222686917253,0.7790940159426993,0.8021841117777279,0.6758997995356191,1.0,1.0,0.797825883957636,0.0,0.7032218712893831,0.6379763074131097,0.7389082364681243,0.8994623183842678,0.8115395591455571,0.7545311040737132,0.778059422910822,0.7075736707263642,0.6864372780575488,0.7549914730808392,0.4680527699577724,0.4970851557755865,0.540748071859183,0.39664697561128354,0.6180224432884622,0.5934831578126881,0.534822087263629,0.5214230168010897,0.5049897287963837,0.5585530791090889,0.5284389921940095,0.6043154132118852,0.5719755722940236,0.6950328343344924,0.6791817236587249,0.6838736968341597,0.7639647519599895,0.5502533582259405,0.760460298832537,0.6480546091660387,0.6674663135344582,0.9120802168217964,0.7846017814007951,0.8116140735238757,0.8690334418042467,0.8400047910988215,0.6376142687609527,0.6626749139370424,0.9169386800728981,0.8635382960793156,0.6984231789415727,0.7582313958419951
0.5025343670644159,0.546702553414104,0.815255621186981,0.8259288983307298,0.9642349085430764,0.9179444227396901,0.8585649060656297,0.7551551694379103,0.7526271110003342,0.9224659335825485,0.7032218712893831,0.0,0.9441255357287475,0.6993372821381246,0.8572187248767629,0.9251381544959404,0.9104041831317748,0.9244893553701069,0.8679983686318778,0.7613286168018703,0.8451372449133298,0.5913598780108917,0.5824002985098036,0.676638141351683,0.6310198967575421,0.701771043207194,0.6486017832582467,0.659852999357248,0.4950020086349704,0.6103323132030238,0.6553213090416672,0.6844139569438419,0.5333516734174668,0.5897883878666037,0.8935149366109117,0.8076883623442034,0.7412218994556814,0.802787099483206,0.7648781274734224,0.7616700225689496,0.6940460280517778,0.7903090643812333,0.7034348467046977,0.8865081615535515,0.6741949734399914,0.79579745911284,0.6719784956755775,0.7589470770853285,0.8362064455597952,0.8449142216903336,0.9080310410382565,0.9195262049702316,0.8251440696854608
0.45600275558402276,0.49175777867442966,0.7725080671929196,0.7940534084344626,0.9246052769849274,0.8916543796397898,0.8749462373128952,0.7019992981373946,0.644667080335562,0.8824954674504338,0.6379763074131097,0.9441255357287475,0.0,0.657628137938371,0.8087877328944074,0.8516708587803808,0.8576349363068521,0.9444725050614579,0.7802049074500829,0.7992936857993556,0.7754131603683607,0.5292405967518095,0.5422652112387691,0.6349768314519573,0.5943065900559782,0.6318148339050554,0.6056672082485898,0.5775202239347356,0.46677459856476533,0.5314016290084412,0.6221340248234155,0.64832978819811,0.47394707766601885,0.5265580421605992,0.9574253906647824,0.8003415874477706,0.6828305493813543,0.7336991235286489,0.7269990168748769,0.7568627357424689,0.6133823492926633,0.8152551002640637,0.6964734259558569,0.9128922545419916,0.6269705166094344,0.7959944796937232,0.600859709693084,0.70716759483139,0.7980119698786121,0.7475285930059374,0.8766199283260319,0.8492337991004424,0.7433050723066175
0.47068939099105966,0.5520738293284209,0.9291075468234324,0.78507622925969,0.7173849310852878,0.7285456638107124,0.5887924766442121,0.7329928390940842,0.6957845837227059,0.7457576009236491,0.7389082364681243,0.6993372821381246,0.657628137938371,0.0,0.7654329418623441,0.8121010390027389,0.732076493073715,0.6953198120911341,0.7379713548861712,0.7149918311361845,0.7196329048680676,0.496412138887303,0.5924508694233092,0.5484864010355035,0.41751007200995355,0.6504955557338078,0.606569220959626,0.5670700225660082,0.458710271291118,0.5696467161645778,0.5326368863286178,0.5469263793723037,0.527235648376431,0.5100122120228612,0.7039171378877204,0.6969428700349942,0.6750145613365739,0.6847567884221161,0.5409856577015169,0.7144103609749977,0.6898544527877196,0.6590737939314719,0.7545177232083746,0.7933490672752028,0.749297702378286,0.7895689382662622,0.8162185554398697,0.687752757663832,0.5919931449911147,0.8313152258436759,0.7985602202334526,0.6616549567941258,0.9037050086702556
0.5588321512587091,0.5073746876136416,0.930424140068589,0.8799456439769586,0.9024871363583377,0.9203220891758528,0.81812070443681,0.900419415324243,0.9030877656724059,0.9472904559041558,0.8994623183842678,0.8572187248767629,0.8087877328944074,0.7654329418623441,0.0,0.9669710876251231,0.8688275849939515,0.8718260659038,0.8993501204403246,0.8391566545496648,0.8738566966505636,0.538308646954829,0.602716204369383,0.6490574597976064,0.5040478322779142,0.7423681847179144,0.6896120474271051,0.6486248419458093,0.5387257065900015,0.6056994199652614,0.6516928867996921,0.6679625287544616,0.6078016778849394,0.6546158420872081,0.8418523849933804,0.8156213886495973,0.780458976885566,0.8608080023167979,0.7053522295846457,0.8542472363833983,0.7473178462479185,0.814306708986277,0.8496318346820229,0.9472942056392445,0.7798831918883634,0.9450825081343022,0.7830103693125611,0.7497754464071882,0.8101196415945409,0.9249513563997489,0.9594664416094489,0.8219491781418727,0.8610934251612724
0.5854055516772055,0.5836022368889,0.9456948103076032,0.905426834935648,0.9231544939788265,0.9495244808008936,0.8452547120033952,0.916029704343526,0.8264042148244192,1.0,0.8115395591455571,0.9251381544959404,0.8516708587803808,0.8121010390027389,0.9669710876251231,0.0,0.9420869969097551,0.9371753006216119,0.9470636261935589,0.8597353682859693,0.8484582558029846,0.5748007597373516,0.6203834753310461,0.7333239047523082,0.5987322400238061,0.7782202857188559,0.691093268543491,0.703375833721922,0.5575484114080996,0.6581444319801244,0.6777255654390586,0.721843014717378,0.6357313444815782,0.6453902946944611,0.9109886833965024,0.8272308113055518,0.795469295106211,0.8434459025007032,0.7621971800148197,0.7736163489372024,0.7874966031546373,0.8018046945999456,0.8245499958017479,0.9437531352713316,0.7938224996547858,0.8867548075579759,0.7676376793335902,0.8015920492968877,0.845523562531541,0.9021635132223748,1.0,0.9110745335922474,0.8609149259922203
0.5404686128238889,0.5745273523688535,0.913150669590609,0.9387864024182128,0.922750433728678,0.8770337535223515,0.8368947713680795,0.8431538547902518,0.778749831980312,0.8911135782083013,0.7545311040737132,0.9104041831317748,0.8576349363068521,0.732076493073715,0.8688275849939515,0.9420869969097551,0.0,0.9080207861758164,0.8932140786394108,0.8540133214673461,0.8504833850739818,0.593065304356939,0.6242621112624399,0.6862970469085201,0.5927428801922893,0.7298326530746273,0.6593709939643762,0.6739134441177352,0.5367476925453262,0.6385059773681837,0.6736001079639117,0.6930189362790097,0.594034938227492,0.5893068298292081,0.9227692988985136,0.84375970704284,0.7976979935817166,0.797552066549932,0.7422982551906032,0.7657896134603561,0.7462584715730267,0.7982622978842365,0.7561079525959714,0.9112500140886521,0.7839154958011281,0.9473185496232569,0.7553396258901713,0.8041031772405727,0.7939516908007697,0.9164341941595324,0.9138639528559476,0.8633176220150259,0.8205566082771333
0.5542442546974884,0.5282758250285908,0.8723940815868355,0.9023908358683584,0.9485753310984794,0.9146123014302037,0.8192506453422538,0.8173057525528339,0.8140042312637408,0.9157817573287447,0.778059422910822,0.9244893553701069,0.9444725050614579,0.6953198120911341,0.8718260659038,0.9371753006216119,0.9080207861758164,0.0,0.8718997629191599,0.8508070395450751,0.8332917853212362,0.5771923587897285,0.5880008385355089,0.6922594226197047,0.5991566268140027,0.7144862903075909,0.679979788859943,0.6501725504893545,0.5321905970114572,0.629233630520927,0.6749346241324058,0.704088410700672,0.6030253703605576,0.648184756691836,0.8562296454458606,0.8049262938761659,0.7628743285141235,0.7930418489678508,0.6978380435370407,0.7801310556888208,0.7425319426918798,0.766016811282107,0.738588349535581,0.9091732644932577,0.7092765751699859,0.8447209433001782,0.7145428085556298,0.736202248064867,0.8421477882475966,0.9093216983260488,0.9820979951893871,0.974059583255988,0.807954822125022
0.781991129619226,0.7393638102882968,0.984100567922082,0.9894071186491548,0.9115274899131488,0.9987139777958388,0.8252719996395868,0.8211557161949681,0.7639681206665514,0.9507893226309616,0.7075736707263642,0.8679983686318778,0.7802049074500829,0.7379713548861712,0.8993501204403246,0.9470636261935589,0.8932140786394108,0.8718997629191599,0.0,0.9606154224969068,1.0,0.7896697157044248,0.802814698471819,0.8346845944549756,0.6473327676036053,0.9523887459353285,0.8695554166122778,0.9346832162984645,0.7366217518730751,0.8543102031652267,0.8486643790975313,0.8755695546045121,0.8272388188648446,0.8020775148415241,0.973987585373848,0.9350309151756724,0.9739615355612856,0.9892380305573231,0.9434373323805582,0.8804443958102479,0.9655279732679566,0.8727805635384525,0.8188699081773209,1.0,0.9425872990413537,0.9180083284004449,0.8376168781755953,1.0,0.9240433629145071,0.9560840177864209,0.9524410290822624,0.8127118571018587,0.961103463094766
0.6851067543046129,0.6729875170872343,0.9249089015911593,0.9039618459194039,0.8904816279354284,0.9419943545634367,0.8769115540660701,0.7150744583477325,0.7159722312093612,0.8913360468412798,0.6864372780575488,0.7613286168018703,0.7992936857993556,0.7149918311361845,0.8391566545496648,0.8597353682859693,0.8540133214673461,0.8508070395450751,0.9606154224969068,0.0,0.905052448708598,0.6856429628915894,0.7332318738094723,0.7988063113936814,0.6401017258597166,0.8303750524815328,0.8063783606061309,0.8155007714147056,0.6441157228553136,0.7842462913359053,0.7542786031298402,0.830461862267789,0.656726948010471,0.7005505958271653,0.9206429934316814,0.8600475891667273,0.8514980438433322,0.9061125624482282,0.844024732326194,0.8329425001792796,0.8634110618806148,0.8880212750613481,0.7918850588348049,0.9805270342497735,0.7784460381838608,0.8646581105388302,0.7825546867327023,0.8952286753489406,0.9133762158710991,0.8729133963823572,0.8551281266973171,0.7465651119323516,0.8472016684815173
0.6634771242461929,0.6457369917638371,0.9687693621490233,0.9142786338014637,0.9283843896852931,1.0,0.8886567203953215,0.8445605482901648,0.7808328064223856,0.886604185948038,0.7549914730808392,0.8451372449133298,0.7754131603683607,0.7196329048680676,0.8738566966505636,0.8484582558029846,0.8504833850739818,0.8332917853212362,1.0,0.905052448708598,0.0,0.695683267413405,0.7282860488906319,0.7859357979339449,0.6083422908629947,0.8744808076805616,0.8151059841350672,0.7751365900042029,0.6572966274070977,0.8014268139352556,0.7753581367152008,0.8223880235350046,0.7308450459162378,0.7493570322808706,0.9438966774116613,0.9304859147985033,0.8539988730585752,0.9408527065854589,0.8270440200919021,0.837244974012879,0.8955059893493279,0.9236144195278033,0.8873677085534587,0.9957652015873263,0.9272225562181536,0.88038125723966,0.8453126481919797,0.9702088842402548,0.930753959579144,0.9463561898595542,0.8749483459509905,0.76384624528037,0.9040658077530407
0.7500908278509488,0.8688498898799422,0.6399376076252411,0.6599074768817482,0.6072648398055452,0.659868291061024,0.6468484687644902,0.5143461947576621,0.5211471120802054,0.6276191848745659,0.4680527699577724,0.5913598780108917,0.5292405967518095,0.496412138887303,0.538308646954829,0.5748007597373516,0.593065304356939,0.5771923587897285,0.7896697157044248,0.6856429628915894,0.695683267413405,0.0,0.9382292700726627,0.9407212660988734,0.7588902160257706,0.8312721768622676,0.8592064527076337,0.9829821919794371,0.7368648847626474,0.8647120391828192,0.8855408553110183,0.9169317634499371,0.7612331427664774,0.7791365715319128,0.695456535557643,0.6770633527083916,0.7604684251433541,0.7501424732235281,0.7110417898706131,0.5532932122704851,0.8018461344952224,0.6197945484197451,0.5294419960907794,0.6475482034099805,0.6288656930398437,0.5721746906261544,0.5550916852868825,0.7397669109368394,0.7232634415962141,0.6594573223490082,0.596642837591906,0.5757486915392507,0.638020405193668
0.7803437789854554,0.9011446944285149,0.7111844684296438,0.7063521977398732,0.6339456136591135,0.7096415106683412,0.6105168136685502,0.586802973706454,0.5433571312414066,0.677737863581074,0.4970851557755865,0.5824002985098036,0.5422652112387691,0.5924508694233092,0.602716204369383,0.6203834753310461,0.6242621112624399,0.5880008385355089,0.802814698471819,0.7332318738094723,0.7282860488906319,0.9382292700726627,0.0,0.9372322814793179,0.6850778299788957,0.9610756728882953,0.8869087360590248,1.0,0.7793420503925361,0.9706213914594555,0.9448572317408669,0.8664580527318245,0.7989547859722879,0.818688444781139,0.7292909138190419,0.7283889403681195,0.8500289860317755,0.7676226427076999,0.7617764137194836,0.6094827081209147,0.8568576599951543,0.67433203527996,0.6014641449725332,0.7224929047754994,0.7520928044848005,0.6377309465291503,0.6613486850638673,0.8806727752127115,0.717175124799796,0.7224927966417374,0.6103131625033386,0.575260220855594,0.7200511622454134
0.765227874959958,0.8007572528022878,0.7232664722197498,0.755412266376432,0.7475720806356013,0.7777807037322702,0.6982372593479919,0.5917522969036492,0.583068119746896,0.7499752162485834,0.540748071859183,0.676638141351683,0.6349768314519573,0.5484864010355035,0.6490574597976064,0.7333239047523082,0.6862970469085201,0.6922594226197047,0.8346845944549756,0.7988063113936814,0.7859357979339449,0.9407212660988734,0.9372322814793179,0.0,0.8601376816192813,0.9342270026912999,0.9008522581380489,0.9424422402673873,0.7573978535803464,0.844214524250252,0.9563676532910873,0.9636908855572768,0.8239593782247489,0.8474784094313493,0.8049809943194204,0.7494878475488197,0.8386348669342998,0.8479617219035016,0.7485963814748331,0.623795983267625,0.8754655453363138,0.7114715579072807,0.571890862712035,0.7769148837907287,0.6816505247713485,0.6752354586853563,0.6187156384623799,0.7719211435010791,0.8282763111536245,0.7839978287549193,0.7325161549417157,0.7068388850330724,0.6977732101175118
0.5451908871088873,0.6475529489119187,0.5234348364280407,0.5905428642526015,0.6103332831521928,0.6332825705700489,0.5966748158509257,0.46130965505960525,0.43783549357387713,0.6445568054898817,0.39664697561128354,0.6310198967575421,0.5943065900559782,0.41751007200995355,0.5040478322779142,0.5987322400238061,0.5927428801922893,0.5991566268140027,0.6473327676036053,0.6401017258597166,0.6083422908629947,0.7588902160257706,0.6850778299788957,0.8601376816192813,0.0,0.7081185083061164,0.6975699518892119,0.7366570434672282,0.5962578820081184,0.6117151902220429,0.7258211382361442,0.8150746367434671,0.5740833057539563,0.6524905858445169,0.6453069390627578,0.5979396641830574,0.604169187616077,0.634101354945893,0.6673340943448984,0.5104241098314242,0.6121144086296543,0.5725500829096071,0.44202583159499775,0.5762715591653529,0.5061828590459093,0.4934930110474424,0.426213836424287,0.5842384038143645,0.734558119258264,0.5685316658678374,0.5977736381486993,0.6341525870649989,0.5041978487627157
0.818154913611245,0.869029282080436,0.8233621788900051,0.8487420226731042,0.7481341209345606,0.8544971750096333,0.7298770111727113,0.6908748148345112,0.6342702084545826,0.7949095481988275,0.6180224432884622,0.701771043207194,0.6318148339050554,0.6504955557338078,0.7423681847179144,0.7782202857188559,0.7298326530746273,0.7144862903075909,0.9523887459353285,0.8303750524815328,0.8744808076805616,0.8312721768622676,0.9610756728882953,0.9342270026912999,0.7081185083061164,0.0,0.9047613243798253,0.9817888869567687,0.8351450432661116,0.9278582819027033,0.9129555738499766,0.9655882482912623,0.8542681477316018,0.915821224585837,0.8202858503436218,0.8054870253199018,0.9379462123700187,0.9340791904792589,0.7705653858533205,0.7155937704040879,0.9767493949488566,0.7316797309923392,0.7131947135819839,0.82380566000978,0.783204034306248,0.7795388246432572,0.7440825487958986,0.8338171387806979,0.8744366804769854,0.8631839274447036,0.7895248434163322,0.7147313535232469,0.8070012647676723
0.8325752529570912,0.7355673426133386,0.7588220125695206,0.8318585616510875,0.6838275916198819,0.7794767467717941,0.6672365204434828,0.6708132497693936,0.6304443853831941,0.7235895981002044,0.5934831578126881,0.6486017832582467,0.6056672082485898,0.606569220959626,0.6896120474271051,0.691093268543491,0.6593709939643762,0.679979788859943,0.8695554166122778,0.8063783606061309,0.8151059841350672,0.8592064527076337,0.8869087360590248,0.9008522581380489,0.6975699518892119,0.9047613243798253,0.0,0.8741530388984566,0.8027672041345482,0.866293614821922,0.922818934459847,0.9391336577416753,0.8946477562087752,0.9220080097511267,0.7498456956270678,0.778700223551417,0.8533592508858973,0.846132764683006,0.7149423067238073,0.7013709249970675,0.9180466847599085,0.7224183772127987,0.6966460469578087,0.7818539050304749,0.7573800354973278,0.6791353810774744,0.6818486999320397,0.7644473505508489,0.8377155162566718,0.8392408533602925,0.7451943545212948,0.6752166551672696,0.7510307661090665
0.8446106116038979,0.8719700918202408,0.7222681977010132,0.8159469509214968,0.6604308925126783,0.7581280743311363,0.7115104585322861,0.6253270707772104,0.6054251288067248,0.7214188680747097,0.534822087263629,0.659852999357248,0.5775202239347356,0.5670700225660082,0.6486248419458093,0.703375833721922,0.6739134441177352,0.6501725504893545,0.9346832162984645,0.8155007714147056,0.7751365900042029,0.9829821919794371,1.0,0.9424422402673873,0.7366570434672282,0.9817888869567687,0.8741530388984566,0.0,0.8067966340628928,0.9995419460754741,0.9173502418049644,0.9945963091595887,0.8976195359204375,0.8548407743174509,0.8096628152299085,0.768661752594521,0.8783219881867868,0.9156116043800955,0.8506083831550066,0.6629948351653207,0.9224147753399051,0.6969095072944104,0.6024434661289125,0.7820648740343535,0.7262273673634607,0.6724499688172271,0.6452322149313235,0.8265977656834852,0.8302882040201394,0.772297671526844,0.7058274273828126,0.646613574514649,0.7497193505104764
0.9378147763239887,0.6597926687474671,0.6166805724625914,0.6613836081823697,0.5770951776798438,0.6369412551513194,0.581538147217679,0.595288298290239,0.5430137226262549,0.6182352109441294,0.5214230168010897,0.4950020086349704,0.46677459856476533,0.458710271291118,0.5387257065900015,0.5575484114080996,0.5367476925453262,0.5321905970114572,0.7366217518730751,0.6441157228553136,0.6572966274070977,0.7368648847626474,0.7793420503925361,0.7573978535803464,0.5962578820081184,0.8351450432661116,0.8027672041345482,0.8067966340628928,0.0,0.7149304331045087,0.8093267892228481,0.8557012395467637,0.9009697223001675,0.876766930183017,0.6202099835888288,0.6291517634629542,0.7136292123468515,0.7727439970211278,0.6350066563171797,0.5897064169847532,0.7634750540543638,0.6139961371828119,0.6189535741022737,0.6432070181092315,0.7295113090615045,0.5832886367496795,0.5920998966855607,0.6538587372913416,0.7044887633303278,0.6594766013530681,0.5549476596886366,0.49428749939012456,0.5788521544327543
0.80881529558537,0.8418458196182657,0.7329984706471449,0.7956882689189042,0.6417557265331189,0.7069468271915463,0.6270280141140311,0.5690980395283197,0.5632262248891375,0.7077151784543922,0.5049897287963837,0.6103323132030238,0.5314016290084412,0.5696467161645778,0.6056994199652614,0.6581444319801244,0.6385059773681837,0.629233630520927,0.8543102031652267,0.7842462913359053,0.8014268139352556,0.8647120391828192,0.9706213914594555,0.844214524250252,0.6117151902220429,0.9278582819027033,0.866293614821922,0.9995419460754741,0.7149304331045087,0.0,0.8607247757080583,0.9006389958755062,0.8143131306545728,0.7828872903680251,0.7305722175020588,0.7279623363635094,0.8928477995349638,0.8013767092886817,0.7963863845050237,0.6185869633985317,0.9476820048138535,0.7063354748141779,0.6269695408492643,0.7669069374325667,0.7424921616794207,0.6591503208629482,0.6840625565816667,0.8611087168106776,0.7277978750434391,0.7621071590594855,0.6628458593943176,0.5699813565941125,0.7241185519909249
0.8050822208738894,0.8020573159346999,0.6933589128967675,0.7307336409382946,0.6844507332457395,0.7565071228783896,0.7348177759461085,0.6370721031080437,0.5851670132505401,0.707497960690113,0.5585530791090889,0.6553213090416672,0.6221340248234155,0.5326368863286178,0.6516928867996921,0.6777255654390586,0.6736001079639117,0.6749346241324058,0.8486643790975313,0.7542786031298402,0.7753581367152008,0.8855408553110183,0.9448572317408669,0.9563676532910873,0.7258211382361442,0.9129555738499766,0.922818934459847,0.9173502418049644,0.8093267892228481,0.8607247757080583,0.0,0.989717783588621,0.8295820842438718,0.8153796323481256,0.7925721500020797,0.7908255060241464,0.8592956275348254,0.8471459418408417,0.7987885680666932,0.6513400381827361,0.8536837886111277,0.7226765102702091,0.6098403579610366,0.7572800487592082,0.7324134155025925,0.6230708499017468,0.601291284838961,0.784578277991328,0.8800829149826368,0.7371313801372358,0.687533758343575,0.654747055824489,0.672527163394507
0.8440136612591996,0.8017635736159509,0.7408334262263496,0.8111520839501463,0.7392937078971292,0.837752940685527,0.8092224985804312,0.6512528045974988,0.6090866785728845,0.7706723212027051,0.5284389921940095,0.6844139569438419,0.64832978819811,0.5469263793723037,0.6679625287544616,0.721843014717378,0.6930189362790097,0.704088410700672,0.8755695546045121,0.830461862267789,0.8223880235350046,0.9169317634499371,0.8664580527318245,0.9636908855572768,0.8150746367434671,0.9655882482912623,0.9391336577416753,0.9945963091595887,0.8557012395467637,0.9006389958755062,0.989717783588621,0.0,0.8630140195819264,0.8542621110472473,0.8316421686855526,0.7979875062085084,0.9097840889268345,0.8981456756617503,0.8182221570068304,0.7066196193438532,0.8567769464305599,0.7636006553381931,0.6413253794504985,0.8164021713905261,0.7442728068481906,0.6723277034321544,0.6212854101599291,0.8082650104595599,0.8907446297389934,0.7928697189417869,0.7151297343478503,0.6946695659647952,0.6705116863544516
0.957654902805917,0.7250843844418334,0.7071504058394145,0.738708417930165,0.5879668581719038,0.701622581872172,0.5950582431290863,0.6686395239796716,0.6160856538411594,0.6846606460382456,0.6043154132118852,0.5333516734174668,0.47394707766601885,0.527235648376431,0.6078016778849394,0.6357313444815782,0.594034938227492,0.6030253703605576,0.8272388188648446,0.656726948010471,0.7308450459162378,0.7612331427664774,0.7989547859722879,0.8239593782247489,0.5740833057539563,0.8542681477316018,0.8946477562087752,0.8976195359204375,0.9009697223001675,0.8143131306545728,0.8295820842438718,0.8630140195819264,0.0,0.9363322144276699,0.6954159232371646,0.705118857622359,0.7806008057635923,0.8024135682189317,0.6455212138866862,0.6303156261230771,0.8726639402131904,0.651512048888289,0.703422756453653,0.6959339139853323,0.7720305953661547,0.6406567086132398,0.6741146658252951,0.7142382646675324,0.7210160175698981,0.7870113815383618,0.6379770002606471,0.5438408176424062,0.6433587259008114
0.902282983009497,0.7137121180178938,0.7075928361936958,0.7553668260888273,0.6296453373042268,0.726525773602288,0.6277246239905532,0.6506134181587849,0.6540700113583762,0.7570022585862466,0.5719755722940236,0.5897883878666037,0.5265580421605992,0.5100122120228612,0.6546158420872081,0.6453902946944611,0.5893068298292081,0.648184756691836,0.8020775148415241,0.7005505958271653,0.7493570322808706,0.7791365715319128,0.818688444781139,0.8474784094313493,0.6524905858445169,0.915821224585837,0.9220080097511267,0.8548407743174509,0.876766930183017,0.7828872903680251,0.8153796323481256,0.8542621110472473,0.9363322144276699,0.0,0.6868093014995794,0.7124132199118934,0.773940456813422,0.8926520733170517,0.6650179800554255,0.5997682136754623,0.8458729406214924,0.6385285467243603,0.640225400994638,0.7025197848977579,0.7376942075837378,0.6213505311107448,0.5932026248803389,0.7190850147659061,0.8055438119964307,0.7869667074548871,0.6522440188209854,0.6113759022320137,0.6358479841361164
0.63121614805723,0.6507072925573687,0.9214102293535791,0.9754035337820967,0.947165682986806,1.0,0.9904407449842432,0.7911385207848696,0.7019487926031345,0.9157532571723541,0.6950328343344924,0.8935149366109117,0.9574253906647824,0.7039171378877204,0.8418523849933804,0.9109886833965024,0.9227692988985136,0.8562296454458606,0.973987585373848,0.9206429934316814,0.9438966774116613,0.695456535557643,0.7292909138190419,0.8049809943194204,0.6453069390627578,0.8202858503436218,0.7498456956270678,0.8096628152299085,0.6202099835888288,0.7305722175020588,0.7925721500020797,0.8316421686855526,0.6954159232371646,0.6868093014995794,0.0,0.9771391794462769,0.8951315361384455,0.9229334152885503,0.9000721735297261,0.960559719836789,0.8321541647288444,0.9558338980532601,0.8566383869083999,1.0,0.8421629894184216,0.9061768546396651,0.7780783371581634,0.9022586073730782,0.9654005117610823,0.8788115318491966,0.861691546502373,0.8282725134710932,0.8555949727338457
0.6643320703945169,0.6798928876805114,0.8195398399992692,0.8971290304588868,0.8833022904223884,0.958900351309617,0.8842298464964763,0.7748842988971935,0.6910494168338733,0.9207413989001372,0.6791817236587249,0.8076883623442034,0.8003415874477706,0.6969428700349942,0.8156213886495973,0.8272308113055518,0.84375970704284,0.8049262938761659,0.9350309151756724,0.8600475891667273,0.9304859147985033,0.6770633527083916,0.7283889403681195,0.7494878475488197,0.5979396641830574,0.8054870253199018,0.778700223551417,0.768661752594521,0.6291517634629542,0.7279623363635094,0.7908255060241464,0.7979875062085084,0.705118857622359,0.7124132199118934,0.9771391794462769,0.0,0.8275312402554874,0.8937558880156503,0.8663697430372856,0.8870388141858152,0.7727553421152067,0.8955695522646017,0.8398684192622425,0.9674804736904481,0.7870788878479901,0.8477809504169632,0.7482823893633261,0.9149076131446726,0.9194741680375353,0.8667970718195963,0.8593754917287793,0.776270717026167,0.8116215850346703
0.7952814896306858,0.7094203007782223,0.868675378247735,0.943892394575585,0.7929326711644911,0.8822788740399159,0.7504909491456199,0.7475801121664895,0.6922181156212035,0.881203975563102,0.6838736968341597,0.7412218994556814,0.6828305493813543,0.6750145613365739,0.780458976885566,0.795469295106211,0.7976979935817166,0.7628743285141235,0.9739615355612856,0.8514980438433322,0.8539988730585752,0.7604684251433541,0.8500289860317755,0.8386348669342998,0.604169187616077,0.9379462123700187,0.8533592508858973,0.8783219881867868,0.7136292123468515,0.8928477995349638,0.8592956275348254,0.9097840889268345,0.7806008057635923,0.773940456813422,0.8951315361384455,0.8275312402554874,0.0,0.9552616925990398,0.8482498442269477,0.7855368002070894,0.937638079428159,0.7805289073262766,0.7685320051376634,0.927415103582835,0.9212911132356453,0.8629769718129886,0.8040557753020279,0.9086561381718877,0.8899049049448245,0.9440857799707739,0.79754574226941,0.7112987341669224,0.8713349514406206
0.7819044355339309,0.7047205374754957,0.9234781615230843,0.9945535942734937,0.7955151502954998,0.9066740619645722,0.8461070261596779,0.808306936456728,0.8412930056629504,0.8973218831523573,0.7639647519599895,0.802787099483206,0.7336991235286489,0.6847567884221161,0.8608080023167979,0.8434459025007032,0.797552066549932,0.7930418489678508,0.9892380305573231,0.9061125624482282,0.9408527065854589,0.7501424732235281,0.7676226427076999,0.8479617219035016,0.634101354945893,0.9340791904792589,0.846132764683006,0.9156116043800955,0.7727439970211278,0.8013767092886817,0.8471459418408417,0.8981456756617503,0.8024135682189317,0.8926520733170517,0.9229334152885503,0.8937558880156503,0.9552616925990398,0.0,0.8329587340653072,0.7986067925061466,0.9799332854848523,0.8529271464110212,0.8329551945641952,0.9780994521254348,0.9249883053405303,0.9178153552808065,0.8271801801677251,0.9233224095745769,0.9175449266380278,0.9686717010795229,0.8655340180406151,0.7903671391604744,0.8701308035079238
0.6647698923755759,0.6495178242300667,0.7919382004968086,0.7992213607943268,0.7954303808598692,0.8306418645458067,0.8844150421161389,0.612857003051724,0.5848921291011548,0.7464037802544702,0.5502533582259405,0.7648781274734224,0.7269990168748769,0.5409856577015169,0.7053522295846457,0.7621971800148197,0.7422982551906032,0.6978380435370407,0.9434373323805582,0.844024732326194,0.8270440200919021,0.7110417898706131,0.7617764137194836,0.7485963814748331,0.6673340943448984,0.7705653858533205,0.7149423067238073,0.8506083831550066,0.6350066563171797,0.7963863845050237,0.7987885680666932,0.8182221570068304,0.6455212138866862,0.6650179800554255,0.9000721735297261,0.8663697430372856,0.8482498442269477,0.8329587340653072,0.0,0.7189832316821761,0.8189709961952568,0.8101315204870473,0.6464877631688757,0.8464747539764261,0.7545517186327901,0.7625060941165932,0.6424378448919091,0.8432850916618805,0.8816683756888516,0.7516987111016094,0.6486907217890696,0.6933834903882017,0.74435098391552
