Cingulate area 2,Frontal association cortex,Cornu ammonis 3,Dentate gyrus,Cornu ammonis 2,Cornu ammonis 1,Fasciola cinereum,Subiculum,Postrhinal cortex,Presubiculum,Parasubiculum,Perirhinal area 35,Perirhinal area 36,Medial entorhinal cortex,Lateral entorhinal cortex,Primary auditory area,"Secondary auditory area, dorsal part","Secondary auditory area, ventral part","Piriform cortex, layer 1","Piriform cortex, layer 2","Piriform cortex, layer 3",Ventrolateral orbital area,Lateral orbital area,Ventral orbital area,Medial orbital area,Dorsolateral orbital area,Prelimbic area,Secondary motor area,Frontal association area 3,Primary motor area,"Agranular insular cortex, ventral area",Agranular insular cortex dorsal area,Cingulate area 1,Infralimbic area,Dysgranular insular cortex,Granular insular cortex,"Primary somatosensory area, forelimb representation","Primary somatosensory area, dysgranular zone","Primary somatosensory area, face representation",Secondary somatosensory area,"Primary somatosensory area, hindlimb representation","Agranular insular cortex, posterior area","Primary somatosensory area, barrel field",Retrosplenial dysgranular area,"Primary somatosensory area, trunk representation",Retrosplenial granular area,"Parietal association cortex, lateral area","Parietal association cortex, medial area","Parietal association cortex, posterior area",Primary visual area,"Secondary visual area, lateral part",Temporal association cortex,"Secondary visual area, medial part"
0.0,0.3894613696169557,0.7166610289781036,0.7442413978389442,0.6372986251909744,0.7322614060572261,0.5815556359197627,0.7643264009651113,0.503707664740803,0.7239004479864993,0.5362107578112362,0.9718749484879567,0.8865918287395222,0.5344193556725074,0.8458509443985065,0.8162426049855047,0.7528475574857939,0.7902014165774681,0.6726233483706432,0.702486495122853,0.7926520261209632,0.514434886210014,0.47318171975051615,0.5521251921784452,0.3751740112798339,0.4175682820336145,0.5200393493500131,0.5412385259122815,0.505346403058838,0.8823638211839085,0.7511765837845273,0.6438605512536624,0.8837308632079194,0.6649458531941687,0.5552767758873378,0.566074932941443,0.9520612820786106,0.8781578883204596,0.6790211833681511,0.8327248939756025,0.92347777430916,0.5488270208333156,0.74179403430543,0.8633608801471652,0.7493219108781803,0.7910479685579401,0.7195883329144825,0.6706559252921226,0.6637485550122328,0.7862332150257413,0.5976605579073365,0.6375773994927014,0.7621464553483888
0.3894613696169557,0.0,0.664344091248954,0.6500331000465485,0.7035410595019328,0.5871480912747368,0.7504261520070554,0.531667745953933,0.6969962428431214,0.46470359034206493,0.47819380688460955,0.3886780789527234,0.38460785965633365,0.6119076242402969,0.49278352727452496,0.4945183064137227,0.5529964366410275,0.443937369106995,0.6214810778914641,0.6372245712307328,0.6039573885104633,0.8373344808392355,0.8086868168394052,0.7786322764279936,0.7753253393913441,0.86736893036026,0.7500432643761645,0.6878098266249015,0.7824996389699768,0.5203147700019681,0.5757707595683115,0.6145185521905471,0.49525608216611927,0.285070195094338,0.5657963039353114,0.6201056536704805,0.39269069335425,0.3605499869825703,0.5647577964531582,0.50002975307387,0.5281361595922224,0.6746375792186012,0.44537412991574504,0.5016970235479028,0.5048807464470113,0.507780245543568,0.5217966679783903,0.5583183205354295,0.4921962005445398,0.5284867813447108,0.5820129073295149,0.6514096755427208,0.4839530321547036
0.7166610289781036,0.664344091248954,0.0,0.9349282200834856,0.9560934875965771,0.8693399011472344,0.8860627664129467,0.9023656494884231,0.7387742666155825,0.7857599626969739,0.6590335446055584,0.7250550016304135,0.6642905625642719,0.7503809754930874,0.8256593049713812,0.8437948667627458,0.8585050898641279,0.737945095329534,0.9144315733302145,0.8318896701187515,0.8920102648217857,0.8115326583122846,0.7424615782223196,0.6847036515069908,0.5575774651779725,0.6412891651241307,0.7320902350042895,0.7345968822479997,0.8118725202078435,0.9057542970368256,0.8216123731006266,0.7740032400234897,0.7846100035189485,0.48311468403826824,0.7235386918049451,0.7976719171278185,0.7394211668045136,0.6820317581395615,0.8964642021082951,0.8923996130324489,0.885751836658115,0.7833803796155382,0.7554075612313826,0.8563936166794801,0.7841585949500858,0.8128410046152443,0.7769167147010126,0.8416222393993139,0.7838539065518101,0.8268695090679511,0.7393250164729382,0.8689730440373633,0.793016035923298
0.7442413978389442,0.6500331000465485,0.9349282200834856,0.0,0.9848317658128105,0.9219704792912023,0.8518517707216019,0.9699559278267227,0.7273305277486917,0.8701618687025787,0.6781980124581942,0.8105076407163868,0.7503300920837265,0.7806940033261616,0.9745374994509661,0.9413184673959726,0.9215301729381375,0.824309476232449,0.8406532324825845,0.8842073523827654,0.9376204352203237,0.7101949262826862,0.6478228273169145,0.6356085751650725,0.44284300715255903,0.5702798295466434,0.6405633605751982,0.6233272080776433,0.7208107285639006,0.8527854451805404,0.8155217155385229,0.7555754803411331,0.7959874398987832,0.45906309446215515,0.6899395006126321,0.7607083624584107,0.8228111466427132,0.7547203151572938,0.8582565626171852,0.95796673160182,0.8746824632122717,0.7619099219701169,0.8486757521452897,0.8691370245716232,0.8586265268617749,0.8727560495423168,0.9234563425268694,0.9818512010400623,0.7915597762529925,0.8594553998892459,0.7203928700251062,0.948341251093975,0.9179326200296453
0.6372986251909744,0.7035410595019328,0.9560934875965771,0.9848317658128105,0.0,0.9977872031733793,0.9153292669148563,0.9127568518931469,0.8161031733052838,0.8523264922188295,0.7394922611119688,0.6706060977858329,0.6941359641513473,0.809224317529158,0.8401475506502376,0.8046345217525067,0.8940255601224788,0.7585308705535755,0.9233281152576507,0.9053145416273173,0.9007305102599727,0.7728835707420975,0.7237839817921118,0.6538642116490081,0.5001235211045356,0.6149986515378074,0.7076857419494458,0.6765851929545964,0.8256213738388914,0.8258695221981222,0.8064051215367836,0.7492268607815658,0.7588792015202215,0.4373121992560819,0.7855910384626823,0.7697136818711348,0.7357957523930971,0.6234759748093929,0.8359317623675941,0.8640890450221775,0.8827596153857971,0.8520637702151624,0.7762875535701205,0.8376468233926367,0.8320095181119231,0.8510665163414417,0.8350055792406275,0.9257911854834581,0.7373495196745845,0.7857714168125283,0.748062323925163,0.9374954556414068,0.8124169744695138
0.7322614060572261,0.5871480912747368,0.8693399011472344,0.9219704792912023,0.9977872031733793,0.0,0.7815294948753834,0.9589939219299652,0.721001081010589,0.890985220679847,0.7136790202304923,0.7828285905463076,0.7367291108141031,0.7626775121853852,0.873757012702789,0.8779307059834235,0.9334712361999151,0.8006731338514994,0.855932346261604,0.794704877834667,0.9634121227315997,0.6428672615289682,0.613155027340581,0.5882236117981395,0.4158486745957461,0.5172581713631941,0.5881563132710202,0.6082924542593409,0.6481864376463248,0.8848216342130586,0.8182700365042077,0.7342187621921117,0.7899259300222247,0.48416945393296734,0.688845512725404,0.7007124010845768,0.8437034272716927,0.7070103754823182,0.8051805232842443,0.847321409036636,0.8561408553020698,0.7477565293764104,0.8582273068136558,0.8920112610588972,0.8442530795691418,0.8931451686441053,0.8718848983425529,0.9058261596510296,0.7486591885693589,0.8699977752876555,0.6848148680338352,0.8870360306756839,0.9053160958499681
0.5815556359197627,0.7504261520070554,0.8860627664129467,0.8518517707216019,0.9153292669148563,0.7815294948753834,0.0,0.7720409610048601,0.9091526647820536,0.7046821022952604,0.7126234130949378,0.6033708274540664,0.5473700575930368,0.8691816190412615,0.7457796571109382,0.6969167238068783,0.7547529874768827,0.6245894034458636,0.9336931093419,0.8902545831815581,0.9444178276986189,0.8538161378376231,0.7841075033955472,0.7406138975000265,0.5827745127960671,0.7321829738121843,0.8437544427194236,0.7656417719594136,0.9474712652822695,0.804498571119934,0.8447952594437625,0.8315392211497643,0.7689694687945049,0.46228857073622137,0.8110326732386183,0.8733190188097264,0.6209083516924485,0.5444225750981188,0.90700584101153,0.7818056020511496,0.803495873263636,0.9097326735729622,0.6476006196549122,0.7790198438066384,0.7703596959742617,0.7110624491004748,0.6969459862983345,0.7578205578605318,0.7383890816592404,0.8185920739892656,0.8186461552085678,0.9503290274227579,0.6669744135170116
0.7643264009651113,0.531667745953933,0.9023656494884231,0.9699559278267227,0.9127568518931469,0.9589939219299652,0.7720409610048601,0.0,0.7209509022482129,0.9676928788959615,0.7649319941161352,0.8361872381206596,0.8359739487666947,0.78978556210348,0.9602089531964334,0.9283959560064928,0.990263832327449,0.8063708829928983,0.8654103296272052,0.8378403643442098,0.9666586707410152,0.5970933354918225,0.5987245905580557,0.5483222050045347,0.3987812447407509,0.48818198140971547,0.5817302089314139,0.5782921830947867,0.673608701886986,0.9117220353740205,0.8548976318146267,0.7598639738202987,0.9215016629148964,0.5649713192373116,0.7021604723025344,0.7397836260103833,0.9302230922991186,0.8745226308620182,0.9036094043630131,0.9158959146843682,0.9815029181674536,0.7531950501111719,0.9421153659014566,0.9467917697457449,0.9698332052935433,0.9598384773018621,0.9703060202856499,0.9086722547907241,0.8971542003814861,0.9622499883041803,0.7575279816113081,0.9132886116104307,0.9330688014485209
0.503707664740803,0.6969962428431214,0.7387742666155825,0.7273305277486917,0.8161031733052838,0.721001081010589,0.9091526647820536,0.7209509022482129,0.0,0.6895863244297162,0.779898723153835,0.5101675439762502,0.4578840929225872,0.9547221450656543,0.6716722071007895,0.6222335145663141,0.7141179321312735,0.552574148946335,0.8967116881615543,0.8052212021392866,0.8576017892694682,0.7879569492666357,0.7357377305779498,0.6382349711446943,0.5057904209688563,0.7194978599644698,0.7440928261587285,0.6777413825379914,0.8731156074935066,0.6673128653958966,0.7587314784675315,0.8516074896575405,0.7205456148270092,0.4240807470305238,0.9010881710318158,0.8596699367117654,0.5386282309052931,0.4811191688327769,0.8688110986078372,0.685457332927742,0.7046274473698513,0.9235263985054436,0.5994294226337782,0.6691129721683423,0.7022180362446242,0.6455218141804421,0.6568608392533127,0.6863803634485047,0.7166359374058333,0.7119020318699988,0.845937583149474,0.8840549898204337,0.5627468215767047
0.7239004479864993,0.46470359034206493,0.7857599626969739,0.8701618687025787,0.8523264922188295,0.890985220679847,0.7046821022952604,0.9676928788959615,0.6895863244297162,0.0,0.76371543839076,0.854931460045009,0.7803288647430684,0.7603816509748909,0.9110973377889469,0.9063482749876746,0.934136817215321,0.8480092471828883,0.7799386688824675,0.781036608585793,0.9754768915247775,0.5126933799909522,0.5120520162261103,0.47791618408698266,0.3298308703934838,0.42320331255786475,0.508371929981534,0.49365776346919,0.607387503100348,0.8318348950653771,0.7682264080839898,0.6861653055138379,0.823028112154218,0.5581953660591537,0.6968759459380621,0.6453856033160148,0.9105877498050264,0.8264508438254581,0.8037409237738176,0.8906632251707307,0.89598222997185,0.6599836848693841,0.9106973482818094,0.9144727263840879,0.9656732383042942,0.9704542971244079,0.8942948865057054,0.9846850091113049,0.8561042677725978,0.955159176568764,0.6545074488516069,0.7876284247690883,0.8932562869928853
0.5362107578112362,0.47819380688460955,0.6590335446055584,0.6781980124581942,0.7394922611119688,0.7136790202304923,0.7126234130949378,0.7649319941161352,0.779898723153835,0.76371543839076,0.0,0.5692448030246947,0.46963809524200595,0.8819298494871018,0.7120482338085526,0.616316777784561,0.7146491499929323,0.5251312042102775,0.9081619766714681,0.7543369825480877,0.9438309882485341,0.6238223179525018,0.5763461165259871,0.46509140821212136,0.3507047947861318,0.487455708612211,0.5665500139377397,0.5123651594244444,0.6834219470662843,0.6743518993063048,0.7863005346603154,0.7307450530741684,0.7127335686804345,0.5437661300537663,0.9216807214726543,0.8373566328252877,0.5957146397898099,0.5513976040108176,0.8705281973402886,0.7933982948591064,0.7442386913138505,0.8246860837746501,0.6343926547523855,0.7181372804025218,0.8039023833320611,0.7182944859463732,0.6504905143786115,0.6853663824955398,0.849891684016415,0.8165675674766736,0.8085577013383873,0.7699894649034847,0.5849955733910092
0.9718749484879567,0.3886780789527234,0.7250550016304135,0.8105076407163868,0.6706060977858329,0.7828285905463076,0.6033708274540664,0.8361872381206596,0.5101675439762502,0.854931460045009,0.5692448030246947,0.0,0.9989981084990235,0.5446413700545408,0.8905491604834023,0.8952750677419502,0.8683135710912557,0.8955044367106094,0.6650813420023785,0.6955071090949704,0.7991186680331327,0.4713599004102689,0.4401871104963923,0.4763905655615921,0.32443534026956017,0.36939126497938385,0.4516934228682116,0.4646099593101301,0.48764937231045424,0.8408214837105003,0.7066383231071883,0.6163392292772583,0.7910276842328219,0.6420210367622419,0.5679674416221363,0.5304628648316732,1.0,0.9973866293368856,0.6431720290693983,0.8644563749761617,0.902201582661856,0.5497728992578291,0.8583669432002766,0.891207020531186,0.7930397421557527,0.9176743633006065,0.7941727638916374,0.7641550714272001,0.7366122318876384,0.7965489341270509,0.5472516559251348,0.6677090422618144,0.8586540961842577
0.8865918287395222,0.38460785965633365,0.6642905625642719,0.7503300920837265,0.6941359641513473,0.7367291108141031,0.5473700575930368,0.8359739487666947,0.4578840929225872,0.7803288647430684,0.46963809524200595,0.9989981084990235,0.0,0.46424627373572813,0.821917031025601,0.8627271807224338,0.7967027570915198,0.9115771847775628,0.5625377512491431,0.567202464847375,0.6667525271789353,0.4239335255393397,0.42067989433680913,0.4511099106982653,0.3122992979538919,0.3425479016912893,0.4064388257164179,0.4277614874517733,0.4284435618942617,0.7376695854404552,0.6030055570283476,0.5107697941185363,0.6948023050793678,0.4665037260350167,0.46556750737797437,0.4632019396530612,0.955696424094501,0.9286723604428193,0.5360936081967019,0.7759661966287684,0.8100518354946021,0.4707622846379735,0.8451226795496268,0.8139128684135879,0.7275160769124472,0.8707112045215306,0.8248920163524301,0.8362664963180158,0.6084062156465048,0.6795220725703603,0.4813064458198249,0.6157231340964255,0.8702702355313602
0.5344193556725074,0.6119076242402969,0.7503809754930874,0.7806940033261616,0.809224317529158,0.7626775121853852,0.8691816190412615,0.78978556210348,0.9547221450656543,0.7603816509748909,0.8819298494871018,0.5446413700545408,0.46424627373572813,0.0,0.7607210309921069,0.6618769349490076,0.7454236487229011,0.5517031681644671,1.0,0.8064740104277971,0.9776711442704755,0.7686736377150558,0.7506304366858476,0.6132946783974383,0.4466543637299628,0.6478664502859656,0.7316006923011673,0.6580718943595197,0.9284472990914818,0.7339480137072051,0.843833847016362,0.870145473155073,0.7315226266447276,0.5001240670510718,0.9718329526913907,0.9260777493232478,0.5832114007302447,0.5239022192610286,0.9047883639297434,0.730075322911491,0.7594531115081398,0.9913497633565089,0.645430751308269,0.7106480596840941,0.7715666802063786,0.7198950624752588,0.6725855050435111,0.7075054335647022,0.8489131248547301,0.8345104031594256,0.8727429481437999,0.8549487606901002,0.5959048192254135
0.8458509443985065,0.49278352727452496,0.8256593049713812,0.9745374994509661,0.8401475506502376,0.873757012702789,0.7457796571109382,0.9602089531964334,0.6716722071007895,0.9110973377889469,0.7120482338085526,0.8905491604834023,0.821917031025601,0.7607210309921069,0.0,0.9656679999612676,0.9590954648796094,0.9278090214176793,0.8613353939729366,0.8103168021430955,0.9740586283863625,0.5970891729234594,0.5426008840742224,0.5623669027377823,0.3804807298282764,0.46537637666056947,0.5561311437785471,0.5773206249260133,0.6476643386854368,0.8796023040036831,0.8599430775931146,0.7259101069799767,0.9018161810327563,0.5751720565550116,0.6865846184442489,0.7093261602026075,0.9748114136045861,0.8779402638148684,0.8321037639124627,0.9241276881493665,0.9636831764684949,0.7025128526824408,0.9699828530183002,0.9373991787255385,0.9059698273208796,0.9434029373880257,0.8881419191605342,0.9371483396112877,0.8797327012030052,0.9995726200847103,0.7002115101859763,0.8898636369702886,0.9248668965776929
0.8162426049855047,0.4945183064137227,0.8437948667627458,0.9413184673959726,0.8046345217525067,0.8779307059834235,0.6969167238068783,0.9283959560064928,0.6222335145663141,0.9063482749876746,0.616316777784561,0.8952750677419502,0.8627271807224338,0.6618769349490076,0.9656679999612676,0.0,0.9464560906566033,0.9245602021752859,0.7373056983892614,0.7541067230863979,0.9034770400367644,0.5360443678000744,0.5145709383254707,0.5296352354319709,0.3599923619645562,0.4291362585888355,0.48388488302410926,0.5107369492479417,0.5701795478652093,0.8168883025852639,0.7743569207221852,0.6629244860936718,0.8403014827469434,0.5303455611096882,0.616153592303791,0.6128648961049962,0.9386695223745926,0.865387900831125,0.7120900027703809,0.8908014056212454,0.8933479155772754,0.6399239183074281,0.9260066554272266,0.9444992540679684,0.8519319452343613,0.962735145538015,0.961617425787439,0.9728114826543173,0.8018923749008718,0.8952494471087191,0.6365888253176079,0.8024002999864249,1.0
0.7528475574857939,0.5529964366410275,0.8585050898641279,0.9215301729381375,0.8940255601224788,0.9334712361999151,0.7547529874768827,0.990263832327449,0.7141179321312735,0.934136817215321,0.7146491499929323,0.8683135710912557,0.7967027570915198,0.7454236487229011,0.9590954648796094,0.9464560906566033,0.0,0.8131519345212582,0.9203140413381217,0.8299414999064735,0.9872358917707671,0.6498021057731631,0.6265277958953895,0.5999941309431585,0.40440468953015496,0.5195579184294249,0.5821109991954763,0.6099287060240723,0.7015830377524258,0.9422021952348544,0.9118419407284377,0.7932133662536219,0.941870907208366,0.5822701445888148,0.7361675624222134,0.7514335262035265,0.8814901814655872,0.8209473031101152,0.859401391902762,0.9131421380689273,0.889262254024432,0.7379872484812248,0.8983545337089398,0.9489872566123086,0.9535406437256247,0.9787428405971147,0.8944805574724836,0.8856592987070716,0.8738691612099848,0.8789560933522581,0.7596182798874891,0.8358050869881453,0.9093932690852629
0.7902014165774681,0.443937369106995,0.737945095329534,0.824309476232449,0.7585308705535755,0.8006731338514994,0.6245894034458636,0.8063708829928983,0.552574148946335,0.8480092471828883,0.5251312042102775,0.8955044367106094,0.9115771847775628,0.5517031681644671,0.9278090214176793,0.9245602021752859,0.8131519345212582,0.0,0.6562049367564098,0.6624324285573785,0.765237098133353,0.4772124961957141,0.449791190685286,0.4743319804827114,0.3292629300932018,0.38452092325113196,0.44025800739162213,0.4588155014247406,0.4782099162714122,0.7573808310180342,0.6679336982198948,0.5807474512184685,0.7162768952059481,0.4560326782455503,0.5208408234423136,0.5465538917649786,0.94224746210977,0.8693608475291861,0.6119439948258819,0.7978268513923533,0.791256418647406,0.5380568063067335,0.8997029534985117,0.8081252919685561,0.779935462707188,0.8989282049559398,0.8430403541295678,0.9818933908950758,0.7111987211085428,0.7703556608971268,0.5213918672705975,0.7047860456389505,0.8970402691675791
0.6726233483706432,0.6214810778914641,0.9144315733302145,0.8406532324825845,0.9233281152576507,0.855932346261604,0.9336931093419,0.8654103296272052,0.8967116881615543,0.7799386688824675,0.9081619766714681,0.6650813420023785,0.5625377512491431,1.0,0.8613353939729366,0.7373056983892614,0.9203140413381217,0.6562049367564098,0.0,0.9607180811704037,1.0,0.8525016128928543,0.8258012995787612,0.7293855745193685,0.5431403331017763,0.730909891237049,0.8100420725579252,0.7914891158069759,0.9992868088362629,0.9326323539524762,1.0,0.9923980212969398,0.8922863268650221,0.5805553305933228,1.0,1.0,0.7355562626455449,0.6547442426241801,1.0,0.9204593948820311,0.929390487590646,1.0,0.7541637600136457,0.8415613237088162,0.9004366779999949,0.7727042659843529,0.7121685980118422,0.8086257149232485,0.9205928912286236,0.9247518392341069,0.9562664882742549,0.9718266331745297,0.6856998272666567
0.702486495122853,0.6372245712307328,0.8318896701187515,0.8842073523827654,0.9053145416273173,0.794704877834667,0.8902545831815581,0.8378403643442098,0.8052212021392866,0.781036608585793,0.7543369825480877,0.6955071090949704,0.567202464847375,0.8064740104277971,0.8103168021430955,0.7541067230863979,0.8299414999064735,0.6624324285573785,0.9607180811704037,0.0,0.9521690965733126,0.8026041358721792,0.7574779400164328,0.7319499037217003,0.557915138775411,0.6819257620514546,0.7937685781299163,0.7463500889102257,0.8426394005475177,0.924337628067326,0.9392359046241028,0.9557732938078424,0.8675374008936076,0.5674710483625205,0.832466676110803,0.8599329222875343,0.7109244754821151,0.6302689266934335,0.9662064700197432,0.8152130056242062,0.9163349943301047,0.826952724222412,0.698205213046754,0.7876355707496253,0.8064063098300436,0.811050318480231,0.682023755186391,0.7853302060646506,0.8590779764646072,0.8242910138583464,0.8763371449811149,0.8996859546938721,0.714000431739964
0.7926520261209632,0.6039573885104633,0.8920102648217857,0.9376204352203237,0.9007305102599727,0.9634121227315997,0.9444178276986189,0.9666586707410152,0.8576017892694682,0.9754768915247775,0.9438309882485341,0.7991186680331327,0.6667525271789353,0.9776711442704755,0.9740586283863625,0.9034770400367644,0.9872358917707671,0.765237098133353,1.0,0.9521690965733126,0.0,0.8053693828226134,0.7199919118014908,0.6766878288612014,0.4923616416690449,0.6240233323219867,0.762547029864428,0.7465290553256321,0.8813759393046923,1.0,1.0,0.9343738151400345,0.942907235564319,0.6535734339704978,0.9386735865551888,0.9364093581555526,0.9210015757444746,0.7544570087572376,1.0,0.9651425072291481,1.0,0.9507220942636853,0.9430005726735154,0.9793570962450558,0.9831394739327202,0.9475804962418742,0.908212826633692,0.9094400436026067,0.9854234231735599,0.9893657858526318,0.9405881488189092,0.9491251577568695,0.8529841414907796
0.514434886210014,0.8373344808392355,0.8115326583122846,0.7101949262826862,0.7728835707420975,0.6428672615289682,0.8538161378376231,0.5970933354918225,0.7879569492666357,0.5126933799909522,0.6238223179525018,0.4713599004102689,0.4239335255393397,0.7686736377150558,0.5970891729234594,0.5360443678000744,0.6498021057731631,0.4772124961957141,0.8525016128928543,0.8026041358721792,0.8053693828226134,0.0,0.9341475041106443,0.9076622596687168,0.8678096814481298,0.997700997967615,0.9822021111821322,0.9788159783397243,0.9713049554004092,0.7639893548606744,0.7921928579160563,0.8775138407603315,0.6933824329428036,0.4059517009411779,0.8256751444251649,0.8088594209740426,0.5120082813534383,0.4216734474911961,0.8948602580418618,0.6598969270614932,0.7045706256625306,0.8870968943210792,0.514442190817703,0.5782172390455455,0.5925636488476675,0.539146282870364,0.5150876013213894,0.5829707076806081,0.5806378771438429,0.6223706412230054,0.8224770442236954,0.7868629604493166,0.5354638064402657
0.47318171975051615,0.8086868168394052,0.7424615782223196,0.6478228273169145,0.7237839817921118,0.613155027340581,0.7841075033955472,0.5987245905580557,0.7357377305779498,0.5120520162261103,0.5763461165259871,0.4401871104963923,0.42067989433680913,0.7506304366858476,0.5426008840742224,0.5145709383254707,0.6265277958953895,0.449791190685286,0.8258012995787612,0.7574779400164328,0.7199919118014908,0.9341475041106443,0.0,0.8242569438834072,0.7686898388566119,0.9405704553556341,0.911785248344498,0.8558285320571647,0.9003376760252766,0.6996592827381457,0.7545648607386738,0.7753176133901397,0.631226550200901,0.3962657401197863,0.7726745114074939,0.8037407285823518,0.5016247722081593,0.4059613577373363,0.809074807434818,0.6129007352595587,0.6039472583416723,0.818427003702402,0.48679092565269383,0.5576335506820109,0.5713053985782153,0.5216719395665447,0.4945615395956761,0.5544558232960207,0.5614872061326616,0.6323205206799376,0.7934582449245319,0.7538536573677819,0.5078923918651388
0.5521251921784452,0.7786322764279936,0.6847036515069908,0.6356085751650725,0.6538642116490081,0.5882236117981395,0.7406138975000265,0.5483222050045347,0.6382349711446943,0.47791618408698266,0.46509140821212136,0.4763905655615921,0.4511099106982653,0.6132946783974383,0.5623669027377823,0.5296352354319709,0.5999941309431585,0.4743319804827114,0.7293855745193685,0.7319499037217003,0.6766878288612014,0.9076622596687168,0.8242569438834072,0.0,0.8798799619977066,0.8414985964348626,0.8945368304757089,0.8773785347237918,0.8020542600826832,0.741516284078283,0.7546107470648533,0.7959697521200947,0.6946815352254831,0.4148284918614636,0.6401450551448314,0.6980818668618213,0.5142941289040177,0.43200717542050643,0.6904648866766705,0.5805813036483302,0.6520279059621646,0.7026562627273679,0.467008817333475,0.5687615854093554,0.5557394980424594,0.5016723160245555,0.457526039991111,0.527031026281564,0.5396591809504333,0.5949974424716558,0.7120835652987819,0.7118252610950636,0.49958223103914784
0.3751740112798339,0.7753253393913441,0.5575774651779725,0.44284300715255903,0.5001235211045356,0.4158486745957461,0.5827745127960671,0.3987812447407509,0.5057904209688563,0.3298308703934838,0.3507047947861318,0.32443534026956017,0.3122992979538919,0.4466543637299628,0.3804807298282764,0.3599923619645562,0.40440468953015496,0.3292629300932018,0.5431403331017763,0.557915138775411,0.4923616416690449,0.8678096814481298,0.7686898388566119,0.8798799619977066,0.0,0.8540231336936133,0.8708684915872258,0.7362899384788487,0.6881727716160781,0.5277043200976549,0.5167664797021378,0.5767448384164845,0.4607502119159808,0.29726950351983034,0.4889735717489598,0.5394151122969252,0.34467206767561376,0.2967686383876502,0.5091311202599829,0.40844255313371897,0.4549640689841706,0.5319785092901897,0.3365261656194189,0.39076797042682027,0.37460028827960923,0.3615111716268322,0.3256958511851236,0.37073202698644037,0.3719478563968368,0.4123637158429016,0.5541635090868808,0.5357035190709404,0.3472910543721497
0.4175682820336145,0.86736893036026,0.6412891651241307,0.5702798295466434,0.6149986515378074,0.5172581713631941,0.7321829738121843,0.48818198140971547,0.7194978599644698,0.42320331255786475,0.487455708612211,0.36939126497938385,0.3425479016912893,0.6478664502859656,0.46537637666056947,0.4291362585888355,0.5195579184294249,0.38452092325113196,0.730909891237049,0.6819257620514546,0.6240233323219867,0.997700997967615,0.9405704553556341,0.8414985964348626,0.8540231336936133,0.0,0.9491340263817604,0.8396090440948388,0.934122389066087,0.6078888233524383,0.6725242838296448,0.7595315470422181,0.5607056258723374,0.3437199672475207,0.7057470123958052,0.7461020956136489,0.40720401939000067,0.34958103454161515,0.6876108053723732,0.512413672361541,0.5504133476651473,0.7528608694237017,0.40786404646197294,0.48468291870216984,0.48693208326712306,0.42810930248729684,0.4129411480752274,0.47094457674774426,0.47342733247183105,0.518684893852444,0.716014356809714,0.6876995738650896,0.42093642779221574
0.5200393493500131,0.7500432643761645,0.7320902350042895,0.6405633605751982,0.7076857419494458,0.5881563132710202,0.8437544427194236,0.5817302089314139,0.7440928261587285,0.508371929981534,0.5665500139377397,0.4516934228682116,0.4064388257164179,0.7316006923011673,0.5561311437785471,0.48388488302410926,0.5821109991954763,0.44025800739162213,0.8100420725579252,0.7937685781299163,0.762547029864428,0.9822021111821322,0.911785248344498,0.8945368304757089,0.8708684915872258,0.9491340263817604,0.0,0.9103389979183686,0.9613525720409224,0.7318513699928638,0.777336407081524,0.9267467367234179,0.6830425822950076,0.43766118397737513,0.7908771221714729,0.8263522026073575,0.49042729480489095,0.41759432816729064,0.8014817806972129,0.6128262652864274,0.675510384717353,0.7881918263663539,0.47454705814500975,0.5704708468666085,0.5662367133571397,0.5168127150558012,0.4686723498588555,0.5089343471551877,0.6029394690238687,0.6037879915511408,0.8169095539713904,0.7693742069732106,0.48337511460578886
0.5412385259122815,0.6878098266249015,0.7345968822479997,0.6233272080776433,0.6765851929545964,0.6082924542593409,0.7656417719594136,0.5782921830947867,0.6777413825379914,0.49365776346919,0.5123651594244444,0.4646099593101301,0.4277614874517733,0.6580718943595197,0.5773206249260133,0.5107369492479417,0.6099287060240723,0.4588155014247406,0.7914891158069759,0.7463500889102257,0.7465290553256321,0.9788159783397243,0.8558285320571647,0.8773785347237918,0.7362899384788487,0.8396090440948388,0.9103389979183686,0.0,0.9329940026779602,0.7393047124273281,0.7950788895748796,0.8097830284949535,0.7202590183324675,0.44017069660893304,0.727760719965966,0.7830937663046655,0.5253572188468065,0.42406180074781596,0.7550987530377135,0.6305155187597435,0.6576160959816418,0.7917221575657996,0.4709932020567587,0.5362297560209213,0.5439721740646514,0.49967026697198536,0.4652263246099632,0.510528295064112,0.5461925797856882,0.5947482789265095,0.7904384071569533,0.7319605253840652,0.4971839720770808
0.505346403058838,0.7824996389699768,0.8118725202078435,0.7208107285639006,0.8256213738388914,0.6481864376463248,0.9474712652822695,0.673608701886986,0.8731156074935066,0.607387503100348,0.6834219470662843,0.48764937231045424,0.4284435618942617,0.9284472990914818,0.6476643386854368,0.5701795478652093,0.7015830377524258,0.4782099162714122,0.9992868088362629,0.8426394005475177,0.8813759393046923,0.9713049554004092,0.9003376760252766,0.8020542600826832,0.6881727716160781,0.934122389066087,0.9613525720409224,0.9329940026779602,0.0,0.7570514366066035,0.865576444912805,0.9122494845134177,0.7328782868004238,0.45662667551770186,0.9621211731624463,0.9649199480032384,0.5281775934473825,0.449000379236928,0.9863680965351677,0.7025650722137108,0.7175772479586875,0.9299964200432059,0.5602891353115722,0.6297246142509886,0.6741411017869238,0.5927770064317286,0.5189914447441801,0.6285893309517258,0.6869550890597506,0.7455440510408857,0.9150286585465346,0.8636504069583743,0.5442034389117132
0.8823638211839085,0.5203147700019681,0.9057542970368256,0.8527854451805404,0.8258695221981222,0.8848216342130586,0.804498571119934,0.9117220353740205,0.6673128653958966,0.8318348950653771,0.6743518993063048,0.8408214837105003,0.7376695854404552,0.7339480137072051,0.8796023040036831,0.8168883025852639,0.9422021952348544,0.7573808310180342,0.9326323539524762,0.924337628067326,1.0,0.7639893548606744,0.6996592827381457,0.741516284078283,0.5277043200976549,0.6078888233524383,0.7318513699928638,0.7393047124273281,0.7570514366066035,0.0,0.9696930226514968,0.8649010886376053,0.9498384119888709,0.6529223017937502,0.7483030753238504,0.7963379578527343,0.9595428127533622,0.831423831902053,0.886538315357109,0.9260113256809975,1.0,0.7708334611446971,0.8014764354391759,0.9055079743999566,0.8570894767708752,0.8548087731479205,0.7470005105141992,0.7583689773877591,0.8136073166776845,0.9096845876643875,0.8110021826715912,0.8307471910930013,0.755865908752162
0.7511765837845273,0.5757707595683115,0.8216123731006266,0.8155217155385229,0.8064051215367836,0.8182700365042077,0.8447952594437625,0.8548976318146267,0.7587314784675315,0.7682264080839898,0.7863005346603154,0.7066383231071883,0.6030055570283476,0.843833847016362,0.8599430775931146,0.7743569207221852,0.9118419407284377,0.6679336982198948,1.0,0.9392359046241028,1.0,0.7921928579160563,0.7545648607386738,0.7546107470648533,0.5167664797021378,0.6725242838296448,0.777336407081524,0.7950788895748796,0.865576444912805,0.9696930226514968,0.0,0.9548764200163387,0.9929501974027696,0.6526510461157417,0.900063828657145,0.8680410135139921,0.7599645266436937,0.6798377083325924,1.0,0.8551535535703543,0.9394642907127088,0.848855136849803,0.6900741065685422,0.857034808284659,0.8666436875686004,0.7661947928595951,0.6944843014479251,0.7383723128139135,0.9057783432815244,0.9082396566379464,0.9869578136561333,0.8581797615979511,0.6635385363074563
0.6438605512536624,0.6145185521905471,0.7740032400234897,0.7555754803411331,0.7492268607815658,0.7342187621921117,0.8315392211497643,0.7598639738202987,0.8516074896575405,0.6861653055138379,0.7307450530741684,0.6163392292772583,0.5107697941185363,0.870145473155073,0.7259101069799767,0.6629244860936718,0.7932133662536219,0.5807474512184685,0.9923980212969398,0.9557732938078424,0.9343738151400345,0.8775138407603315,0.7753176133901397,0.7959697521200947,0.5767448384164845,0.7595315470422181,0.9267467367234179,0.8097830284949535,0.9122494845134177,0.8649010886376053,0.9548764200163387,0.0,0.861024203075728,0.6279152219120947,0.9537267080635874,0.9220120535845518,0.6463291373379471,0.5617801009398383,0.9700905507032578,0.7733786142089032,0.8406521875574042,0.9309556708147911,0.6130159055660193,0.735162297181105,0.7514363804285786,0.6579100381016592,0.575314405399814,0.6677317077943904,0.822831382587555,0.8005379669331152,0.956334758467576,0.824900898590312,0.5876515994525351
0.8837308632079194,0.49525608216611927,0.7846100035189485,0.7959874398987832,0.7588792015202215,0.7899259300222247,0.7689694687945049,0.9215016629148964,0.7205456148270092,0.823028112154218,0.7127335686804345,0.7910276842328219,0.6948023050793678,0.7315226266447276,0.9018161810327563,0.8403014827469434,0.941870907208366,0.7162768952059481,0.8922863268650221,0.8675374008936076,0.942907235564319,0.6933824329428036,0.631226550200901,0.6946815352254831,0.4607502119159808,0.5607056258723374,0.6830425822950076,0.7202590183324675,0.7328782868004238,0.9498384119888709,0.9929501974027696,0.861024203075728,0.0,0.6586425054111619,0.7367990430448003,0.7570240691545477,0.8976429178953476,0.7707350627447902,0.8699683421321465,0.8522484314008042,0.9128913101468956,0.7290089084136029,0.7779885401065048,0.879437460371106,0.8480142687186139,0.8694147909746575,0.7726569689030446,0.7904102605332901,0.8563000381945068,0.930691142269207,0.7926478679283663,0.8281762610940275,0.7015224875922317
0.6649458531941687,0.285070195094338,0.48311468403826824,0.45906309446215515,0.4373121992560819,0.48416945393296734,0.46228857073622137,0.5649713192373116,0.4240807470305238,0.5581953660591537,0.5437661300537663,0.6420210367622419,0.4665037260350167,0.5001240670510718,0.5751720565550116,0.5303455611096882,0.5822701445888148,0.4560326782455503,0.5805553305933228,0.5674710483625205,0.6535734339704978,0.4059517009411779,0.3962657401197863,0.4148284918614636,0.29726950351983034,0.3437199672475207,0.43766118397737513,0.44017069660893304,0.45662667551770186,0.6529223017937502,0.6526510461157417,0.6279152219120947,0.6586425054111619,0.0,0.5823984047087843,0.5227321561255899,0.6592765074706508,0.5844493496573846,0.5810923197653887,0.593726690787017,0.6784289302365026,0.4842621357919481,0.4835951151367866,0.5791669420702014,0.5869132199642694,0.5525882166734928,0.4477119585830809,0.44073357882183717,0.6566880705586029,0.6302226577121471,0.5776908132995225,0.4658614231424155,0.4590027148780308
0.5552767758873378,0.5657963039353114,0.7235386918049451,0.6899395006126321,0.7855910384626823,0.688845512725404,0.8110326732386183,0.7021604723025344,0.9010881710318158,0.6968759459380621,0.9216807214726543,0.5679674416221363,0.46556750737797437,0.9718329526913907,0.6865846184442489,0.616153592303791,0.7361675624222134,0.5208408234423136,1.0,0.832466676110803,0.9386735865551888,0.8256751444251649,0.7726745114074939,0.6401450551448314,0.4889735717489598,0.7057470123958052,0.7908771221714729,0.727760719965966,0.9621211731624463,0.7483030753238504,0.900063828657145,0.9537267080635874,0.7367990430448003,0.5823984047087843,0.0,1.0,0.5656727399993705,0.5190399150657876,0.9912643223785284,0.7291207220429814,0.7516945421510162,0.9833490239508937,0.6019152786258353,0.697173378627393,0.7611325695428207,0.6572063777318906,0.5860804516217859,0.6392431248298187,0.8281651022515716,0.8162304065787626,0.8712852043274824,0.8363937054161275,0.5617900158551933
0.566074932941443,0.6201056536704805,0.7976719171278185,0.7607083624584107,0.7697136818711348,0.7007124010845768,0.8733190188097264,0.7397836260103833,0.8596699367117654,0.6453856033160148,0.8373566328252877,0.5304628648316732,0.4632019396530612,0.9260777493232478,0.7093261602026075,0.6128648961049962,0.7514335262035265,0.5465538917649786,1.0,0.8599329222875343,0.9364093581555526,0.8088594209740426,0.8037407285823518,0.6980818668618213,0.5394151122969252,0.7461020956136489,0.8263522026073575,0.7830937663046655,0.9649199480032384,0.7963379578527343,0.8680410135139921,0.9220120535845518,0.7570240691545477,0.5227321561255899,1.0,0.0,0.5907110055427647,0.5297564983036526,0.94769636163571,0.7496968669161256,0.7577728178961063,0.9760904444101381,0.6159117901241091,0.6680447339309531,0.7809413781758484,0.649232077451773,0.5813049891708071,0.6456165459369161,0.7875770760341487,0.75192510942273,0.876901921337282,0.8849975484667144,0.578658607244937
0.9520612820786106,0.39269069335425,0.7394211668045136,0.8228111466427132,0.7357957523930971,0.8437034272716927,0.6209083516924485,0.9302230922991186,0.5386282309052931,0.9105877498050264,0.5957146397898099,1.0,0.955696424094501,0.5832114007302447,0.9748114136045861,0.9386695223745926,0.8814901814655872,0.94224746210977,0.7355562626455449,0.7109244754821151,0.9210015757444746,0.5120082813534383,0.5016247722081593,0.5142941289040177,0.34467206767561376,0.40720401939000067,0.49042729480489095,0.5253572188468065,0.5281775934473825,0.9595428127533622,0.7599645266436937,0.6463291373379471,0.8976429178953476,0.6592765074706508,0.5656727399993705,0.5907110055427647,0.0,1.0,0.7395924616046441,0.9132933566861032,0.9779856526306133,0.5891737019251102,0.9272708676701589,0.9782008458670939,0.886777792509712,0.8690704763332736,0.8756558350613526,0.8169271949996225,0.8073746077921317,0.8441776268374749,0.599237777216004,0.6869818557581329,0.9125328728296305
0.8781578883204596,0.3605499869825703,0.6820317581395615,0.7547203151572938,0.6234759748093929,0.7070103754823182,0.5444225750981188,0.8745226308620182,0.4811191688327769,0.8264508438254581,0.5513976040108176,0.9973866293368856,0.9286723604428193,0.5239022192610286,0.8779402638148684,0.865387900831125,0.8209473031101152,0.8693608475291861,0.6547442426241801,0.6302689266934335,0.7544570087572376,0.4216734474911961,0.4059613577373363,0.43200717542050643,0.2967686383876502,0.34958103454161515,0.41759432816729064,0.42406180074781596,0.449000379236928,0.831423831902053,0.6798377083325924,0.5617801009398383,0.7707350627447902,0.5844493496573846,0.5190399150657876,0.5297564983036526,1.0,0.0,0.6452855669824654,0.7922889982234937,0.8518349962095616,0.5138664729083714,0.888095110585227,0.864367709508594,0.8342874843194498,0.9312343597505299,0.8154423303246418,0.8057555994499652,0.759266891892094,0.7688814540143738,0.5549473342136074,0.625996438856981,0.8843664462384451
0.6790211833681511,0.5647577964531582,0.8964642021082951,0.8582565626171852,0.8359317623675941,0.8051805232842443,0.90700584101153,0.9036094043630131,0.8688110986078372,0.8037409237738176,0.8705281973402886,0.6431720290693983,0.5360936081967019,0.9047883639297434,0.8321037639124627,0.7120900027703809,0.859401391902762,0.6119439948258819,1.0,0.9662064700197432,1.0,0.8948602580418618,0.809074807434818,0.6904648866766705,0.5091311202599829,0.6876108053723732,0.8014817806972129,0.7550987530377135,0.9863680965351677,0.886538315357109,1.0,0.9700905507032578,0.8699683421321465,0.5810923197653887,0.9912643223785284,0.94769636163571,0.7395924616046441,0.6452855669824654,0.0,0.8478123681714285,0.9225906806399213,0.983339636295955,0.6997814159954822,0.8324660132530692,0.8413181759481659,0.7270389959133486,0.6827579063297152,0.7724084073583963,0.911851589777933,0.9174196189698306,0.9185430231253742,0.9049610493175336,0.6599095368488399
