Cingulate area 2,Frontal association cortex,Cornu ammonis 3,Dentate gyrus,Cornu ammonis 2,Cornu ammonis 1,Fasciola cinereum,Subiculum,Postrhinal cortex,Presubiculum,Parasubiculum,Perirhinal area 35,Perirhinal area 36,Medial entorhinal cortex,Lateral entorhinal cortex,Primary auditory area,"Secondary auditory area, dorsal part","Secondary auditory area, ventral part","Piriform cortex, layer 1","Piriform cortex, layer 2","Piriform cortex, layer 3",Ventrolateral orbital area,Lateral orbital area,Ventral orbital area,Medial orbital area,Dorsolateral orbital area,Prelimbic area,Secondary motor area,Frontal association area 3,Primary motor area,"Agranular insular cortex, ventral area",Agranular insular cortex dorsal area,Cingulate area 1,Infralimbic area,Dysgranular insular cortex,Granular insular cortex,"Primary somatosensory area, forelimb representation","Primary somatosensory area, dysgranular zone","Primary somatosensory area, face representation",Secondary somatosensory area,"Primary somatosensory area, hindlimb representation","Agranular insular cortex, posterior area","Primary somatosensory area, barrel field",Retrosplenial dysgranular area,"Primary somatosensory area, trunk representation",Retrosplenial granular area,"Parietal association cortex, lateral area","Parietal association cortex, medial area","Parietal association cortex, posterior area",Primary visual area,"Secondary visual area, lateral part",Temporal association cortex,"Secondary visual area, medial part"
0.0,0.4533291796366272,0.9049220586516129,0.9765809363072036,0.8659916518826904,0.9305557422102738,0.6020054020408003,1.0,0.7373946089051889,0.8821363394400343,0.8705688192649681,0.8142075771387448,0.7107878475132186,0.8986433145559962,0.7945535464802234,0.7929574547765409,0.7482875547572491,0.7805558162533932,0.8329136272808909,0.9140289088606474,0.829352615058474,0.7355374710546998,0.7361614987054367,0.7181179644828981,0.5400582669022961,0.4922432732241944,0.8143601465778035,0.7152407703152549,0.6060587534425369,0.9924380357488506,0.9481148350156545,0.8486977633537103,0.898191920922163,0.8627631244082442,0.8949186040550174,0.8976155701608802,0.9736838744164681,0.8689949367299913,0.8286177291302448,0.8283823869370066,0.8708914435813767,0.7953176599223151,0.8417111505947054,0.9424351618398945,0.8934208752445779,0.9452785346313153,0.8572503421043332,0.8096149631210366,0.8554225479836866,0.9014061253734061,0.808301131421055,0.7680178309329795,0.9061620434852036
0.4533291796366272,0.0,0.47132470965792805,0.5213772973574532,0.5552793846009129,0.52277950949315,0.546423472180089,0.45134290104579144,0.6127132778945635,0.4014119892356193,0.5148722478687237,0.4872686015147271,0.5740243533533627,0.5369713340407616,0.5712815958251909,0.5369718330160073,0.537921328367894,0.5136756729377471,0.5212440892997316,0.5105124462401716,0.48023838344326464,0.6572762429700973,0.6723941124288122,0.7383285862282724,0.9374067783434433,0.9609675870599984,0.5729454123268121,0.6730202699752234,0.7740723783927156,0.543938670531571,0.50158872745009,0.703729252052904,0.5700809403251339,0.6367673461598813,0.5557265939167296,0.6157462145065147,0.4808400770994405,0.38441124832584816,0.6229140383699163,0.556114715788024,0.45746289782154886,0.5453047042107588,0.5119262287286533,0.5111718902819951,0.4532798274776331,0.4781224533469773,0.5356273203989035,0.3967576279564445,0.41949874723365105,0.504071721152486,0.42483544887003505,0.5348828072328365,0.47378209161320833
0.9049220586516129,0.47132470965792805,0.0,0.9870226708218869,0.8648058653966564,0.8970105429880788,0.6561353085655844,0.9494189499944828,0.826921996914321,0.8504642683161133,0.9563205578617189,0.9093396321404128,0.7730686470428727,0.9759936378629862,0.8637734700824913,0.9012716841032248,0.8518809251805736,0.791427565643248,0.8195447034008324,0.9341085982952008,0.8657197809168945,0.7074322288872218,0.7564320900204765,0.706219536537443,0.5312286356621487,0.4813163129814702,0.8720126960391403,0.6704751574953945,0.6276242572850468,0.9146541494053748,0.9081077331819232,0.8711828518398823,0.8876648034272664,0.8075249604182843,0.8945470829671884,0.8613283777359771,0.9599635981041089,0.8530687776467251,0.8364838702210273,0.8764014441334506,0.8664378183200925,0.9168546492054099,0.8910449969777907,0.9413900572708386,0.9222051124563907,0.950646895646428,0.8647138891697267,0.8629834920060843,0.9250634913159691,0.938284228532063,0.9210446203742058,0.8553938597893382,0.974670268284651
0.9765809363072036,0.5213772973574532,0.9870226708218869,0.0,0.9457360069644929,0.9966619139954175,0.7075815344317101,1.0,0.8514910189516253,0.9796823166730116,0.9692784165966996,0.8706440300444848,0.7846919273728747,0.9730019686494377,0.95495020893522,0.9061519470775365,0.9223431657991259,0.7908922356652135,0.8813323271102039,0.9368648659564753,0.9382618597569844,0.7563117152158968,0.8400143096715343,0.7857944324559549,0.5832421010719268,0.5387271280969096,0.9541221252372424,0.7957144064952931,0.6548505761329872,1.0,0.918968050281359,0.8705147845274336,0.9019955508337585,0.8926460254935059,0.9051274068950352,0.987937453275994,0.9388444923757702,0.8665215650541457,0.9465294055179516,0.9536369357981987,0.9471508386375849,0.8134495665010957,0.9554675862270853,0.974491644446212,0.989251080238089,0.9629125290355636,0.9264120617259305,0.9205266426275511,0.8599358751672824,0.9825390766086919,0.8663343445072501,0.8177942108657913,1.0
0.8659916518826904,0.5552793846009129,0.8648058653966564,0.9457360069644929,0.0,0.9057636184297604,0.6235713249034563,0.8837446387990785,0.8640399884960408,0.8728873479433324,0.8412310524627225,0.974193250771769,0.8768069611804303,0.8573765155385578,0.9264923583614353,0.8946733567968786,0.8861144200504992,0.8038926116476354,0.9241231009121377,0.9902763302459371,0.9757735028190612,0.8093655091205221,0.8378439925849621,0.8328063658474344,0.6281966583105444,0.5949957938455765,0.9393818130068761,0.8750600129999928,0.7645311525298673,0.9432359295416546,0.9690188424300613,0.9802182908886421,0.8715910365304075,0.8581669698628468,0.9336814985506141,0.8544476891924877,0.9401383322683361,0.8754666381157463,0.8687354579874794,0.9613346606610363,0.9102905814087258,0.900658066400945,0.9282818844659904,0.9071532996479994,0.9117445359036336,0.8956307312414795,0.9052626888024994,0.8086392148533024,0.996254277706823,0.9433965544362507,0.9244086436890501,0.8873152887255585,0.9605597009548269
0.9305557422102738,0.52277950949315,0.8970105429880788,0.9966619139954175,0.9057636184297604,0.0,0.6751115814287013,0.9713124060174699,0.8823045985459437,0.8978125144261349,0.9705572204590333,0.8501398027422877,0.8183664416319706,0.9280579859879327,0.8730101267621659,0.8719547517178036,0.8614240571008067,0.8219073800107602,0.898454244533818,0.9508369471228033,0.9349049130707854,0.7751632497941618,0.8363789782687858,0.7641211841695538,0.5958675747136184,0.5579697489388092,0.9027112219539595,0.7742588955524934,0.6701140904843912,0.8941834879010534,0.9278956365826878,0.8942031446707515,0.8697056429619917,0.9212013860763865,0.9451117721549809,0.9348257850223062,0.985273222187145,0.8708040611523141,0.8663612294242717,0.9016735260804609,0.891557969107045,0.8320341438070542,0.8525926409734812,0.9345310038296166,0.9093971702075629,0.9268479086215591,0.9630279384131137,0.9195666790204409,0.9197368762380413,0.8762725639773894,0.8884625114960965,0.8861129794515488,1.0
0.6020054020408003,0.546423472180089,0.6561353085655844,0.7075815344317101,0.6235713249034563,0.6751115814287013,0.0,0.6159344150695895,0.6502955771024193,0.4789757369944101,0.6604259928977818,0.521284602215729,0.5666571360523659,0.7168233179840073,0.6527864811397532,0.6570236968482603,0.6196540459040096,0.543202294781899,0.5653868453602585,0.5360162805702245,0.5422379822914964,0.570561898333592,0.617166349566818,0.5846742231579611,0.5269524381047785,0.547506740291613,0.6357877637449154,0.5907907404755541,0.5353880585230869,0.5774352909994374,0.5270915513875752,0.6337417792709282,0.6066682055565159,0.6203330726448805,0.5882331198843092,0.658820378666677,0.527054372949865,0.4222418324804209,0.613721418397906,0.63195054488355,0.5514768702800978,0.6751237309251937,0.5400064759613697,0.6387133321709336,0.5177904623529693,0.6534101636819339,0.58093527697019,0.46624856948142274,0.5106172639733775,0.6738109421986397,0.524577395893271,0.5580387895536489,0.6347369359567256
1.0,0.45134290104579144,0.9494189499944828,1.0,0.8837446387990785,0.9713124060174699,0.6159344150695895,0.0,0.7608117346965881,0.9806686310764083,0.9537890684445801,0.8700727839920853,0.7440895070732643,0.9040915620216565,0.8466376788054383,0.8268820743599066,0.8177074852704069,0.7651183874010425,0.8344338714251134,0.9927165255084139,0.8756236838331922,0.6897366722911669,0.7091755943410302,0.6990565119494208,0.5202740646732931,0.4837895292656438,0.8580256885732939,0.7153739791370856,0.599651721414813,0.9253799294401628,0.9278841465378854,0.8522532470795707,0.8982316807744612,0.8274194365991,0.8498435668362995,0.8540439908677726,0.993488929350186,0.9510986153822619,0.8084668548539088,0.8570923821467609,0.9570006977700182,0.7665363450934818,0.844743124409075,0.9654194560627439,0.9836907367951218,0.9746274749482702,1.0,0.9611306633190644,0.9247243093208319,0.9410580463295473,0.8538279440504144,0.7983053597491403,1.0
0.7373946089051889,0.6127132778945635,0.826921996914321,0.8514910189516253,0.8640399884960408,0.8823045985459437,0.6502955771024193,0.7608117346965881,0.0,0.7378822043742618,0.9128963265201566,0.9684433574682957,0.8865369231530137,0.9064194842806557,0.8979634326478286,0.9487535584240622,0.9281838397029458,0.890749657272396,0.7802896138895965,0.8422650021050138,0.8054838079770901,0.810767887976438,0.843953467171083,0.8409471414055455,0.6787551964429452,0.6466799142983215,0.8183327391173872,0.7245860776503316,0.7372384478689131,0.7564664225009936,0.7876472066349437,0.9326597792461265,0.7399388785007659,0.7896080654384813,0.9415684839357127,0.8873584022787823,0.8225207395109722,0.7095619196154966,0.8516216159698781,0.8236528393041775,0.7382744854492629,0.8497822108848118,0.7855579528158493,0.8516136191534688,0.7665431273761609,0.7716459076797464,0.8411805715377857,0.6609228724611563,0.8298788014168563,0.8307092876861624,0.825725953061305,0.9494591192518214,0.8534045809669295
0.8821363394400343,0.4014119892356193,0.8504642683161133,0.9796823166730116,0.8728873479433324,0.8978125144261349,0.4789757369944101,0.9806686310764083,0.7378822043742618,0.0,0.8726355030001608,0.8423591377201153,0.7365634943848934,0.8254500922802875,0.8072247469021555,0.798693553157958,0.7895508514647518,0.7435500529216735,0.7806705240193414,0.9110498090582866,0.8484712851329927,0.6467047869933867,0.6650192410987941,0.6536707016185095,0.5171797979809583,0.4256142432053203,0.772077220925394,0.641902041929403,0.5840651661580427,0.8563260087994926,0.8456683245393242,0.7956310957364741,0.7782135537060719,0.7426588051217817,0.808028371051262,0.7702694160734697,0.9048858130731463,0.9070894492268604,0.8094562756062744,0.7754057172993187,0.8518264250853586,0.7388890090419802,0.8332890135439512,0.9009586369198939,0.8731516927805905,0.9039226958686899,0.9214271587581302,0.9284685996380361,0.8521166233808714,0.8353630188478406,0.9242569858293698,0.7643603432128617,0.9302795233559342
0.8705688192649681,0.5148722478687237,0.9563205578617189,0.9692784165966996,0.8412310524627225,0.9705572204590333,0.6604259928977818,0.9537890684445801,0.9128963265201566,0.8726355030001608,0.0,0.9447812315499838,0.8684696902454121,0.9213031681420512,0.985754267020024,0.9266556223141953,0.9083799835380769,0.8653251211031359,0.859584283843292,0.8922591601009234,0.8423536044545914,0.745305561996397,0.7648626677479121,0.7298943565978335,0.5971268267270982,0.5536683821565117,0.8053661799034627,0.7334769264473933,0.6359143842309144,0.8614855288426889,0.8600794018590995,0.8932414853175059,0.7668497126986754,0.8868093595062226,0.824247275935767,0.9310940592716433,0.83538886688847,0.8323233613012692,0.8785577420544676,0.889447181689302,0.8872462322375203,0.8803791323009318,0.8584205511993396,0.9383960492223045,0.9420734297098147,0.9227907799013955,0.9394720266469563,0.7981757839199578,0.9046873973880895,0.9161575582101121,0.9269948912021176,0.8772734830887123,0.972738878751209
0.8142075771387448,0.4872686015147271,0.9093396321404128,0.8706440300444848,0.974193250771769,0.8501398027422877,0.521284602215729,0.8700727839920853,0.9684433574682957,0.8423591377201153,0.9447812315499838,0.0,0.9961622786453156,0.9589442707501507,0.9688798784250711,1.0,1.0,0.9690040386300102,0.901790602936558,0.9376332857716652,0.9450715976058226,0.8183279951870769,0.8788778137150415,0.8214346676962525,0.641992479970054,0.558119949621317,0.9336575504465363,0.705826322724265,0.7890534312753982,0.9254751080253499,0.9201268781924583,0.9237984435082134,0.7917158100637306,0.7698158082931663,0.9159130140881115,0.8961969945992857,0.9291864076096717,0.830937712564407,0.8251261150082859,0.9456940136879637,0.8135991916934392,0.9864542122295552,0.9168814465749773,0.8844359599541486,0.8982511566052918,0.8641791091673604,0.9612903987259546,0.7549634207063324,0.9926088765364707,0.8674086054931639,0.9274073024973404,0.9664488181725659,0.9050721448400416
0.7107878475132186,0.5740243533533627,0.7730686470428727,0.7846919273728747,0.8768069611804303,0.8183664416319706,0.5666571360523659,0.7440895070732643,0.8865369231530137,0.7365634943848934,0.8684696902454121,0.9961622786453156,0.0,0.8520399173275034,0.9295751739742085,0.9528725685336977,0.9745652653469269,0.9083818508409186,0.8533017296748261,0.9082774019064637,0.8778981273370371,0.895300132554541,0.8901912540861204,0.8705739988424935,0.6945485725923491,0.6379922985624451,0.8911147961250393,0.7599482044753509,0.8484736679823457,0.8306392241058103,0.8207070483203096,0.8761960548418454,0.7618268527165392,0.7825029434185451,0.8802262460552277,0.9610603394894355,0.8059518566754775,0.7520804091573235,0.834906641368199,0.8965849178330756,0.7443302050289982,0.9494280702668472,0.8587855583460109,0.8129183895090532,0.8075540103587193,0.7980233921184045,0.8469877028807838,0.6463869251788261,0.9005925069491342,0.827534786145608,0.8096928281388944,0.9109663432454111,0.863719871006183
0.8986433145559962,0.5369713340407616,0.9759936378629862,0.9730019686494377,0.8573765155385578,0.9280579859879327,0.7168233179840073,0.9040915620216565,0.9064194842806557,0.8254500922802875,0.9213031681420512,0.9589442707501507,0.8520399173275034,0.0,0.8838222187120776,0.9428121522320768,0.8658999329596488,0.8352380853639009,0.8364955286113627,0.9021058029326454,0.8175785723671545,0.714354479582464,0.7606435953830035,0.7452458747743332,0.5921966701753952,0.5628222721648563,0.8397467501041164,0.6980611898341836,0.6869393117918077,0.8805515099723783,0.864937296851704,0.8382537885986794,0.8254182296221337,0.8242463396337802,0.9023090435903727,0.9043681906660394,0.8572475682924864,0.7899304867817408,0.8674906130706809,0.8696827279352419,0.8930646586501574,0.9370078933093705,0.8004682446365625,0.9773597078449381,0.8568264312184463,0.9234297898266693,0.923519708451609,0.792487567721473,0.8553055389172256,0.8834202613357879,0.8927323618094963,0.8417818458667913,0.9802278583428041
0.7945535464802234,0.5712815958251909,0.8637734700824913,0.95495020893522,0.9264923583614353,0.8730101267621659,0.6527864811397532,0.8466376788054383,0.8979634326478286,0.8072247469021555,0.985754267020024,0.9688798784250711,0.9295751739742085,0.8838222187120776,0.0,0.9275361707268559,0.9613745069978498,0.9453118533313799,0.8468734736237467,0.9782649092382903,0.9102895010510852,0.8677624654623306,0.8981221635381739,0.8274190165974005,0.6612410617374692,0.5876390676319274,0.8835474491849549,0.7643966742151974,0.7524093971173546,0.8877337093093387,0.8602673539988656,0.9238809865908022,0.8238873908285909,0.7892995714474873,0.9372076480363974,0.8815033408758549,0.8500288141410206,0.7972601504005298,0.8448154359786071,0.9387378913512959,0.8161828529993961,0.9395066731455219,0.8159003224817272,0.9085089360838048,0.8894353429212439,0.8999934759045137,0.8957497420839805,0.7504323578412333,0.8912164289176232,0.8803544488592528,0.9227578274261063,0.8875419906682058,0.9570748708487647
0.7929574547765409,0.5369718330160073,0.9012716841032248,0.9061519470775365,0.8946733567968786,0.8719547517178036,0.6570236968482603,0.8268820743599066,0.9487535584240622,0.798693553157958,0.9266556223141953,1.0,0.9528725685336977,0.9428121522320768,0.9275361707268559,0.0,0.9857564713873637,0.9108617228822418,0.8813807455281437,0.9436834718148515,0.9355771265615784,0.8486733972644515,0.8846843700070145,0.8420297885237383,0.6548924608336746,0.5944976808985472,0.9380261757121056,0.7003548389972274,0.7735803337706135,0.9012263271311428,0.9349263424196813,0.9303440855190815,0.7722770388937726,0.7947553097228652,0.8926804856299284,0.9506434752017306,0.8764305528787706,0.7864456070531308,0.805798921694617,0.9192233023362425,0.8076231750830354,1.0,0.8436975095261887,0.8508959161539951,0.8760678485004476,0.8217955656817139,0.8352663466704641,0.6834307448175415,1.0,0.8313531017029033,0.8597388934798759,0.9477726819878325,0.9210308553241814
0.7482875547572491,0.537921328367894,0.8518809251805736,0.9223431657991259,0.8861144200504992,0.8614240571008067,0.6196540459040096,0.8177074852704069,0.9281838397029458,0.7895508514647518,0.9083799835380769,1.0,0.9745652653469269,0.8658999329596488,0.9613745069978498,0.9857564713873637,0.0,0.9596370350796777,0.86341924054308,0.9076312608982762,0.869619850431547,0.8031414652290237,0.8539592100264544,0.7919865602031216,0.6157679794316804,0.5738790725196438,0.9187923915759943,0.7402486019868485,0.7207822634470998,0.9085256353702895,0.8542370357271499,0.8486253721173963,0.7534624893962698,0.771859918368194,0.9247740260855144,0.8716624833373067,0.8266778194461784,0.7643120315828451,0.8196374191179364,0.8971637176177812,0.8222475096273479,0.9520078357059766,0.865874286854936,0.8584898189782585,0.8820747582252705,0.87084562272381,0.824568849176857,0.7092774913977915,0.951352905226022,0.8880861596075033,0.9119431310097863,0.9512882532212898,0.9240145599861143
0.7805558162533932,0.5136756729377471,0.791427565643248,0.7908922356652135,0.8038926116476354,0.8219073800107602,0.543202294781899,0.7651183874010425,0.890749657272396,0.7435500529216735,0.8653251211031359,0.9690040386300102,0.9083818508409186,0.8352380853639009,0.9453118533313799,0.9108617228822418,0.9596370350796777,0.0,0.8387711603400317,0.9233779247181877,0.84236224758629,0.7896082270021133,0.8775412433107759,0.8201135795580382,0.6380994932218966,0.6035351214115969,0.8926132343156717,0.713222923840186,0.7942625233724006,0.8673185896671618,0.7985496411529146,0.8707024631470653,0.7479789745007497,0.7676542983510275,0.8611082157463769,0.8686277952556729,0.7933677243033282,0.751796407133023,0.832629901037386,0.8686071389965759,0.7747670287659795,0.9412806213495156,0.8434049267841799,0.8267509453888339,0.8540764524569339,0.7880479369728871,0.8556589557356439,0.6623842888958673,0.8565458100461828,0.8165510361180787,0.7809695924314245,0.9291653140976214,0.7970807111145772
0.8329136272808909,0.5212440892997316,0.8195447034008324,0.8813323271102039,0.9241231009121377,0.898454244533818,0.5653868453602585,0.8344338714251134,0.7802896138895965,0.7806705240193414,0.859584283843292,0.901790602936558,0.8533017296748261,0.8364955286113627,0.8468734736237467,0.8813807455281437,0.86341924054308,0.8387711603400317,0.0,0.9544703785627484,0.9574445870686338,0.8609649350544856,0.8506662589492249,0.8145568041045034,0.6147348752283566,0.592852875753454,0.9643358922252113,0.904844902261754,0.751640793809875,0.93813222058865,0.9033260304412071,0.9524421955445141,0.8768398338553338,0.8585796638166612,0.9206486675624005,0.8891569894260325,0.9318432526442451,0.8582518862651989,0.8808366482137859,0.9470216570362021,0.8906073513559274,0.8686035565560042,0.9014642080815203,0.8657954900748396,0.8969697814892534,0.821639371911819,0.8362895333416628,0.8145565159981722,0.893142198754335,0.7955287123271514,0.7823211979082004,0.8217777306512941,0.9364633992303858
0.9140289088606474,0.5105124462401716,0.9341085982952008,0.9368648659564753,0.9902763302459371,0.9508369471228033,0.5360162805702245,0.9927165255084139,0.8422650021050138,0.9110498090582866,0.8922591601009234,0.9376332857716652,0.9082774019064637,0.9021058029326454,0.9782649092382903,0.9436834718148515,0.9076312608982762,0.9233779247181877,0.9544703785627484,0.0,1.0,0.8645802990705055,0.9344513992982874,0.8650748060414741,0.6218097778813712,0.5844277031506261,1.0,0.906092691235249,0.7982288281990557,1.0,1.0,0.938157597337819,0.9253644755440591,0.8863708915577837,0.9680005135805001,0.9621204138669998,0.9901935255586367,0.922921285960938,0.9798288870084404,0.993802902898882,0.9639781005961007,0.9344992378820514,0.9738230186730752,0.9444887312437653,1.0,0.9398531542777241,0.9280637156251892,0.8551028778740649,0.9698965598661167,0.9425741512870287,0.8989083810872753,0.9097040357438049,0.9685554347131318
0.829352615058474,0.48023838344326464,0.8657197809168945,0.9382618597569844,0.9757735028190612,0.9349049130707854,0.5422379822914964,0.8756236838331922,0.8054838079770901,0.8484712851329927,0.8423536044545914,0.9450715976058226,0.8778981273370371,0.8175785723671545,0.9102895010510852,0.9355771265615784,0.869619850431547,0.84236224758629,0.9574445870686338,1.0,0.0,0.8258027301196409,0.8927155686087355,0.7701203501750408,0.5811766304712027,0.5551369268742414,0.993892425088159,0.8324505986639924,0.716315720078992,0.9774125284977342,0.9627968945301892,0.8985401719317527,0.8824300932982261,0.78807661056792,0.9112159332356888,0.922003413877039,0.9974620706456414,0.8754732363268448,0.9077698112220403,0.9712929486117667,0.9189405591028729,0.8978059051009846,0.8970126457908323,0.9602084894526791,0.9588250089814926,0.8817063307215269,0.8506317160765537,0.8346201688301462,0.9476803639793301,0.856831007954068,0.9190445462243321,0.8324248158187477,0.9391778930915232
0.7355374710546998,0.6572762429700973,0.7074322288872218,0.7563117152158968,0.8093655091205221,0.7751632497941618,0.570561898333592,0.6897366722911669,0.810767887976438,0.6467047869933867,0.745305561996397,0.8183279951870769,0.895300132554541,0.714354479582464,0.8677624654623306,0.8486733972644515,0.8031414652290237,0.7896082270021133,0.8609649350544856,0.8645802990705055,0.8258027301196409,0.0,0.92962914637268,0.9415153891429067,0.7497028769956493,0.7930835949504752,0.867532456868508,0.9136740374628264,0.9020202297831397,0.8684006939985706,0.8357493130348445,0.9732695164893008,0.8322120526651196,0.8550962623117903,0.899624754450803,0.930530787478334,0.8122454558500759,0.6899724981821929,0.9042948118572932,0.89941416251631,0.7568341786974956,0.8613448917240685,0.8578563533959692,0.738348073918364,0.7981940381587335,0.6961863945086461,0.8195464613329716,0.6251416283787244,0.7455351313724673,0.7257004864895298,0.6770441019050916,0.8247803936301745,0.7891435428295976
0.7361614987054367,0.6723941124288122,0.7564320900204765,0.8400143096715343,0.8378439925849621,0.8363789782687858,0.617166349566818,0.7091755943410302,0.843953467171083,0.6650192410987941,0.7648626677479121,0.8788778137150415,0.8901912540861204,0.7606435953830035,0.8981221635381739,0.8846843700070145,0.8539592100264544,0.8775412433107759,0.8506662589492249,0.9344513992982874,0.8927155686087355,0.92962914637268,0.0,1.0,0.7665871458477493,0.7774564847382622,0.9011729544911797,0.916843036418364,0.949004974620495,0.8408648126281824,0.8594834633168442,0.9865453949737442,0.7931797636729963,0.8687038493907261,0.8955037249822378,0.9315299007346705,0.7855908731893168,0.7358818308019699,0.909913496150405,0.871840254559903,0.7897273074433999,0.9406551938087551,0.8865190226601978,0.771975505530953,0.7908341053962696,0.7756292253765296,0.8463523654075454,0.6550375605299144,0.7921219800161906,0.7520296495597781,0.7703384657317887,0.8663450111956615,0.870495215397253
0.7181179644828981,0.7383285862282724,0.706219536537443,0.7857944324559549,0.8328063658474344,0.7641211841695538,0.5846742231579611,0.6990565119494208,0.8409471414055455,0.6536707016185095,0.7298943565978335,0.8214346676962525,0.8705739988424935,0.7452458747743332,0.8274190165974005,0.8420297885237383,0.7919865602031216,0.8201135795580382,0.8145568041045034,0.8650748060414741,0.7701203501750408,0.9415153891429067,1.0,0.0,0.8443119941337027,0.8767898163005312,0.9287565974408004,0.9166443972254289,0.9837645645665611,0.8438723913527528,0.8274431084291713,0.9755289456310352,0.8265004564464523,0.9152326406592712,0.8527249656854682,0.9194632968656824,0.775912762546408,0.6870573722319778,0.8445144120543719,0.8255349706995544,0.7944758676455412,0.7938496481957121,0.793708288283781,0.7799831432554315,0.7803917395164958,0.7243297793943765,0.8583733541453249,0.6333441666759463,0.6992644403392132,0.7518564359124806,0.7117579925411788,0.8251804784252975,0.7672219760573513
0.5400582669022961,0.9374067783434433,0.5312286356621487,0.5832421010719268,0.6281966583105444,0.5958675747136184,0.5269524381047785,0.5202740646732931,0.6787551964429452,0.5171797979809583,0.5971268267270982,0.641992479970054,0.6945485725923491,0.5921966701753952,0.6612410617374692,0.6548924608336746,0.6157679794316804,0.6380994932218966,0.6147348752283566,0.6218097778813712,0.5811766304712027,0.7497028769956493,0.7665871458477493,0.8443119941337027,0.0,0.9303091967387705,0.6514483673255536,0.7128330375050655,0.9005509743958469,0.6145161953584668,0.5959538534871048,0.784429198639197,0.6269503128377791,0.6881381076696638,0.6452037894047588,0.6495619704545936,0.5632819922152696,0.4884693663167502,0.6834316009869323,0.6329160236265746,0.5134682505818371,0.6255242884711044,0.5660029178618264,0.6024158854065635,0.541194539829018,0.548741534441487,0.6469963457102491,0.45641537153713885,0.5242635404365902,0.5824281968735671,0.5043686981620167,0.6391520366571086,0.5447727559981886
0.4922432732241944,0.9609675870599984,0.4813163129814702,0.5387271280969096,0.5949957938455765,0.5579697489388092,0.547506740291613,0.4837895292656438,0.6466799142983215,0.4256142432053203,0.5536683821565117,0.558119949621317,0.6379922985624451,0.5628222721648563,0.5876390676319274,0.5944976808985472,0.5738790725196438,0.6035351214115969,0.592852875753454,0.5844277031506261,0.5551369268742414,0.7930835949504752,0.7774564847382622,0.8767898163005312,0.9303091967387705,0.0,0.6662400987741963,0.7717315196861881,0.856453885027505,0.6086410218962494,0.5650528832144328,0.7918268392781574,0.6421906985484407,0.6806296940663724,0.6459577337771194,0.6984743265977695,0.5324213460650052,0.4330342857702933,0.6920370412009172,0.6311467322179514,0.5075396597856972,0.6312002456933451,0.5944084431517284,0.5754508768440372,0.51015731029386,0.5217357363056973,0.5891234310801093,0.41028125616595135,0.45171020909449483,0.5410119149948125,0.45349912627748057,0.5960589553411868,0.5356609190896495
0.8143601465778035,0.5729454123268121,0.8720126960391403,0.9541221252372424,0.9393818130068761,0.9027112219539595,0.6357877637449154,0.8580256885732939,0.8183327391173872,0.772077220925394,0.8053661799034627,0.9336575504465363,0.8911147961250393,0.8397467501041164,0.8835474491849549,0.9380261757121056,0.9187923915759943,0.8926132343156717,0.9643358922252113,1.0,0.993892425088159,0.867532456868508,0.9011729544911797,0.9287565974408004,0.6514483673255536,0.6662400987741963,0.0,0.962673029306115,0.8378045378097723,1.0,0.967294139781226,0.9739847183757577,0.8974511830834,0.8984199266861873,0.9922242321591095,0.9968050541601788,0.9042292093715552,0.8323511475495937,0.9855055487214225,0.9904875234670009,0.9902926069247987,0.8801930442297056,0.9898666674486276,0.883067557680954,0.9341119473590429,0.8372241778438004,0.8253674938129666,0.80372598575224,0.8286762613189035,0.8408981485735791,0.8165100292070004,0.8529582679862451,0.9199583693605763
0.7152407703152549,0.6730202699752234,0.6704751574953945,0.7957144064952931,0.8750600129999928,0.7742588955524934,0.5907907404755541,0.7153739791370856,0.7245860776503316,0.641902041929403,0.7334769264473933,0.705826322724265,0.7599482044753509,0.6980611898341836,0.7643966742151974,0.7003548389972274,0.7402486019868485,0.713222923840186,0.904844902261754,0.906092691235249,0.8324505986639924,0.9136740374628264,0.916843036418364,0.9166443972254289,0.7128330375050655,0.7717315196861881,0.962673029306115,0.0,0.8510806751066933,0.8852446146853293,0.834708874350532,0.9921379699540307,0.873310433957699,0.9733162490927119,0.911478348515229,0.9075177731647982,0.7991673247305531,0.6841078533704357,0.9132003530780304,0.868374287919961,0.8000948592312807,0.8081213898511007,0.8054278647265181,0.7721428558018301,0.8140442510555811,0.739873530620743,0.8091868740771937,0.6735289198094463,0.6802427092933491,0.741448444435049,0.6630129819946987,0.742170763878825,0.7669260688688422
0.6060587534425369,0.7740723783927156,0.6276242572850468,0.6548505761329872,0.7645311525298673,0.6701140904843912,0.5353880585230869,0.599651721414813,0.7372384478689131,0.5840651661580427,0.6359143842309144,0.7890534312753982,0.8484736679823457,0.6869393117918077,0.7524093971173546,0.7735803337706135,0.7207822634470998,0.7942625233724006,0.751640793809875,0.7982288281990557,0.716315720078992,0.9020202297831397,0.949004974620495,0.9837645645665611,0.9005509743958469,0.856453885027505,0.8378045378097723,0.8510806751066933,0.0,0.7934634753720751,0.7717962657325641,0.871035036789133,0.7290540224153541,0.8337484480577586,0.8268123093189993,0.7922971798175003,0.6850228314342715,0.5899061930217111,0.8217097742160229,0.7749863106491294,0.6379429487648114,0.7837238071613529,0.763730777474134,0.6683920061552879,0.7072493720740997,0.6411951250655922,0.7330990160144887,0.53626899099261,0.6808685128709896,0.6446840943837178,0.6039698533731487,0.7527824297082749,0.6607001927906784
0.9924380357488506,0.543938670531571,0.9146541494053748,1.0,0.9432359295416546,0.8941834879010534,0.5774352909994374,0.9253799294401628,0.7564664225009936,0.8563260087994926,0.8614855288426889,0.9254751080253499,0.8306392241058103,0.8805515099723783,0.8877337093093387,0.9012263271311428,0.9085256353702895,0.8673185896671618,0.93813222058865,1.0,0.9774125284977342,0.8684006939985706,0.8408648126281824,0.8438723913527528,0.6145161953584668,0.6086410218962494,1.0,0.8852446146853293,0.7934634753720751,0.0,0.9823368055801377,0.997349898615485,0.9733448029981142,0.9749382290903948,0.960588868343981,0.9761452697680537,1.0,0.9393293037796481,1.0,0.9938215312450915,0.9746708960460873,0.909328064393886,0.9367823629843527,0.9626115713680851,0.9280019721450444,0.920932957145673,0.9150105573907631,0.8382343789240241,0.8847921875796715,0.8981535029897578,0.8172098019251288,0.8204893609469717,0.9491338882796563
0.9481148350156545,0.50158872745009,0.9081077331819232,0.918968050281359,0.9690188424300613,0.9278956365826878,0.5270915513875752,0.9278841465378854,0.7876472066349437,0.8456683245393242,0.8600794018590995,0.9201268781924583,0.8207070483203096,0.864937296851704,0.8602673539988656,0.9349263424196813,0.8542370357271499,0.7985496411529146,0.9033260304412071,1.0,0.9627968945301892,0.8357493130348445,0.8594834633168442,0.8274431084291713,0.5959538534871048,0.5650528832144328,0.967294139781226,0.834708874350532,0.7717962657325641,0.9823368055801377,0.0,0.9378977017871362,0.8653498201981882,0.9086044568581705,0.9377067664560886,0.9662590327439781,0.9860931315341732,0.8996980149112133,0.9412691426714637,0.93769891387762,0.9052915562484553,0.8628445575133031,0.9097418229688164,0.8533929474869577,0.9396617348452316,0.8994095123120374,0.8991469611050498,0.8872796641868366,0.9145203563800265,0.8400789577212048,0.8684324386692052,0.8625554590593522,0.8757688285506402
0.8486977633537103,0.703729252052904,0.8711828518398823,0.8705147845274336,0.9802182908886421,0.8942031446707515,0.6337417792709282,0.8522532470795707,0.9326597792461265,0.7956310957364741,0.8932414853175059,0.9237984435082134,0.8761960548418454,0.8382537885986794,0.9238809865908022,0.9303440855190815,0.8486253721173963,0.8707024631470653,0.9524421955445141,0.938157597337819,0.8985401719317527,0.9732695164893008,0.9865453949737442,0.9755289456310352,0.784429198639197,0.7918268392781574,0.9739847183757577,0.9921379699540307,0.871035036789133,0.997349898615485,0.9378977017871362,0.0,0.9334503102453718,1.0,0.9786825805397543,1.0,0.9612269354413291,0.828600180736135,0.9844226207441973,0.9310779779187646,0.876691504258456,0.8976383907833522,0.9573584526255279,0.8924375515346322,0.8928358103056737,0.8489687428546986,0.9571956300787259,0.7472740876183909,0.8600853692772787,0.8579364573996349,0.8176201741668905,0.8781561218781068,0.8684073347648024
0.898191920922163,0.5700809403251339,0.8876648034272664,0.9019955508337585,0.8715910365304075,0.8697056429619917,0.6066682055565159,0.8982316807744612,0.7399388785007659,0.7782135537060719,0.7668497126986754,0.7917158100637306,0.7618268527165392,0.8254182296221337,0.8238873908285909,0.7722770388937726,0.7534624893962698,0.7479789745007497,0.8768398338553338,0.9253644755440591,0.8824300932982261,0.8322120526651196,0.7931797636729963,0.8265004564464523,0.6269503128377791,0.6421906985484407,0.8974511830834,0.873310433957699,0.7290540224153541,0.9733448029981142,0.8653498201981882,0.9334503102453718,0.0,0.9545159217069941,0.902573622312826,0.9141906740533814,0.9474490014674322,0.757059232764933,0.9705627419556558,0.8907085864536801,0.8426870351065543,0.7649690690266924,0.859287492189282,0.9031897174209191,0.8265629810299042,0.8629841125930656,0.8375582204898565,0.8004648929681277,0.75863949708334,0.7956674363614373,0.713348949062005,0.7636144504938969,0.8442601704890883
0.8627631244082442,0.6367673461598813,0.8075249604182843,0.8926460254935059,0.8581669698628468,0.9212013860763865,0.6203330726448805,0.8274194365991,0.7896080654384813,0.7426588051217817,0.8868093595062226,0.7698158082931663,0.7825029434185451,0.8242463396337802,0.7892995714474873,0.7947553097228652,0.771859918368194,0.7676542983510275,0.8585796638166612,0.8863708915577837,0.78807661056792,0.8550962623117903,0.8687038493907261,0.9152326406592712,0.6881381076696638,0.6806296940663724,0.8984199266861873,0.9733162490927119,0.8337484480577586,0.9749382290903948,0.9086044568581705,1.0,0.9545159217069941,0.0,0.9592030133720689,0.9341552273647276,0.8900523899478591,0.7364473357250181,1.0,0.8245161388232543,0.852813433408564,0.7560768786330249,0.7931085951587749,0.8385504065255208,0.7897739459915494,0.8871792961037879,0.901184369838259,0.7948216428350202,0.7776695807810315,0.8420112202114465,0.7290422517910027,0.8126728632645258,0.8112699346259701
0.8949186040550174,0.5557265939167296,0.8945470829671884,0.9051274068950352,0.9336814985506141,0.9451117721549809,0.5882331198843092,0.8498435668362995,0.9415684839357127,0.808028371051262,0.824247275935767,0.9159130140881115,0.8802262460552277,0.9023090435903727,0.9372076480363974,0.8926804856299284,0.9247740260855144,0.8611082157463769,0.9206486675624005,0.9680005135805001,0.9112159332356888,0.899624754450803,0.8955037249822378,0.8527249656854682,0.6452037894047588,0.6459577337771194,0.9922242321591095,0.911478348515229,0.8268123093189993,0.960588868343981,0.9377067664560886,0.9786825805397543,0.902573622312826,0.9592030133720689,0.0,1.0,0.9396949185234899,0.7703328306689503,0.9980626474153088,0.9892608321649083,0.9272731290275622,0.9476274425274366,0.9387436553814098,0.9127572070441982,0.9343759965163703,0.8837566392085137,0.9004512508440512,0.8009885425237439,0.8918808908038821,0.867011857752003,0.8551237216947046,0.8692988819793268,0.9710993147934477
0.8976155701608802,0.6157462145065147,0.8613283777359771,0.987937453275994,0.8544476891924877,0.9348257850223062,0.658820378666677,0.8540439908677726,0.8873584022787823,0.7702694160734697,0.9310940592716433,0.8961969945992857,0.9610603394894355,0.9043681906660394,0.8815033408758549,0.9506434752017306,0.8716624833373067,0.8686277952556729,0.8891569894260325,0.9621204138669998,0.922003413877039,0.930530787478334,0.9315299007346705,0.9194632968656824,0.6495619704545936,0.6984743265977695,0.9968050541601788,0.9075177731647982,0.7922971798175003,0.9761452697680537,0.9662590327439781,1.0,0.9141906740533814,0.9341552273647276,1.0,0.0,0.9510602610473855,0.756398922592534,0.9612996419925741,1.0,0.9944081885553877,0.9732807362519845,0.9235336531825347,0.9090136208563948,0.9423294375821044,0.8926678822775161,0.893493071113245,0.7374071869585175,0.8231069576977563,0.8800755890839619,0.7942976667011673,0.8510851149111618,0.9780083953685252
0.9736838744164681,0.4808400770994405,0.9599635981041089,0.9388444923757702,0.9401383322683361,0.985273222187145,0.527054372949865,0.993488929350186,0.8225207395109722,0.9048858130731463,0.83538886688847,0.9291864076096717,0.8059518566754775,0.8572475682924864,0.8500288141410206,0.8764305528787706,0.8266778194461784,0.7933677243033282,0.9318432526442451,0.9901935255586367,0.9974620706456414,0.8122454558500759,0.7855908731893168,0.775912762546408,0.5632819922152696,0.5324213460650052,0.9042292093715552,0.7991673247305531,0.6850228314342715,1.0,0.9860931315341732,0.9612269354413291,0.9474490014674322,0.8900523899478591,0.9396949185234899,0.9510602610473855,0.0,0.9308274430925935,0.9981153856317959,0.9563087252883988,0.9853052880403834,0.8335123188647023,0.9471469343949802,0.9961100791016474,0.970150896102393,0.9831353041229385,0.8693091097236065,0.9250937789462558,0.932420621005494,0.8733574617199964,0.8890255850401584,0.8957989758296516,0.976503404944366
0.8689949367299913,0.38441124832584816,0.8530687776467251,0.8665215650541457,0.8754666381157463,0.8708040611523141,0.4222418324804209,0.9510986153822619,0.7095619196154966,0.9070894492268604,0.8323233613012692,0.830937712564407,0.7520804091573235,0.7899304867817408,0.7972601504005298,0.7864456070531308,0.7643120315828451,0.751796407133023,0.8582518862651989,0.922921285960938,0.8754732363268448,0.6899724981821929,0.7358818308019699,0.6870573722319778,0.4884693663167502,0.4330342857702933,0.8323511475495937,0.6841078533704357,0.5899061930217111,0.9393293037796481,0.8996980149112133,0.828600180736135,0.757059232764933,0.7364473357250181,0.7703328306689503,0.756398922592534,0.9308274430925935,0.0,0.8115663429994587,0.8102619033375988,0.9270146491696665,0.7175612823834423,0.8507236763697306,0.8604544787309132,0.9804883973812071,0.8663585060639966,0.8943003837180379,1.0,0.8856282582703878,0.8508497917520758,0.8943079718495042,0.784823932709967,0.8916730956727867
0.8286177291302448,0.6229140383699163,0.8364838702210273,0.9465294055179516,0.8687354579874794,0.8663612294242717,0.613721418397906,0.8084668548539088,0.8516216159698781,0.8094562756062744,0.8785577420544676,0.8251261150082859,0.834906641368199,0.8674906130706809,0.8448154359786071,0.805798921694617,0.8196374191179364,0.832629901037386,0.8808366482137859,0.9798288870084404,0.9077698112220403,0.9042948118572932,0.909913496150405,0.8445144120543719,0.6834316009869323,0.6920370412009172,0.9855055487214225,0.9132003530780304,0.8217097742160229,1.0,0.9412691426714637,0.9844226207441973,0.9705627419556558,1.0,0.9980626474153088,0.9612996419925741,0.9981153856317959,0.8115663429994587,0.0,0.9429104895042516,0.9076952222936303,0.8408195592484698,0.9210738734111706,0.8934994831122174,0.8405533055849516,0.862915512324324,0.9072437707460974,0.7861645946610439,0.8073468336585811,0.8372637608216956,0.7975592316029065,0.8012321915917231,0.8790910531894902
