Cingulate area 2,Frontal association cortex,Cornu ammonis 3,Dentate gyrus,Cornu ammonis 2,Cornu ammonis 1,Fasciola cinereum,Subiculum,Postrhinal cortex,Presubiculum,Parasubiculum,Perirhinal area 35,Perirhinal area 36,Medial entorhinal cortex,Lateral entorhinal cortex,Primary auditory area,"Secondary auditory area, dorsal part","Secondary auditory area, ventral part","Piriform cortex, layer 1","Piriform cortex, layer 2","Piriform cortex, layer 3",Ventrolateral orbital area,Lateral orbital area,Ventral orbital area,Medial orbital area,Dorsolateral orbital area,Prelimbic area,Secondary motor area,Frontal association area 3,Primary motor area,"Agranular insular cortex, ventral area",Agranular insular cortex dorsal area,Cingulate area 1,Infralimbic area,Dysgranular insular cortex,Granular insular cortex,"Primary somatosensory area, forelimb representation","Primary somatosensory area, dysgranular zone","Primary somatosensory area, face representation",Secondary somatosensory area,"Primary somatosensory area, hindlimb representation","Agranular insular cortex, posterior area","Primary somatosensory area, barrel field",Retrosplenial dysgranular area,"Primary somatosensory area, trunk representation",Retrosplenial granular area,"Parietal association cortex, lateral area","Parietal association cortex, medial area","Parietal association cortex, posterior area",Primary visual area,"Secondary visual area, lateral part",Temporal association cortex,"Secondary visual area, medial part"
0.0,0.6945706642718104,0.7440738233060225,0.6389052840291481,0.7205322896754329,0.7065120869983815,0.5750918482137474,0.7162270309371626,0.7666195236171996,0.6912302573152468,0.6691520224891822,0.8775043147252484,0.7180796575523772,0.766322090242377,0.7874890942053192,0.6852428662214837,0.7283651247689994,0.7850841446279802,0.8956823341334178,0.8978862737838108,0.9451999887773891,1.0,0.8290534100238206,1.0,0.966974238593894,0.6960909937238141,0.9726181370422772,0.9620560317088817,0.7312499817490979,0.9969254633630712,0.9712452912237544,0.6649541395104477,0.9797782880335528,0.9276321245208089,0.773764091181625,0.7265870321136368,0.9750080461026353,0.9934942940533912,0.8598634694197813,0.8044602967144335,0.9185231448892427,0.8096060810277232,0.9161988129294916,0.7982920313052628,0.6329951955649706,0.8009786006435038,0.47028054851749124,0.49975594762185094,0.8169634464424244,0.7352250798630764,0.6913195662042607,0.732689595545001,0.7443773435761468
0.6945706642718104,0.0,0.7047906494733528,0.7597708297070853,0.673470448972107,0.7036651056931607,0.639512941407838,0.8151932615573193,0.7778890404646681,0.66426556163774,0.6881696095022293,0.8402304173969207,0.8694876974033724,0.8222568390042838,0.8105744152305558,0.7725940787001283,0.8076650276107413,0.9045714133689522,0.7743520062139182,0.7174469063057726,0.7092639288168012,0.7257651919671753,0.7742536696232883,0.6144909812848217,0.6525267822323626,0.6879433746441175,0.6835393001347226,0.7173465148148833,0.8866781011324434,0.7137717023089791,0.7941263824011536,0.8066554887112378,0.6009081534542546,0.6315424331295705,0.8512577800532389,0.8361190625114866,0.6521143394857594,0.6580528990542145,0.7096998876643428,0.7882981001912709,0.6641657790197617,0.8154242948158347,0.820132171632203,0.7341104521467582,0.6748218063302396,0.7795338255060954,0.5657207016723697,0.47498482460919417,0.5669031315338071,0.7942671948424999,0.7981244776604702,0.8267550408908423,0.6968979781888097
0.7440738233060225,0.7047906494733528,0.0,0.936371367706161,1.0,0.9868052862914745,0.8316604437435812,1.0,0.8527713347069127,0.9338427946848732,0.9337587726020332,0.8616185398556686,0.7799580080446976,0.8702139093621706,0.815684552958351,0.8604745190823164,0.8145814740411348,0.901579020380683,0.8371485691918611,0.8222843947649233,0.7419298548506871,0.683599430309939,0.7848724083976424,0.6202546882372455,0.6460585615778511,0.7995769147424169,0.6286329071455982,0.7740614643537647,0.6735836274056944,0.751014934325334,0.8330442666494301,0.7145949658937094,0.6411246211670665,0.7689328413000459,0.8067198879675691,0.8178221020751283,0.6884074916523556,0.7521183515331754,0.78566914063094,0.909003502748607,0.8052590088524485,0.8406638730946403,0.8275228872797395,0.9968762063540779,0.9140155745733709,0.9369089376865782,0.791725626105283,0.8536460139881409,0.9109850565983416,0.9708118379897241,0.9026491592095153,0.8829705115248185,0.946768889174576
0.6389052840291481,0.7597708297070853,0.936371367706161,0.0,0.982529162155603,0.9964205269133641,0.9800483915011095,1.0,0.8619965794813896,0.8930349556616383,0.8810897370696578,0.8875570518154127,0.8729438800375977,0.9986166789222379,0.8952720720404395,0.9145144902976716,0.9048186642152515,0.9233215624169911,0.7816388757686761,0.7468271631531418,0.7152681390854128,0.686039425528772,0.7712111374436679,0.5801122975982571,0.6189590511445199,0.6859823984531348,0.6435903397196086,0.7144288649377319,0.68907364484301,0.7125521573111063,0.7972231497707492,0.8244456542642962,0.5760683621777279,0.7086381485990642,0.8877749157210584,0.83763294273174,0.637391891298123,0.7300293975189976,0.7497931982386583,0.8309804081633038,0.8016270620412136,0.8403670839711095,0.834036670961683,0.9359489982024394,0.9928629221989677,0.8905645007131457,0.8037243435224248,0.7563949960616978,0.8015102004233187,0.9578793757824914,0.9975440480678681,0.9138324234450409,0.9076129126955803
0.7205322896754329,0.673470448972107,1.0,0.982529162155603,0.0,0.9411293619166557,0.818476024392064,0.948427537873969,0.8834150442228588,0.9643158395846249,0.9338292205830794,0.8564951493891529,0.8049175899252408,0.839435344883454,0.8609041238141587,0.8128105023462415,0.820715928038726,0.8268543657972363,0.7744069975846931,0.7746758828745544,0.7381576857092416,0.6996130268645757,0.820665175147568,0.5894181379063812,0.6272086708342849,0.7002358421101534,0.6597576956210205,0.7907071311901338,0.6412484374118328,0.7016711895042546,0.8232850282348264,0.703451737347742,0.6190723778657963,0.7775532414005868,0.7633674850961428,0.7699636416837242,0.6815188518984365,0.7665628781102369,0.7478253595480386,0.8064802449217832,0.7831209121158691,0.7998009940876253,0.7967290291817637,0.9679244839057467,0.9484627489179914,0.8573196210017272,0.7780572983140503,0.8456673171002834,0.8770072797818856,0.9449091132937718,0.8378520345605432,0.8278748958052341,0.9725696256342418
0.7065120869983815,0.7036651056931607,0.9868052862914745,0.9964205269133641,0.9411293619166557,0.0,0.9554281867700699,1.0,0.885673778488945,0.9987428216555259,0.886570530683656,0.90296688902144,0.8446997748308102,0.9143930837579106,0.9139885965686798,0.9150041719838313,0.8494267846552949,0.9121676197866763,0.7920537956969648,0.789541102017075,0.7443994994169528,0.6481918147386255,0.7732406792229058,0.5766417348521763,0.6364121901649482,0.7212861732696769,0.6249931122106597,0.7215256088773476,0.6866139695984727,0.6617334643924182,0.8459622248344334,0.7873039310957206,0.5979461773943947,0.7258537855557673,0.8306273580333241,0.7968533718535118,0.6736350700052267,0.7511795309260153,0.7241379586693877,0.8206679239602083,0.7713101343510776,0.8180541108714143,0.806325058115785,0.922728521715479,0.9687178260149437,0.8693833229616426,0.7636281586822241,0.8318754130734836,0.8269896708948375,0.9528207047316755,0.9308532533156149,0.8817150974531993,0.9277800847201647
0.5750918482137474,0.639512941407838,0.8316604437435812,0.9800483915011095,0.818476024392064,0.9554281867700699,0.0,0.9110581084275321,0.7363732826466097,0.8998074040208252,0.8438616653782604,0.8395582024945014,0.8044855026386591,0.8857591715611088,0.8402553217840907,0.8517555458714193,0.8542721905904996,0.8292173756761297,0.6602656760991917,0.685625781606377,0.6121287875044354,0.5954865228414253,0.6855543091903582,0.5227095534335822,0.522841028562639,0.5942633882808692,0.5897251515097972,0.6347695555478351,0.6007525931371644,0.5786208939213828,0.6940267148785304,0.7519545752651045,0.5407956128010291,0.6294411639531002,0.7596677912734815,0.6822580757960471,0.5909550947662808,0.6658484389567416,0.6451812152252584,0.7272024829617503,0.6954733930058147,0.7213110791514746,0.6899973998909094,0.8438130082344741,0.9268669078864118,0.8152079446158802,0.793501121839565,0.8054620429313033,0.7401583762139355,0.8565838114832001,0.9769076229045797,0.8013208200776264,0.9076082521404666
0.7162270309371626,0.8151932615573193,1.0,1.0,0.948427537873969,1.0,0.9110581084275321,0.0,0.9525818985773726,0.9932618695181913,0.9602767507776672,0.9151764443566704,0.8636020879803774,0.9250979050142771,1.0,0.9763189889686268,0.8960048867090608,0.9759943599043892,0.8345702748430647,0.7844619774749318,0.7351117968282861,0.6877945545268284,0.8209793559361533,0.6079769700343449,0.6463064174300341,0.6966554455186398,0.6600536801828979,0.7429639846732877,0.7312533111234334,0.7173291502142599,0.8364728360422277,0.8033419537956884,0.5971284619744938,0.7619753361227629,0.9183555162120622,0.8586875060159405,0.6863950436219491,0.7259215154438683,0.7346806163471473,0.8822300234550762,0.767494181521292,0.8785926696735983,0.8447033876224341,1.0,0.9719990984318055,0.9340621956021256,0.7627122809499469,0.763748987564003,0.8292107381836706,1.0,0.981904466386118,0.9702656283200916,0.9277558257863192
0.7666195236171996,0.7778890404646681,0.8527713347069127,0.8619965794813896,0.8834150442228588,0.885673778488945,0.7363732826466097,0.9525818985773726,0.0,0.882121585278705,0.8168907619075337,0.9853403594633421,0.8964737512884136,0.8318558423928608,0.9817559182658739,0.8965967981111206,0.8599862487858156,0.964896607360206,0.904276383105416,0.8732024705288862,0.772626334232495,0.743897978807859,0.843373749596363,0.6893360218374527,0.7251970141018312,0.7493787241449368,0.7135582858710466,0.8177492690348773,0.7600354263947412,0.8120950852523897,0.9575692923103214,0.8010422322296901,0.6536475730025973,0.8167186894245998,0.9818438421253465,0.9404296816998423,0.7141356986708487,0.8026204227691477,0.8049277641247317,0.9732959982986737,0.8146570598698616,0.9428454189863091,0.9273410332097837,0.9352575978889976,0.8061069680597898,0.8694662487738718,0.6442916075946281,0.617866100674892,0.7657793539040415,0.9802923443318121,0.8587627824962519,0.9430763308200572,0.9354831010889968
0.6912302573152468,0.66426556163774,0.9338427946848732,0.8930349556616383,0.9643158395846249,0.9987428216555259,0.8998074040208252,0.9932618695181913,0.882121585278705,0.0,0.9335169000573029,0.8806148562445669,0.8175797008312985,0.9675825352550238,0.9425319561738749,0.9126032123003291,0.8584383757024505,0.8459932029508334,0.7795634136284942,0.8528041469801747,0.696864714946356,0.6535986213753591,0.7592998255747127,0.6085376313438248,0.6547191666357084,0.6714931806093555,0.6394675854240232,0.7225955868282966,0.6416101617932666,0.7198683664927656,0.8025497599420982,0.7831016620053145,0.6309986971422784,0.7787033241571737,0.834979126465651,0.8366439998843133,0.6759737819171469,0.8194859523749387,0.723221807928875,0.8898610696103665,0.8254811362783507,0.8170776542272857,0.7971152365668966,0.9935896259850914,0.9455918655952935,0.9773822984869479,0.7289097171793111,0.7729615388317593,0.9413520495830574,1.0,0.9161350541671976,0.8581136565083468,0.9377825759021726
0.6691520224891822,0.6881696095022293,0.9337587726020332,0.8810897370696578,0.9338292205830794,0.886570530683656,0.8438616653782604,0.9602767507776672,0.8168907619075337,0.9335169000573029,0.0,0.8852496805271284,0.8056456748024033,0.846581318510414,0.9048642055855337,0.8743881891971811,0.8010818538294189,0.8393097778189561,0.7856075076032148,0.7574532043534175,0.6979616598832558,0.651454311093099,0.7556131837779928,0.5591230591943722,0.606949887602752,0.7268895537421511,0.6105277566614511,0.714129246021434,0.6517888722669286,0.6996714250212163,0.7348782487319835,0.6956771862419244,0.6043120868065844,0.732165936171964,0.8198049519774981,0.8099467284957359,0.6672909275632108,0.7296215359549166,0.7387396706273086,0.8543312034714524,0.8338609439768356,0.7487757393314594,0.7777611431304922,0.9741808153162893,0.9190665975323361,0.8415757768259898,0.8124840508174808,0.8474342573552041,0.8736425383060066,0.9966730890848892,0.8812200326400018,0.8403704788501669,0.9073116049347763
0.8775043147252484,0.8402304173969207,0.8616185398556686,0.8875570518154127,0.8564951493891529,0.90296688902144,0.8395582024945014,0.9151764443566704,0.9853403594633421,0.8806148562445669,0.8852496805271284,0.0,0.947069554121039,0.9442292175864911,0.9914446710308401,0.9050558503726044,0.9020734995449176,0.9902943004988126,0.9059948210786344,0.9011047338053402,0.8405217997315616,0.8414322821877951,0.8919721672549655,0.7580455516417004,0.7815732125265477,0.7898025263389196,0.7924860926841137,0.8826097172602524,0.8456782491941559,0.9310402450417362,1.0,0.8879540518769778,0.7519364679960924,0.8700770324740745,0.9945677758477743,0.9846956290973133,0.7974514070460489,0.8237262304411316,0.897773255894985,0.9417608237579713,0.8703617366090445,0.9994442404506324,0.9208178160065961,0.9144299097092103,0.8594974829136232,0.9311860111647975,0.672757948360595,0.6310773361795392,0.7969309531328451,0.9865186080979819,0.9176565239948379,0.9644031212538368,0.8966955513217566
0.7180796575523772,0.8694876974033724,0.7799580080446976,0.8729438800375977,0.8049175899252408,0.8446997748308102,0.8044855026386591,0.8636020879803774,0.8964737512884136,0.8175797008312985,0.8056456748024033,0.947069554121039,0.0,0.9260891762206588,0.949398877821245,0.9215473560428903,0.8969466802538559,0.986348802206432,0.8389032457773882,0.7559729485743619,0.7288963328304406,0.7013605052998934,0.770059537129352,0.6255556364479578,0.6550489521844617,0.7013288074757991,0.7102965483876381,0.7481553674164296,0.8120543941183404,0.7397388013648463,0.8479985960210006,0.942707136522144,0.6043011715188434,0.720528550585867,0.9915444565239057,0.88463945335144,0.6379518614540118,0.6893651724688757,0.7619367904773477,0.9779370216413759,0.7399398185145716,0.9700824436501807,0.8730698367854408,0.8513402764334126,0.8001844356112765,0.8635948627528091,0.6645913819564132,0.5931165908381412,0.6789905700731723,0.8788508463529625,0.9860749689625065,0.9312158926644927,0.824723833184157
0.766322090242377,0.8222568390042838,0.8702139093621706,0.9986166789222379,0.839435344883454,0.9143930837579106,0.8857591715611088,0.9250979050142771,0.8318558423928608,0.9675825352550238,0.846581318510414,0.9442292175864911,0.9260891762206588,0.0,0.9714467221017028,0.9573445511055112,0.9111830711769612,0.9392208705835013,0.7957035974154416,0.8325843475437409,0.7625416024776546,0.7125180558830888,0.7920193385022882,0.6668230930314742,0.7006686554533774,0.6457533194455634,0.7090065309463076,0.7327261052242958,0.7654152201954424,0.7585362960857968,0.9300380046395798,0.9050381001710075,0.6636319865653871,0.7584287257179574,0.8732411300851535,0.8250979271984432,0.6898213750608376,0.7832253639102722,0.7846440692159465,0.8908139716197556,0.7796984009528625,0.9224308898418885,0.8363486012482955,0.9481341791722708,0.867778579688679,0.9208250613458318,0.6741364326522242,0.691626918509894,0.7530736783600219,0.887694352418449,0.945980631773712,0.8929281631159877,0.891714081988916
0.7874890942053192,0.8105744152305558,0.815684552958351,0.8952720720404395,0.8609041238141587,0.9139885965686798,0.8402553217840907,1.0,0.9817559182658739,0.9425319561738749,0.9048642055855337,0.9914446710308401,0.949398877821245,0.9714467221017028,0.0,0.8999165734500255,0.9045562976480027,1.0,0.9238934055465587,0.8653173198781897,0.8261093818620491,0.8138230044230493,0.8534993801595231,0.7462710140811513,0.770974469477587,0.7446566838135332,0.7678634277366851,0.8108595554911061,0.8552868956150463,0.8872920784651889,0.9936912967831519,0.9155699971255663,0.7051218949069681,0.8373926358289718,0.9086085443950135,0.9419697385530078,0.7797006130993824,0.810058681050546,0.7945862872245778,0.9583050178021957,0.8150283029812055,0.9561765688245358,0.9008185931185384,0.9204990232214508,0.8326875615612617,0.9637278676810798,0.6685253386116172,0.6447741838872934,0.8233771959565749,0.9880096062490932,0.9326133592907699,0.89114082646654,0.9232156666970887
0.6852428662214837,0.7725940787001283,0.8604745190823164,0.9145144902976716,0.8128105023462415,0.9150041719838313,0.8517555458714193,0.9763189889686268,0.8965967981111206,0.9126032123003291,0.8743881891971811,0.9050558503726044,0.9215473560428903,0.9573445511055112,0.8999165734500255,0.0,0.8892762403152322,0.9782767260749535,0.8158368786539894,0.7733171158496545,0.7793557102429778,0.6753765744632826,0.7849130707783536,0.60089685662917,0.6404576143146947,0.6827018317788843,0.663506830494309,0.7225421083711081,0.7304735892805251,0.7039627038580377,0.8537997419730349,0.8798761221145249,0.5939394505766415,0.727907382424312,0.9253026030973401,0.9408194763294611,0.6635679121662971,0.6901254118727486,0.7361571167204699,0.8735250208161568,0.7377745333197248,0.9420932656637138,0.8224063403958773,0.8817724161754129,0.8385418616759263,0.806526395554108,0.7535609451502088,0.6705379562200681,0.6990926855869777,0.9000680522742048,0.92588862156272,0.8939113047592213,0.9069886740066402
0.7283651247689994,0.8076650276107413,0.8145814740411348,0.9048186642152515,0.820715928038726,0.8494267846552949,0.8542721905904996,0.8960048867090608,0.8599862487858156,0.8584383757024505,0.8010818538294189,0.9020734995449176,0.8969466802538559,0.9111830711769612,0.9045562976480027,0.8892762403152322,0.0,0.9251814645336303,0.7680905989475958,0.796151933711152,0.7819833244563982,0.7208256134266798,0.7464708031044756,0.6562170600946187,0.6573989754197633,0.6213020592336448,0.6958972970867705,0.7656333044226984,0.7725891714422736,0.7332882254865781,0.8860396711165655,0.8268249425577588,0.6282146629079709,0.7440820691465097,0.8954048924799823,0.8049273197123522,0.6822989175696429,0.6967130864534271,0.7533350476480513,0.8622042578546523,0.7013477646380674,0.9509078110127875,0.8093861739617373,0.8644815288598425,0.8350457933848684,0.8883618693479712,0.6607578990034145,0.6281449374406751,0.6885185496275361,0.8621033341959743,0.9339200048851052,0.9217775276241924,0.8438816555489808
0.7850841446279802,0.9045714133689522,0.901579020380683,0.9233215624169911,0.8268543657972363,0.9121676197866763,0.8292173756761297,0.9759943599043892,0.964896607360206,0.8459932029508334,0.8393097778189561,0.9902943004988126,0.986348802206432,0.9392208705835013,1.0,0.9782767260749535,0.9251814645336303,0.0,0.9252305120300292,0.8222477601038128,0.834283355491481,0.8027256485376861,0.8105255310218701,0.7036998446667402,0.761140503897191,0.7147551240488395,0.7841144582005929,0.8334826047356987,0.8968969489511476,0.8160500211820246,0.963569047632091,0.905839848747076,0.6928713100469021,0.7724693054826904,0.997495099349921,0.9235446573886863,0.7396126825381107,0.7763891042916586,0.84848913024433,0.9816061713845121,0.8102685503918324,0.9887908172453754,0.9133935459508052,0.9039384293922448,0.8416316593440772,0.9262498999569531,0.6930265112663674,0.636511121027116,0.7168090313509947,0.9236105676248169,0.9864313004996479,0.9355119289884553,0.8921520618525826
0.8956823341334178,0.7743520062139182,0.8371485691918611,0.7816388757686761,0.7744069975846931,0.7920537956969648,0.6602656760991917,0.8345702748430647,0.904276383105416,0.7795634136284942,0.7856075076032148,0.9059948210786344,0.8389032457773882,0.7957035974154416,0.9238934055465587,0.8158368786539894,0.7680905989475958,0.9252305120300292,0.0,0.9515073981556512,0.8949066588801761,0.8752830909250198,0.9701095295502561,0.7545299299158322,0.8528780191673124,0.8666650064536789,0.8966240221278605,0.9258538331019668,0.9028130649656275,1.0,0.9668067552675443,0.7713017569791987,0.8216301124103857,0.8987341138866817,0.9340821120979375,0.9205473131595968,0.8785929282806753,0.8475832661762597,0.9805951471155119,0.9486393808611024,0.9147762573985508,0.8821346404769506,0.9824923992403891,0.8648030623719815,0.7338845055989817,0.8794302836657341,0.6243498931959961,0.575555506173701,0.837628804673493,0.8496857946159654,0.8166076597173465,0.8667164182878253,0.8578496482744579
0.8978862737838108,0.7174469063057726,0.8222843947649233,0.7468271631531418,0.7746758828745544,0.789541102017075,0.685625781606377,0.7844619774749318,0.8732024705288862,0.8528041469801747,0.7574532043534175,0.9011047338053402,0.7559729485743619,0.8325843475437409,0.8653173198781897,0.7733171158496545,0.796151933711152,0.8222477601038128,0.9515073981556512,0.0,0.8596483360703635,0.874764772202966,0.8448153307421516,0.806439269180603,0.8222848632940704,0.7464711305642047,0.8501995834951127,0.8740106474984941,0.7505584856179184,0.9301459758513481,0.9455213053038317,0.7555130576990505,0.7671364939042062,0.8970642429245554,0.8561451975162778,0.8330716729649785,0.8248262035869218,0.8567290764957539,0.9065791419111796,0.8427389255545399,0.9094980319163595,0.8141029670740747,0.8531883151943457,0.8092522867320388,0.779668764864188,0.8202540912444829,0.5671323077657183,0.5696203564920831,0.8211283067449257,0.8233024587421061,0.755726929617832,0.7953515998497044,0.8326060322795097
0.9451999887773891,0.7092639288168012,0.7419298548506871,0.7152681390854128,0.7381576857092416,0.7443994994169528,0.6121287875044354,0.7351117968282861,0.772626334232495,0.696864714946356,0.6979616598832558,0.8405217997315616,0.7288963328304406,0.7625416024776546,0.8261093818620491,0.7793557102429778,0.7819833244563982,0.834283355491481,0.8949066588801761,0.8596483360703635,0.0,0.8981670097722669,0.8494478784173978,0.8377025715783287,0.8256842420910305,0.7660520251386219,0.8466427505152905,0.9810572992816564,0.792320521417243,0.9683142714123719,0.9253503455266608,0.7476789840295841,0.7998986457651572,0.9122432306479817,0.8773604829600076,0.8173415968631016,0.8410404092947876,0.877993103111709,0.930148707064273,0.8579077541178087,0.8766089806515465,0.8492732694437412,0.9026099570545867,0.7784208681323025,0.6759068323119984,0.8337822931439275,0.5197505499220583,0.5242976027730948,0.7465916684880408,0.7826598895704995,0.727375707249949,0.759485217396181,0.7895536906547083
1.0,0.7257651919671753,0.683599430309939,0.686039425528772,0.6996130268645757,0.6481918147386255,0.5954865228414253,0.6877945545268284,0.743897978807859,0.6535986213753591,0.651454311093099,0.8414322821877951,0.7013605052998934,0.7125180558830888,0.8138230044230493,0.6753765744632826,0.7208256134266798,0.8027256485376861,0.8752830909250198,0.874764772202966,0.8981670097722669,0.0,0.8786854959570857,0.938549154731611,0.9742496946365248,0.7535662176875666,0.994695882658496,0.962741971176986,0.7775271154543503,0.9377140561743426,0.8581816627472835,0.7030715997082589,0.8784187998048711,0.8828259907927496,0.7772537831264761,0.7630194360772558,0.958305842890668,0.9943814342483385,0.9169498091554236,0.8134488447872765,0.9136178008499247,0.7806846098117077,0.9161843538843175,0.8282183646936653,0.6196761293064604,0.7828600851845047,0.5099927027279265,0.5127327418189572,0.7873479801711127,0.7151675340004299,0.6933676881515874,0.7377159286217191,0.7595677249191162
0.8290534100238206,0.7742536696232883,0.7848724083976424,0.7712111374436679,0.820665175147568,0.7732406792229058,0.6855543091903582,0.8209793559361533,0.843373749596363,0.7592998255747127,0.7556131837779928,0.8919721672549655,0.770059537129352,0.7920193385022882,0.8534993801595231,0.7849130707783536,0.7464708031044756,0.8105255310218701,0.9701095295502561,0.8448153307421516,0.8494478784173978,0.8786854959570857,0.0,0.7673262066258516,0.8222927032988178,0.9748527744533109,0.7669158054077317,0.9427294888613088,0.8633146745702612,0.9346576216851366,0.9298789071844166,0.740157456792267,0.7311046182553164,0.8608167545341657,0.8398037622582528,0.8475669577674646,0.8522725458745154,0.7896469264004708,0.9770792738082243,0.8260905753236472,0.9268062978379376,0.8905568811787767,0.9416496603260307,0.837012274314164,0.7543539558071608,0.8408838670766432,0.6268702952173303,0.6075004517750826,0.8042823568921912,0.8343724448146927,0.773045769296159,0.7928260863780172,0.8128149851666784
1.0,0.6144909812848217,0.6202546882372455,0.5801122975982571,0.5894181379063812,0.5766417348521763,0.5227095534335822,0.6079769700343449,0.6893360218374527,0.6085376313438248,0.5591230591943722,0.7580455516417004,0.6255556364479578,0.6668230930314742,0.7462710140811513,0.60089685662917,0.6562170600946187,0.7036998446667402,0.7545299299158322,0.806439269180603,0.8377025715783287,0.938549154731611,0.7673262066258516,0.0,0.891485859324275,0.6440850008177271,0.9221061628781181,0.831891291551487,0.6772321041011764,0.9217974007220531,0.8045797944776797,0.6387826745317065,0.8895326655635881,0.8262039288648109,0.6880956601442184,0.6666717456831692,0.9042271299025479,0.9273473788438821,0.7918143790541236,0.707035047393404,0.8378470756986031,0.7102356223125131,0.7917869756270569,0.6945251085941936,0.5476351091845648,0.7213035399198267,0.41567139200093606,0.4397842472752996,0.7194349003846233,0.6459524519789519,0.605935060905186,0.6328120374284686,0.6330570889860603
0.966974238593894,0.6525267822323626,0.6460585615778511,0.6189590511445199,0.6272086708342849,0.6364121901649482,0.522841028562639,0.6463064174300341,0.7251970141018312,0.6547191666357084,0.606949887602752,0.7815732125265477,0.6550489521844617,0.7006686554533774,0.770974469477587,0.6404576143146947,0.6573989754197633,0.761140503897191,0.8528780191673124,0.8222848632940704,0.8256842420910305,0.9742496946365248,0.8222927032988178,0.891485859324275,0.0,0.6876307193620346,0.9237092960945137,0.8791401861977064,0.7584843111375841,0.9208450920481362,0.8531554509494172,0.6481615038366946,0.8932214084373196,0.8987368105279386,0.7088384022608927,0.6970009709033805,0.9531219952948512,0.9269650492897198,0.8151242277058315,0.7593862378124583,0.8393767040965833,0.7333812696077671,0.8144098968920002,0.7425799570890517,0.5893946761384529,0.7238057332665684,0.4353370702618663,0.44197134276065897,0.7346032891410651,0.6860218281586247,0.6291711556985561,0.6937615984319464,0.7087178006863862
0.6960909937238141,0.6879433746441175,0.7995769147424169,0.6859823984531348,0.7002358421101534,0.7212861732696769,0.5942633882808692,0.6966554455186398,0.7493787241449368,0.6714931806093555,0.7268895537421511,0.7898025263389196,0.7013288074757991,0.6457533194455634,0.7446566838135332,0.6827018317788843,0.6213020592336448,0.7147551240488395,0.8666650064536789,0.7464711305642047,0.7660520251386219,0.7535662176875666,0.9748527744533109,0.6440850008177271,0.6876307193620346,0.0,0.7274053533348585,0.8421466239103523,0.770807791822645,0.8338832412020288,0.7658317292780337,0.6180019747817602,0.6871865197744337,0.6954691989552562,0.7442759125896652,0.8717262888714911,0.7600870873675661,0.7148512535818453,0.8742915720698814,0.82051539704331,0.8715948028648892,0.7418528681875062,0.9274971220721694,0.8087031107532512,0.6480594747540317,0.7653758842047618,0.6336939660275914,0.6070724638868638,0.6951195033199801,0.7320483475111699,0.7102466238937838,0.7061505509630334,0.763725518082585
0.9726181370422772,0.6835393001347226,0.6286329071455982,0.6435903397196086,0.6597576956210205,0.6249931122106597,0.5897251515097972,0.6600536801828979,0.7135582858710466,0.6394675854240232,0.6105277566614511,0.7924860926841137,0.7102965483876381,0.7090065309463076,0.7678634277366851,0.663506830494309,0.6958972970867705,0.7841144582005929,0.8966240221278605,0.8501995834951127,0.8466427505152905,0.994695882658496,0.7669158054077317,0.9221061628781181,0.9237092960945137,0.7274053533348585,0.0,0.9237743850074828,0.7593152302214025,0.9919942117669531,0.8483993356801034,0.7029364766498509,0.9806178101294974,0.8133071365861934,0.7630472576690108,0.7401811469934091,0.8461084030955741,0.9159597984623267,0.8608188123445027,0.7585171799705763,0.8713685055568526,0.7672394694800919,0.8372845761363994,0.7718301476579438,0.5989041490595506,0.7418037136257459,0.4725604454372295,0.47513180037639263,0.6901270892437507,0.6796045916187626,0.7064323850562692,0.6887886188765081,0.6983740666706124
0.9620560317088817,0.7173465148148833,0.7740614643537647,0.7144288649377319,0.7907071311901338,0.7215256088773476,0.6347695555478351,0.7429639846732877,0.8177492690348773,0.7225955868282966,0.714129246021434,0.8826097172602524,0.7481553674164296,0.7327261052242958,0.8108595554911061,0.7225421083711081,0.7656333044226984,0.8334826047356987,0.9258538331019668,0.8740106474984941,0.9810572992816564,0.962741971176986,0.9427294888613088,0.831891291551487,0.8791401861977064,0.8421466239103523,0.9237743850074828,0.0,0.8609321419065954,0.9857759042663334,0.8910122772192477,0.734138667469468,0.8684152755376131,0.8735106186790431,0.865883374975926,0.813874828508179,0.8757984545596024,0.8189855223365374,0.9742977208535463,0.8581891540080494,0.8821261701635409,0.8484406379153686,0.9604791019463677,0.8006183026886743,0.6908025886504623,0.8295211522912899,0.5970632949809547,0.5643311930317954,0.7925320017553718,0.7589436493750651,0.744855177693576,0.7822345498113248,0.8015716026162389
0.7312499817490979,0.8866781011324434,0.6735836274056944,0.68907364484301,0.6412484374118328,0.6866139695984727,0.6007525931371644,0.7312533111234334,0.7600354263947412,0.6416101617932666,0.6517888722669286,0.8456782491941559,0.8120543941183404,0.7654152201954424,0.8552868956150463,0.7304735892805251,0.7725891714422736,0.8968969489511476,0.9028130649656275,0.7505584856179184,0.792320521417243,0.7775271154543503,0.8633146745702612,0.6772321041011764,0.7584843111375841,0.770807791822645,0.7593152302214025,0.8609321419065954,0.0,0.8738854124663723,0.8285756691312003,0.7864048058025929,0.6824128318672448,0.6980503345565151,0.9236525840503299,0.8797816135215764,0.6993640514636943,0.6915947457908211,0.828860108023858,0.8347123981820143,0.7358921238049841,0.8698472181156599,0.8637879848501059,0.7099340435319997,0.613684047028907,0.7561170163345245,0.5329181732785382,0.4556101236761711,0.5959617167895621,0.7313951187100056,0.7702273816599244,0.7823656898788666,0.7126038407748706
0.9969254633630712,0.7137717023089791,0.751014934325334,0.7125521573111063,0.7016711895042546,0.6617334643924182,0.5786208939213828,0.7173291502142599,0.8120950852523897,0.7198683664927656,0.6996714250212163,0.9310402450417362,0.7397388013648463,0.7585362960857968,0.8872920784651889,0.7039627038580377,0.7332882254865781,0.8160500211820246,1.0,0.9301459758513481,0.9683142714123719,0.9377140561743426,0.9346576216851366,0.9217974007220531,0.9208450920481362,0.8338832412020288,0.9919942117669531,0.9857759042663334,0.8738854124663723,0.0,0.9707498873428678,0.7907513810953957,0.8751451191133943,0.8924135747054497,0.8917481582347826,0.8155389679576395,0.9910896245675471,0.8940396075353898,0.9831428316278168,0.8711118481698725,0.982552725700138,0.8902255434397307,0.9642371321262901,0.7873503680126961,0.6497238654401206,0.8094972486853248,0.5198530770505703,0.5097209844418352,0.7738863413307168,0.7986894974899724,0.7252339009496147,0.7576348980775839,0.729908235847074
0.9712452912237544,0.7941263824011536,0.8330442666494301,0.7972231497707492,0.8232850282348264,0.8459622248344334,0.6940267148785304,0.8364728360422277,0.9575692923103214,0.8025497599420982,0.7348782487319835,1.0,0.8479985960210006,0.9300380046395798,0.9936912967831519,0.8537997419730349,0.8860396711165655,0.963569047632091,0.9668067552675443,0.9455213053038317,0.9253503455266608,0.8581816627472835,0.9298789071844166,0.8045797944776797,0.8531554509494172,0.7658317292780337,0.8483993356801034,0.8910122772192477,0.8285756691312003,0.9707498873428678,0.0,0.8534350298691413,0.7840190111092316,0.8909490710914079,0.9538167986327512,0.8616281717337975,0.8642967274128743,0.8642330515325558,0.9350396032935789,0.9925500896230837,0.8762004549737464,0.9053301698530662,0.9560347878723385,0.8903982441936117,0.7508551891962696,0.9109174213945603,0.5639714537805922,0.57375520849801,0.8156375447059501,0.949517502668336,0.8243816554013949,0.9431793230721897,0.8241517995538841
0.6649541395104477,0.8066554887112378,0.7145949658937094,0.8244456542642962,0.703451737347742,0.7873039310957206,0.7519545752651045,0.8033419537956884,0.8010422322296901,0.7831016620053145,0.6956771862419244,0.8879540518769778,0.942707136522144,0.9050381001710075,0.9155699971255663,0.8798761221145249,0.8268249425577588,0.905839848747076,0.7713017569791987,0.7555130576990505,0.7476789840295841,0.7030715997082589,0.740157456792267,0.6387826745317065,0.6481615038366946,0.6180019747817602,0.7029364766498509,0.734138667469468,0.7864048058025929,0.7907513810953957,0.8534350298691413,0.0,0.6027009690092745,0.6895798993560615,0.8812081198207259,0.8340137652650316,0.6514281559474828,0.6560189319835824,0.743187890754569,0.897243399236772,0.6701843525520308,0.9085202196927412,0.8054194625608238,0.7497765204047403,0.7113097970792482,0.8014122404838844,0.5888968895430442,0.5223531574424551,0.6139805789902472,0.780674932343498,0.9128948659506363,0.835335935234054,0.7451099838410308
0.9797782880335528,0.6009081534542546,0.6411246211670665,0.5760683621777279,0.6190723778657963,0.5979461773943947,0.5407956128010291,0.5971284619744938,0.6536475730025973,0.6309986971422784,0.6043120868065844,0.7519364679960924,0.6043011715188434,0.6636319865653871,0.7051218949069681,0.5939394505766415,0.6282146629079709,0.6928713100469021,0.8216301124103857,0.7671364939042062,0.7998986457651572,0.8784187998048711,0.7311046182553164,0.8895326655635881,0.8932214084373196,0.6871865197744337,0.9806178101294974,0.8684152755376131,0.6824128318672448,0.8751451191133943,0.7840190111092316,0.6027009690092745,0.0,0.8075219647559141,0.6753264209206294,0.668383916556141,0.9097308357014094,0.8369690074749352,0.7639683263280382,0.7130668604214468,0.8884223642414566,0.6961854998619962,0.7827380067139371,0.7384731471766203,0.5759593195320994,0.7064282429101014,0.46685435291603294,0.4895643768810265,0.7119746871958591,0.6539837433199912,0.6370283966362981,0.6512397279674353,0.7146689284484411
0.9276321245208089,0.6315424331295705,0.7689328413000459,0.7086381485990642,0.7775532414005868,0.7258537855557673,0.6294411639531002,0.7619753361227629,0.8167186894245998,0.7787033241571737,0.732165936171964,0.8700770324740745,0.720528550585867,0.7584287257179574,0.8373926358289718,0.727907382424312,0.7440820691465097,0.7724693054826904,0.8987341138866817,0.8970642429245554,0.9122432306479817,0.8828259907927496,0.8608167545341657,0.8262039288648109,0.8987368105279386,0.6954691989552562,0.8133071365861934,0.8735106186790431,0.6980503345565151,0.8924135747054497,0.8909490710914079,0.6895798993560615,0.8075219647559141,0.0,0.7808037199267508,0.7082527375867057,0.8617865131933268,0.8496571228594014,0.839912863921521,0.7921496730790135,0.978773208572721,0.807651033063087,0.8247022067141819,0.8526731902941016,0.7119442565561556,0.8355105443446047,0.5396941041423058,0.5786456915574333,0.885210543328422,0.8546465628467717,0.7302654084139091,0.7435916275328618,0.7796043273219022
0.773764091181625,0.8512577800532389,0.8067198879675691,0.8877749157210584,0.7633674850961428,0.8306273580333241,0.7596677912734815,0.9183555162120622,0.9818438421253465,0.834979126465651,0.8198049519774981,0.9945677758477743,0.9915444565239057,0.8732411300851535,0.9086085443950135,0.9253026030973401,0.8954048924799823,0.997495099349921,0.9340821120979375,0.8561451975162778,0.8773604829600076,0.7772537831264761,0.8398037622582528,0.6880956601442184,0.7088384022608927,0.7442759125896652,0.7630472576690108,0.865883374975926,0.9236525840503299,0.8917481582347826,0.9538167986327512,0.8812081198207259,0.6753264209206294,0.7808037199267508,0.0,0.9963262815003099,0.7458186317739021,0.7369604933815239,0.8372511652737559,1.0,0.8020707745107846,0.9988931544577927,0.8834043127357828,0.868126709351523,0.7754674180251886,0.8954342972965825,0.6533860898431024,0.5747421113229584,0.7073249769146926,0.866463527090456,0.9620164622638606,0.9309388153663687,0.8057818450901791
0.7265870321136368,0.8361190625114866,0.8178221020751283,0.83763294273174,0.7699636416837242,0.7968533718535118,0.6822580757960471,0.8586875060159405,0.9404296816998423,0.8366439998843133,0.8099467284957359,0.9846956290973133,0.88463945335144,0.8250979271984432,0.9419697385530078,0.9408194763294611,0.8049273197123522,0.9235446573886863,0.9205473131595968,0.8330716729649785,0.8173415968631016,0.7630194360772558,0.8475669577674646,0.6666717456831692,0.6970009709033805,0.8717262888714911,0.7401811469934091,0.813874828508179,0.8797816135215764,0.8155389679576395,0.8616281717337975,0.8340137652650316,0.668383916556141,0.7082527375867057,0.9963262815003099,0.0,0.6768320387611768,0.6930854178488596,0.8704825834786327,1.0,0.8054588848801815,0.9626178445044979,0.9593660328313408,0.8211412196188675,0.7728197484877943,0.8520426006890727,0.6985691682272409,0.5670373772703676,0.7175202162322416,0.8775736019699603,0.8734061718943905,0.8574891333365317,0.8131988540531571
0.9750080461026353,0.6521143394857594,0.6884074916523556,0.637391891298123,0.6815188518984365,0.6736350700052267,0.5909550947662808,0.6863950436219491,0.7141356986708487,0.6759737819171469,0.6672909275632108,0.7974514070460489,0.6379518614540118,0.6898213750608376,0.7797006130993824,0.6635679121662971,0.6822989175696429,0.7396126825381107,0.8785929282806753,0.8248262035869218,0.8410404092947876,0.958305842890668,0.8522725458745154,0.9042271299025479,0.9531219952948512,0.7600870873675661,0.8461084030955741,0.8757984545596024,0.6993640514636943,0.9910896245675471,0.8642967274128743,0.6514281559474828,0.9097308357014094,0.8617865131933268,0.7458186317739021,0.6768320387611768,0.0,0.888215630935875,0.8668294927777592,0.749049643837379,0.9994875650823021,0.7429693676018854,0.915514144933098,0.8114017597113914,0.6580427711831854,0.806653365300421,0.5327389256630839,0.5374032400350215,0.81877417924494,0.7270044632951548,0.681857393601955,0.7238966096872348,0.7897934095897954
0.9934942940533912,0.6580528990542145,0.7521183515331754,0.7300293975189976,0.7665628781102369,0.7511795309260153,0.6658484389567416,0.7259215154438683,0.8026204227691477,0.8194859523749387,0.7296215359549166,0.8237262304411316,0.6893651724688757,0.7832253639102722,0.810058681050546,0.6901254118727486,0.6967130864534271,0.7763891042916586,0.8475832661762597,0.8567290764957539,0.877993103111709,0.9943814342483385,0.7896469264004708,0.9273473788438821,0.9269650492897198,0.7148512535818453,0.9159597984623267,0.8189855223365374,0.6915947457908211,0.8940396075353898,0.8642330515325558,0.6560189319835824,0.8369690074749352,0.8496571228594014,0.7369604933815239,0.6930854178488596,0.888215630935875,0.0,0.8013706522310605,0.7884874427125572,0.8974842664949979,0.7588380186891954,0.8801423889858604,0.9463679815681295,0.7358398980518395,0.8307796114471679,0.5467240479350307,0.6095318788679152,0.8597788051413882,0.798633171573028,0.708566195864551,0.7687574588762663,0.8094616390711953
0.8598634694197813,0.7096998876643428,0.78566914063094,0.7497931982386583,0.7478253595480386,0.7241379586693877,0.6451812152252584,0.7346806163471473,0.8049277641247317,0.723221807928875,0.7387396706273086,0.897773255894985,0.7619367904773477,0.7846440692159465,0.7945862872245778,0.7361571167204699,0.7533350476480513,0.84848913024433,0.9805951471155119,0.9065791419111796,0.930148707064273,0.9169498091554236,0.9770792738082243,0.7918143790541236,0.8151242277058315,0.8742915720698814,0.8608188123445027,0.9742977208535463,0.828860108023858,0.9831428316278168,0.9350396032935789,0.743187890754569,0.7639683263280382,0.839912863921521,0.8372511652737559,0.8704825834786327,0.8668294927777592,0.8013706522310605,0.0,0.8808921759097629,0.9258804544174549,0.8630931305268872,0.967169421259017,0.8128326260368236,0.7348097993406355,0.8221463572094462,0.6194930514424405,0.5916597016636147,0.7991533755446417,0.7706223358020451,0.7853595030098217,0.8252868418178524,0.820282570891838
