Cingulate area 2,Frontal association cortex,Cornu ammonis 3,Dentate gyrus,Cornu ammonis 2,Cornu ammonis 1,Fasciola cinereum,Subiculum,Postrhinal cortex,Presubiculum,Parasubiculum,Perirhinal area 35,Perirhinal area 36,Medial entorhinal cortex,Lateral entorhinal cortex,Primary auditory area,"Secondary auditory area, dorsal part","Secondary auditory area, ventral part","Piriform cortex, layer 1","Piriform cortex, layer 2","Piriform cortex, layer 3",Ventrolateral orbital area,Lateral orbital area,Ventral orbital area,Medial orbital area,Dorsolateral orbital area,Prelimbic area,Secondary motor area,Frontal association area 3,Primary motor area,"Agranular insular cortex, ventral area",Agranular insular cortex dorsal area,Cingulate area 1,Infralimbic area,Dysgranular insular cortex,Granular insular cortex,"Primary somatosensory area, forelimb representation","Primary somatosensory area, dysgranular zone","Primary somatosensory area, face representation",Secondary somatosensory area,"Primary somatosensory area, hindlimb representation","Agranular insular cortex, posterior area","Primary somatosensory area, barrel field",Retrosplenial dysgranular area,"Primary somatosensory area, trunk representation",Retrosplenial granular area,"Parietal association cortex, lateral area","Parietal association cortex, medial area","Parietal association cortex, posterior area",Primary visual area,"Secondary visual area, lateral part",Temporal association cortex,"Secondary visual area, medial part"
0,0.87665672,0.871073758,0.802781106,0.799882213,0.8889237,0.895062622,0.701886762,0.723088394,0.526384355,0.539871812,0.855162699,0.865977005,0.670550023,0.841283818,0.898703742,0.783479564,0.878637213,0.882314272,0.896500074,0.870345823,0.841609795,0.941423074,0.758133286,0.756352322,0.897300497,0.893454468,0.877658313,0.74396497,0.928525166,0.920538483,0.800941555,0.958707925,0.871604925,0.808537821,0.809069705,0.898388223,0.951803503,0.854548198,0.840456522,0.912923073,0.796631273,0.900673497,0.841442919,0.966732325,0.783387598,0.814744433,0.909080632,0.782079685,0.689770383,0.721244556,0.876647699,0.705797241
0.87665672,0,0.886311974,0.784770646,0.776866934,0.825421514,0.869811665,0.708834652,0.672651428,0.570843623,0.611403389,0.848343124,0.861913472,0.690504709,0.790519179,0.806917773,0.744151943,0.873439909,0.795809676,0.804299081,0.797101921,0.83473013,0.865262424,0.674430837,0.660108425,0.88352419,0.799820628,0.877161745,0.734027824,0.847953406,0.80849927,0.715068001,0.944058648,0.749686714,0.703940926,0.698396956,0.806731602,0.808900542,0.786193286,0.728132455,0.790806197,0.709444406,0.829348934,0.843195557,0.884354573,0.741185766,0.748985641,0.876279807,0.781301031,0.78103208,0.740654571,0.811715795,0.731736873
0.871073758,0.886311974,0,0.93041073,0.968624331,0.951359602,0.940410194,0.896604353,0.749841664,0.678000938,0.679321591,0.993093393,0.934835461,0.701943921,0.909724201,0.880149432,0.785397736,0.963608556,0.829973817,0.825233139,0.767879361,0.75033966,0.834422601,0.659505028,0.662902422,0.807682652,0.790631064,0.777394515,0.710695175,0.775800692,0.811864212,0.764515491,0.857766426,0.765591069,0.761076246,0.765887169,0.773447123,0.90605429,0.786558237,0.826458852,0.767446263,0.735491483,0.917674865,0.934931614,0.979466243,0.849897624,0.801556832,1,0.891117712,0.881277062,0.871686491,0.917440038,0.944561425
0.802781106,0.784770646,0.93041073,0,0.89706377,0.885293211,0.882269647,0.848269862,0.786695765,0.742839318,0.758538538,0.915322174,0.886796043,0.793053585,0.894345595,0.892038335,0.806412208,0.92392405,0.689215098,0.708086248,0.679853288,0.621461792,0.765512529,0.538110958,0.536646695,0.740237098,0.704935391,0.68721257,0.541099046,0.731317229,0.68799498,0.628078494,0.754196716,0.684148998,0.58824456,0.613183626,0.706203371,0.730131223,0.638165102,0.682518698,0.733885835,0.584985685,0.732079537,0.868232868,0.864663643,0.833524555,0.679551758,0.965191961,0.837868979,0.870162388,0.897020593,0.910390861,0.915467492
0.799882213,0.776866934,0.968624331,0.89706377,0,0.907559735,0.937646386,0.866593167,0.727111585,0.658276689,0.66952224,0.890459821,0.889347999,0.709439268,0.892809092,0.901180812,0.791803484,0.956593714,0.754300008,0.777088562,0.770305114,0.668257551,0.768448353,0.61165826,0.66035429,0.741926568,0.783609704,0.706186958,0.628814258,0.758702419,0.78865843,0.742573415,0.757068439,0.765751565,0.720286247,0.705200384,0.76495699,0.839734701,0.74269421,0.798643241,0.738007655,0.698400542,0.846807669,0.942482791,0.944812584,0.833157353,0.784315992,0.933497173,0.893231512,0.81082645,0.81049685,0.942459764,0.806110805
0.8889237,0.825421514,0.951359602,0.885293211,0.907559735,0,1,0.850964844,0.892108004,0.684833344,0.744460929,0.986135049,0.981220828,0.877257029,0.961991719,1,0.932505695,0.974044448,0.746048791,0.769964445,0.689422885,0.695392698,0.84091823,0.572015761,0.564494021,0.802528982,0.763803747,0.774502604,0.616391189,0.754568766,0.727268942,0.668226128,0.766233086,0.748322283,0.672694188,0.633777699,0.780972523,0.758907065,0.697481778,0.744464154,0.828250785,0.653959618,0.774620954,0.95973628,0.974781404,0.869084564,0.754541308,0.984226216,0.821650646,0.879912051,0.960617899,0.950360301,0.923934479
0.895062622,0.869811665,0.940410194,0.882269647,0.937646386,1,0,0.874475009,0.877934281,0.620593707,0.656969481,0.935242226,0.929428602,0.792954136,0.937463772,0.995660454,0.87618456,0.979534777,0.838699848,0.81518495,0.806712572,0.734826587,0.81026234,0.664465645,0.67849406,0.865637575,0.831087812,0.786731412,0.659701921,0.793447168,0.803675593,0.713546828,0.915357913,0.848204069,0.732302308,0.696857629,0.796770305,0.840072532,0.755229143,0.781248718,0.795623605,0.706414604,0.829841126,0.942467788,1,0.986441617,0.77419569,0.959881126,0.786471462,0.77587425,0.839522903,0.94149767,0.827555465
0.701886762,0.708834652,0.896604353,0.848269862,0.866593167,0.850964844,0.874475009,0,0.738978064,0.859103377,0.841116151,0.926883708,0.881616211,0.76420842,0.90334502,0.855256548,0.785064866,0.911355053,0.641878103,0.633538145,0.629395468,0.549726435,0.681045902,0.474269735,0.505549386,0.594963352,0.625233491,0.57427014,0.505399327,0.593286751,0.625526273,0.561691467,0.621725359,0.623210816,0.559770852,0.570885234,0.647345491,0.703414247,0.578032325,0.636344477,0.632940599,0.550410192,0.701469296,0.911262475,0.827842926,0.802024282,0.673241212,0.901657701,0.848589332,0.975459915,0.958863143,0.90360059,0.880588044
0.723088394,0.672651428,0.749841664,0.786695765,0.727111585,0.892108004,0.877934281,0.738978064,0,0.702647579,0.798461397,0.778812777,0.762687812,0.95531891,0.941831112,0.898088762,0.872521757,0.847799598,0.581885934,0.612245518,0.584319953,0.530688722,0.655224872,0.442140134,0.443653728,0.641664242,0.58521476,0.597901244,0.426985958,0.608913078,0.564478955,0.510713459,0.646636403,0.62238097,0.487570593,0.476558669,0.663853784,0.63921686,0.530944082,0.552497527,0.689112328,0.543376297,0.584262289,0.896703455,0.832213006,0.905076307,0.560564211,0.770929096,0.61008863,0.777910431,0.87431288,0.940842927,0.808208108
0.526384355,0.570843623,0.678000938,0.742839318,0.658276689,0.684833344,0.620593707,0.859103377,0.702647579,0,0.98179962,0.722706364,0.652127943,0.758135925,0.729941429,0.647155073,0.653509465,0.662663,0.421004392,0.420521289,0.42485875,0.364327764,0.446345663,0.328268637,0.318660771,0.426625249,0.423865411,0.39643636,0.33060738,0.414796038,0.395025818,0.377325093,0.464797988,0.421396304,0.361855669,0.357603777,0.448791679,0.463236414,0.378804802,0.422852504,0.441015287,0.362277461,0.476906078,0.747617862,0.569540333,0.718946941,0.437145043,0.662513594,0.667846885,0.931248854,0.845359479,0.687479245,0.832635117
0.539871812,0.611403389,0.679321591,0.758538538,0.66952224,0.744460929,0.656969481,0.841116151,0.798461397,0.98179962,0,0.725098895,0.708069755,0.925578568,0.863411536,0.67220178,0.744123241,0.703130036,0.433617918,0.465277234,0.445355971,0.384312728,0.491720722,0.331863522,0.337544363,0.475309084,0.464797463,0.435979766,0.353027918,0.44649059,0.406167151,0.388826389,0.507908945,0.458539807,0.377380787,0.365146236,0.462994582,0.490112016,0.395755808,0.444908275,0.4957271,0.39102812,0.500671487,0.866037367,0.620529956,0.815030453,0.43548023,0.641783634,0.648865487,0.925099288,0.825105594,0.728994204,0.842787946
0.855162699,0.848343124,0.993093393,0.915322174,0.890459821,0.986135049,0.935242226,0.926883708,0.778812777,0.722706364,0.725098895,0,0.974113863,0.821689248,0.957582578,0.950348204,0.897346547,0.967871588,0.752483298,0.811218654,0.745307509,0.660581923,0.800278343,0.561084769,0.583513056,0.738807897,0.767685761,0.722023013,0.598552315,0.723524172,0.737956741,0.662899644,0.801321466,0.751471747,0.643131704,0.639506782,0.771666118,0.858034207,0.683481628,0.793547567,0.754249623,0.626472111,0.77318692,0.989361022,0.976060528,0.9786621,0.777576722,1,0.84447852,0.943056826,0.993377105,0.972365813,0.945315459
0.865977005,0.861913472,0.934835461,0.886796043,0.889347999,0.981220828,0.929428602,0.881616211,0.762687812,0.652127943,0.708069755,0.974113863,0,0.746796022,0.912434028,0.96853873,0.873801922,0.940566841,0.794728125,0.820956742,0.797552004,0.733025986,0.832818036,0.619067373,0.612596994,0.808376654,0.764273345,0.758838685,0.658170837,0.737916951,0.794391794,0.694369418,0.879724706,0.772454001,0.692577964,0.692266061,0.837364977,0.842341224,0.71943395,0.79150755,0.788969797,0.731912846,0.828449981,0.916078474,0.972654965,0.872211105,0.810407742,0.942883636,0.817152957,0.821776139,0.854737553,0.927212427,0.790300036
0.670550023,0.690504709,0.701943921,0.793053585,0.709439268,0.877257029,0.792954136,0.76420842,0.95531891,0.758135925,0.925578568,0.821689248,0.746796022,0,0.938813205,0.870275428,0.87789819,0.83564248,0.520940863,0.561893872,0.522990982,0.465935641,0.592860287,0.408960084,0.404953947,0.601000149,0.527923087,0.530117236,0.398728679,0.561979377,0.499275379,0.471949816,0.591714276,0.583799867,0.444142666,0.444961743,0.603230224,0.611168075,0.477224979,0.513211097,0.63143473,0.488879446,0.547315746,0.867568971,0.792242424,0.876348229,0.515534451,0.786756194,0.622137923,0.862246161,0.904090575,0.864628017,0.898140427
0.841283818,0.790519179,0.909724201,0.894345595,0.892809092,0.961991719,0.937463772,0.90334502,0.941831112,0.729941429,0.863411536,0.957582578,0.912434028,0.938813205,0,0.95547368,0.944889678,0.948080737,0.681570115,0.702282748,0.662475203,0.582513822,0.737459539,0.500454827,0.507368926,0.701564298,0.69546739,0.633275128,0.524238591,0.675580507,0.635258067,0.59256076,0.706494037,0.713736555,0.555570683,0.555222539,0.756695402,0.750577119,0.606556368,0.664181635,0.720742073,0.606927265,0.710543342,0.935071976,0.894678039,0.946078763,0.697440451,0.840815193,0.77672148,0.888734672,0.928982257,0.960158735,0.84951917
0.898703742,0.806917773,0.880149432,0.892038335,0.901180812,1,0.995660454,0.855256548,0.898088762,0.647155073,0.67220178,0.950348204,0.96853873,0.870275428,0.95547368,0,0.975107395,1,0.827659465,0.842811907,0.771401918,0.709939929,0.843453888,0.579438201,0.5912184,0.839060593,0.736070565,0.74900368,0.605850756,0.735472794,0.739012395,0.667048067,0.843467474,0.775671088,0.67473345,0.643096075,0.831392823,0.824288427,0.739153797,0.758006725,0.802195861,0.707730718,0.813938618,0.956163146,0.953696205,0.906718761,0.718950085,0.98175264,0.76910859,0.77074978,0.846204538,1,0.813466058
0.783479564,0.744151943,0.785397736,0.806412208,0.791803484,0.932505695,0.87618456,0.785064866,0.872521757,0.653509465,0.744123241,0.897346547,0.873801922,0.87789819,0.944889678,0.975107395,0,0.922938485,0.684384213,0.756678908,0.676638347,0.599874798,0.728987639,0.513047353,0.515561732,0.760030636,0.653655145,0.642707067,0.530824041,0.698874753,0.679467945,0.581590513,0.714617151,0.7046664,0.595939033,0.580298741,0.757374569,0.726745758,0.614259078,0.685394069,0.7521053,0.627760423,0.670861875,0.850997289,0.931091581,0.865510369,0.680862782,0.895593078,0.67782388,0.798674797,0.851874816,0.952353389,0.797153826
0.878637213,0.873439909,0.963608556,0.92392405,0.956593714,0.974044448,0.979534777,0.911355053,0.847799598,0.662663,0.703130036,0.967871588,0.940566841,0.83564248,0.948080737,1,0.922938485,0,0.88810216,0.843290005,0.813105823,0.718818947,0.855714384,0.610074776,0.617530974,0.862641237,0.768107229,0.787254777,0.665549353,0.731964545,0.818782976,0.722757018,0.828835516,0.872324622,0.707893284,0.711367906,0.856905897,0.855798069,0.758968526,0.812177448,0.839441302,0.740299397,0.843410092,0.96004179,0.988356176,0.943471196,0.789675627,0.998359911,0.816391143,0.862254971,0.884711409,1,0.870868093
0.882314272,0.795809676,0.829973817,0.689215098,0.754300008,0.746048791,0.838699848,0.641878103,0.581885934,0.421004392,0.433617918,0.752483298,0.794728125,0.520940863,0.681570115,0.827659465,0.684384213,0.88810216,0,0.990013076,0.958366031,0.990408456,0.977959018,0.881248775,0.931626434,0.95913924,0.89162025,0.986963029,0.971966895,0.863021854,1,0.916876384,0.850168696,0.918588057,0.993502882,0.944009924,0.923683801,0.955098422,0.980893334,0.945174445,0.852279655,0.908487081,0.970521439,0.663429753,0.873634338,0.689733493,0.97494403,0.864462503,0.686628896,0.56901824,0.617940219,0.74657642,0.593045058
0.896500074,0.804299081,0.825233139,0.708086248,0.777088562,0.769964445,0.81518495,0.633538145,0.612245518,0.420521289,0.465277234,0.811218654,0.820956742,0.561893872,0.702282748,0.842811907,0.756678908,0.843290005,0.990013076,0,0.960223291,0.912761272,1,0.819391902,0.906419603,1,0.926363876,0.958657743,0.904397576,0.907677419,1,0.821680144,0.919834505,0.83250005,0.937105845,0.958378276,0.909180298,0.95407359,0.97029667,0.97410627,0.818077263,0.899704599,0.963887528,0.725112209,0.948713702,0.704876935,0.87913471,0.896532954,0.717498625,0.558174661,0.678261832,0.773062114,0.603807722
0.870345823,0.797101921,0.767879361,0.679853288,0.770305114,0.689422885,0.806712572,0.629395468,0.584319953,0.42485875,0.445355971,0.745307509,0.797552004,0.522990982,0.662475203,0.771401918,0.676638347,0.813105823,0.958366031,0.960223291,0,0.903626173,0.939234143,0.819612557,0.83699057,0.950257165,0.822729319,0.930177154,0.96756707,0.958051959,0.961643152,0.848076424,0.978238149,0.88389753,0.905786224,0.935823902,0.91251261,0.914008415,0.904566381,0.892844469,0.798451104,0.870312455,0.921234959,0.660455063,0.948062966,0.66479481,0.906484217,0.817635871,0.660664956,0.563328229,0.606071172,0.766033191,0.583463303
0.841609795,0.83473013,0.75033966,0.621461792,0.668257551,0.695392698,0.734826587,0.549726435,0.530688722,0.364327764,0.384312728,0.660581923,0.733025986,0.465935641,0.582513822,0.709939929,0.599874798,0.718818947,0.990408456,0.912761272,0.903626173,0,0.933705407,0.999141214,0.999148103,0.896290411,0.968229972,1,0.945316791,0.939662586,1,0.921714393,0.943607509,0.852781219,0.938454884,0.928905481,0.877205879,0.815519955,0.978192616,0.911317634,0.818685543,0.862222669,0.890618344,0.595098196,0.791455008,0.570823082,0.837322125,0.774197837,0.61420433,0.497163592,0.541852656,0.631653768,0.509632161
0.941423074,0.865262424,0.834422601,0.765512529,0.768448353,0.84091823,0.81026234,0.681045902,0.655224872,0.446345663,0.491720722,0.800278343,0.832818036,0.592860287,0.737459539,0.843453888,0.728987639,0.855714384,0.977959018,1,0.939234143,0.933705407,0,0.808152813,0.838750693,0.972300265,0.923294149,0.997525038,0.873644379,0.91728389,0.9264843,0.828479209,0.967032883,0.839327875,0.867855427,0.804222734,0.912600244,0.898364546,0.944267508,0.911574028,0.864175147,0.870097267,0.880392599,0.701073764,0.952670859,0.727246776,0.796033683,0.906564888,0.679459958,0.584597494,0.639972457,0.823591119,0.611281276
0.758133286,0.674430837,0.659505028,0.538110958,0.61165826,0.572015761,0.664465645,0.474269735,0.442140134,0.328268637,0.331863522,0.561084769,0.619067373,0.408960084,0.500454827,0.579438201,0.513047353,0.610074776,0.881248775,0.819391902,0.819612557,0.999141214,0.808152813,0,0.973472261,0.796007536,0.920423302,0.832572141,0.877771883,0.782755526,0.935200666,0.855393654,0.787406611,0.824124827,0.909253705,0.912644702,0.733052824,0.768167219,0.876593489,0.843785697,0.718792145,0.850529875,0.799295074,0.519568364,0.711530207,0.491683332,0.748300667,0.654563575,0.557595202,0.43284192,0.457947235,0.568220574,0.468627122
0.756352322,0.660108425,0.662902422,0.536646695,0.66035429,0.564494021,0.67849406,0.505549386,0.443653728,0.318660771,0.337544363,0.583513056,0.612596994,0.404953947,0.507368926,0.5912184,0.515561732,0.617530974,0.931626434,0.906419603,0.83699057,0.999148103,0.838750693,0.973472261,0,0.787310077,0.898389177,0.82536466,0.866035026,0.745976653,0.931783142,0.843265968,0.770070934,0.859466507,0.951491784,0.910542469,0.760615434,0.746163483,0.936809252,0.868659987,0.733361749,0.909989226,0.81913056,0.523562739,0.691434181,0.494775145,0.788175088,0.672406705,0.575239508,0.42442992,0.471230321,0.602371894,0.466544777
0.897300497,0.88352419,0.807682652,0.740237098,0.741926568,0.802528982,0.865637575,0.594963352,0.641664242,0.426625249,0.475309084,0.738807897,0.808376654,0.601000149,0.701564298,0.839060593,0.760030636,0.862641237,0.95913924,1,0.950257165,0.896290411,0.972300265,0.796007536,0.787310077,0,0.860722224,0.978361001,0.871252166,0.926993001,0.954607448,0.813758059,0.980734438,0.835654346,0.850258013,0.839552423,0.895245571,0.904137051,0.884125767,0.866245333,0.89182642,0.821558846,0.855647498,0.711206191,0.971376099,0.711603831,0.768287427,0.834230168,0.698188292,0.607230031,0.621414681,0.77722094,0.600925387
0.893454468,0.799820628,0.790631064,0.704935391,0.783609704,0.763803747,0.831087812,0.625233491,0.58521476,0.423865411,0.464797463,0.767685761,0.764273345,0.527923087,0.69546739,0.736070565,0.653655145,0.768107229,0.89162025,0.926363876,0.822729319,0.968229972,0.923294149,0.920423302,0.898389177,0.860722224,0,0.999608337,0.83670804,0.859130851,0.953194994,0.841207338,0.92513281,0.902969987,0.964034463,0.938171502,0.866648446,0.886274888,0.949226683,0.979193092,0.783791067,0.84019837,0.929341861,0.686795107,0.818034385,0.650293369,0.871173696,0.862090784,0.708287916,0.595042174,0.633037976,0.755796794,0.57182957
0.877658313,0.877161745,0.777394515,0.68721257,0.706186958,0.774502604,0.786731412,0.57427014,0.597901244,0.39643636,0.435979766,0.722023013,0.758838685,0.530117236,0.633275128,0.74900368,0.642707067,0.787254777,0.986963029,0.958657743,0.930177154,1,0.997525038,0.832572141,0.82536466,0.978361001,0.999608337,0,0.934088984,0.979358429,0.977169259,0.931327275,0.98220233,0.829227042,0.898695662,0.85729807,0.879690244,0.895568586,0.953917949,0.880011446,0.787231306,0.870627872,0.913987438,0.64329821,0.893257102,0.628622025,0.825412772,0.819827448,0.669681659,0.548577622,0.597582854,0.738192934,0.567278202
0.74396497,0.734027824,0.710695175,0.541099046,0.628814258,0.616391189,0.659701921,0.505399327,0.426985958,0.33060738,0.353027918,0.598552315,0.658170837,0.398728679,0.524238591,0.605850756,0.530824041,0.665549353,0.971966895,0.904397576,0.96756707,0.945316791,0.873644379,0.877771883,0.866035026,0.871252166,0.83670804,0.934088984,0,0.785436759,0.977795373,0.928140689,0.844424564,0.753426154,0.945202578,0.970150314,0.753436318,0.783416741,0.964411186,0.878554888,0.717127297,0.783697666,0.915635567,0.542323538,0.718270986,0.495320107,0.870870565,0.708246435,0.587857622,0.440272366,0.460247147,0.588512087,0.468637892
0.928525166,0.847953406,0.775800692,0.731317229,0.758702419,0.754568766,0.793447168,0.593286751,0.608913078,0.414796038,0.44649059,0.723524172,0.737916951,0.561979377,0.675580507,0.735472794,0.698874753,0.731964545,0.863021854,0.907677419,0.958051959,0.939662586,0.91728389,0.782755526,0.745976653,0.926993001,0.859130851,0.979358429,0.785436759,0,0.897919767,0.822435403,0.935077371,0.735614904,0.799404811,0.775406183,0.894996204,0.829039167,0.876143879,0.828669105,0.874235048,0.751343916,0.759108764,0.706369521,0.926167441,0.658612583,0.752789352,0.813476819,0.66212119,0.564657745,0.611214998,0.701763779,0.641526693
0.920538483,0.80849927,0.811864212,0.68799498,0.78865843,0.727268942,0.803675593,0.625526273,0.564478955,0.395025818,0.406167151,0.737956741,0.794391794,0.499275379,0.635258067,0.739012395,0.679467945,0.818782976,1,1,0.961643152,1,0.9264843,0.935200666,0.931783142,0.954607448,0.953194994,0.977169259,0.977795373,0.897919767,0,1,0.876768715,0.906427157,0.937118476,0.99908186,0.889557119,0.972795062,0.991795469,0.988733545,0.879334415,0.884953894,0.908328722,0.64646426,0.936319997,0.599493392,0.984616505,0.882821385,0.66814924,0.541297721,0.624837144,0.748190676,0.582108957
0.800941555,0.715068001,0.764515491,0.628078494,0.742573415,0.668226128,0.713546828,0.561691467,0.510713459,0.377325093,0.388826389,0.662899644,0.694369418,0.471949816,0.59256076,0.667048067,0.581590513,0.722757018,0.916876384,0.821680144,0.848076424,0.921714393,0.828479209,0.855393654,0.843265968,0.813758059,0.841207338,0.931327275,0.928140689,0.822435403,1,0,0.810316984,0.828204543,0.952047291,0.929272915,0.794290746,0.876252881,0.960487825,0.868114481,0.737985827,0.827067888,0.829599122,0.602861573,0.802052575,0.561558137,0.851286838,0.763840285,0.626692722,0.494772756,0.550432397,0.669985128,0.538908766
0.958707925,0.944058648,0.857766426,0.754196716,0.757068439,0.766233086,0.915357913,0.621725359,0.646636403,0.464797988,0.507908945,0.801321466,0.879724706,0.591714276,0.706494037,0.843467474,0.714617151,0.828835516,0.850168696,0.919834505,0.978238149,0.943607509,0.967032883,0.787406611,0.770070934,0.980734438,0.92513281,0.98220233,0.844424564,0.935077371,0.876768715,0.810316984,0,0.819467983,0.83691434,0.784180453,0.931280928,0.833438574,0.854599823,0.839608045,0.847488355,0.792001546,0.931912845,0.748265073,0.889261137,0.751052156,0.831635863,0.853700534,0.705890289,0.627807419,0.650360699,0.767156101,0.619512067
0.871604925,0.749686714,0.765591069,0.684148998,0.765751565,0.748322283,0.848204069,0.623210816,0.62238097,0.421396304,0.458539807,0.751471747,0.772454001,0.583799867,0.713736555,0.775671088,0.7046664,0.872324622,0.918588057,0.83250005,0.88389753,0.852781219,0.839327875,0.824124827,0.859466507,0.835654346,0.902969987,0.829227042,0.753426154,0.735614904,0.906427157,0.828204543,0.819467983,0,0.851716918,0.876457808,0.855003872,0.87139338,0.849371881,0.932491581,0.78719343,0.895746097,0.86305693,0.67981945,0.847503234,0.677084449,0.90461332,0.837872321,0.627567457,0.550847246,0.619508084,0.785256557,0.589835748
0.808537821,0.703940926,0.761076246,0.58824456,0.720286247,0.672694188,0.732302308,0.559770852,0.487570593,0.361855669,0.377380787,0.643131704,0.692577964,0.444142666,0.555570683,0.67473345,0.595939033,0.707893284,0.993502882,0.937105845,0.905786224,0.938454884,0.867855427,0.909253705,0.951491784,0.850258013,0.964034463,0.898695662,0.945202578,0.799404811,0.937118476,0.952047291,0.83691434,0.851716918,0,0.993399751,0.847545849,0.889224268,0.998296855,0.94068656,0.75198052,0.860385313,0.950631819,0.575384127,0.785717702,0.535879904,0.920468813,0.767385973,0.648427948,0.491522415,0.529282749,0.668791506,0.526881481
0.809069705,0.698396956,0.765887169,0.613183626,0.705200384,0.633777699,0.696857629,0.570885234,0.476558669,0.357603777,0.365146236,0.639506782,0.692266061,0.444961743,0.555222539,0.643096075,0.580298741,0.711367906,0.944009924,0.958378276,0.935823902,0.928905481,0.804222734,0.912644702,0.910542469,0.839552423,0.938171502,0.85729807,0.970150314,0.775406183,0.99908186,0.929272915,0.784180453,0.876457808,0.993399751,0,0.815729089,0.878541626,1,0.952216196,0.772535717,0.875497108,0.914819347,0.591749071,0.762229094,0.543405938,0.871239339,0.776478798,0.605530872,0.469000925,0.526451728,0.645129548,0.511513833
0.898388223,0.806731602,0.773447123,0.706203371,0.76495699,0.780972523,0.796770305,0.647345491,0.663853784,0.448791679,0.462994582,0.771666118,0.837364977,0.603230224,0.756695402,0.831392823,0.757374569,0.856905897,0.923683801,0.909180298,0.91251261,0.877205879,0.912600244,0.733052824,0.760615434,0.895245571,0.866648446,0.879690244,0.753436318,0.894996204,0.889557119,0.794290746,0.931280928,0.855003872,0.847545849,0.815729089,0,0.937609009,0.866837368,0.868890777,0.919580679,0.842854193,0.835444174,0.697125369,0.959514753,0.724597115,0.875779987,0.785746144,0.62521925,0.606078058,0.655786111,0.793784515,0.622410378
0.951803503,0.808900542,0.90605429,0.730131223,0.839734701,0.758907065,0.840072532,0.703414247,0.63921686,0.463236414,0.490112016,0.858034207,0.842341224,0.611168075,0.750577119,0.824288427,0.726745758,0.855798069,0.955098422,0.95407359,0.914008415,0.815519955,0.898364546,0.768167219,0.746163483,0.904137051,0.886274888,0.895568586,0.783416741,0.829039167,0.972795062,0.876252881,0.833438574,0.87139338,0.889224268,0.878541626,0.937609009,0,0.912390917,0.864215372,0.836337158,0.830221458,0.875432133,0.731710958,0.916402281,0.706105324,0.890710268,0.880638428,0.744415917,0.617599141,0.671757989,0.848751085,0.677550381
0.854548198,0.786193286,0.786558237,0.638165102,0.74269421,0.697481778,0.755229143,0.578032325,0.530944082,0.378804802,0.395755808,0.683481628,0.71943395,0.477224979,0.606556368,0.739153797,0.614259078,0.758968526,0.980893334,0.97029667,0.904566381,0.978192616,0.944267508,0.876593489,0.936809252,0.884125767,0.949226683,0.953917949,0.964411186,0.876143879,0.991795469,0.960487825,0.854599823,0.849371881,0.998296855,1,0.866837368,0.912390917,0,0.930234804,0.804906615,0.928083642,0.953536334,0.63595463,0.811683117,0.572018036,0.952709096,0.793997259,0.627748791,0.501672067,0.55635808,0.713356494,0.567070031
0.840456522,0.728132455,0.826458852,0.682518698,0.798643241,0.744464154,0.781248718,0.636344477,0.552497527,0.422852504,0.444908275,0.793547567,0.79150755,0.513211097,0.664181635,0.758006725,0.685394069,0.812177448,0.945174445,0.97410627,0.892844469,0.911317634,0.911574028,0.843785697,0.868659987,0.866245333,0.979193092,0.880011446,0.878554888,0.828669105,0.988733545,0.868114481,0.839608045,0.932491581,0.94068656,0.952216196,0.868890777,0.864215372,0.930234804,0,0.799717749,0.881449764,0.964594683,0.649669261,0.808205987,0.647057762,0.962105581,0.839060724,0.705258437,0.572660896,0.590770218,0.740501068,0.572246403
0.912923073,0.790806197,0.767446263,0.733885835,0.738007655,0.828250785,0.795623605,0.632940599,0.689112328,0.441015287,0.4957271,0.754249623,0.788969797,0.63143473,0.720742073,0.802195861,0.7521053,0.839441302,0.852279655,0.818077263,0.798451104,0.818685543,0.864175147,0.718792145,0.733361749,0.89182642,0.783791067,0.787231306,0.717127297,0.874235048,0.879334415,0.737985827,0.847488355,0.78719343,0.75198052,0.772535717,0.919580679,0.836337158,0.804906615,0.799717749,0,0.743675656,0.74781737,0.745325534,0.923147885,0.712954991,0.777540562,0.811873991,0.620742728,0.569779328,0.66443712,0.790881695,0.637765839
0.796631273,0.709444406,0.735491483,0.584985685,0.698400542,0.653959618,0.706414604,0.550410192,0.543376297,0.362277461,0.39102812,0.626472111,0.731912846,0.488879446,0.606927265,0.707730718,0.627760423,0.740299397,0.908487081,0.899704599,0.870312455,0.862222669,0.870097267,0.850529875,0.909989226,0.821558846,0.84019837,0.870627872,0.783697666,0.751343916,0.884953894,0.827067888,0.792001546,0.895746097,0.860385313,0.875497108,0.842854193,0.830221458,0.928083642,0.881449764,0.743675656,0,0.90278979,0.580443271,0.758037308,0.58433135,0.855009584,0.771538778,0.560507299,0.477457067,0.535840565,0.682825064,0.506416314
0.900673497,0.829348934,0.917674865,0.732079537,0.846807669,0.774620954,0.829841126,0.701469296,0.584262289,0.476906078,0.500671487,0.77318692,0.828449981,0.547315746,0.710543342,0.813938618,0.670861875,0.843410092,0.970521439,0.963887528,0.921234959,0.890618344,0.880392599,0.799295074,0.81913056,0.855647498,0.929341861,0.913987438,0.915635567,0.759108764,0.908328722,0.829599122,0.931912845,0.86305693,0.950631819,0.914819347,0.835444174,0.875432133,0.953536334,0.964594683,0.74781737,0.90278979,0,0.696159506,0.819698281,0.667368083,0.902033364,0.949261073,0.792411799,0.623030711,0.656638057,0.773876395,0.647174207
0.841442919,0.843195557,0.934931614,0.868232868,0.942482791,0.95973628,0.942467788,0.911262475,0.896703455,0.747617862,0.866037367,0.989361022,0.916078474,0.867568971,0.935071976,0.956163146,0.850997289,0.96004179,0.663429753,0.725112209,0.660455063,0.595098196,0.701073764,0.519568364,0.523562739,0.711206191,0.686795107,0.64329821,0.542323538,0.706369521,0.64646426,0.602861573,0.748265073,0.67981945,0.575384127,0.591749071,0.697125369,0.731710958,0.63595463,0.649669261,0.745325534,0.580443271,0.696159506,0,0.910263353,1,0.674390637,0.886585698,0.795525618,0.923123329,0.897838516,1,0.916963284
0.966732325,0.884354573,0.979466243,0.864663643,0.944812584,0.974781404,1,0.827842926,0.832213006,0.569540333,0.620529956,0.976060528,0.972654965,0.792242424,0.894678039,0.953696205,0.931091581,0.988356176,0.873634338,0.948713702,0.948062966,0.791455008,0.952670859,0.711530207,0.691434181,0.971376099,0.818034385,0.893257102,0.718270986,0.926167441,0.936319997,0.802052575,0.889261137,0.847503234,0.785717702,0.762229094,0.959514753,0.916402281,0.811683117,0.808205987,0.923147885,0.758037308,0.819698281,0.910263353,0,0.873897052,0.836971337,1,0.775740043,0.747864798,0.787363991,1,0.84131968
0.783387598,0.741185766,0.849897624,0.833524555,0.833157353,0.869084564,0.986441617,0.802024282,0.905076307,0.718946941,0.815030453,0.9786621,0.872211105,0.876348229,0.946078763,0.906718761,0.865510369,0.943471196,0.689733493,0.704876935,0.66479481,0.570823082,0.727246776,0.491683332,0.494775145,0.711603831,0.650293369,0.628622025,0.495320107,0.658612583,0.599493392,0.561558137,0.751052156,0.677084449,0.535879904,0.543405938,0.724597115,0.706105324,0.572018036,0.647057762,0.712954991,0.58433135,0.667368083,1,0.873897052,0,0.640301707,0.850099038,0.707940296,0.84920568,0.920602288,0.922800335,0.801574035
0.814744433,0.748985641,0.801556832,0.679551758,0.784315992,0.754541308,0.77419569,0.673241212,0.560564211,0.437145043,0.43548023,0.777576722,0.810407742,0.515534451,0.697440451,0.718950085,0.680862782,0.789675627,0.97494403,0.87913471,0.906484217,0.837322125,0.796033683,0.748300667,0.788175088,0.768287427,0.871173696,0.825412772,0.870870565,0.752789352,0.984616505,0.851286838,0.831635863,0.90461332,0.920468813,0.871239339,0.875779987,0.890710268,0.952709096,0.962105581,0.777540562,0.855009584,0.902033364,0.674390637,0.836971337,0.640301707,0,0.924869817,0.67466754,0.57469608,0.607298209,0.773242492,0.607643259
0.909080632,0.876279807,1,0.965191961,0.933497173,0.984226216,0.959881126,0.901657701,0.770929096,0.662513594,0.641783634,1,0.942883636,0.786756194,0.840815193,0.98175264,0.895593078,0.998359911,0.864462503,0.896532954,0.817635871,0.774197837,0.906564888,0.654563575,0.672406705,0.834230168,0.862090784,0.819827448,0.708246435,0.813476819,0.882821385,0.763840285,0.853700534,0.837872321,0.767385973,0.776478798,0.785746144,0.880638428,0.793997259,0.839060724,0.811873991,0.771538778,0.949261073,0.886585698,1,0.850099038,0.924869817,0,0.914245642,0.823918988,0.846150179,0.955798555,0.846170444
0.782079685,0.781301031,0.891117712,0.837868979,0.893231512,0.821650646,0.786471462,0.848589332,0.61008863,0.667846885,0.648865487,0.84447852,0.817152957,0.622137923,0.77672148,0.76910859,0.67782388,0.816391143,0.686628896,0.717498625,0.660664956,0.61420433,0.679459958,0.557595202,0.575239508,0.698188292,0.708287916,0.669681659,0.587857622,0.66212119,0.66814924,0.626692722,0.705890289,0.627567457,0.648427948,0.605530872,0.62521925,0.744415917,0.627748791,0.705258437,0.620742728,0.560507299,0.792411799,0.795525618,0.775740043,0.707940296,0.67466754,0.914245642,0,0.815619899,0.790680421,0.786945081,0.804508855
0.689770383,0.78103208,0.881277062,0.870162388,0.81082645,0.879912051,0.77587425,0.975459915,0.777910431,0.931248854,0.925099288,0.943056826,0.821776139,0.862246161,0.888734672,0.77074978,0.798674797,0.862254971,0.56901824,0.558174661,0.563328229,0.497163592,0.584597494,0.43284192,0.42442992,0.607230031,0.595042174,0.548577622,0.440272366,0.564657745,0.541297721,0.494772756,0.627807419,0.550847246,0.491522415,0.469000925,0.606078058,0.617599141,0.501672067,0.572660896,0.569779328,0.477457067,0.623030711,0.923123329,0.747864798,0.84920568,0.57469608,0.823918988,0.815619899,0,0.962883852,0.821775626,0.919075714
0.721244556,0.740654571,0.871686491,0.897020593,0.81049685,0.960617899,0.839522903,0.958863143,0.87431288,0.845359479,0.825105594,0.993377105,0.854737553,0.904090575,0.928982257,0.846204538,0.851874816,0.884711409,0.617940219,0.678261832,0.606071172,0.541852656,0.639972457,0.457947235,0.471230321,0.621414681,0.633037976,0.597582854,0.460247147,0.611214998,0.624837144,0.550432397,0.650360699,0.619508084,0.529282749,0.526451728,0.655786111,0.671757989,0.55635808,0.590770218,0.66443712,0.535840565,0.656638057,0.897838516,0.787363991,0.920602288,0.607298209,0.846150179,0.790680421,0.962883852,0,0.903501783,0.95277797
0.876647699,0.811715795,0.917440038,0.910390861,0.942459764,0.950360301,0.94149767,0.90360059,0.940842927,0.687479245,0.728994204,0.972365813,0.927212427,0.864628017,0.960158735,1,0.952353389,1,0.74657642,0.773062114,0.766033191,0.631653768,0.823591119,0.568220574,0.602371894,0.77722094,0.755796794,0.738192934,0.588512087,0.701763779,0.748190676,0.669985128,0.767156101,0.785256557,0.668791506,0.645129548,0.793784515,0.848751085,0.713356494,0.740501068,0.790881695,0.682825064,0.773876395,1,1,0.922800335,0.773242492,0.955798555,0.786945081,0.821775626,0.903501783,0,0.88968063
0.705797241,0.731736873,0.944561425,0.915467492,0.806110805,0.923934479,0.827555465,0.880588044,0.808208108,0.832635117,0.842787946,0.945315459,0.790300036,0.898140427,0.84951917,0.813466058,0.797153826,0.870868093,0.593045058,0.603807722,0.583463303,0.509632161,0.611281276,0.468627122,0.466544777,0.600925387,0.57182957,0.567278202,0.468637892,0.641526693,0.582108957,0.538908766,0.619512067,0.589835748,0.526881481,0.511513833,0.622410378,0.677550381,0.567070031,0.572246403,0.637765839,0.506416314,0.647174207,0.916963284,0.84131968,0.801574035,0.607643259,0.846170444,0.804508855,0.919075714,0.95277797,0.88968063,0