Cingulate area 2,Frontal association cortex,Cornu ammonis 3,Dentate gyrus,Cornu ammonis 2,Cornu ammonis 1,Fasciola cinereum,Subiculum,Postrhinal cortex,Presubiculum,Parasubiculum,Perirhinal area 35,Perirhinal area 36,Medial entorhinal cortex,Lateral entorhinal cortex,Primary auditory area,"Secondary auditory area, dorsal part","Secondary auditory area, ventral part","Piriform cortex, layer 1","Piriform cortex, layer 2","Piriform cortex, layer 3",Ventrolateral orbital area,Lateral orbital area,Ventral orbital area,Medial orbital area,Dorsolateral orbital area,Prelimbic area,Secondary motor area,Frontal association area 3,Primary motor area,"Agranular insular cortex, ventral area",Agranular insular cortex dorsal area,Cingulate area 1,Infralimbic area,Dysgranular insular cortex,Granular insular cortex,"Primary somatosensory area, forelimb representation","Primary somatosensory area, dysgranular zone","Primary somatosensory area, face representation",Secondary somatosensory area,"Primary somatosensory area, hindlimb representation","Agranular insular cortex, posterior area","Primary somatosensory area, barrel field",Retrosplenial dysgranular area,"Primary somatosensory area, trunk representation",Retrosplenial granular area,"Parietal association cortex, lateral area","Parietal association cortex, medial area","Parietal association cortex, posterior area",Primary visual area,"Secondary visual area, lateral part",Temporal association cortex,"Secondary visual area, medial part"
0.0,0.32245622304512017,0.8591807666144219,0.8717480127583026,0.8580962595244075,0.8652200556072478,0.841434250264277,0.837032315292933,0.5913497296666914,0.8483724255951226,0.7071658614278721,0.5091398724808677,0.5362717770485136,0.6657958335290941,0.6990785373077755,0.7031716369719886,0.9027675792066876,0.5115409737563243,0.9074010023792467,0.7798788746065218,0.8442026957348168,0.457853022183393,0.5257622271308066,0.39255050631962785,0.26142734815970764,0.4187039463262921,0.5567468770163522,0.7335292881185648,0.6297055127231732,0.8423005538857007,0.8188814873202837,0.7580801086757589,0.8368772093066351,0.7455179100221324,0.8011932072145833,0.6846201486601672,0.9737864938898214,0.9844989434269489,0.8911888609077767,0.803414348456599,0.9193855960427781,0.798276889569241,0.9667064176478918,0.850970352135915,0.8553958234543,0.8983418305489457,0.8697886052350922,0.8328450978807744,1.0,0.7614945361555265,0.8261531333755395,0.5755841711005028,0.7924736608513459
0.32245622304512017,0.0,0.4176866078535647,0.39701708050502926,0.3921666219136259,0.41737412206855523,0.2906560434407963,0.4170790333021528,0.6515245549851866,0.36745908148610307,0.3942104053525184,0.6664699510220778,0.6306331607374324,0.6504860724498607,0.475493607399963,0.46897642316943805,0.42237363142742484,0.5114953330893031,0.42612116138134776,0.44825857392372775,0.40413614442015194,0.7708329770758542,0.7351855648078948,0.7776698863964671,0.8051588451793347,0.9222973424837823,0.6215011127220781,0.5433149068024696,0.6298504737002354,0.4485588665643302,0.36802026580336794,0.4376240644528559,0.4028222959885047,0.3643081691113161,0.340996226427613,0.3637018164383171,0.35488911730437384,0.3447264209052922,0.3710045170396325,0.45220226787568035,0.3251530181029449,0.38397828945802953,0.3297350154696233,0.39128505913280454,0.43574002633414216,0.39622684003850167,0.4228923876916384,0.4851445076739459,0.3492126989136717,0.4486657512642663,0.38861098207813594,0.6967062694656508,0.4950590761035634
0.8591807666144219,0.4176866078535647,0.0,0.9382912624246836,0.8925186487000557,0.9774446320296905,0.794004723437076,0.8569001994035244,0.7079561043505203,0.794996024400731,0.7355568769820864,0.644697836561152,0.616094307455097,0.7933948072421418,0.7938523256256729,0.861403569803791,0.9262319917681087,0.6226434023254366,0.9348671908111228,0.8769818874632241,0.9291642681252673,0.6116989022404733,0.643829696404376,0.5047341747601956,0.3527543365080109,0.567760835966899,0.6848936403209014,0.9224295552412176,0.7492459036379234,0.9512902848857765,0.7973938515342264,0.8912156065816376,0.9044528028994586,0.7823062680360025,0.8079424303223502,0.8070897030046746,0.8563331624550445,0.9218546225283899,0.8673085209475618,0.8996577138023066,0.9084028585697201,0.8905839292392116,0.9025052780900498,0.8683013632197467,1.0,0.984465552902582,0.8967742865939657,0.8794422943627445,0.9642649857256995,0.8955514117519479,0.8929863846664734,0.7139788456445291,0.9489670290541805
0.8717480127583026,0.39701708050502926,0.9382912624246836,0.0,0.9775277704783701,0.9913484784434267,0.916338491212934,0.9216818294730783,0.7044563712524935,0.8803133963081081,0.7749105634185257,0.6509784292364127,0.6240945553851155,0.78307195672676,0.8750620537300027,0.8082969599767212,0.8763122693634537,0.5869744209258638,0.8923355160934899,0.844723001328248,0.8699767962531796,0.5597638558886755,0.6392928112333249,0.4977077853757936,0.3390869158201934,0.5520724248854906,0.6571222252541162,0.9172200247528509,0.7215799297878052,0.9583683827288472,0.7633718691132746,0.786140521008215,0.9844933358795113,0.7455068073089607,0.7617981485674881,0.7038972281572091,0.9906108213000052,0.8839139064180723,0.8932710826214215,0.8450662410163216,0.9298325513558873,0.7530274921320252,0.86941731993483,0.9619612316782125,0.974343601295718,0.9947237499337829,0.9011033149608351,0.9207922394916643,0.8996822662523993,0.787264379265915,0.8851505348821187,0.6536882512137475,0.9119142231395554
0.8580962595244075,0.3921666219136259,0.8925186487000557,0.9775277704783701,0.0,0.9796682766745569,0.832201004046618,0.9148112507238753,0.7099958646545289,0.8638219671184302,0.8100326496672212,0.6633949258884954,0.6292114220421164,0.7692064372471169,0.9066267563129848,0.8372151498236685,0.8436804755255592,0.6519658733006557,0.8568584872055192,0.8455883245647312,0.8406276051986901,0.551897279057948,0.6008132295393547,0.45835588438421637,0.34118651205374245,0.5138636553449107,0.6400430397283661,0.8638243750458567,0.7304545339911294,0.9000128846950218,0.7097151956901239,0.7528001028657063,0.9222911503650002,0.6908807611499176,0.7113582282548133,0.6480734103570644,0.9246976905337532,0.8186334990904355,0.8299710010333485,0.79305065246951,0.7961192515245012,0.7353264760226376,0.8659875217197459,0.8973341897285725,0.9122844539605742,0.873259323913188,0.8343351653641985,0.8922586889872589,0.8609108845164192,0.7946274513864975,0.8856447814572951,0.6917940513719085,0.9035046174136562
0.8652200556072478,0.41737412206855523,0.9774446320296905,0.9913484784434267,0.9796682766745569,0.0,0.8792103893774336,0.9401717945226234,0.7151328437766726,0.8621455828118492,0.8463205770793358,0.6952070745274287,0.6581230936619301,0.7992722787733612,0.866955200256129,0.8869069873682031,0.9042244243082561,0.6934684945452305,0.9013980611891159,0.8767666430726174,0.901760565335608,0.5856926008874503,0.667229517232835,0.47417696449653096,0.36036035470472694,0.5574459082032074,0.7137953463891147,0.8708575677538175,0.7205589772292254,0.9317511497755501,0.7957634021924547,0.7887443494726893,1.0,0.7062410239895941,0.7373117974188743,0.7358321871955427,0.9555775918521066,0.9011445412567577,0.8857591231456667,0.9217028350501141,0.8622315263801217,0.7946754397134626,0.8371219787742785,0.9584001828509363,0.9653504903385387,0.9558378006971883,0.9144674736832542,0.950771513044524,0.9458715310973634,0.8426825219595684,0.8943078507524376,0.7472767007297951,0.9122368144894596
0.841434250264277,0.2906560434407963,0.794004723437076,0.916338491212934,0.832201004046618,0.8792103893774336,0.0,0.825971675602005,0.4751222792383607,0.7754251802874488,0.6635170559283028,0.45954794628662377,0.45399591189696203,0.5760974156598212,0.7055239113403043,0.631999253498585,0.7278349217091635,0.46698558846704874,0.7670965566225607,0.6738476554060637,0.7120229861597056,0.4208843338267537,0.48780376454676266,0.3444924114530724,0.25898082629157654,0.40088927515956607,0.5202153148258307,0.6550863003399138,0.552615399927724,0.8003819614591975,0.6843651052956159,0.6717791211127183,0.8880518288012721,0.6523889534351505,0.6252877135748925,0.5646474322303972,0.9205120077771822,0.8444102375688772,0.8205884622442057,0.7183067309498549,0.8866834761617874,0.6111482747731256,0.8183906396507026,0.8930793508663311,0.7891684850586385,0.837790561426879,0.6420051207063476,0.7776040442349141,0.8305471233606179,0.6587233771391254,0.6926115394514063,0.47767595981665967,0.7270112682832086
0.837032315292933,0.4170790333021528,0.8569001994035244,0.9216818294730783,0.9148112507238753,0.9401717945226234,0.825971675602005,0.0,0.7317551098223296,0.9297816683355064,0.8658772046302721,0.6478761494275221,0.6710249882749213,0.7846408428663325,0.8551948731845694,0.8205094241695703,0.8313920247065135,0.6420032964911659,0.8704918066691649,0.803893539540211,0.8099555528567202,0.6042513593078056,0.661435199482434,0.5103412312031258,0.3630003370316821,0.5462428111426163,0.6582958316403644,0.8536719664259649,0.7335924730149714,0.9228214326098388,0.7412412165923726,0.7713346917092623,0.9374713838150016,0.7278662514735806,0.6991819206273121,0.6729713840311865,0.8835534856384036,0.9076576742089775,0.792191328387895,0.8089976679955162,0.8119873295257446,0.7317002560822962,0.8272674135058535,0.8997399790653302,0.8418699300245788,0.8219728662514716,0.8332770469135511,0.8475461958939293,0.8414499987840757,0.813917068840421,0.8864693202973066,0.6762312187363644,0.8364731030397088
0.5913497296666914,0.6515245549851866,0.7079561043505203,0.7044563712524935,0.7099958646545289,0.7151328437766726,0.4751222792383607,0.7317551098223296,0.0,0.6492465613587951,0.6833432235901575,0.8449089311413451,0.8206707090876423,0.9280952765604076,0.7925991064101692,0.7730900767529342,0.7621650202985941,0.7376562143590685,0.7047985113696619,0.7316762321083012,0.6999075852364559,0.7833850840424161,0.7806998925407898,0.699493180017849,0.5113728422298981,0.7584784746568457,0.6516597598157146,0.7797793311961313,0.8040820966200866,0.717604313055337,0.5686228368428247,0.6701529478186433,0.6130155697272663,0.5307486668421605,0.605094798052035,0.5882145306612286,0.632712228049559,0.6017005297089661,0.6180172523097499,0.6472373736154386,0.5777411703600516,0.6998909006357009,0.5939116213524224,0.6367533433406598,0.7695593892059511,0.6863536097248755,0.8133608889241464,0.7888427548817715,0.6711318742261121,0.8079095809971881,0.7978104967547739,0.9841238852069999,0.7702165649561192
0.8483724255951226,0.36745908148610307,0.794996024400731,0.8803133963081081,0.8638219671184302,0.8621455828118492,0.7754251802874488,0.9297816683355064,0.6492465613587951,0.0,0.8350913292949768,0.5649590287392133,0.6026690144291269,0.7464036195147439,0.8123809097287338,0.7749287040291853,0.8259959199034597,0.5880212060593659,0.7696897871594436,0.8055588196209199,0.780727504058042,0.512287747217429,0.5598952545799177,0.4510060842210886,0.3175946488830622,0.4741436367700071,0.6211358337666816,0.7598597817348296,0.6526903274687315,0.8713564657144798,0.6351074295086706,0.6567246991824097,0.8482287889068945,0.6881329843813521,0.6492080001261001,0.5964645962690645,0.9044916185980443,0.8860074213891445,0.7358922563646165,0.7049671875558917,0.7602147292688749,0.6507412989730832,0.7465625454418803,0.8176857216996987,0.8229463409940048,0.804110990566583,0.7547994942631409,0.7728662976786976,0.9102693017179452,0.8016000728977398,0.8682148274096473,0.6567052185137946,0.7711220732305375
0.7071658614278721,0.3942104053525184,0.7355568769820864,0.7749105634185257,0.8100326496672212,0.8463205770793358,0.6635170559283028,0.8658772046302721,0.6833432235901575,0.8350913292949768,0.0,0.661301869431996,0.6463019047108399,0.7906219447628657,0.8688064904742036,0.867256243757449,0.7339522235667835,0.6604931849556573,0.7446196168470108,0.7186460645092854,0.6943878715473873,0.5854323883148804,0.6141894476383943,0.5010522155839096,0.3860232446887096,0.5289584312164503,0.6514807664237224,0.7224724189737738,0.6420650850293623,0.7781043009230826,0.5777409618658277,0.6446639600791488,0.8169638785925837,0.6298595283224379,0.616427814305418,0.6146132914079746,0.7640731793539265,0.7452704896484974,0.7069368737216315,0.6717484312106758,0.66145515132995,0.6245210042013148,0.6547583492330957,0.7314471889019228,0.7803261401337117,0.713685682307751,0.7442739968100932,0.7778032766178327,0.7725054387677918,0.787544369307614,0.8336239621297554,0.6921835897368938,0.7213488013797514
0.5091398724808677,0.6664699510220778,0.644697836561152,0.6509784292364127,0.6633949258884954,0.6952070745274287,0.45954794628662377,0.6478761494275221,0.8449089311413451,0.5649590287392133,0.661301869431996,0.0,0.8193037571323428,0.8464993683109278,0.7963962283475104,0.7229210719373791,0.6562285220599969,0.7799939099170433,0.6398319931124385,0.6361136056024185,0.5980733666588237,0.7869708942832313,0.809793568880395,0.673302075714643,0.6011939839570262,0.7942031698082427,0.7000867459844545,0.7749579215732133,0.7300066856331188,0.6710908340315422,0.5148329632357175,0.6075263993703198,0.619236554515153,0.4888406929291879,0.5106340978454019,0.5416333293418296,0.5685460641535192,0.537932423039685,0.5452393187739158,0.6276829453240171,0.5180061172437651,0.6190514252490468,0.5302470524748196,0.6578204774644282,0.6743602983184275,0.630641678591777,0.6554299977835639,0.7087226759885272,0.5596225165354062,0.737825888003037,0.6168432226803096,0.95067669395132,0.7214930350211844
0.5362717770485136,0.6306331607374324,0.616094307455097,0.6240945553851155,0.6292114220421164,0.6581230936619301,0.45399591189696203,0.6710249882749213,0.8206707090876423,0.6026690144291269,0.6463019047108399,0.8193037571323428,0.0,0.8444721924296732,0.7161929213080034,0.7036046566513021,0.6399238034569518,0.8476843519627209,0.6212894872424073,0.6463633171188101,0.6085769911140595,0.7744671179923751,0.7663258666096038,0.6570906950785287,0.5458462185513647,0.7179603705207377,0.6789389349988468,0.7183670570396163,0.6715592708983681,0.6505318888389368,0.5182702154399748,0.6002284915385929,0.5832954633221324,0.5161152752490672,0.5426556539224218,0.5436771312466891,0.5308563458836457,0.5516248436681608,0.5334294749957825,0.6006907584666175,0.5008554326085665,0.6363254193234511,0.5184381244362724,0.5961676693840916,0.654665071394559,0.5928477242863426,0.670491980161967,0.666256485198173,0.5911027966597537,0.6818880287569834,0.6558797093926948,0.9935215451716043,0.6497551067051486
0.6657958335290941,0.6504860724498607,0.7933948072421418,0.78307195672676,0.7692064372471169,0.7992722787733612,0.5760974156598212,0.7846408428663325,0.9280952765604076,0.7464036195147439,0.7906219447628657,0.8464993683109278,0.8444721924296732,0.0,0.9198359900403407,0.8535741539825549,0.8128445954660775,0.7317649545584568,0.8289140998869533,0.8012716471576949,0.7420393679020945,0.8764132143286221,0.8093919112783844,0.7406338140714259,0.5200251850148053,0.7868421166272244,0.8191741668828361,0.9120041463403837,0.8788483651203176,0.8386790492701247,0.6486508676336518,0.78726519878645,0.7207388575088866,0.6381818313837506,0.6274282153771781,0.6487561528055364,0.7198245424963133,0.7303255333802465,0.7098145374932564,0.7297817000280452,0.6786609176569118,0.6908898311605024,0.651623654663059,0.7642139612569518,0.8322703258062789,0.7519739855384282,0.8242592049196092,0.8510109741796252,0.7306268215064206,0.8515307316255573,0.7983905403049905,0.9411123425528172,0.8510232787900066
0.6990785373077755,0.475493607399963,0.7938523256256729,0.8750620537300027,0.9066267563129848,0.866955200256129,0.7055239113403043,0.8551948731845694,0.7925991064101692,0.8123809097287338,0.8688064904742036,0.7963962283475104,0.7161929213080034,0.9198359900403407,0.0,0.9214391686320392,0.8102867311369943,0.7412790473460321,0.7465360630171769,0.7710824796181655,0.7439551898951428,0.6608314525068529,0.69881072267139,0.530353348218697,0.4231780323151872,0.633733259797889,0.6829110395719573,0.8674944773440703,0.7324343491598506,0.791843828954816,0.6041282220793911,0.6851436707611943,0.8269214021464638,0.5860940739839801,0.5980653662093423,0.6099507773872689,0.7568827263700227,0.7454126538941733,0.6835857305023896,0.7260389332512969,0.7056727740174965,0.6745297256082124,0.6693588393659535,0.8015028072885673,0.8715849920732254,0.7693579647323193,0.7911632350877065,0.8827756294716826,0.742897582818898,0.813936821016797,0.8489420804408946,0.7972498299674596,0.805458837513599
0.7031716369719886,0.46897642316943805,0.861403569803791,0.8082969599767212,0.8372151498236685,0.8869069873682031,0.631999253498585,0.8205094241695703,0.7730900767529342,0.7749287040291853,0.867256243757449,0.7229210719373791,0.7036046566513021,0.8535741539825549,0.9214391686320392,0.0,0.8330394549656942,0.7413833912585513,0.8087260267175953,0.869488344737044,0.8796022020332497,0.7420785857148786,0.7580648636567504,0.5695576881574058,0.44956582010588114,0.6687663878943976,0.7590966210654709,0.8568607101839957,0.7692408946766803,0.8902983423688606,0.7207104861722033,0.7618404963531229,0.8920910935339109,0.7018925186316337,0.6878871197625653,0.7020595562367065,0.7782817378548282,0.7731465306528953,0.7663268068541469,0.8780621411229168,0.6911736795594989,0.7199895057336998,0.7391882447020204,0.8149653155299308,0.8532014484891589,0.7697092700420786,0.845270841427481,0.7807436863668785,0.8112623052900794,0.8234276305141514,0.843995415645609,0.8175781367053894,0.8033317791611989
0.9027675792066876,0.42237363142742484,0.9262319917681087,0.8763122693634537,0.8436804755255592,0.9042244243082561,0.7278349217091635,0.8313920247065135,0.7621650202985941,0.8259959199034597,0.7339522235667835,0.6562285220599969,0.6399238034569518,0.8128445954660775,0.8102867311369943,0.8330394549656942,0.0,0.6118872560626185,0.9511816866718662,0.9110920789469914,0.8979252471022291,0.6052605483629881,0.6935957891367328,0.5390984634805415,0.36186774488207296,0.5534424874021376,0.726356782193149,0.8979574776120975,0.8179152182027611,0.9327704862517127,0.7811476973800234,0.8387805190777392,0.8616770626775402,0.8278710506834601,0.7870315404441346,0.7695884385262829,0.9788914592549396,0.9419300004885435,0.9013434050902007,0.9140722990802947,0.8901156543440387,0.8396030489393248,0.9138725265144096,0.8478794759405476,0.9827284226495229,0.9022221059565511,0.9045935186158823,0.8874704599670679,0.9949464646212884,0.8620238606531491,0.8642237085963607,0.6899177048087302,0.9144023185213478
0.5115409737563243,0.5114953330893031,0.6226434023254366,0.5869744209258638,0.6519658733006557,0.6934684945452305,0.46698558846704874,0.6420032964911659,0.7376562143590685,0.5880212060593659,0.6604931849556573,0.7799939099170433,0.8476843519627209,0.7317649545584568,0.7412790473460321,0.7413833912585513,0.6118872560626185,0.0,0.660463531488959,0.6635838296997679,0.6147328690397901,0.7184050263383209,0.7205652205835277,0.6159410063441062,0.5032960804251959,0.6143811408679244,0.7084199415880338,0.7413748643874697,0.601023086843064,0.6856285339989145,0.5617858326370737,0.5889640556116496,0.6747065399173399,0.5090432150832804,0.6390630729703154,0.6251199456136837,0.5887740358530789,0.5833658474408933,0.5756563759727813,0.7061567810776087,0.5250623700560981,0.667651376742596,0.579266838409822,0.5987991050850985,0.6932584557289557,0.6127354805088697,0.6726948761629616,0.6069119241205412,0.5849104720059817,0.6586276082617714,0.6156080013562798,0.9105682381194006,0.6450542259576999
0.9074010023792467,0.42612116138134776,0.9348671908111228,0.8923355160934899,0.8568584872055192,0.9013980611891159,0.7670965566225607,0.8704918066691649,0.7047985113696619,0.7696897871594436,0.7446196168470108,0.6398319931124385,0.6212894872424073,0.8289140998869533,0.7465360630171769,0.8087260267175953,0.9511816866718662,0.660463531488959,0.0,0.9696176100222402,0.9785538100559029,0.6823715543681217,0.6821753729374723,0.558048508524977,0.36218717191925753,0.554672850532635,0.7405296842215758,0.9852149841008114,0.762342091656378,1.0,1.0,0.9684623923145068,0.9467804593167389,0.9700195887016348,0.9859263240190668,0.9368695372534711,0.9966294614565784,0.98416786699014,1.0,0.9974838117795102,0.9254703580476472,0.9632003699695508,0.9679543359663974,0.8582900407439263,0.9766249297460536,0.9240468285241996,0.89848179086925,0.8321224576193615,1.0,0.8322348795688356,0.894648365197781,0.7275417393596291,0.9366314966496819
0.7798788746065218,0.44825857392372775,0.8769818874632241,0.844723001328248,0.8455883245647312,0.8767666430726174,0.6738476554060637,0.803893539540211,0.7316762321083012,0.8055588196209199,0.7186460645092854,0.6361136056024185,0.6463633171188101,0.8012716471576949,0.7710824796181655,0.869488344737044,0.9110920789469914,0.6635838296997679,0.9696176100222402,0.0,0.9326049185202503,0.6955720947488846,0.7020579509566054,0.5969377187925758,0.38432201091936247,0.6001476354851079,0.7493970721877399,0.945797409435919,0.7793600872194603,0.9851964958751157,0.870798091025316,0.9266322874739905,0.887797000820975,0.8635288341664935,0.8418684446387302,0.8481592482961232,0.897588384733594,0.8844690723446703,0.926980929530116,0.8930674559651905,0.8094643492027696,0.879655452598866,0.8860077912059808,0.8178260126145965,0.9069678306364937,0.9131318126502358,0.9083831569588,0.8425171885779366,0.9437825915047398,0.8210191702180033,0.8449463725706261,0.7042425958628475,0.891291589654592
0.8442026957348168,0.40413614442015194,0.9291642681252673,0.8699767962531796,0.8406276051986901,0.901760565335608,0.7120229861597056,0.8099555528567202,0.6999075852364559,0.780727504058042,0.6943878715473873,0.5980733666588237,0.6085769911140595,0.7420393679020945,0.7439551898951428,0.8796022020332497,0.8979252471022291,0.6147328690397901,0.9785538100559029,0.9326049185202503,0.0,0.6407369188595591,0.6895076943451398,0.5598092981917119,0.34990812162436946,0.5401258436351086,0.716071124038425,0.9216740581917483,0.7647422467587359,0.9720411557189136,0.915460638612559,0.8674096513168649,0.9542772010965807,0.8375031734249344,0.877688124134308,0.8938450273838089,0.9161251147127627,0.9634937244697722,0.9447289923196638,0.9214752756203655,0.8643807973141823,0.8775300797921157,0.9035401810793622,0.824953859985092,0.9776824163097734,0.9154669573350783,0.8927842502039222,0.8232194245354354,0.9822385367266784,0.8009782515192165,0.8843122122160071,0.7192371388945773,0.8581492450838516
0.457853022183393,0.7708329770758542,0.6116989022404733,0.5597638558886755,0.551897279057948,0.5856926008874503,0.4208843338267537,0.6042513593078056,0.7833850840424161,0.512287747217429,0.5854323883148804,0.7869708942832313,0.7744671179923751,0.8764132143286221,0.6608314525068529,0.7420785857148786,0.6052605483629881,0.7184050263383209,0.6823715543681217,0.6955720947488846,0.6407369188595591,0.0,0.9878828110992262,0.9536789484234555,0.7464237539405288,1.0,0.9417985892251122,0.8320076010966104,0.8322534728959547,0.7194801436298525,0.5823484362158869,0.6896877076591529,0.596295053566481,0.5876732527758092,0.5651364243437342,0.5901087701762662,0.5320010971937749,0.5234732004290269,0.5803462233334293,0.7130316835722983,0.4629303177882198,0.6092039663630989,0.49728807942409553,0.6131886803382308,0.6614706285775201,0.5936404146045816,0.6682582032912583,0.6368873653482312,0.5281719296394745,0.6813450063575486,0.5822352495977678,0.8925628405486853,0.6768898233183094
0.5257622271308066,0.7351855648078948,0.643829696404376,0.6392928112333249,0.6008132295393547,0.667229517232835,0.48780376454676266,0.661435199482434,0.7806998925407898,0.5598952545799177,0.6141894476383943,0.809793568880395,0.7663258666096038,0.8093919112783844,0.69881072267139,0.7580648636567504,0.6935957891367328,0.7205652205835277,0.6821753729374723,0.7020579509566054,0.6895076943451398,0.9878828110992262,0.0,0.8985510027653515,0.6651319796873094,0.9650772815453251,0.9158224576893914,0.8759384111793567,0.8681801255441618,0.734781594353086,0.5759844262245071,0.7124870765742035,0.6702720590966593,0.631112727734692,0.5646731511957627,0.5837305242789976,0.6066369304840021,0.5610422830571253,0.617248881191443,0.7322629784841883,0.5203382543606447,0.5837674556292262,0.5462405066358025,0.6369934782700141,0.7149245941718282,0.6138874370953529,0.6562631897536282,0.6745511110561551,0.5568931207551681,0.6784307222812123,0.5746358677869502,0.8820276194086468,0.7447507344225602
0.39255050631962785,0.7776698863964671,0.5047341747601956,0.4977077853757936,0.45835588438421637,0.47417696449653096,0.3444924114530724,0.5103412312031258,0.699493180017849,0.4510060842210886,0.5010522155839096,0.673302075714643,0.6570906950785287,0.7406338140714259,0.530353348218697,0.5695576881574058,0.5390984634805415,0.6159410063441062,0.558048508524977,0.5969377187925758,0.5598092981917119,0.9536789484234555,0.8985510027653515,0.0,0.7278239483921447,0.8990123662916533,0.8070090483018321,0.6817843979686226,0.740158148427755,0.6064730757353796,0.5081830156210243,0.5925686795047221,0.4939412503398128,0.5499563595397249,0.5000990094982608,0.5410461447891051,0.4342146379600433,0.43210221522231396,0.47169626627815053,0.5942448137966826,0.401387533939216,0.5096326461215522,0.4126614470980224,0.46724333044440697,0.5469703326666666,0.4901636473103891,0.5446436192768156,0.5303946410177739,0.4449191406727081,0.5506525309841093,0.4906530995027586,0.7517839306840877,0.5695514864941112
0.26142734815970764,0.8051588451793347,0.3527543365080109,0.3390869158201934,0.34118651205374245,0.36036035470472694,0.25898082629157654,0.3630003370316821,0.5113728422298981,0.3175946488830622,0.3860232446887096,0.6011939839570262,0.5458462185513647,0.5200251850148053,0.4231780323151872,0.44956582010588114,0.36186774488207296,0.5032960804251959,0.36218717191925753,0.38432201091936247,0.34990812162436946,0.7464237539405288,0.6651319796873094,0.7278239483921447,0.0,0.8328000207827512,0.5750044749487594,0.4716406744896055,0.49699657915932177,0.38774123075095773,0.32970317564933904,0.3851233859145675,0.3554233643091131,0.3255163944470162,0.3117190406184595,0.33972271298918966,0.30675375869621146,0.28930585569575096,0.3101360850205273,0.39450251185159146,0.2726868167596453,0.33249129651576814,0.2895355497477139,0.34209552021549905,0.37603960768563544,0.34027114538594927,0.3600745577023855,0.3787034856750009,0.2874789981101169,0.38340037688451983,0.3271816665553632,0.5804414340637397,0.39911127702736693
0.4187039463262921,0.9222973424837823,0.567760835966899,0.5520724248854906,0.5138636553449107,0.5574459082032074,0.40088927515956607,0.5462428111426163,0.7584784746568457,0.4741436367700071,0.5289584312164503,0.7942031698082427,0.7179603705207377,0.7868421166272244,0.633733259797889,0.6687663878943976,0.5534424874021376,0.6143811408679244,0.554672850532635,0.6001476354851079,0.5401258436351086,1.0,0.9650772815453251,0.8990123662916533,0.8328000207827512,0.0,0.8406096451140634,0.7270732714710023,0.8410806563731171,0.6161200417775449,0.4852448138301679,0.5751798141921417,0.5352578968294405,0.49936612202977515,0.4457838173293738,0.47491205476127213,0.4895213904367028,0.4514303980887771,0.47870046772655556,0.5776951556240291,0.4140153818372246,0.4814409675302834,0.4330214551977772,0.5338515966041484,0.5784833824392376,0.5215604848934533,0.5523530156637123,0.6270327736493952,0.454865487264907,0.5625356200677233,0.5009519652988412,0.798171923337895,0.6531196063961996
0.5567468770163522,0.6215011127220781,0.6848936403209014,0.6571222252541162,0.6400430397283661,0.7137953463891147,0.5202153148258307,0.6582958316403644,0.6516597598157146,0.6211358337666816,0.6514807664237224,0.7000867459844545,0.6789389349988468,0.8191741668828361,0.6829110395719573,0.7590966210654709,0.726356782193149,0.7084199415880338,0.7405296842215758,0.7493970721877399,0.716071124038425,0.9417985892251122,0.9158224576893914,0.8070090483018321,0.5750044749487594,0.8406096451140634,0.0,0.852080583864356,0.8687541652557155,0.791852648062716,0.6628497118847718,0.7271949693056299,0.7689657255036589,0.7384173594769692,0.6141618155052816,0.6621806279346842,0.6569645047174357,0.6313192734530553,0.6682875589215556,0.8167880977209879,0.5675724800661669,0.6118469017778286,0.6062042752409667,0.6855027934240011,0.741270664133473,0.6981029387552135,0.6898933574582453,0.7116278289412957,0.6105569362085785,0.6525018192823331,0.6000279529233085,0.7643048700505288,0.7680114928222183
0.7335292881185648,0.5433149068024696,0.9224295552412176,0.9172200247528509,0.8638243750458567,0.8708575677538175,0.6550863003399138,0.8536719664259649,0.7797793311961313,0.7598597817348296,0.7224724189737738,0.7749579215732133,0.7183670570396163,0.9120041463403837,0.8674944773440703,0.8568607101839957,0.8979574776120975,0.7413748643874697,0.9852149841008114,0.945797409435919,0.9216740581917483,0.8320076010966104,0.8759384111793567,0.6817843979686226,0.4716406744896055,0.7270732714710023,0.852080583864356,0.0,0.9853421887980071,1.0,0.8056792828581669,0.9170734633169362,0.8554855918147742,0.7843502578920472,0.8070598931580605,0.8302482521859035,0.8636516079566326,0.8581071215328686,0.85504869197091,0.988175599396536,0.8251291862331553,0.8656339000147327,0.7872012703941831,0.857678332012974,0.9447614421124927,0.9243580117594679,0.9174160076983724,0.8810982268294697,0.86209713326916,0.8432711403453867,0.8212983588335946,0.8893699815171955,0.8972014762926033
0.6297055127231732,0.6298504737002354,0.7492459036379234,0.7215799297878052,0.7304545339911294,0.7205589772292254,0.552615399927724,0.7335924730149714,0.8040820966200866,0.6526903274687315,0.6420650850293623,0.7300066856331188,0.6715592708983681,0.8788483651203176,0.7324343491598506,0.7692408946766803,0.8179152182027611,0.601023086843064,0.762342091656378,0.7793600872194603,0.7647422467587359,0.8322534728959547,0.8681801255441618,0.740158148427755,0.49699657915932177,0.8410806563731171,0.8687541652557155,0.9853421887980071,0.0,0.8584909434153453,0.6395297229061224,0.7633028849926923,0.764944483193315,0.7097577541289731,0.5827312336120807,0.6070293299968923,0.7060685196263414,0.6901294564922206,0.7574938426958473,0.7726813906043933,0.6627796305176956,0.6599629303338155,0.6350355920917898,0.7306521860104537,0.8126478221325557,0.7840457102938001,0.7583143532634756,0.8521437526786284,0.7354960256850066,0.7314935779996348,0.6869764135495422,0.8119272149252047,0.8712078095183643
0.8423005538857007,0.4485588665643302,0.9512902848857765,0.9583683827288472,0.9000128846950218,0.9317511497755501,0.8003819614591975,0.9228214326098388,0.717604313055337,0.8713564657144798,0.7781043009230826,0.6710908340315422,0.6505318888389368,0.8386790492701247,0.791843828954816,0.8902983423688606,0.9327704862517127,0.6856285339989145,1.0,0.9851964958751157,0.9720411557189136,0.7194801436298525,0.734781594353086,0.6064730757353796,0.38774123075095773,0.6161200417775449,0.791852648062716,1.0,0.8584909434153453,0.0,0.8956988281217766,0.9716126245642493,0.958554474443383,0.9050092174833254,0.8607316120455878,0.8005228803694763,1.0,0.9711313713390254,0.9843495669002171,1.0,0.9409134861164885,0.8316178636137355,0.917341387175019,0.9489502585383477,0.9939338145867832,0.9588584963398045,0.8907829554003364,0.8612608453907598,0.9445718096437625,0.8278468239131552,0.8768540436348006,0.7643897765315056,0.9691470107994101
0.8188814873202837,0.36802026580336794,0.7973938515342264,0.7633718691132746,0.7097151956901239,0.7957634021924547,0.6843651052956159,0.7412412165923726,0.5686228368428247,0.6351074295086706,0.5777409618658277,0.5148329632357175,0.5182702154399748,0.6486508676336518,0.6041282220793911,0.7207104861722033,0.7811476973800234,0.5617858326370737,1.0,0.870798091025316,0.915460638612559,0.5823484362158869,0.5759844262245071,0.5081830156210243,0.32970317564933904,0.4852448138301679,0.6628497118847718,0.8056792828581669,0.6395297229061224,0.8956988281217766,0.0,0.8715079558638803,0.8400954178651177,0.8408358331824778,0.9160482311422626,0.9103014407745363,0.7947872580392408,0.8848978932583861,0.8893541279595123,0.9612686734596873,0.8743226220765334,0.8421468129009057,0.868726467099239,0.7612169400335946,0.874295396721792,0.8843713199839477,0.782677024437762,0.6831925228456132,0.8407010889020002,0.6613240816209135,0.7035618264609512,0.5956578963105109,0.7443486267684309
0.7580801086757589,0.4376240644528559,0.8912156065816376,0.786140521008215,0.7528001028657063,0.7887443494726893,0.6717791211127183,0.7713346917092623,0.6701529478186433,0.6567246991824097,0.6446639600791488,0.6075263993703198,0.6002284915385929,0.78726519878645,0.6851436707611943,0.7618404963531229,0.8387805190777392,0.5889640556116496,0.9684623923145068,0.9266322874739905,0.8674096513168649,0.6896877076591529,0.7124870765742035,0.5925686795047221,0.3851233859145675,0.5751798141921417,0.7271949693056299,0.9170734633169362,0.7633028849926923,0.9716126245642493,0.8715079558638803,0.0,0.8334353163479102,0.8517985327498984,0.843863305946946,0.8055769986084178,0.8602959621798616,0.8296259203157872,0.8844356432911092,0.909098769493148,0.7848588673871821,0.8411939535269778,0.8109574457995264,0.7584865778571305,0.8554309000959418,0.8514871721080687,0.8577590413068416,0.7984868290435937,0.886823060974364,0.7727939640602907,0.7889201870426212,0.6828189799281748,0.8080182492695732
0.8368772093066351,0.4028222959885047,0.9044528028994586,0.9844933358795113,0.9222911503650002,1.0,0.8880518288012721,0.9374713838150016,0.6130155697272663,0.8482287889068945,0.8169638785925837,0.619236554515153,0.5832954633221324,0.7207388575088866,0.8269214021464638,0.8920910935339109,0.8616770626775402,0.6747065399173399,0.9467804593167389,0.887797000820975,0.9542772010965807,0.596295053566481,0.6702720590966593,0.4939412503398128,0.3554233643091131,0.5352578968294405,0.7689657255036589,0.8554855918147742,0.764944483193315,0.958554474443383,0.8400954178651177,0.8334353163479102,0.0,0.8429091773897531,0.8155630583852113,0.7770756117347853,0.95106173974665,0.9957624891245056,0.953693966793565,0.9895864835104008,0.9307591064773062,0.7794931402874729,0.950967481484524,0.9715872291435925,0.9920414867314109,0.9549620519836265,0.8171820533738218,0.8180865356826263,0.9237084601480324,0.7546673393522236,0.8114927362353725,0.6569406976056408,0.9145836739338722
0.7455179100221324,0.3643081691113161,0.7823062680360025,0.7455068073089607,0.6908807611499176,0.7062410239895941,0.6523889534351505,0.7278662514735806,0.5307486668421605,0.6881329843813521,0.6298595283224379,0.4888406929291879,0.5161152752490672,0.6381818313837506,0.5860940739839801,0.7018925186316337,0.8278710506834601,0.5090432150832804,0.9700195887016348,0.8635288341664935,0.8375031734249344,0.5876732527758092,0.631112727734692,0.5499563595397249,0.3255163944470162,0.49936612202977515,0.7384173594769692,0.7843502578920472,0.7097577541289731,0.9050092174833254,0.8408358331824778,0.8517985327498984,0.8429091773897531,0.0,0.8225455197243198,0.7945477730677724,0.8774573182932448,0.8993079688112732,0.898742600848691,0.8496104539377612,0.7968536677269478,0.7383515696651374,0.8088938803061464,0.776322561709254,0.7495882132525069,0.7617977624068129,0.7339452444397867,0.6828994135314241,0.8063895864704304,0.6859121326893569,0.6819881034007603,0.5751729511257258,0.7525396067453295
0.8011932072145833,0.340996226427613,0.8079424303223502,0.7617981485674881,0.7113582282548133,0.7373117974188743,0.6252877135748925,0.6991819206273121,0.605094798052035,0.6492080001261001,0.616427814305418,0.5106340978454019,0.5426556539224218,0.6274282153771781,0.5980653662093423,0.6878871197625653,0.7870315404441346,0.6390630729703154,0.9859263240190668,0.8418684446387302,0.877688124134308,0.5651364243437342,0.5646731511957627,0.5000990094982608,0.3117190406184595,0.4457838173293738,0.6141618155052816,0.8070598931580605,0.5827312336120807,0.8607316120455878,0.9160482311422626,0.843863305946946,0.8155630583852113,0.8225455197243198,0.0,0.9380261946901309,0.8140520124138609,0.8999426107751821,0.9123387245703646,0.8966726531561459,0.8194550717772182,0.9374773059101034,0.9154958922482715,0.7288274398626433,0.8263889281927276,0.8142242955184996,0.8363495893653906,0.665752351494649,0.9043457506714874,0.7005559720580062,0.7778106123062575,0.6454107511545223,0.7301797993243417
0.6846201486601672,0.3637018164383171,0.8070897030046746,0.7038972281572091,0.6480734103570644,0.7358321871955427,0.5646474322303972,0.6729713840311865,0.5882145306612286,0.5964645962690645,0.6146132914079746,0.5416333293418296,0.5436771312466891,0.6487561528055364,0.6099507773872689,0.7020595562367065,0.7695884385262829,0.6251199456136837,0.9368695372534711,0.8481592482961232,0.8938450273838089,0.5901087701762662,0.5837305242789976,0.5410461447891051,0.33972271298918966,0.47491205476127213,0.6621806279346842,0.8302482521859035,0.6070293299968923,0.8005228803694763,0.9103014407745363,0.8055769986084178,0.7770756117347853,0.7945477730677724,0.9380261946901309,0.0,0.7486222384749904,0.8079928620855342,0.8401031579943827,0.9440763216031766,0.7541677203771233,0.8912428515805996,0.7988096375640993,0.7038324286883875,0.797660041757401,0.7912690873436168,0.7718184786239859,0.615007919387855,0.8178244284286885,0.7211249913821964,0.7351736798395454,0.6446928653704237,0.6994161322794692
0.9737864938898214,0.35488911730437384,0.8563331624550445,0.9906108213000052,0.9246976905337532,0.9555775918521066,0.9205120077771822,0.8835534856384036,0.632712228049559,0.9044916185980443,0.7640731793539265,0.5685460641535192,0.5308563458836457,0.7198245424963133,0.7568827263700227,0.7782817378548282,0.9788914592549396,0.5887740358530789,0.9966294614565784,0.897588384733594,0.9161251147127627,0.5320010971937749,0.6066369304840021,0.4342146379600433,0.30675375869621146,0.4895213904367028,0.6569645047174357,0.8636516079566326,0.7060685196263414,1.0,0.7947872580392408,0.8602959621798616,0.95106173974665,0.8774573182932448,0.8140520124138609,0.7486222384749904,0.0,1.0,0.9831293786649534,0.9083017667508598,0.9598543749231653,0.8350542069360243,0.9781321464217766,0.9657864411778927,0.9306903410869882,0.9781141933600832,0.8763097259742404,0.8810544269975822,1.0,0.7770294270278731,0.8771395107223547,0.620447638851181,0.9216903761361298
0.9844989434269489,0.3447264209052922,0.9218546225283899,0.8839139064180723,0.8186334990904355,0.9011445412567577,0.8444102375688772,0.9076576742089775,0.6017005297089661,0.8860074213891445,0.7452704896484974,0.537932423039685,0.5516248436681608,0.7303255333802465,0.7454126538941733,0.7731465306528953,0.9419300004885435,0.5833658474408933,0.98416786699014,0.8844690723446703,0.9634937244697722,0.5234732004290269,0.5610422830571253,0.43210221522231396,0.28930585569575096,0.4514303980887771,0.6313192734530553,0.8581071215328686,0.6901294564922206,0.9711313713390254,0.8848978932583861,0.8296259203157872,0.9957624891245056,0.8993079688112732,0.8999426107751821,0.8079928620855342,1.0,0.0,0.9995265448648482,0.9133579913917096,1.0,0.9061869959838869,0.993563734124136,0.8839539338438209,0.9385574380145556,0.9258765391695675,0.8892556864802605,0.8995553907630778,1.0,0.8261602539131863,0.9151747654413983,0.5865612332621231,0.818964167778088
0.8911888609077767,0.3710045170396325,0.8673085209475618,0.8932710826214215,0.8299710010333485,0.8857591231456667,0.8205884622442057,0.792191328387895,0.6180172523097499,0.7358922563646165,0.7069368737216315,0.5452393187739158,0.5334294749957825,0.7098145374932564,0.6835857305023896,0.7663268068541469,0.9013434050902007,0.5756563759727813,1.0,0.926980929530116,0.9447289923196638,0.5803462233334293,0.617248881191443,0.47169626627815053,0.3101360850205273,0.47870046772655556,0.6682875589215556,0.85504869197091,0.7574938426958473,0.9843495669002171,0.8893541279595123,0.8844356432911092,0.953693966793565,0.898742600848691,0.9123387245703646,0.8401031579943827,0.9831293786649534,0.9995265448648482,0.0,0.9690585789213971,0.8981736360266149,0.8798329363698983,0.9843684893356486,0.8769542034583573,0.9616291201459529,0.9295560887781743,0.8971726404609182,0.7995766818319553,0.9609400862792613,0.7249724627010082,0.825339044670664,0.6262441452465789,0.8732023900861503
