Cingulate area 2,Frontal association cortex,Cornu ammonis 3,Dentate gyrus,Cornu ammonis 2,Cornu ammonis 1,Fasciola cinereum,Subiculum,Postrhinal cortex,Presubiculum,Parasubiculum,Perirhinal area 35,Perirhinal area 36,Medial entorhinal cortex,Lateral entorhinal cortex,Primary auditory area,"Secondary auditory area, dorsal part","Secondary auditory area, ventral part","Piriform cortex, layer 1","Piriform cortex, layer 2","Piriform cortex, layer 3",Ventrolateral orbital area,Lateral orbital area,Ventral orbital area,Medial orbital area,Dorsolateral orbital area,Prelimbic area,Secondary motor area,Frontal association area 3,Primary motor area,"Agranular insular cortex, ventral area",Agranular insular cortex dorsal area,Cingulate area 1,Infralimbic area,Dysgranular insular cortex,Granular insular cortex,"Primary somatosensory area, forelimb representation","Primary somatosensory area, dysgranular zone","Primary somatosensory area, face representation",Secondary somatosensory area,"Primary somatosensory area, hindlimb representation","Agranular insular cortex, posterior area","Primary somatosensory area, barrel field",Retrosplenial dysgranular area,"Primary somatosensory area, trunk representation",Retrosplenial granular area,"Parietal association cortex, lateral area","Parietal association cortex, medial area","Parietal association cortex, posterior area",Primary visual area,"Secondary visual area, lateral part",Temporal association cortex,"Secondary visual area, medial part"
0.0,0.32202896408202114,0.9618052293259489,0.8095843733728602,0.8403098804766498,0.8093077387569023,0.7969798457383644,0.7955024938132506,0.7020519400764726,0.8853933205191268,0.7497092276704608,0.8415189203307396,0.7918391417832534,0.6644119081532852,0.7911072175815624,0.8211824041190134,0.8026594731778058,0.8586302281826204,0.8727942474152902,0.8243380620134311,0.887681974542888,0.46484877254549956,0.4863394254180445,0.3726715053651052,0.251124279827389,0.4893991556199027,0.6861308773878477,0.6837439738553928,0.7177233647603092,0.8424335909659483,0.8230099208557432,0.6368646750848578,0.9651107936962671,0.9338203520886749,0.9191373250045247,0.9385323693927682,0.8712195215551176,0.863257490680138,0.926068316336961,0.8628663105059634,0.7852591640909309,0.8265661813016476,0.8792251994931761,0.8020951428518298,0.9130523079879012,0.7768343355355793,0.7693927362542665,0.6435592022296774,0.9117179699326673,0.8250328004494377,0.806196373857737,0.7549193304293461,0.8106602831187854
0.32202896408202114,0.0,0.34208880948817955,0.3636952626696511,0.38083068622047367,0.36793403350303655,0.38533221020155617,0.3977536045377311,0.3413613264052748,0.3534377067454486,0.32955930726000726,0.30849199969501656,0.31815615981683737,0.3543175659358365,0.32186361517243206,0.3048039220533108,0.32501145895909983,0.3450557106676679,0.3721695168854666,0.353497233494173,0.33550854281854214,0.902325174179136,0.7993976030552236,0.8583172970926803,0.8909263132442596,0.8037547678179263,0.558104514450505,0.6328082020646308,0.508025766390661,0.46649659112793845,0.47198706111055705,0.6448342065037357,0.2920120834454633,0.26884755260749876,0.35985686648677656,0.3713207849716444,0.3061445526920047,0.25239915671689916,0.37211731164403605,0.4141584968174298,0.36234656246636243,0.3317540706483721,0.3038842703510768,0.3784180732489587,0.3365276177422063,0.3542469555332037,0.3253265788749912,0.28566719636357996,0.3056051212555056,0.3566465870338498,0.4330645279588159,0.3475877725704021,0.33937744708977197
0.9618052293259489,0.34208880948817955,0.0,0.9289481617370675,0.9443612812976603,0.9079091934445427,0.9029011708648617,0.8960657353847121,0.8291801849229975,0.928707406852317,0.8458643307820432,0.9397768351912816,0.8845272384281796,0.7578502980808645,0.9658362031620594,0.9564618209510828,0.9945946941407483,0.9397378814863753,0.9721452248458021,0.9486840164060694,0.980212737848118,0.5016429884103232,0.5310177754632092,0.393573667012106,0.25900427544571936,0.5559273293330711,0.7246842646186983,0.7140382072865705,0.8456295317982897,0.932341640197644,0.9329820645079866,0.7540652430186087,0.8700268296113817,0.9046374250118615,1.0,0.9811901116433214,0.9865491812405541,0.9030369891192821,1.0,0.9776682058738662,0.9506479890659967,0.9471126146846163,0.9529050461149923,0.9147144708809721,0.9824524793067624,0.9375651452111691,0.9377638246467328,0.7947822818425729,0.9319438001429258,0.9865872311208669,0.9250038250925823,0.9229007847608894,0.9719649460850367
0.8095843733728602,0.3636952626696511,0.9289481617370675,0.0,0.868835981384648,0.9056372977558569,0.8240569926665313,0.8366983816931216,0.8723596109782842,0.9357893834869471,0.8432550086918156,0.8383027848652701,0.8447823344284052,0.7332611700150216,0.8983608674716516,0.9327987955559531,0.9256570669756583,0.9340881287057086,0.9387518498699016,0.8795982332277219,0.8964967115246911,0.5083248991072595,0.5574956041001398,0.41323664983696934,0.2783608019129108,0.5464743877771822,0.7517731154875651,0.7178692366200421,0.8267712756550559,0.9474370519326689,0.8763773779543049,0.7311434957991639,0.8364353338883402,0.8148004204314,0.9484500734207479,0.9234704170791409,0.9469524244106544,0.8494029743898595,0.9246057177264685,0.9420777643563009,0.9447330631925377,0.9440452344064649,0.9154542212464596,0.8222651960925601,0.8792197420230065,0.9638514507149595,0.8447011602116506,0.8006736225504024,0.8289752740449201,0.9176402099954759,0.8240834214278692,0.788438170593691,0.9493687994912088
0.8403098804766498,0.38083068622047367,0.9443612812976603,0.868835981384648,0.0,0.9775185965193463,0.9095006411753992,0.9009452822169125,0.813601997111488,0.9648282983668829,0.8223477536274411,0.8436615635718084,0.8829100821489307,0.7603168146115531,0.8825826874952203,0.904809837586268,0.9629821266056221,0.9586968354327242,0.9190046591549469,0.9548395733516063,0.894488411686646,0.5636382161919167,0.6084762525402155,0.4445701742569518,0.2811009016663311,0.6226808733868103,0.857347328264232,0.8074539520904155,0.8789278866106499,1.0,0.9863133249976745,0.8564261295482677,0.7982698722252684,0.8350925687440962,0.9685110595456409,0.97182854961908,0.8857339443234205,0.8307141464774038,0.9327606928053527,0.9354607370723498,0.8943798113630356,0.8733465728893274,0.8750431876499456,0.9033954486316362,0.8966622237222384,0.8723127408969866,0.8080044680265621,0.6677407677027153,0.887760280100439,0.9905811992522179,0.9512714106013144,0.8313705648769074,0.8204460770429457
0.8093077387569023,0.36793403350303655,0.9079091934445427,0.9056372977558569,0.9775185965193463,0.0,0.8793315131761416,0.9121818864352648,0.8058542962219644,0.9328665091696849,0.7974634840437066,0.859907619209377,0.9019836508677976,0.7141918158015155,0.8660174017691963,0.9331737266771423,0.9429763611986621,0.9137467446584685,0.8974532841918946,0.9420212505597038,0.9253942346031085,0.544908336855544,0.5588195535303206,0.4269134952000629,0.2800672841011647,0.585348418428541,0.8248297173122275,0.7552930801577483,0.8790954048058651,0.9456951428562677,0.9609950652058303,0.7432978415434918,0.8269850084163661,0.8578152445450073,0.964809269025212,0.9583564589595404,0.9124093237263209,0.8260303106323712,0.8911589571291957,0.9482870888306676,0.9234419370719991,0.9130310081361193,0.9502286247939375,0.9112011182488859,0.9707200147299998,0.9032340885943498,0.8568858850032165,0.7797864778446096,0.8125066288210822,0.9316820060353798,0.8765071666691322,0.8597105215630967,0.9454598024572953
0.7969798457383644,0.38533221020155617,0.9029011708648617,0.8240569926665313,0.9095006411753992,0.8793315131761416,0.0,0.8147571374958691,0.7328674826918216,0.8742358376646345,0.7186256026831132,0.7612848776050217,0.7492595584905056,0.6759455994859711,0.7636419190476145,0.7793908197231453,0.7961106041501649,0.842701215368424,0.8866182960720912,0.8678332825892175,0.8202898526408855,0.5915352140039153,0.6290700981399653,0.4605693974124943,0.2904177029552401,0.6153159858987707,0.821243303545361,0.7489489001600218,0.8756457506939721,0.867004194529987,0.890878685432467,0.8191159785520532,0.7273239871053151,0.6891157731695705,0.8881181700881502,0.9247203171607801,0.7200144923401842,0.66171387589901,0.844662754956326,0.8414591210273981,0.8481366121396516,0.8242107998292799,0.7772012752841108,0.7881926688896919,0.834514668584736,0.8328085693886674,0.7853980986639135,0.6779931456437445,0.7475698354848215,0.8428889360162961,0.862645327931422,0.7706120776858847,0.7982696382465079
0.7955024938132506,0.3977536045377311,0.8960657353847121,0.8366983816931216,0.9009452822169125,0.9121818864352648,0.8147571374958691,0.0,0.9501501178965939,0.9554633287850122,0.8972737837208863,0.8865732493030386,0.9119776338655011,0.8529705177949998,0.9073507822234379,0.9181050897384475,0.9278766884934169,0.9292215872472469,0.8223816720263993,0.8682556022998648,0.819161228079892,0.5722695264705067,0.6180615311413015,0.46290278333977924,0.2963078071573264,0.6466545706375595,0.8122043668130482,0.779838115103911,0.8429109728739324,0.8957796326094314,0.8674890033522759,0.8147323624903117,0.7986214848290948,0.8211616831838285,0.9114548598540791,0.9808117858127161,0.8559892972440762,0.7417835640863569,0.8909084937455443,0.9164614905388742,0.8554001257659071,0.8440888481728377,0.8472035980637646,0.9210072658882779,0.9203562275715954,0.9319524086950011,0.8704678385742424,0.7169725000468337,0.7897559180255163,0.9136633732926975,0.9009314875067526,0.85920904325127,0.9267432349835591
0.7020519400764726,0.3413613264052748,0.8291801849229975,0.8723596109782842,0.813601997111488,0.8058542962219644,0.7328674826918216,0.9501501178965939,0.0,0.9404205573816321,0.993907123467406,0.8667201168658011,0.9066764329994563,0.9445210395962319,0.9715853377892015,0.9314538828035834,0.8566271036294196,0.9138932997943567,0.773487085506062,0.7835590239979303,0.7193085759854808,0.48352269485987664,0.512532854477185,0.3795213245343093,0.26166983184670606,0.5621738185946643,0.6914272519746639,0.6641431331554941,0.7141883416250164,0.8410579664049711,0.7697914786063738,0.7586390548766481,0.6783702821501051,0.7229891314594776,0.8557698323861278,0.8275881768300235,0.762389691637611,0.652459897527893,0.8113620268885926,0.8438483014007657,0.7658950049192215,0.8385411000474001,0.7495941979331202,0.8500550402892167,0.8635430724094817,0.9211535223676538,0.7766921781008201,0.6647421748769672,0.7115862181752286,0.9224589661517066,0.8604714013534863,0.9500923193543506,0.8818508802145235
0.8853933205191268,0.3534377067454486,0.928707406852317,0.9357893834869471,0.9648282983668829,0.9328665091696849,0.8742358376646345,0.9554633287850122,0.9404205573816321,0.0,0.9500885985198096,0.9595250309768235,0.9056112007048019,0.8322995537439154,1.0,0.981414934535275,0.960862485020566,0.9633139314775226,0.8451522807222828,0.9390564572678183,0.902466862151403,0.5315436818976226,0.5828662011240314,0.44500438614726856,0.27448947139762675,0.5939315922740299,0.8300773667255057,0.7830191804683709,0.8288521355424168,0.9524917275121371,0.9466945470114323,0.8555359748520013,0.8574126855059031,0.8720112464773088,0.9406610615888217,0.9510390358663157,0.8880124621603934,0.8485964071100464,0.8635211242849319,0.9437550888684128,0.9046762270451745,0.8960779230546869,0.8963472544527813,0.8882903260400223,0.9449535549328052,0.9761520095206417,0.9685468723144157,0.7088950257870609,0.8101141690011813,1.0,0.9958712987957599,0.9639475748444353,0.928388679489706
0.7497092276704608,0.32955930726000726,0.8458643307820432,0.8432550086918156,0.8223477536274411,0.7974634840437066,0.7186256026831132,0.8972737837208863,0.993907123467406,0.9500885985198096,0.0,0.8491479947673056,0.8699897235646602,0.9182189822568797,0.9514652696954234,0.9422988700855018,0.8891299169860349,0.890148774098957,0.7458208639805979,0.8074478563465556,0.7299307153114009,0.4919125445578786,0.5215359260710191,0.38631562904907535,0.25885877401890284,0.567969087869541,0.6630136949652011,0.6119359512900481,0.6991980058835331,0.7462940487807578,0.7829396944970685,0.7186235325969024,0.654507721052574,0.7683894531971747,0.8308057052722023,0.7911907594573558,0.785864161258288,0.6898324036231354,0.772182756895621,0.831256167116898,0.8003266754454398,0.7800148505939631,0.7728084035572119,0.7976807770286634,0.8374099817777667,0.8799239186056556,0.793761486345908,0.6280816342773876,0.7110924219353969,0.9522679976973928,0.893788071751911,0.9872159065590496,0.9178392718104527
0.8415189203307396,0.30849199969501656,0.9397768351912816,0.8383027848652701,0.8436615635718084,0.859907619209377,0.7612848776050217,0.8865732493030386,0.8667201168658011,0.9595250309768235,0.8491479947673056,0.0,0.8416258917360276,0.7749255318889668,0.9130988562613228,0.9522138688025391,0.8953776343988702,0.9302547986137969,0.8557322842656228,0.8245757398771072,0.879541244524871,0.46079508475069425,0.5049631738906872,0.36331188962570726,0.24104088372825627,0.5151728014801624,0.6898692411103017,0.6363199104417839,0.6954644970321449,0.8089883841394002,0.7763689876506686,0.660505966504743,0.8280862827325156,0.8922062463196448,0.8912475598491328,0.9229435495684309,0.9028112713228443,0.7529849056964573,0.8215772378815439,0.8988485025140633,0.851681366982273,0.8802162632651956,0.8661633577792047,0.8191271364239942,0.9150149952014069,0.9075454390251266,0.8430371157950832,0.725481280294814,0.8875221605992724,0.9035912536115677,0.9008046804532752,0.9030692730925179,0.8638295481731046
0.7918391417832534,0.31815615981683737,0.8845272384281796,0.8447823344284052,0.8829100821489307,0.9019836508677976,0.7492595584905056,0.9119776338655011,0.9066764329994563,0.9056112007048019,0.8699897235646602,0.8416258917360276,0.0,0.7382904066814591,0.947901371206914,0.9815104443809801,0.977143930812812,0.9596777912020902,0.8743955950519768,0.8966926058435372,0.8988798085668925,0.4665953566919614,0.5072364029027643,0.36389155312686283,0.2487029576633665,0.5163882878733852,0.7062230435951087,0.6665228751707202,0.7778933890926373,0.8630644536634999,0.7883450563918316,0.7234577167961501,0.7461888944645393,0.7652694166657545,0.9124848219429601,0.920996816119692,0.8968926815743982,0.7967591382337659,0.8737029813940312,0.8830519604588984,0.8382825605803127,0.8884183653615422,0.8603687158590675,0.852826507594561,0.9061346450977917,0.9131927504069057,0.8695607163166835,0.8191322461322154,0.7824421562052841,0.9503754610825489,0.8595398588725149,0.8592977331495312,0.8885950422489447
0.6644119081532852,0.3543175659358365,0.7578502980808645,0.7332611700150216,0.7603168146115531,0.7141918158015155,0.6759455994859711,0.8529705177949998,0.9445210395962319,0.8322995537439154,0.9182189822568797,0.7749255318889668,0.7382904066814591,0.0,0.8695290859376996,0.755737879165833,0.7963432160903953,0.8171818476999795,0.6751739953190823,0.6802901916500949,0.6260517874121188,0.5064407133664334,0.5250999561446151,0.40331476742928973,0.2745048268079246,0.5878690094136306,0.6616305654324794,0.6239952775041756,0.6746043549900222,0.7007361954198219,0.6811628051991168,0.6718602258944255,0.5978110143239924,0.6830219101572725,0.746286312610838,0.6913365543975434,0.6607639088440809,0.5837534083444771,0.7079012508153842,0.7863030311717082,0.6883696748141201,0.6807482372524629,0.644715215544875,0.7481882256322351,0.7666747592391325,0.7635153261902589,0.7009672012322801,0.5522793039055556,0.654037719138584,0.8575842369110916,0.8564072779530822,0.8571232334810505,0.7700120368727805
0.7911072175815624,0.32186361517243206,0.9658362031620594,0.8983608674716516,0.8825826874952203,0.8660174017691963,0.7636419190476145,0.9073507822234379,0.9715853377892015,1.0,0.9514652696954234,0.9130988562613228,0.947901371206914,0.8695290859376996,0.0,0.9620783198399643,0.9741620070843608,0.9189419135732919,0.8511816380772446,0.8857990133295837,0.8390060552352068,0.4781385666387229,0.5129371651945561,0.3719956803486147,0.24840161070672373,0.5281697922261845,0.7442458922657467,0.6627394376937199,0.7098159331924331,0.8662847614980738,0.8483770940496053,0.6931360731232901,0.7711164288677015,0.8454548538539312,0.8888391676958247,0.85844592524605,0.850221112681486,0.8065581414568818,0.8630058617946975,0.8966772854042985,0.8577144743404342,0.834890554021802,0.8565445248593664,0.8515672901481416,0.9343515466508293,0.9620945529687364,0.8224280596931604,0.7092669914099549,0.7711768172960889,0.9993119812864957,0.9266235586594945,0.9472638636079137,0.9475472846351354
0.8211824041190134,0.3048039220533108,0.9564618209510828,0.9327987955559531,0.904809837586268,0.9331737266771423,0.7793908197231453,0.9181050897384475,0.9314538828035834,0.981414934535275,0.9422988700855018,0.9522138688025391,0.9815104443809801,0.755737879165833,0.9620783198399643,0.0,1.0,0.981504816555717,0.9052267083426807,0.9142099108607762,0.8518962262412996,0.4383420529886231,0.48005018946839845,0.3564834617692171,0.23711820693659907,0.4916227544080587,0.6946283007658908,0.6694878531259327,0.7422157532575945,0.8700117058984971,0.8475933539390768,0.6634078401058473,0.8068871759631124,0.841407012284318,0.9245821649173925,0.9488731570753798,0.9034412876311917,0.8706776557773065,0.825351574698746,0.8917149474751497,0.8454072487284442,0.9635022072047951,0.9521681614427779,0.8511663514083729,0.9489657227065715,0.9148819995044843,0.8669606691169999,0.7571659065214659,0.821315867812931,0.952264138648493,0.8651267435604596,0.9273006409423774,0.9431463069485486
0.8026594731778058,0.32501145895909983,0.9945946941407483,0.9256570669756583,0.9629821266056221,0.9429763611986621,0.7961106041501649,0.9278766884934169,0.8566271036294196,0.960862485020566,0.8891299169860349,0.8953776343988702,0.977143930812812,0.7963432160903953,0.9741620070843608,1.0,0.0,0.9247843322686454,0.8776487176396739,0.9764139260925963,0.9205912757579053,0.49381584270015483,0.5288079460313884,0.39071948919062,0.2553141342131272,0.536348591555244,0.7625371950559835,0.6691820225542632,0.8280210777789145,0.8860480711888191,0.8994050078536654,0.7248841883498536,0.8210071403435165,0.8695868133762253,0.9964945506435292,0.9740110611230949,0.9799709475487739,0.8522578241532962,0.9339525012989239,0.9694511295787462,0.9782591361051728,0.9490941474788129,0.9645802267188901,0.8652587036721318,0.9864767869560105,0.96627855650376,0.8851573885845208,0.8740561756507256,0.816920345815391,0.9653516663172794,0.8971436012086037,0.8572949200191825,0.998073359710737
0.8586302281826204,0.3450557106676679,0.9397378814863753,0.9340881287057086,0.9586968354327242,0.9137467446584685,0.842701215368424,0.9292215872472469,0.9138932997943567,0.9633139314775226,0.890148774098957,0.9302547986137969,0.9596777912020902,0.8171818476999795,0.9189419135732919,0.981504816555717,0.9247843322686454,0.0,0.8540997307535231,0.9555511021523065,0.855022513955191,0.513106370753257,0.5629058430787338,0.4180592315852562,0.2625151847064146,0.5769969797960368,0.7876767404000271,0.68324363794648,0.8450027500397302,0.9259718912260843,0.8801203358623743,0.7892866027849671,0.8599498103849239,0.8456489651565948,0.960933694276653,0.9716591384018937,0.8417134987707034,0.833196483555147,0.8908328032207886,1.0,0.911345141691442,0.9501653905334277,0.9215991637807326,0.85734689767508,0.9307260802777124,0.9707623484098195,0.9198712849678609,0.7479533167366054,0.8697705573929079,0.9716882594978453,0.9012124826827765,0.9394548695015228,0.9644774365972572
0.8727942474152902,0.3721695168854666,0.9721452248458021,0.9387518498699016,0.9190046591549469,0.8974532841918946,0.8866182960720912,0.8223816720263993,0.773487085506062,0.8451522807222828,0.7458208639805979,0.8557322842656228,0.8743955950519768,0.6751739953190823,0.8511816380772446,0.9052267083426807,0.8776487176396739,0.8540997307535231,0.0,0.9440208476197123,0.9398030413581132,0.5119955449920534,0.5316446345796787,0.40727883820855515,0.27938171693031766,0.5311566131584179,0.8013866924475198,0.7617591462621195,0.8217820994328283,0.9224590237797211,0.8786140870839817,0.7738028636677542,0.8416410080486724,0.8811376446640784,0.9852498460957915,0.9537529349279052,0.9861939520680686,0.8931064302611448,0.9056598518809296,0.9706590596216697,0.9285138607806263,0.952808936453887,0.97672233801424,0.8397177209897212,0.8728957230085291,0.9419130048726974,0.7927822037625717,0.7818647425272758,0.863150343663237,0.9586906818138549,0.8493409758147932,0.8021543447898911,0.9154554588466163
0.8243380620134311,0.353497233494173,0.9486840164060694,0.8795982332277219,0.9548395733516063,0.9420212505597038,0.8678332825892175,0.8682556022998648,0.7835590239979303,0.9390564572678183,0.8074478563465556,0.8245757398771072,0.8966926058435372,0.6802901916500949,0.8857990133295837,0.9142099108607762,0.9764139260925963,0.9555511021523065,0.9440208476197123,0.0,0.9598580805981273,0.5197504463988776,0.5264707564801587,0.4124177757491,0.2666831897206139,0.5494459832630649,0.788706380873821,0.7421001527147614,0.8539519679791389,0.963507834526227,0.9081588535022435,0.7488885913597856,0.907694281489082,0.9016602950785623,0.9552340903544898,0.9925720599935189,0.9842487365634,0.9514082583352726,0.9881776685892762,0.9634878480051973,0.9446197309116066,0.9836929029839376,0.9645996791881858,0.885435572209824,0.9626618380052318,0.9948868834430704,0.8839271797920503,0.8194358065361519,0.9080257450123655,0.9026669681339966,0.8886700294484642,0.8221291244265497,0.9486565216131241
0.887681974542888,0.33550854281854214,0.980212737848118,0.8964967115246911,0.894488411686646,0.9253942346031085,0.8202898526408855,0.819161228079892,0.7193085759854808,0.902466862151403,0.7299307153114009,0.879541244524871,0.8988798085668925,0.6260517874121188,0.8390060552352068,0.8518962262412996,0.9205912757579053,0.855022513955191,0.9398030413581132,0.9598580805981273,0.0,0.4810856180311521,0.49572882677820923,0.3663575138611416,0.24975310303255596,0.48664479499400826,0.6988704164051871,0.7150788028987606,0.773794214589926,0.9023652979660876,0.8632460054562434,0.6632136438993208,0.9106578869429846,0.8943340784602545,0.9626593952766231,1.0,1.0,1.0,1.0,0.9417111186935245,0.9360283529567516,1.0,0.9933016603607422,0.8634534052206133,0.8926560063578456,0.8916818385938191,0.7872002086438677,0.7683176391551377,0.9377087639988431,0.8687150458956749,0.817338999070729,0.75262005074304,0.9578830468116393
0.46484877254549956,0.902325174179136,0.5016429884103232,0.5083248991072595,0.5636382161919167,0.544908336855544,0.5915352140039153,0.5722695264705067,0.48352269485987664,0.5315436818976226,0.4919125445578786,0.46079508475069425,0.4665953566919614,0.5064407133664334,0.4781385666387229,0.4383420529886231,0.49381584270015483,0.513106370753257,0.5119955449920534,0.5197504463988776,0.4810856180311521,0.0,0.9207326964307814,0.9473200696632146,0.6585372861643689,0.9993889834483143,0.7748218825795417,0.8698611933223765,0.7083483236983655,0.6666035753346924,0.6740417297333506,0.8821069926237803,0.4078314150449659,0.38934340401738987,0.5442538477975186,0.5669314626784736,0.4487899890874995,0.36687871053821897,0.5458790449110217,0.5975184229909124,0.5053500047121899,0.4896956106372114,0.43830990605422365,0.543337325824365,0.4793715334197156,0.5180918020074624,0.47439334746442796,0.3868858778475885,0.43369245385720495,0.5343455837914464,0.6662269115632443,0.49369820554139604,0.5072936693391183
0.4863394254180445,0.7993976030552236,0.5310177754632092,0.5574956041001398,0.6084762525402155,0.5588195535303206,0.6290700981399653,0.6180615311413015,0.512532854477185,0.5828662011240314,0.5215359260710191,0.5049631738906872,0.5072364029027643,0.5250999561446151,0.5129371651945561,0.48005018946839845,0.5288079460313884,0.5629058430787338,0.5316446345796787,0.5264707564801587,0.49572882677820923,0.9207326964307814,0.0,0.8617876773659854,0.6391593613256901,0.9330376546569825,0.7853742314251444,0.8592879660040149,0.7483798637179165,0.6914551955208199,0.7028130613664672,0.9090465426700571,0.45460949856576,0.42476806736975625,0.5493492225609715,0.579159558161971,0.4730265713245722,0.40034460365900176,0.5229042968101045,0.6148475337375396,0.5468546687321345,0.5413742689214344,0.47956077786925283,0.5876095427612877,0.5386103247702925,0.5823408777311387,0.5427622886082089,0.4422559599667381,0.472374812490403,0.5642946500608521,0.6872564073528526,0.5272261097591766,0.5377826610555684
0.3726715053651052,0.8583172970926803,0.393573667012106,0.41323664983696934,0.4445701742569518,0.4269134952000629,0.4605693974124943,0.46290278333977924,0.3795213245343093,0.44500438614726856,0.38631562904907535,0.36331188962570726,0.36389155312686283,0.40331476742928973,0.3719956803486147,0.3564834617692171,0.39071948919062,0.4180592315852562,0.40727883820855515,0.4124177757491,0.3663575138611416,0.9473200696632146,0.8617876773659854,0.0,0.8271661432305375,0.82038259654629,0.6474432925701397,0.713388775774887,0.5580010051203709,0.5233456065434446,0.513321915046313,0.725265347030905,0.345210697973145,0.31543805283408605,0.4160542619275059,0.43616276970447015,0.3511983833018926,0.2919343878579832,0.41082349949786773,0.48048061311848456,0.42924252468757107,0.39321619107408945,0.3555774604985838,0.4481238382637984,0.4018880993213097,0.4239566548520892,0.3984300099914896,0.33022915173563805,0.3535691690165987,0.4124567881231966,0.5160987636796587,0.402163756616436,0.3969181900792318
0.251124279827389,0.8909263132442596,0.25900427544571936,0.2783608019129108,0.2811009016663311,0.2800672841011647,0.2904177029552401,0.2963078071573264,0.26166983184670606,0.27448947139762675,0.25885877401890284,0.24104088372825627,0.2487029576633665,0.2745048268079246,0.24840161070672373,0.23711820693659907,0.2553141342131272,0.2625151847064146,0.27938171693031766,0.2666831897206139,0.24975310303255596,0.6585372861643689,0.6391593613256901,0.8271661432305375,0.0,0.6183458209531834,0.4362801231943473,0.4769215096266792,0.37755641178409755,0.34746161982264245,0.3447900471586106,0.45655154557660876,0.2335410561521794,0.21124106305175183,0.26966534379384094,0.2813207609630463,0.23444770889639052,0.2005084452886309,0.28484350988918994,0.31606514889008624,0.2799428906259028,0.2651388367033335,0.23671338631364838,0.2890552776265306,0.2592429797031532,0.27795080817308965,0.25641154079247225,0.2282113054064724,0.23518043226277183,0.27392556685798697,0.3237845562572222,0.2669203462869968,0.26019835914633094
0.4893991556199027,0.8037547678179263,0.5559273293330711,0.5464743877771822,0.6226808733868103,0.585348418428541,0.6153159858987707,0.6466545706375595,0.5621738185946643,0.5939315922740299,0.567969087869541,0.5151728014801624,0.5163882878733852,0.5878690094136306,0.5281697922261845,0.4916227544080587,0.536348591555244,0.5769969797960368,0.5311566131584179,0.5494459832630649,0.48664479499400826,0.9993889834483143,0.9330376546569825,0.82038259654629,0.6183458209531834,0.0,0.8575126301684785,0.8085555257908078,0.743582830933753,0.7003200711884473,0.6978902115027521,0.8346772176630325,0.448206185656963,0.4228124220524684,0.5516161250621752,0.5583131435959283,0.46473722409974233,0.3923680509353907,0.5422750495882441,0.6500724798009815,0.5321301612931022,0.5200521077199171,0.4776114027941911,0.5776919788338845,0.5218333223416642,0.5615645922668102,0.5444938520805298,0.44279069933790294,0.4678352421557202,0.5886166678463035,0.6837407475719012,0.5531170150640299,0.5381973374702397
0.6861308773878477,0.558104514450505,0.7246842646186983,0.7517731154875651,0.857347328264232,0.8248297173122275,0.821243303545361,0.8122043668130482,0.6914272519746639,0.8300773667255057,0.6630136949652011,0.6898692411103017,0.7062230435951087,0.6616305654324794,0.7442458922657467,0.6946283007658908,0.7625371950559835,0.7876767404000271,0.8013866924475198,0.788706380873821,0.6988704164051871,0.7748218825795417,0.7853742314251444,0.6474432925701397,0.4362801231943473,0.8575126301684785,0.0,0.9544669418924937,0.8224565860533608,0.8747576542794187,0.9127718508177164,0.9195143277426508,0.6386578457954293,0.6127071504639805,0.7804388532967258,0.803304014639351,0.6871074973158449,0.6186847362824658,0.7502076779661372,0.7970305992461056,0.7339167554953441,0.7500661773369156,0.6816509759433192,0.7755601779783263,0.7951551601114031,0.7763634178116201,0.7473235603978479,0.6196302307208179,0.6634916296062934,0.7583305883687237,0.8590253926486429,0.7380092887537769,0.7216100590042465
0.6837439738553928,0.6328082020646308,0.7140382072865705,0.7178692366200421,0.8074539520904155,0.7552930801577483,0.7489489001600218,0.779838115103911,0.6641431331554941,0.7830191804683709,0.6119359512900481,0.6363199104417839,0.6665228751707202,0.6239952775041756,0.6627394376937199,0.6694878531259327,0.6691820225542632,0.68324363794648,0.7617591462621195,0.7421001527147614,0.7150788028987606,0.8698611933223765,0.8592879660040149,0.713388775774887,0.4769215096266792,0.8085555257908078,0.9544669418924937,0.0,0.933009087981253,0.9428835152166198,0.9444331915464191,0.992371127508758,0.6323471518411325,0.5971762286865508,0.7670726387042939,0.7969218561355719,0.6781580995845119,0.5875072917691057,0.7833586932945639,0.865526068989112,0.7026381321657391,0.7372955282663551,0.6533285946453052,0.7706081207764239,0.7036785061844167,0.7488040412051276,0.6635574941455025,0.5906459383280854,0.6376086412718224,0.7063808248121779,0.8316473100025813,0.6746766375434602,0.6911438964820048
0.7177233647603092,0.508025766390661,0.8456295317982897,0.8267712756550559,0.8789278866106499,0.8790954048058651,0.8756457506939721,0.8429109728739324,0.7141883416250164,0.8288521355424168,0.6991980058835331,0.6954644970321449,0.7778933890926373,0.6746043549900222,0.7098159331924331,0.7422157532575945,0.8280210777789145,0.8450027500397302,0.8217820994328283,0.8539519679791389,0.773794214589926,0.7083483236983655,0.7483798637179165,0.5580010051203709,0.37755641178409755,0.743582830933753,0.8224565860533608,0.933009087981253,0.0,0.9375561470411867,0.9706585132699533,0.9000287849630375,0.6847201769606163,0.6282468117808065,0.8650637650549959,0.8949183647957921,0.7572153600211556,0.6556442488639245,0.8135510976505683,0.8658017119915262,0.851073174184871,0.78841397439749,0.7429151874139315,0.897893251287522,0.7921356823576973,0.8511296956935678,0.7516709268304193,0.6979413060199303,0.6525771372632665,0.8237572704529755,0.9424183749551631,0.728716914965067,0.8145781893719509
0.8424335909659483,0.46649659112793845,0.932341640197644,0.9474370519326689,1.0,0.9456951428562677,0.867004194529987,0.8957796326094314,0.8410579664049711,0.9524917275121371,0.7462940487807578,0.8089883841394002,0.8630644536634999,0.7007361954198219,0.8662847614980738,0.8700117058984971,0.8860480711888191,0.9259718912260843,0.9224590237797211,0.963507834526227,0.9023652979660876,0.6666035753346924,0.6914551955208199,0.5233456065434446,0.34746161982264245,0.7003200711884473,0.8747576542794187,0.9428835152166198,0.9375561470411867,0.0,0.9877073799498205,0.8762627192668978,0.8206452589884806,0.804791099356319,0.9918537689915041,0.9801648559520597,0.8601547982496557,0.8006672251276076,1.0,0.982739864384051,0.9561754620098243,0.912441282057317,0.8573263765119299,0.9223824860465762,0.9320373762973017,0.9564680704809162,0.8743412439817442,0.8181350532552143,0.7525150498227402,0.914904907502538,0.9438208814068537,0.8580792247282787,0.919706775139243
0.8230099208557432,0.47198706111055705,0.9329820645079866,0.8763773779543049,0.9863133249976745,0.9609950652058303,0.890878685432467,0.8674890033522759,0.7697914786063738,0.9466945470114323,0.7829396944970685,0.7763689876506686,0.7883450563918316,0.6811628051991168,0.8483770940496053,0.8475933539390768,0.8994050078536654,0.8801203358623743,0.8786140870839817,0.9081588535022435,0.8632460054562434,0.6740417297333506,0.7028130613664672,0.513321915046313,0.3447900471586106,0.6978902115027521,0.9127718508177164,0.9444331915464191,0.9706585132699533,0.9877073799498205,0.0,0.9237653226906294,0.7728039102264648,0.7785589639166971,0.9643020268163977,0.9489722721727504,0.87975704492442,0.7780204735672448,0.8945001205938048,0.9921204648060445,0.8855626639726304,0.8962369090923803,0.8910968002063242,0.8873392883796422,0.8782173405557433,0.9282441298671227,0.8695524405083201,0.7567175070063923,0.7931681102253579,0.8875018840369088,0.9517810831771619,0.8267745967345144,0.8947344685434363
0.6368646750848578,0.6448342065037357,0.7540652430186087,0.7311434957991639,0.8564261295482677,0.7432978415434918,0.8191159785520532,0.8147323624903117,0.7586390548766481,0.8555359748520013,0.7186235325969024,0.660505966504743,0.7234577167961501,0.6718602258944255,0.6931360731232901,0.6634078401058473,0.7248841883498536,0.7892866027849671,0.7738028636677542,0.7488885913597856,0.6632136438993208,0.8821069926237803,0.9090465426700571,0.725265347030905,0.45655154557660876,0.8346772176630325,0.9195143277426508,0.992371127508758,0.9000287849630375,0.8762627192668978,0.9237653226906294,0.0,0.5914681913938121,0.5821764082741631,0.7930053603319117,0.7609891259882539,0.6591625101929125,0.5359311356247746,0.740832993215746,0.8469490704092967,0.7522148584112119,0.7639255982024793,0.6585824405672294,0.80074206508168,0.7430063551521935,0.7708928655598399,0.7222885706824151,0.5665491330503728,0.604028717524108,0.7673529732889546,0.8760183642405699,0.7388762772460783,0.7154034811783458
0.9651107936962671,0.2920120834454633,0.8700268296113817,0.8364353338883402,0.7982698722252684,0.8269850084163661,0.7273239871053151,0.7986214848290948,0.6783702821501051,0.8574126855059031,0.654507721052574,0.8280862827325156,0.7461888944645393,0.5978110143239924,0.7711164288677015,0.8068871759631124,0.8210071403435165,0.8599498103849239,0.8416410080486724,0.907694281489082,0.9106578869429846,0.4078314150449659,0.45460949856576,0.345210697973145,0.2335410561521794,0.448206185656963,0.6386578457954293,0.6323471518411325,0.6847201769606163,0.8206452589884806,0.7728039102264648,0.5914681913938121,0.0,0.9267222148075396,0.9308317828037583,0.9007109929401833,0.9296168294506533,0.8716138020878095,0.8969734117758206,0.8577050671030788,0.812352030379869,0.8406528698195251,0.8940921284861765,0.7700624874177138,0.842767186955703,0.8281398552135266,0.7442132440241721,0.6772677469696338,0.8977683491887475,0.8128541721991135,0.78160634220516,0.726137400566972,0.799511970244384
0.9338203520886749,0.26884755260749876,0.9046374250118615,0.8148004204314,0.8350925687440962,0.8578152445450073,0.6891157731695705,0.8211616831838285,0.7229891314594776,0.8720112464773088,0.7683894531971747,0.8922062463196448,0.7652694166657545,0.6830219101572725,0.8454548538539312,0.841407012284318,0.8695868133762253,0.8456489651565948,0.8811376446640784,0.9016602950785623,0.8943340784602545,0.38934340401738987,0.42476806736975625,0.31543805283408605,0.21124106305175183,0.4228124220524684,0.6127071504639805,0.5971762286865508,0.6282468117808065,0.804791099356319,0.7785589639166971,0.5821764082741631,0.9267222148075396,0.0,0.9084529824104808,0.8656207195358012,0.9511528940768468,0.9613973892012752,0.8569738685347148,0.8586265761323217,0.7407308490076396,0.8912789411484835,0.9293998983633428,0.7447279408435221,0.8129040107021638,0.7916899637244313,0.7490475826761845,0.6429681430912982,0.9554772419352462,0.8606191194430346,0.7529785208429476,0.7513876639613408,0.8038440007196834
0.9191373250045247,0.35985686648677656,1.0,0.9484500734207479,0.9685110595456409,0.964809269025212,0.8881181700881502,0.9114548598540791,0.8557698323861278,0.9406610615888217,0.8308057052722023,0.8912475598491328,0.9124848219429601,0.746286312610838,0.8888391676958247,0.9245821649173925,0.9964945506435292,0.960933694276653,0.9852498460957915,0.9552340903544898,0.9626593952766231,0.5442538477975186,0.5493492225609715,0.4160542619275059,0.26966534379384094,0.5516161250621752,0.7804388532967258,0.7670726387042939,0.8650637650549959,0.9918537689915041,0.9643020268163977,0.7930053603319117,0.9308317828037583,0.9084529824104808,0.0,0.9930981349770831,1.0,0.9041920365685815,1.0,0.9888903892566145,1.0,0.9614546276588548,0.9642865741989067,0.9368438861351234,0.9994699055019626,0.9905969622387675,0.9187296353409927,0.8631625648378883,0.8310838843748213,0.9211621205981773,0.8911982068912173,0.8422670275289003,0.9709956125398066
0.9385323693927682,0.3713207849716444,0.9811901116433214,0.9234704170791409,0.97182854961908,0.9583564589595404,0.9247203171607801,0.9808117858127161,0.8275881768300235,0.9510390358663157,0.7911907594573558,0.9229435495684309,0.920996816119692,0.6913365543975434,0.85844592524605,0.9488731570753798,0.9740110611230949,0.9716591384018937,0.9537529349279052,0.9925720599935189,1.0,0.5669314626784736,0.579159558161971,0.43616276970447015,0.2813207609630463,0.5583131435959283,0.803304014639351,0.7969218561355719,0.8949183647957921,0.9801648559520597,0.9489722721727504,0.7609891259882539,0.9007109929401833,0.8656207195358012,0.9930981349770831,0.0,1.0,0.9412436340652468,1.0,1.0,0.9746207465756394,0.9426762615558515,0.9614238287746246,0.9132772129321467,0.9785925739786382,0.9716523746313175,0.8478842470561069,0.8303645620540363,0.8490429585506443,1.0,0.8612202666481655,0.829327659222334,0.9308020227223466
0.8712195215551176,0.3061445526920047,0.9865491812405541,0.9469524244106544,0.8857339443234205,0.9124093237263209,0.7200144923401842,0.8559892972440762,0.762389691637611,0.8880124621603934,0.785864161258288,0.9028112713228443,0.8968926815743982,0.6607639088440809,0.850221112681486,0.9034412876311917,0.9799709475487739,0.8417134987707034,0.9861939520680686,0.9842487365634,1.0,0.4487899890874995,0.4730265713245722,0.3511983833018926,0.23444770889639052,0.46473722409974233,0.6871074973158449,0.6781580995845119,0.7572153600211556,0.8601547982496557,0.87975704492442,0.6591625101929125,0.9296168294506533,0.9511528940768468,1.0,1.0,0.0,0.962894100336499,0.9294991665267357,0.9344091078401596,0.9482813127682241,0.932496409474772,0.9922955498007223,0.8811003353636033,0.9491014757275501,0.948100702515151,0.8208988274459899,0.8143255846342516,0.8444481567011695,0.9109877314097959,0.817466759071579,0.8209034107009643,0.9277115171543174
0.863257490680138,0.25239915671689916,0.9030369891192821,0.8494029743898595,0.8307141464774038,0.8260303106323712,0.66171387589901,0.7417835640863569,0.652459897527893,0.8485964071100464,0.6898324036231354,0.7529849056964573,0.7967591382337659,0.5837534083444771,0.8065581414568818,0.8706776557773065,0.8522578241532962,0.833196483555147,0.8931064302611448,0.9514082583352726,1.0,0.36687871053821897,0.40034460365900176,0.2919343878579832,0.2005084452886309,0.3923680509353907,0.6186847362824658,0.5875072917691057,0.6556442488639245,0.8006672251276076,0.7780204735672448,0.5359311356247746,0.8716138020878095,0.9613973892012752,0.9041920365685815,0.9412436340652468,0.962894100336499,0.0,0.8852166500523244,0.8967335173008488,0.8510848997414524,0.9515113675042143,0.9865931192273354,0.7618847297422685,0.833437698203742,0.8184736086634372,0.7206397609867546,0.8346944893923822,0.8946253766882265,0.8500034087054531,0.6826293536751221,0.7011313186767155,0.8178450003823565
0.926068316336961,0.37211731164403605,1.0,0.9246057177264685,0.9327606928053527,0.8911589571291957,0.844662754956326,0.8909084937455443,0.8113620268885926,0.8635211242849319,0.772182756895621,0.8215772378815439,0.8737029813940312,0.7079012508153842,0.8630058617946975,0.825351574698746,0.9339525012989239,0.8908328032207886,0.9056598518809296,0.9881776685892762,1.0,0.5458790449110217,0.5229042968101045,0.41082349949786773,0.28484350988918994,0.5422750495882441,0.7502076779661372,0.7833586932945639,0.8135510976505683,1.0,0.8945001205938048,0.740832993215746,0.8969734117758206,0.8569738685347148,1.0,1.0,0.9294991665267357,0.8852166500523244,0.0,0.9238879217018111,0.9649335032781331,0.9464815363822061,0.9838387243623096,0.9089499279497494,0.8857955800354667,0.9027242979147676,0.7671295361919827,0.8149843607664513,0.86204919439808,0.8551429974636064,0.8472893309652965,0.7954699973415975,0.914873016714799
