Cingulate area 2,Frontal association cortex,Cornu ammonis 3,Dentate gyrus,Cornu ammonis 2,Cornu ammonis 1,Fasciola cinereum,Subiculum,Postrhinal cortex,Presubiculum,Parasubiculum,Perirhinal area 35,Perirhinal area 36,Medial entorhinal cortex,Lateral entorhinal cortex,Primary auditory area,"Secondary auditory area, dorsal part","Secondary auditory area, ventral part","Piriform cortex, layer 1","Piriform cortex, layer 2","Piriform cortex, layer 3",Ventrolateral orbital area,Lateral orbital area,Ventral orbital area,Medial orbital area,Dorsolateral orbital area,Prelimbic area,Secondary motor area,Frontal association area 3,Primary motor area,"Agranular insular cortex, ventral area",Agranular insular cortex dorsal area,Cingulate area 1,Infralimbic area,Dysgranular insular cortex,Granular insular cortex,"Primary somatosensory area, forelimb representation","Primary somatosensory area, dysgranular zone","Primary somatosensory area, face representation",Secondary somatosensory area,"Primary somatosensory area, hindlimb representation","Agranular insular cortex, posterior area","Primary somatosensory area, barrel field",Retrosplenial dysgranular area,"Primary somatosensory area, trunk representation",Retrosplenial granular area,"Parietal association cortex, lateral area","Parietal association cortex, medial area","Parietal association cortex, posterior area",Primary visual area,"Secondary visual area, lateral part",Temporal association cortex,"Secondary visual area, medial part"
0.0,0.3219023060790974,0.858533502271691,0.9129912246762021,0.8885385123892682,0.8805580491737199,0.8925832280065716,0.7686173346070837,0.6224263014084784,0.608036553960369,0.7660772003613824,0.633358417946949,0.7179305465241135,0.601045910947536,0.7666311642415745,0.7621389218188468,0.79463069420879,0.8254103432857204,0.6541381358343167,0.5497746524206868,0.6758286276754998,0.7655189415741015,0.5128713271774963,0.5306071414942735,0.23397543420976835,0.3191465225315879,0.8150742298453046,0.800052662033227,0.7665287040763976,0.8317522319437921,0.4032147898228921,0.36062424651598857,0.8229570640610787,0.8569502141409807,0.5178949240707507,0.5851813025702035,0.9362239891513139,0.9476745419240076,0.8813924850386494,0.897189656891425,0.8229398285350401,0.6827256505894733,0.9332022456099355,0.7474889665295466,0.8896183116602964,0.6665814108078356,0.9148588169613564,0.8834263934246643,0.8268416497370977,0.8207523563084493,0.864187933267344,0.7815199956691553,0.7412283934561185
0.3219023060790974,0.0,0.38945152670857913,0.4092005272978612,0.37800149522202375,0.39153292230886383,0.3427886889768405,0.5567122542302653,0.36606836545295546,0.5635955666100645,0.38325277451958945,0.4440956037203749,0.43727283941472644,0.5475388430640884,0.5504480636171415,0.30747244032449195,0.25779915492372196,0.38022614987770836,0.6297356083949854,0.6409136430024581,0.5414443328947245,0.5806999315700703,0.8488472532173847,0.8239043908678598,0.7757395142521484,0.9772270641765005,0.4926092509758366,0.504711573549909,0.5971593391480685,0.4952999589709739,0.7567558788467139,0.811402007681152,0.45789015448957865,0.3308376982816198,0.6554319899725112,0.524991893587644,0.4087106507470752,0.30475498295367515,0.47107492947954255,0.3731754017958499,0.45235698293322524,0.46356966531548743,0.3732148605809848,0.4335966231601772,0.3008436082617843,0.5257487457446819,0.30309125950377797,0.38384437796979354,0.25176365328305017,0.4333210638395996,0.3698632218115769,0.3837144810021349,0.5386252900299884
0.858533502271691,0.38945152670857913,0.0,0.9283427573457276,0.9099552623705682,0.974358583615182,0.8804338680108471,0.8200346375904128,0.6293957639479925,0.6286382853525345,0.7626269293269418,0.6600771640566319,0.6673590539621659,0.6038676752078015,0.8252175006980088,0.7083631002975198,0.7784800262701848,0.8108416130183471,0.7170495935456087,0.6649455759905438,0.8105855371804809,0.8378104117070325,0.6187059675008407,0.5833172274829987,0.2992700049101668,0.4110853813848058,0.9180925153978837,0.8685623148232948,0.8368978276642306,0.8614139514953779,0.48415755473522754,0.44122211969758235,0.911334516785094,0.8682006784799976,0.6061132790782588,0.6445458505381482,0.8640311480780125,0.8906326141570317,0.9422058785117353,0.899575974718573,0.9323039665967715,0.7245874772338193,0.8631646399195219,0.7813628743373728,0.8855902686379772,0.7240122724939714,0.8954623857616194,0.9268471834734731,0.7417769515096724,0.8745859538938228,0.8645760389296941,0.8368515540298779,0.7968896858888564
0.9129912246762021,0.4092005272978612,0.9283427573457276,0.0,0.8793735466957682,0.992592811073933,0.9619656275961082,0.8890634715291009,0.7392396721014445,0.7020843521449535,0.849130222622548,0.7095909469491232,0.7673314753580932,0.7505463263096255,0.9030276418779977,0.7386324252371734,0.6946641304910746,0.8095411201607642,0.7528966307147029,0.6872773369111309,0.7412001968238425,0.8479907309553683,0.6273238094305849,0.6176141340314963,0.3184928619807616,0.42751148921162413,0.9339166037509987,0.8674676701560615,0.8614920588632958,0.8801279003485183,0.5045732255133809,0.4542598256485075,0.9117115841781396,0.8328504007066053,0.642697012870917,0.6722523868373426,0.849995636652554,0.8881495772563267,0.8758276481311118,0.9056432835480976,0.9954906330145582,0.7781296555372603,0.9217983562266263,0.8524500042723685,0.8356206206048539,0.7851802171660581,0.839323648153631,0.9944253388262198,0.6777094012117669,0.8951740004472188,0.8784404327238793,0.9210546498706723,0.821056430545102
0.8885385123892682,0.37800149522202375,0.9099552623705682,0.8793735466957682,0.0,0.9023342919718169,0.7909056282829695,0.8212419777857256,0.5570796784135991,0.5972067071507362,0.6805909815323244,0.5608070204629267,0.58504390641875,0.5478555983551984,0.7372390449012136,0.7155194904676881,0.7912169075038578,0.8083912467593595,0.634272345750175,0.5778965427857125,0.6890293674357615,0.7896934371941217,0.5854296809899618,0.5828257020822502,0.2755731683711983,0.3727628205708881,0.8264326960200357,0.8399215099300589,0.8412620366741371,0.853617900207761,0.4426632250612218,0.39584270177002684,0.8872894078542898,0.7559479247971271,0.5399150272566855,0.5546155770101177,0.8821563320167178,0.906556239930114,0.9159070816131021,0.9132268211315308,0.8700232324105579,0.6623120858994519,0.9401150743121122,0.7045617534832807,0.8761277430507477,0.6658653123100119,0.8212890656388234,0.8277118570928012,0.7980539379113079,0.8658228375715095,0.8225700432197901,0.7424347591194218,0.7029928815096714
0.8805580491737199,0.39153292230886383,0.974358583615182,0.992592811073933,0.9023342919718169,0.0,0.8807000224592124,0.9127026047245893,0.6390075582211575,0.6301320113292406,0.7204396564508833,0.599470330470165,0.6924897287063113,0.6263553289525801,0.8056603578050405,0.785353205192498,0.8151795339366918,0.9276703583666395,0.6695808273916605,0.6134678873796431,0.7199690850007001,0.8780695458299335,0.579733921918813,0.5693214601079205,0.28781081416787163,0.39077182508223746,0.8950120614333428,0.8718557422186551,0.8272294215010054,0.8451259258640366,0.45931933978261524,0.41965009003007364,0.8685118123965059,0.8009561487691155,0.5446044015043601,0.5999466307944433,0.8966439069571505,0.9353268160874617,0.866271006271187,0.9971886718098298,0.8767377028374005,0.6890149365446485,0.9239915302574976,0.7031124879645074,0.8593206066874546,0.7345304232757667,0.8928709155105681,0.9228895091389062,0.7562875750273685,0.831124013812662,0.839860407275158,0.8622061676343425,0.7934599154832326
0.8925832280065716,0.3427886889768405,0.8804338680108471,0.9619656275961082,0.7909056282829695,0.8807000224592124,0.0,0.9425752398036481,0.8181166853058569,0.7666165283366907,0.9140681439701456,0.731224143868558,0.8526655359726901,0.7189639631886956,0.7995802216613649,0.7237873059126243,0.7015387312715091,0.8542203820603098,0.6414349089427456,0.6219356461580102,0.6699207706551065,0.8001748311360449,0.5521565292433108,0.5478854846982548,0.25754681622744874,0.3589281445724181,0.85446391536631,0.8402599137148533,0.8476267990339407,0.8350966246249506,0.4439063122336594,0.40843959630013915,0.8341836709359309,0.8219384685421892,0.5746624626218527,0.6351929297748644,0.93799051251908,0.9419036660938661,0.9727430259694179,0.8659626747194139,0.96145469143638,0.7512787999041071,0.9187580504352032,0.8273963799116633,0.9030079293926947,0.8063594992597818,0.9184554209998348,0.9480774987080949,0.7101452429995716,0.8977312445417783,0.9198862227172598,0.9437828380639529,0.8653261687190137
0.7686173346070837,0.5567122542302653,0.8200346375904128,0.8890634715291009,0.8212419777857256,0.9127026047245893,0.9425752398036481,0.0,0.7336283061687524,0.883237796798358,0.8449127494258964,0.7528233474533174,0.8045930680545378,0.7452983827147975,0.9136387443006417,0.6789206720112676,0.6011228174504336,0.7925161827213175,0.7504472561533414,0.7040713041917555,0.7719484649826167,0.88934516370701,0.7860298922224278,0.8145760053386064,0.3952177579203646,0.5577751118874752,0.8719775810966957,0.8815220667255605,0.9172026144865839,0.9370468180461851,0.6128804342445939,0.5570438723598701,0.8536084596019611,0.7258196136795396,0.690645076816117,0.719662942424098,0.8634182478782665,0.8392575221037477,0.950947338091999,0.7924010478685822,0.9877295582851785,0.7609425674124974,0.8518770187200153,0.86761027237558,0.737585604191162,0.8138288868154738,0.784148917492873,0.8949972434122684,0.6041223039719934,0.8133620025434657,0.7954704482043524,0.8760145511223723,0.8910106441413356
0.6224263014084784,0.36606836545295546,0.6293957639479925,0.7392396721014445,0.5570796784135991,0.6390075582211575,0.8181166853058569,0.7336283061687524,0.0,0.8713389914268701,0.9986473606859351,0.8920784249452148,0.8667708492249411,0.9028400870804063,0.7750617234111837,0.459787681145193,0.42551587135810176,0.5702153204931258,0.6432124843189204,0.6514185019038705,0.6364464432016755,0.6205527749214017,0.521919154823122,0.54643853860094,0.3096443759470814,0.41170981579551325,0.7257460609868648,0.5970421166318778,0.7437495191786605,0.6753664286485677,0.5145911169701579,0.48244349654380436,0.6555634657410845,0.7489802265191768,0.6416214912159596,0.685426765391038,0.6301619682818662,0.6344931262927087,0.661889769007862,0.5968285470848975,0.7689770350771176,0.7650862303389376,0.6374875255331559,0.8255398938648795,0.559080965970413,0.8860071814887496,0.6445941579356061,0.7620213655094019,0.44198230028399205,0.7092430068287748,0.6949917569772538,0.7911381487030626,0.8620999268621733
0.608036553960369,0.5635955666100645,0.6286382853525345,0.7020843521449535,0.5972067071507362,0.6301320113292406,0.7666165283366907,0.883237796798358,0.8713389914268701,0.0,0.9189881302481984,0.8798788265005947,0.8911301989799187,0.8259666321785589,0.8503650204398678,0.45915132983164914,0.4050938802639522,0.5891112526154464,0.7199262830200812,0.7654839668694648,0.7160360615630469,0.7746498135735711,0.7215474432551197,0.7616508666137716,0.4412155038084305,0.584238930330172,0.7145250139425051,0.6425887868714484,0.8412208606880748,0.7347928642984418,0.6792688023159213,0.6182415277713289,0.660200776142663,0.6620600775758086,0.7898766346740516,0.7581744092811443,0.6638121357236094,0.6213689250351949,0.7125266998799322,0.5682362657500923,0.8165840284891415,0.8468122003925166,0.6065747992793723,0.8489162226692963,0.5386172555732713,0.8292204879217012,0.6359223909459315,0.7536262875946865,0.429574990522337,0.7667857541999549,0.7188337993929392,0.7672535133201238,0.9092651511425975
0.7660772003613824,0.38325277451958945,0.7626269293269418,0.849130222622548,0.6805909815323244,0.7204396564508833,0.9140681439701456,0.8449127494258964,0.9986473606859351,0.9189881302481984,0.0,0.9497122617592568,0.9959012578772628,0.9119965299037859,0.9475520433879346,0.516384416861206,0.5164968662225132,0.642078760992553,0.7621500503709807,0.6933025759409103,0.7180643191633594,0.7380086049250976,0.5901533167576779,0.5827131117062618,0.30454374064165596,0.4009856802736893,0.8118782275601244,0.7202433039064842,0.8230868795036572,0.8289109773272701,0.5528716189650337,0.47910310498269887,0.7793947277706698,0.8571458236014526,0.7112486203820549,0.8212704979182454,0.7469621873704198,0.7723236783765383,0.7497341390893726,0.7086689223476008,0.9287024034625988,0.8998718100860021,0.7705692821317125,0.9235765092530563,0.6862444233784388,0.9241020925704508,0.7735450079446616,0.8686188626771395,0.51530124725867,0.8463317487010662,0.8712928671311955,0.8777127797636894,0.949343208072956
0.633358417946949,0.4440956037203749,0.6600771640566319,0.7095909469491232,0.5608070204629267,0.599470330470165,0.731224143868558,0.7528233474533174,0.8920784249452148,0.8798788265005947,0.9497122617592568,0.0,0.95479147807524,0.9706565533882991,0.9312709655534297,0.40248996980241614,0.4073005446544341,0.5231943824095324,0.8629450260962823,0.8380157287143056,0.7868497739446798,0.8267825017359973,0.6600921443277111,0.6644450764450853,0.4062596654128376,0.5064841217215447,0.7375146675317868,0.6408259162723061,0.8017205573184334,0.737803717092922,0.7385799094863317,0.6322102791846745,0.7314771236144402,0.8241594185834582,0.9149076705154416,0.9262032830841459,0.5815291462464739,0.5683154553459913,0.6079088831776521,0.5754204328051996,0.7618008518919802,0.9273207195371946,0.577482545560272,0.9234581921028628,0.49502169378943645,0.9859491330676348,0.5796950645517054,0.7459055130690824,0.39233675960079506,0.7622821928583102,0.743384362091298,0.6781648560470181,0.8672376808703988
0.7179305465241135,0.43727283941472644,0.6673590539621659,0.7673314753580932,0.58504390641875,0.6924897287063113,0.8526655359726901,0.8045930680545378,0.8667708492249411,0.8911301989799187,0.9959012578772628,0.95479147807524,0.0,0.9441423573789466,0.8092025345361336,0.462804670798779,0.44580770201929804,0.6786238822484719,0.7653259991564048,0.7889987626644714,0.7387373079635304,0.7971732652544173,0.6301396909217423,0.6670360717904741,0.37718851573809303,0.4794678474406234,0.7743479238568898,0.6269992280730576,0.762479731328018,0.74439760572692,0.6358983872231699,0.609857613609594,0.6997340724510512,0.7928215415841302,0.7628662098620925,0.7961888642747448,0.6689782825651815,0.6463051929454525,0.666711958236475,0.6329671320150763,0.8443449743143937,0.8315768954621756,0.685533445077829,0.9499562756610512,0.5540187247121723,0.9414467795741888,0.6685206199151393,0.8072732573717106,0.4252182725903722,0.789407499616399,0.7519528670971098,0.7455134048081983,0.9824130065703485
0.601045910947536,0.5475388430640884,0.6038676752078015,0.7505463263096255,0.5478555983551984,0.6263553289525801,0.7189639631886956,0.7452983827147975,0.9028400870804063,0.8259666321785589,0.9119965299037859,0.9706565533882991,0.9441423573789466,0.0,0.8159740035523522,0.40804166243869444,0.3735627214704439,0.559270932183399,0.7972830984583796,0.8355012804352394,0.7190489614449845,0.7461110135140563,0.7192838976773215,0.7281870019022949,0.4812501040991401,0.5914105781993809,0.7019982162874036,0.6392559079666774,0.778025144188906,0.702264232406399,0.718283810655621,0.7492314726796746,0.6483352447519213,0.7270421270385264,0.8707251155600314,0.9028661887550052,0.5775592513105575,0.5329591704955445,0.603939730629422,0.5404275679369284,0.7956966827268672,0.8290295622015669,0.5745992639831067,0.9398784363353788,0.48621910971304555,0.917290217497575,0.5551545195707365,0.7317842560651293,0.36334588579431765,0.6754914475651517,0.6407077910453873,0.7303475772978649,0.9498367854469276
0.7666311642415745,0.5504480636171415,0.8252175006980088,0.9030276418779977,0.7372390449012136,0.8056603578050405,0.7995802216613649,0.9136387443006417,0.7750617234111837,0.8503650204398678,0.9475520433879346,0.9312709655534297,0.8092025345361336,0.8159740035523522,0.0,0.5078051654509136,0.52829782478382,0.6421099843321715,0.8820436445585697,0.8508792572774881,0.8945196019517926,0.9483459782402278,0.762825930912525,0.8233475231621714,0.4182660484439318,0.5596640342082709,0.8642061983333065,0.8677630588436827,0.9332729630533693,0.8851337231197463,0.6992202116954036,0.6443096366172121,0.8259669194364405,0.827438553640503,0.88079956575844,0.8687339178719169,0.7558478676141311,0.7034093644447985,0.7891923740612196,0.762268366396905,0.9000933283193003,1.0,0.7354950084005344,0.8825649567933789,0.6611765587340555,0.9833986153509575,0.7021929538173101,0.8726606175919469,0.5270589954729706,0.9082106971135648,0.8858987375651383,0.7826370107434296,0.9311541465400731
0.7621389218188468,0.30747244032449195,0.7083631002975198,0.7386324252371734,0.7155194904676881,0.785353205192498,0.7237873059126243,0.6789206720112676,0.459787681145193,0.45915132983164914,0.516384416861206,0.40248996980241614,0.462804670798779,0.40804166243869444,0.5078051654509136,0.0,0.8339022625164734,0.9206149083906325,0.48445871842824834,0.4327056810084847,0.4856991169265372,0.63505890465907,0.45252776008865764,0.44737114721614957,0.22333617949923293,0.3013710005518212,0.6858095819836004,0.6214932169774433,0.5754542480428769,0.5931356827515931,0.3284452773836124,0.2986917981042754,0.6268049192189509,0.5611129603079756,0.3821074447219376,0.41682089448009874,0.7837201991882533,0.8783539439461151,0.7721536664428958,0.9188410394907655,0.704213341044009,0.45110437598736075,0.8590486144838709,0.5278299131270393,0.8096893613399953,0.4736513341107131,0.7639009016529358,0.7211646659185402,0.7395707988108248,0.5568047889280264,0.5932348222209146,0.7197117634372922,0.5447357864124196
0.79463069420879,0.25779915492372196,0.7784800262701848,0.6946641304910746,0.7912169075038578,0.8151795339366918,0.7015387312715091,0.6011228174504336,0.42551587135810176,0.4050938802639522,0.5164968662225132,0.4073005446544341,0.44580770201929804,0.3735627214704439,0.52829782478382,0.8339022625164734,0.0,0.684749641308208,0.4583452466704261,0.3991865070024782,0.5072516803054785,0.5746803274341559,0.3848089735546213,0.3832012303672917,0.17958720418111712,0.24818444909377513,0.6516379738822626,0.6221284702677492,0.5709709775162367,0.6518623195516877,0.29007081307966015,0.26132629488127834,0.7140741621803509,0.6131181498036027,0.3664292839487771,0.39943582941449635,0.78605849692318,0.9049505094506006,0.7477217715843723,0.8826390575280544,0.6576208801772594,0.47669359042234005,0.8562498454997196,0.516368435623362,0.8982843369891887,0.4487503506403762,0.858290559059034,0.6989567057953926,0.8894597921183292,0.620999696307145,0.6744990597015204,0.6198657721766427,0.49216056876412184
0.8254103432857204,0.38022614987770836,0.8108416130183471,0.8095411201607642,0.8083912467593595,0.9276703583666395,0.8542203820603098,0.7925161827213175,0.5702153204931258,0.5891112526154464,0.642078760992553,0.5231943824095324,0.6786238822484719,0.559270932183399,0.6421099843321715,0.9206149083906325,0.684749641308208,0.0,0.6044230993421938,0.5877810206713383,0.6032894687883615,0.787027601036358,0.5924707135378476,0.5752326052709604,0.2868853985772961,0.39943800740582575,0.8449233444250653,0.7250608289705757,0.717429883333577,0.7384089338279253,0.4410623444430929,0.394769796299272,0.7007967728475705,0.6443780005134342,0.4965001187888436,0.5476351743250637,0.8532697416196812,0.856392914770365,0.844231661522216,0.939137483009618,0.8476842847372907,0.5529187131196842,0.8850612020198899,0.630977776426655,0.8578478367440522,0.6239936178580565,0.8463523838774943,0.8336963341454148,0.6671519015249592,0.681735778965646,0.66596182852972,0.8650067276480753,0.7293304225748788
0.6541381358343167,0.6297356083949854,0.7170495935456087,0.7528966307147029,0.634272345750175,0.6695808273916605,0.6414349089427456,0.7504472561533414,0.6432124843189204,0.7199262830200812,0.7621500503709807,0.8629450260962823,0.7653259991564048,0.7972830984583796,0.8820436445585697,0.48445871842824834,0.4583452466704261,0.6044230993421938,0.0,1.0,0.9622913303595209,0.9636848342020908,0.9075767991044846,0.8188658522622041,0.4931932630529423,0.639193363987344,0.778330725460298,0.7826076260089265,0.854439383667121,0.8260920108977251,0.8111087767541773,0.7639219799654596,0.7725501404079017,0.7802250364395147,0.9367819013844818,0.8861429704087871,0.6647903581151038,0.5881261771557404,0.7345656174452097,0.6522897157943225,0.7776376010088466,0.8749162980930703,0.6421418466110753,0.8375105381008628,0.5603756861004572,0.9657743764427371,0.5737590306529122,0.7400533734415055,0.4275087754721389,0.7632319620837075,0.727116757754265,0.6586512244733594,0.8719238239570706
0.5497746524206868,0.6409136430024581,0.6649455759905438,0.6872773369111309,0.5778965427857125,0.6134678873796431,0.6219356461580102,0.7040713041917555,0.6514185019038705,0.7654839668694648,0.6933025759409103,0.8380157287143056,0.7889987626644714,0.8355012804352394,0.8508792572774881,0.4327056810084847,0.3991865070024782,0.5877810206713383,1.0,0.0,0.886528025816506,0.8974787947864322,0.923242714779461,0.8463746111878353,0.5570306553334221,0.6920791338596702,0.7532032657777367,0.6590237801719592,0.8468836582686633,0.7284005905049624,0.899239505151615,0.8508491766408016,0.7165909957819094,0.6543535766749967,0.9861337329271124,0.9202663230413332,0.635392091446496,0.5096172308738761,0.6846978080073829,0.5900114790538236,0.7506646922919524,0.8946113970030916,0.5827864628623598,0.8119422605772886,0.49124827971425394,0.8966863101413506,0.5299474218307053,0.6566384273000192,0.383280188709528,0.7008997750571198,0.6410919645867427,0.5995699877764256,0.9090685296077009
0.6758286276754998,0.5414443328947245,0.8105855371804809,0.7412001968238425,0.6890293674357615,0.7199690850007001,0.6699207706551065,0.7719484649826167,0.6364464432016755,0.7160360615630469,0.7180643191633594,0.7868497739446798,0.7387373079635304,0.7190489614449845,0.8945196019517926,0.4856991169265372,0.5072516803054785,0.6032894687883615,0.9622913303595209,0.886528025816506,0.0,0.9065442917551505,0.7634301342370945,0.7463146521994559,0.4206256604885602,0.5527847481050243,0.7939973541819556,0.8098876181096409,0.8454809816312877,0.806029840009126,0.7537119024686215,0.6634896663855976,0.7779882092894422,0.7932207452369678,0.8601933572602035,0.8162160008604434,0.6844451747694233,0.625209133537299,0.7049624166314759,0.6583534948005886,0.8502242122061099,0.8949923535257406,0.6561814653787942,0.8296371386005842,0.608978597329683,0.8901543804832233,0.6182411259005511,0.7741787467961729,0.47950780604292137,0.8215195831173168,0.7848785209897359,0.6349314126463466,0.7931805432743243
0.7655189415741015,0.5806999315700703,0.8378104117070325,0.8479907309553683,0.7896934371941217,0.8780695458299335,0.8001748311360449,0.88934516370701,0.6205527749214017,0.7746498135735711,0.7380086049250976,0.8267825017359973,0.7971732652544173,0.7461110135140563,0.9483459782402278,0.63505890465907,0.5746803274341559,0.787027601036358,0.9636848342020908,0.8974787947864322,0.9065442917551505,0.0,0.9335862153163834,0.8537891471714103,0.4532275783948709,0.5956603354257151,0.9433544150315494,0.920773464174309,0.9155108510914103,0.8906229016940458,0.751558456355708,0.6580580290642453,0.874880728050121,0.8057734202950542,0.8240624777217052,0.8680257524871988,0.8404688503945964,0.7242480995196429,0.8785972708411707,0.8771673379216834,0.8961926403074136,0.8558215292824497,0.8274006836643996,0.8556610482221493,0.6943112050697978,0.9185318607426827,0.7305517723728925,0.9068312042853315,0.5455443211146368,0.8627983693639744,0.760505357954139,0.7134849401975275,0.8960402400167542
0.5128713271774963,0.8488472532173847,0.6187059675008407,0.6273238094305849,0.5854296809899618,0.579733921918813,0.5521565292433108,0.7860298922224278,0.521919154823122,0.7215474432551197,0.5901533167576779,0.6600921443277111,0.6301396909217423,0.7192838976773215,0.762825930912525,0.45252776008865764,0.3848089735546213,0.5924707135378476,0.9075767991044846,0.923242714779461,0.7634301342370945,0.9335862153163834,0.0,0.9785043692615678,0.6258088097716037,0.8417865548218563,0.7170996877336496,0.7248104432263834,0.8505010703095742,0.7274538237060238,0.9216807012486408,0.7892523128825618,0.6855200505568665,0.5278127125592751,0.8795679372943679,0.7775635105823556,0.6188093726947849,0.4874147495560245,0.7307996816106241,0.5881616749367934,0.66996509235538,0.7391598681901487,0.5504265687806762,0.6208613364711295,0.4625844843931457,0.7273000212977225,0.49065326972770695,0.6218676651208587,0.37655289793392105,0.6743014898217354,0.5712354153775738,0.5572038515487621,0.7886909345720531
0.5306071414942735,0.8239043908678598,0.5833172274829987,0.6176141340314963,0.5828257020822502,0.5693214601079205,0.5478854846982548,0.8145760053386064,0.54643853860094,0.7616508666137716,0.5827131117062618,0.6644450764450853,0.6670360717904741,0.7281870019022949,0.8233475231621714,0.44737114721614957,0.3832012303672917,0.5752326052709604,0.8188658522622041,0.8463746111878353,0.7463146521994559,0.8537891471714103,0.9785043692615678,0.0,0.5965194109044979,0.8789937478673769,0.6852601783272696,0.6936335673373499,0.8201316765450725,0.7141000321518742,0.8874768959133718,0.773476278991202,0.6648407596064548,0.535218808256873,0.826873165330609,0.7619193727303609,0.5961307678647074,0.46787370143588847,0.6635144431233101,0.571975906116342,0.6909068164655217,0.7020091412558597,0.5558652551470763,0.6602395111962258,0.4634915001670568,0.7586392065165856,0.4860743885704266,0.5888982883816862,0.377009446378109,0.638648876183656,0.5440479947876298,0.546844451518529,0.798545130638525
0.23397543420976835,0.7757395142521484,0.2992700049101668,0.3184928619807616,0.2755731683711983,0.28781081416787163,0.25754681622744874,0.3952177579203646,0.3096443759470814,0.4412155038084305,0.30454374064165596,0.4062596654128376,0.37718851573809303,0.4812501040991401,0.4182660484439318,0.22333617949923293,0.17958720418111712,0.2868853985772961,0.4931932630529423,0.5570306553334221,0.4206256604885602,0.4532275783948709,0.6258088097716037,0.5965194109044979,0.0,0.8938043389549087,0.35957630827787335,0.3606635934098801,0.42795728973883823,0.3561190100936625,0.741701719023496,0.7943791565028001,0.317857035853002,0.26608194940476715,0.6008706872653335,0.46983394098271697,0.2913385054770545,0.20893098790928763,0.32246465197272156,0.2751213817132946,0.3537899816869149,0.3889332516268133,0.26693217478897635,0.35842900214245454,0.21303173820052715,0.44780585213632695,0.22013982284307337,0.2949509124697167,0.1702124911706746,0.3187880820211171,0.2720814811686128,0.30344840888975255,0.423888818636868
0.3191465225315879,0.9772270641765005,0.4110853813848058,0.42751148921162413,0.3727628205708881,0.39077182508223746,0.3589281445724181,0.5577751118874752,0.41170981579551325,0.584238930330172,0.4009856802736893,0.5064841217215447,0.4794678474406234,0.5914105781993809,0.5596640342082709,0.3013710005518212,0.24818444909377513,0.39943800740582575,0.639193363987344,0.6920791338596702,0.5527847481050243,0.5956603354257151,0.8417865548218563,0.8789937478673769,0.8938043389549087,0.0,0.511276127635783,0.51004255913372,0.5940674614763832,0.49969736762066713,0.9124918031661987,0.8986046649481488,0.44416114444495286,0.3475461570192249,0.7014711506103087,0.5919253890102132,0.3954155120116267,0.2971499638527857,0.4521295471297251,0.3820015074343044,0.45919350511514373,0.5102962180600076,0.35804142058828053,0.4685916111723727,0.29363238523222207,0.5471835539946075,0.3062294102279068,0.4013059115112704,0.23922790976632066,0.42492366903932327,0.3693001019829727,0.4083152217296201,0.579852867481517
0.8150742298453046,0.4926092509758366,0.9180925153978837,0.9339166037509987,0.8264326960200357,0.8950120614333428,0.85446391536631,0.8719775810966957,0.7257460609868648,0.7145250139425051,0.8118782275601244,0.7375146675317868,0.7743479238568898,0.7019982162874036,0.8642061983333065,0.6858095819836004,0.6516379738822626,0.8449233444250653,0.778330725460298,0.7532032657777367,0.7939973541819556,0.9433544150315494,0.7170996877336496,0.6852601783272696,0.35957630827787335,0.511276127635783,0.0,0.9101707292287948,0.9268279274106412,0.8544839617877377,0.5903507483535289,0.5385431606438376,0.8549621548304116,0.8513691892527313,0.67006370313441,0.7526265715214275,0.8376617735278701,0.8500775169980105,0.8616441644417998,0.8921133282227447,0.9065132455097756,0.7971554980917058,0.8897289301211955,0.8624679897271463,0.7793175479966825,0.8117337944844633,0.7915647750844558,0.909546096742604,0.637475996644638,0.8346374884413064,0.8351231454314687,0.8553699539494308,0.8762250909090131
0.800052662033227,0.504711573549909,0.8685623148232948,0.8674676701560615,0.8399215099300589,0.8718557422186551,0.8402599137148533,0.8815220667255605,0.5970421166318778,0.6425887868714484,0.7202433039064842,0.6408259162723061,0.6269992280730576,0.6392559079666774,0.8677630588436827,0.6214932169774433,0.6221284702677492,0.7250608289705757,0.7826076260089265,0.6590237801719592,0.8098876181096409,0.920773464174309,0.7248104432263834,0.6936335673373499,0.3606635934098801,0.51004255913372,0.9101707292287948,0.0,0.8852249276556576,0.8702093155528188,0.5441658105574303,0.497115432740329,0.9328232087078039,0.7634604908573861,0.6593821906333974,0.663205633133991,0.8396222564848658,0.8036603348811795,0.9081728915018542,0.8618915183220889,0.8965310380819026,0.7245258586188514,0.817821446740559,0.7963672959652998,0.7623087148051485,0.7399524923383384,0.7527029324072197,0.86640463913374,0.6448041299198657,0.8503275082452924,0.813221839710539,0.735845019985447,0.7851892156723641
0.7665287040763976,0.5971593391480685,0.8368978276642306,0.8614920588632958,0.8412620366741371,0.8272294215010054,0.8476267990339407,0.9172026144865839,0.7437495191786605,0.8412208606880748,0.8230868795036572,0.8017205573184334,0.762479731328018,0.778025144188906,0.9332729630533693,0.5754542480428769,0.5709709775162367,0.717429883333577,0.854439383667121,0.8468836582686633,0.8454809816312877,0.9155108510914103,0.8505010703095742,0.8201316765450725,0.42795728973883823,0.5940674614763832,0.9268279274106412,0.8852249276556576,0.0,0.9378792585503283,0.6726764420593311,0.5949734141547377,0.8998261321292694,0.7398694328854587,0.7837602050374687,0.753569759645579,0.8410882318270088,0.7983164930674453,0.8971470658792899,0.7885677225627575,0.9147034196280038,0.845736995660563,0.7812400771036393,0.870177903686392,0.7662706920333859,0.8412653541276706,0.7668573557938853,0.8686970591020895,0.589300692770577,0.8725490309398611,0.8649023187826799,0.788833205124966,0.869043471330467
0.8317522319437921,0.4952999589709739,0.8614139514953779,0.8801279003485183,0.853617900207761,0.8451259258640366,0.8350966246249506,0.9370468180461851,0.6753664286485677,0.7347928642984418,0.8289109773272701,0.737803717092922,0.74439760572692,0.702264232406399,0.8851337231197463,0.5931356827515931,0.6518623195516877,0.7384089338279253,0.8260920108977251,0.7284005905049624,0.806029840009126,0.8906229016940458,0.7274538237060238,0.7141000321518742,0.3561190100936625,0.49969736762066713,0.8544839617877377,0.8702093155528188,0.9378792585503283,0.0,0.5608283676215131,0.5148404689104795,0.9394923726680383,0.8015207211774232,0.6762408630117579,0.6997721496013763,0.8373333087587184,0.8136876115079831,0.9134230593703061,0.7969550300541188,0.8867614837465673,0.811540248322613,0.8305765923952582,0.8734712485750181,0.7652198981959918,0.8243079428409622,0.7874674374556676,0.8593998431918572,0.6883652119386133,0.9359681133051491,0.9423440904373913,0.7927930892469509,0.8661061502254824
0.4032147898228921,0.7567558788467139,0.48415755473522754,0.5045732255133809,0.4426632250612218,0.45931933978261524,0.4439063122336594,0.6128804342445939,0.5145911169701579,0.6792688023159213,0.5528716189650337,0.7385799094863317,0.6358983872231699,0.718283810655621,0.6992202116954036,0.3284452773836124,0.29007081307966015,0.4410623444430929,0.8111087767541773,0.899239505151615,0.7537119024686215,0.751558456355708,0.9216807012486408,0.8874768959133718,0.741701719023496,0.9124918031661987,0.5903507483535289,0.5441658105574303,0.6726764420593311,0.5608283676215131,0.0,1.0,0.5319096812426704,0.49823906702156456,0.9978077051994666,0.7588158673962607,0.45889442804477437,0.3550336842570457,0.49552394644244513,0.4442868352618857,0.5351220506150108,0.703635503837244,0.42073835131384113,0.6122456390343803,0.3616288179890464,0.7542272442612197,0.38439470394642855,0.5005097398113021,0.27085685806996584,0.5302354213809376,0.48442206060871434,0.47042959429306946,0.7277261509719951
0.36062424651598857,0.811402007681152,0.44122211969758235,0.4542598256485075,0.39584270177002684,0.41965009003007364,0.40843959630013915,0.5570438723598701,0.48244349654380436,0.6182415277713289,0.47910310498269887,0.6322102791846745,0.609857613609594,0.7492314726796746,0.6443096366172121,0.2986917981042754,0.26132629488127834,0.394769796299272,0.7639219799654596,0.8508491766408016,0.6634896663855976,0.6580580290642453,0.7892523128825618,0.773476278991202,0.7943791565028001,0.8986046649481488,0.5385431606438376,0.497115432740329,0.5949734141547377,0.5148404689104795,1.0,0.0,0.48084200409885003,0.4367096976638075,0.888588467643882,0.7489234077638177,0.42341536046650663,0.31884303806434605,0.464204122302919,0.4079922989485899,0.5013117772134689,0.6051612629220184,0.38916790790164535,0.5596672835153695,0.3227495563980765,0.6905415458202214,0.3336474076583647,0.4512851395335422,0.24088805800360005,0.47182064283585096,0.4257438796883206,0.44706216046275266,0.7066225361775784
0.8229570640610787,0.45789015448957865,0.911334516785094,0.9117115841781396,0.8872894078542898,0.8685118123965059,0.8341836709359309,0.8536084596019611,0.6555634657410845,0.660200776142663,0.7793947277706698,0.7314771236144402,0.6997340724510512,0.6483352447519213,0.8259669194364405,0.6268049192189509,0.7140741621803509,0.7007967728475705,0.7725501404079017,0.7165909957819094,0.7779882092894422,0.874880728050121,0.6855200505568665,0.6648407596064548,0.317857035853002,0.44416114444495286,0.8549621548304116,0.9328232087078039,0.8998261321292694,0.9394923726680383,0.5319096812426704,0.48084200409885003,0.0,0.8328476680516355,0.6514050238593552,0.6521153153428672,0.8448665556561452,0.9095818236886841,0.9906089205754591,0.8224247974795715,0.89820201838676,0.8074850112500149,0.8715141555145886,0.8324828878179675,0.7943907766265662,0.7783485936218066,0.7947007834507939,0.8976853911560471,0.7229589582852348,0.9229921052066044,0.8945659921525821,0.750298184921144,0.8001593269750782
0.8569502141409807,0.3308376982816198,0.8682006784799976,0.8328504007066053,0.7559479247971271,0.8009561487691155,0.8219384685421892,0.7258196136795396,0.7489802265191768,0.6620600775758086,0.8571458236014526,0.8241594185834582,0.7928215415841302,0.7270421270385264,0.827438553640503,0.5611129603079756,0.6131181498036027,0.6443780005134342,0.7802250364395147,0.6543535766749967,0.7932207452369678,0.8057734202950542,0.5278127125592751,0.535218808256873,0.26608194940476715,0.3475461570192249,0.8513691892527313,0.7634604908573861,0.7398694328854587,0.8015207211774232,0.49823906702156456,0.4367096976638075,0.8328476680516355,0.0,0.6654890028076397,0.7174297628781211,0.7604795258868975,0.7950223035424989,0.77515465903079,0.798734647813926,0.822235666505272,0.8720500628728741,0.7690199753812496,0.8951779665223147,0.7095719174023801,0.8063508435070627,0.7954919264041959,0.9027517756796785,0.6028895865499359,0.8496062019928913,0.8336780291995399,0.7109477861240002,0.862012156598061
0.5178949240707507,0.6554319899725112,0.6061132790782588,0.642697012870917,0.5399150272566855,0.5446044015043601,0.5746624626218527,0.690645076816117,0.6416214912159596,0.7898766346740516,0.7112486203820549,0.9149076705154416,0.7628662098620925,0.8707251155600314,0.88079956575844,0.3821074447219376,0.3664292839487771,0.4965001187888436,0.9367819013844818,0.9861337329271124,0.8601933572602035,0.8240624777217052,0.8795679372943679,0.826873165330609,0.6008706872653335,0.7014711506103087,0.67006370313441,0.6593821906333974,0.7837602050374687,0.6762408630117579,0.9978077051994666,0.888588467643882,0.6514050238593552,0.6654890028076397,0.0,0.9415007549427171,0.5713929931920044,0.4708362112088829,0.6386513683312741,0.5176662233599365,0.7104514694317704,0.8946060233496222,0.5313788980953911,0.8139009839792184,0.45299439906541256,0.9251049722548086,0.48818407843361245,0.6663099403548325,0.348924263107583,0.6806874597169048,0.6395799467272153,0.5542079655130713,0.8636572728915799
0.5851813025702035,0.524991893587644,0.6445458505381482,0.6722523868373426,0.5546155770101177,0.5999466307944433,0.6351929297748644,0.719662942424098,0.685426765391038,0.7581744092811443,0.8212704979182454,0.9262032830841459,0.7961888642747448,0.9028661887550052,0.8687339178719169,0.41682089448009874,0.39943582941449635,0.5476351743250637,0.8861429704087871,0.9202663230413332,0.8162160008604434,0.8680257524871988,0.7775635105823556,0.7619193727303609,0.46983394098271697,0.5919253890102132,0.7526265715214275,0.663205633133991,0.753569759645579,0.6997721496013763,0.7588158673962607,0.7489234077638177,0.6521153153428672,0.7174297628781211,0.9415007549427171,0.0,0.6077113957264763,0.5165159891844522,0.6292790678891605,0.5746476576594514,0.7343572755908067,0.9445125389387734,0.5746836430795452,0.7983289730684405,0.5109945965870111,0.8876516974292338,0.5491080101936282,0.655815720706164,0.3814003686462839,0.6994837677624176,0.6846369718934584,0.6116507345365152,0.8289437967127069
0.9362239891513139,0.4087106507470752,0.8640311480780125,0.849995636652554,0.8821563320167178,0.8966439069571505,0.93799051251908,0.8634182478782665,0.6301619682818662,0.6638121357236094,0.7469621873704198,0.5815291462464739,0.6689782825651815,0.5775592513105575,0.7558478676141311,0.7837201991882533,0.78605849692318,0.8532697416196812,0.6647903581151038,0.635392091446496,0.6844451747694233,0.8404688503945964,0.6188093726947849,0.5961307678647074,0.2913385054770545,0.3954155120116267,0.8376617735278701,0.8396222564848658,0.8410882318270088,0.8373333087587184,0.45889442804477437,0.42341536046650663,0.8448665556561452,0.7604795258868975,0.5713929931920044,0.6077113957264763,0.0,0.9487055134197592,0.9344525256928604,0.9590238170329695,0.9001936141518844,0.6828278020874188,0.989795000525416,0.8031867914863277,0.915528895314115,0.6824066155243734,0.8979939804768731,0.9655197445477799,0.7761320696517708,0.8393643828144938,0.8113410059402573,0.8265153015726152,0.71955197546204
0.9476745419240076,0.30475498295367515,0.8906326141570317,0.8881495772563267,0.906556239930114,0.9353268160874617,0.9419036660938661,0.8392575221037477,0.6344931262927087,0.6213689250351949,0.7723236783765383,0.5683154553459913,0.6463051929454525,0.5329591704955445,0.7034093644447985,0.8783539439461151,0.9049505094506006,0.856392914770365,0.5881261771557404,0.5096172308738761,0.625209133537299,0.7242480995196429,0.4874147495560245,0.46787370143588847,0.20893098790928763,0.2971499638527857,0.8500775169980105,0.8036603348811795,0.7983164930674453,0.8136876115079831,0.3550336842570457,0.31884303806434605,0.9095818236886841,0.7950223035424989,0.4708362112088829,0.5165159891844522,0.9487055134197592,0.0,0.9347954567500616,0.952106314115579,0.9029205780107227,0.6408349069535851,1.0,0.7342314841111438,0.9896924708907765,0.6055902474993974,0.9961998966628415,0.933641748895976,0.904812291240976,0.8405956129196135,0.9399768796059822,0.8385071631283255,0.703763178500952
0.8813924850386494,0.47107492947954255,0.9422058785117353,0.8758276481311118,0.9159070816131021,0.866271006271187,0.9727430259694179,0.950947338091999,0.661889769007862,0.7125266998799322,0.7497341390893726,0.6079088831776521,0.666711958236475,0.603939730629422,0.7891923740612196,0.7721536664428958,0.7477217715843723,0.844231661522216,0.7345656174452097,0.6846978080073829,0.7049624166314759,0.8785972708411707,0.7307996816106241,0.6635144431233101,0.32246465197272156,0.4521295471297251,0.8616441644417998,0.9081728915018542,0.8971470658792899,0.9134230593703061,0.49552394644244513,0.464204122302919,0.9906089205754591,0.77515465903079,0.6386513683312741,0.6292790678891605,0.9344525256928604,0.9347954567500616,0.0,0.876401230828066,0.9334397131002242,0.724330707204727,0.9804342876875937,0.8095891768248478,0.9048684578576391,0.7132728411139101,0.8722320449822454,0.9462739955843749,0.7812224395562616,0.8497597961949799,0.8882302742690108,0.8638597329703396,0.790624218698295
