Cingulate area 2,Frontal association cortex,Cornu ammonis 3,Dentate gyrus,Cornu ammonis 2,Cornu ammonis 1,Fasciola cinereum,Subiculum,Postrhinal cortex,Presubiculum,Parasubiculum,Perirhinal area 35,Perirhinal area 36,Medial entorhinal cortex,Lateral entorhinal cortex,Primary auditory area,"Secondary auditory area, dorsal part","Secondary auditory area, ventral part","Piriform cortex, layer 1","Piriform cortex, layer 2","Piriform cortex, layer 3",Ventrolateral orbital area,Lateral orbital area,Ventral orbital area,Medial orbital area,Dorsolateral orbital area,Prelimbic area,Secondary motor area,Frontal association area 3,Primary motor area,"Agranular insular cortex, ventral area",Agranular insular cortex dorsal area,Cingulate area 1,Infralimbic area,Dysgranular insular cortex,Granular insular cortex,"Primary somatosensory area, forelimb representation","Primary somatosensory area, dysgranular zone","Primary somatosensory area, face representation",Secondary somatosensory area,"Primary somatosensory area, hindlimb representation","Agranular insular cortex, posterior area","Primary somatosensory area, barrel field",Retrosplenial dysgranular area,"Primary somatosensory area, trunk representation",Retrosplenial granular area,"Parietal association cortex, lateral area","Parietal association cortex, medial area","Parietal association cortex, posterior area",Primary visual area,"Secondary visual area, lateral part",Temporal association cortex,"Secondary visual area, medial part"
0.0,0.238037853539655,0.5380703509099898,0.5406578435546322,0.5104148868772709,0.5114742165090252,0.5840203575778367,0.5565376827433807,0.5884793522879102,0.47957346476213997,0.5432143974847291,0.3535508432141066,0.35577431239271595,0.45864173514841194,0.34458999494900877,0.43316181690285227,0.4382488105764449,0.41214160171849107,0.546647186677496,0.5510600676173779,0.471832242463179,0.4350810380127308,0.42782832562116563,0.45240262960082656,0.31472918154493246,0.40705611981597184,0.5039471090125306,0.2777784945784658,0.490240782661669,0.6184164141884221,0.6279564872643825,0.6263478584685944,0.8868168394630499,0.8287964170834481,0.590815451554698,0.5196466509682889,0.7946955675255442,0.748052942663069,0.6090833651007026,0.5192524767910071,0.6364364021669596,0.5051276204866751,0.5859338113150969,0.5014935111241388,0.6084235430036128,0.5078374921494656,0.4104055841440335,0.41151537836565805,0.4824059118921635,0.506565496502247,0.544576460678011,0.4609536868425321,0.4233099342843683
0.238037853539655,0.0,0.3527648869960842,0.4280957510464811,0.34625463230168113,0.40353644933167243,0.2915626543658572,0.42968241897380055,0.3676645863985228,0.4726744074883466,0.4907850313231039,0.5376587721488734,0.3836420471062605,0.47008443054592025,0.6953756794372138,0.32869656224879384,0.40803452361665127,0.36336005643281083,0.462594628483971,0.4896703038856437,0.5951103444026808,0.6480434460265584,0.6252720591903344,0.6768641507006123,0.8131678797600189,0.7407556546857411,0.6480045700770175,0.8907717207086763,0.6244814096310203,0.5363037931708929,0.4172759472324669,0.45262700597800815,0.34559269750543414,0.41743844095358823,0.5184569062265549,0.6326714159544577,0.35887959034913836,0.377997207625088,0.5071090102319327,0.5680494334239607,0.2816324529766689,0.5906539956179554,0.2649225303777489,0.529068744081204,0.2984112473415067,0.49838405991949547,0.40112877508182304,0.46293885154934133,0.3788653090064043,0.5036053529101848,0.4901328319713566,0.3021115805600038,0.5640317688731953
0.5380703509099898,0.3527648869960842,0.0,0.984184401239436,0.9974714667967058,0.9868872063731458,0.841995337649276,1.0,0.8693509089598541,0.8406750485956291,0.7416685370179029,0.7837423202590585,0.7666876201974238,0.7836545129767682,0.6848082984249367,0.933675461926936,0.8454966889841835,0.9376359981995704,0.9071755050498566,0.9114192368860433,0.7736264693830568,0.6388149177841168,0.6269367108580199,0.6700114337677664,0.553745513650431,0.6218116884739099,0.5757590532484235,0.445530253336156,0.5986973989512853,0.7560245781191233,0.8504664635657617,0.8107747809564275,0.6662004791294399,0.7217129439509411,0.788352447040395,0.7603646294328925,0.7527923615507566,0.8468049763612404,0.6172699612427868,0.8419583209718853,0.8884152967690693,0.7474962973283272,0.8893357056775286,0.8090003695143881,0.9577647828538789,0.7707308129866309,0.7967489815433917,0.6407340296419802,0.863947377925232,0.8804055713917436,0.8949300351982744,0.9027007983172181,0.7457711576973061
0.5406578435546322,0.4280957510464811,0.984184401239436,0.0,0.9522835391202833,0.9934914764366887,0.8279871876955062,0.9888545955669255,0.876074887384325,0.9458100404176633,0.8070055420389975,0.7409639689476938,0.7449349290682203,0.8314968165279746,0.7286260914641371,0.9044897066780582,0.8963138012736733,0.8740185830033266,0.9882105285888045,0.9131339961168023,0.8600808859766154,0.676511440988964,0.7183626076383901,0.7559717206247958,0.5810608284139688,0.7069337136672559,0.6710749625728393,0.5113299059038966,0.6362417473427047,0.8323529233172753,0.9364825721647589,0.8775476760009391,0.6371221969654643,0.7694012202513278,0.8349624046259473,0.7831374952775647,0.8115011976035501,0.84962682444364,0.6876376456092221,0.9180980671982117,0.7790331484425218,0.7542107689095345,0.7696588665610599,0.8862889091520684,0.8990924019309287,0.8843148853920637,0.8825781462826717,0.8325304361925712,0.8786423990609857,0.9551679921129279,0.9427085554274162,0.8902746245394529,0.7978696630958386
0.5104148868772709,0.34625463230168113,0.9974714667967058,0.9522835391202833,0.0,0.9887350192374454,0.8340388490036171,0.9852677423897657,0.9203702881711948,0.9328829459676719,0.808554176505072,0.7517954957049836,0.907510608908997,0.7897979534889513,0.6478753082959654,0.9414212205829742,0.941161528666099,0.9489166435341672,0.8164265491132355,0.8364536540522025,0.7057662982863251,0.5588241326759246,0.6006799362184506,0.6471488010098115,0.5264893304133218,0.589286494477664,0.5468744329667025,0.41344426589438915,0.5728106723726655,0.6610159173616241,0.7953267440745553,0.7332128733730575,0.6160724853750744,0.6843855854130766,0.7035144057890522,0.6775772996491292,0.6996152559505647,0.8567786644904976,0.5944529973705107,0.7881933904464922,0.7863880160652624,0.6983506811511568,0.8191369815406141,0.76469889922005,0.9400643132629525,0.7483380975298005,0.7911740513410184,0.6356239699033156,0.8706612516114818,0.8817067164438783,0.8468960241279028,0.9965185755053488,0.7035944691760329
0.5114742165090252,0.40353644933167243,0.9868872063731458,0.9934914764366887,0.9887350192374454,0.0,0.8473701600639504,0.9820942010190434,0.8729238949270108,0.9377474139552001,0.7577435408789479,0.7240613898894637,0.7839561824863599,0.8312898919022144,0.7197295163439533,0.9023801478493226,0.9716596827962609,0.9953429619959301,0.9053651482494003,0.8903414059464021,0.8532099968429557,0.6421289733658108,0.696598745141141,0.6948077034016079,0.5773510005961972,0.6553438312972056,0.6322730055621485,0.47345822544390503,0.5927126607004237,0.7409718511991875,0.9067079599388891,0.7787250471140856,0.5930015086965915,0.6735707003038001,0.763421979556292,0.7123316132269019,0.733950573189587,0.8272199597559883,0.6009198774444883,0.8064603484917889,0.8288828529274713,0.6845319235244115,0.8197133507275336,0.8246476238361141,0.899174253701786,0.8916836173532867,0.9198350123727342,0.7609960998902338,0.9501045480606142,0.9576146997434437,0.9638051550526152,0.9958924278776751,0.7594125917144993
0.5840203575778367,0.2915626543658572,0.841995337649276,0.8279871876955062,0.8340388490036171,0.8473701600639504,0.0,0.8785348827967676,0.708413179950846,0.6556900870737276,0.5848650311820749,0.550941645962802,0.5868857910027893,0.6039018035186389,0.505438584613131,0.789130679436711,0.8163466410874333,0.659852351572308,0.8276139069567513,0.7529799189881108,0.6664237938957808,0.5516642565417639,0.5518026816874965,0.5884169966147298,0.4373053529084938,0.5245371454230536,0.5086605784619301,0.3625272273883466,0.48337833931959934,0.7031531149649209,0.8793263691492116,0.8510777943935698,0.7075006620506693,0.7288364772037267,0.7302643237368015,0.6369484520223343,0.8346829037039881,0.9030568492723295,0.5619494713363186,0.7097076195886347,1.0,0.6011568178529452,0.9296991908107264,0.8157281116212056,1.0,0.7486335925537438,0.7089436230751643,0.5660648188386904,0.8264763954198086,0.7826104642274992,0.7761191662062129,0.733434808417471,0.6518679474920932
0.5565376827433807,0.42968241897380055,1.0,0.9888545955669255,0.9852677423897657,0.9820942010190434,0.8785348827967676,0.0,0.9340405261843591,0.9720142540326472,0.8414188395083589,0.7919836034663708,0.7390544489767435,0.8766808883400498,0.7301995156568168,0.8756061149330789,0.8885057840147329,0.9251438543071915,0.9867324097859405,0.9950396607901721,0.9072940658011632,0.7286531471965053,0.724056983291964,0.7538184660952001,0.6492418395002959,0.744569133589186,0.7162720157275458,0.5310712629089036,0.6920788924353147,0.8566977420665741,0.9462880556077168,0.9239250144463167,0.6710315628084548,0.7557261729982861,0.8862985029545258,0.8850777910494773,0.8172767422025775,0.9258295431747313,0.7525441963990335,0.9494376112206457,0.8130567192377239,0.8361611228458501,0.8366985020863715,0.8717882433248728,0.9071813687717137,0.8774044721725784,0.8635772378463155,0.758525148907608,0.8295389131233135,0.9549852310913681,1.0,0.8825032145663186,0.8132743117864859
0.5884793522879102,0.3676645863985228,0.8693509089598541,0.876074887384325,0.9203702881711948,0.8729238949270108,0.708413179950846,0.9340405261843591,0.0,0.9095647178075466,0.8624651123149021,0.6598459403301555,0.7370562561547397,0.8736139220122735,0.6185573043126554,0.7966602878897147,0.787033463545402,0.8171105438250228,0.7759290451924684,0.8373454551659161,0.7246456846836073,0.6249341791186178,0.6411570897394173,0.6229840899871814,0.5416754443366325,0.6262221326004012,0.6566429471773804,0.46204690792075104,0.6234010378494019,0.7429569354781592,0.8102530090274906,0.7553409973428928,0.6950901948332515,0.7705414827557613,0.7335542865097844,0.7098986094967452,0.7390295419657286,0.8565949397079011,0.691815011906682,0.8056289566097273,0.701914244293946,0.7032791431528707,0.7031676448182361,0.7313282019152301,0.833012356590329,0.6978043361565316,0.7015917589400464,0.6121673347741836,0.7362705591580294,0.7732397301580953,0.8535671168116266,0.8581791386761393,0.6548113087026829
0.47957346476213997,0.4726744074883466,0.8406750485956291,0.9458100404176633,0.9328829459676719,0.9377474139552001,0.6556900870737276,0.9720142540326472,0.9095647178075466,0.0,0.9725072477670141,0.83760133724172,0.8238060194736131,0.923721997835435,0.7686809594365513,0.8532204987885244,0.8547290694456533,0.9357075524825498,0.8776760879658542,0.8745234663096935,0.8589390241527767,0.7047884641402354,0.6934498631798505,0.7403657830515987,0.6553997221426351,0.7302062617926294,0.7439444526024118,0.5510926885697693,0.7314907963515147,0.807833390634917,0.7591598021750713,0.7540820443016794,0.6281291511841111,0.7229929890044302,0.8428299819419788,0.8084853835052247,0.6757935352440059,0.8117492217913581,0.7607152537099303,0.9819965376064237,0.6717236923336634,0.7305547785315224,0.6656994760148013,0.8407471430777871,0.7839316573616819,0.7707040640454387,0.7860721927061817,0.7854633630489374,0.7618280359039906,0.9766411978689006,0.9062139634932224,0.9163021565893413,0.7708577964126229
0.5432143974847291,0.4907850313231039,0.7416685370179029,0.8070055420389975,0.808554176505072,0.7577435408789479,0.5848650311820749,0.8414188395083589,0.8624651123149021,0.9725072477670141,0.0,0.7934591452839741,0.7017560918419073,0.8726538930479825,0.7613277729163821,0.637054873798242,0.6568180986779234,0.7257978177978328,0.7420283800901267,0.8566294533770231,0.8226138764077711,0.7098209273970407,0.7153911860924594,0.7720296386635416,0.6906976387121452,0.7193621306528378,0.808460804023193,0.5370341725310271,0.8498716676554904,0.7742577308169032,0.7196286377560165,0.6885812567273519,0.7009645905831445,0.7942259478242502,0.8431674321029081,0.8572732872829604,0.7070830845704201,0.7797244074101106,0.880623818722414,0.951414144034706,0.5957426124525704,0.8724145157440104,0.5752971869650075,0.7312625538770937,0.6456038404980599,0.6717619898247835,0.585206688681491,0.6115716371563699,0.6017592962570883,0.7716211083744613,0.8297031259055166,0.6709354561720271,0.6982518033585765
0.3535508432141066,0.5376587721488734,0.7837423202590585,0.7409639689476938,0.7517954957049836,0.7240613898894637,0.550941645962802,0.7919836034663708,0.6598459403301555,0.83760133724172,0.7934591452839741,0.0,0.8935132736006535,0.7865303435696449,0.9348807590888623,0.658301909743501,0.7379818315259079,0.7831503045887317,0.7055705144064978,0.7775407732363971,0.7679538909545375,0.6224110990093529,0.6035342138606171,0.7279140925266587,0.6740378769308946,0.6668344547393155,0.5734429350795109,0.5985049653647154,0.6463054565526153,0.6204594094014153,0.5812382055446366,0.5966604990788567,0.47683326889102845,0.5116059983088902,0.6516569310674033,0.7169446679886875,0.5315097368019756,0.6086735013396649,0.6302047337103691,0.9080975293136143,0.5349832644669565,0.7478789779915025,0.525447994516268,0.681178051377407,0.5895097798849903,0.6623127164384246,0.6619904872500489,0.581812659763161,0.6352772291893969,0.8119975815334178,0.7662691018981863,0.6997498412556621,0.6915094959430964
0.35577431239271595,0.3836420471062605,0.7666876201974238,0.7449349290682203,0.907510608908997,0.7839561824863599,0.5868857910027893,0.7390544489767435,0.7370562561547397,0.8238060194736131,0.7017560918419073,0.8935132736006535,0.0,0.7797221219400268,0.7529633294446938,0.8425961716535498,0.7620275630235063,0.8573963674279931,0.6802865883529983,0.6991901180753991,0.6687605995854875,0.533764293119535,0.5399511361941631,0.6052831503730207,0.5329824264170312,0.5555192142891268,0.4965746398653779,0.4471965557000078,0.5276813402495899,0.5483826359461369,0.5948113003770552,0.5559070412674634,0.44680721813609603,0.4958497003884365,0.5932758601453859,0.6001286731363196,0.5154198307314712,0.6005558599925314,0.5420804058838873,0.710926909267627,0.5625417406972791,0.6048529476697532,0.5888415161180607,0.6072512023124398,0.6420391504900311,0.6035086384822028,0.6616414292254752,0.5673621075432335,0.662050648810064,0.7794123856735197,0.7163302102869878,0.8359411870825572,0.6106620635905562
0.45864173514841194,0.47008443054592025,0.7836545129767682,0.8314968165279746,0.7897979534889513,0.8312898919022144,0.6039018035186389,0.8766808883400498,0.8736139220122735,0.923721997835435,0.8726538930479825,0.7865303435696449,0.7797221219400268,0.0,0.7341127609896937,0.8003464230824128,0.7302947897181346,0.8083852301384217,0.7209989852585547,0.8092820621268673,0.7592348629838601,0.7281400283808477,0.7046354864090589,0.7471264456445984,0.6717028883651684,0.7149318778597411,0.6947069324094903,0.5647551504679711,0.6780316487863491,0.6773683631478681,0.6703211208934671,0.7007331496662016,0.5521566487502829,0.6730676986744264,0.7123360368506495,0.7322285993555309,0.6051845914718329,0.7210225623799722,0.6643335178365449,0.8070972576790464,0.6077061665589587,0.6833126785932874,0.6061232138385518,0.6999376053120995,0.6539622017813396,0.6993089495570791,0.6887043327628743,0.6869712836318116,0.6332823950441079,0.7626265088236029,0.7467939789674446,0.7709873358064263,0.6651471135589918
0.34458999494900877,0.6953756794372138,0.6848082984249367,0.7286260914641371,0.6478753082959654,0.7197295163439533,0.505438584613131,0.7301995156568168,0.6185573043126554,0.7686809594365513,0.7613277729163821,0.9348807590888623,0.7529633294446938,0.7341127609896937,0.0,0.5821172979396232,0.6983487928173943,0.684452218462711,0.7216093245542415,0.7295946844414288,0.8279052254884879,0.7740320183419331,0.7608327691260212,0.8584648972647866,0.8265081599786729,0.799593296615819,0.6814095718830656,0.7527500266823046,0.6951061740214285,0.6563930846824724,0.6295842719912123,0.6352290746243281,0.484240728091832,0.5403649019008052,0.7177338471144048,0.8131164443270515,0.5347317899565552,0.5969940955475653,0.6205307566629639,0.8246026455792514,0.5020813709835049,0.7931905316687846,0.46118291678084306,0.7743728173475756,0.5389233074514613,0.7141603651716543,0.6775727121252522,0.6483251524896563,0.6049631486751953,0.8464952371388628,0.7562871473132634,0.5861637578880449,0.7954804474497881
0.43316181690285227,0.32869656224879384,0.933675461926936,0.9044897066780582,0.9414212205829742,0.9023801478493226,0.789130679436711,0.8756061149330789,0.7966602878897147,0.8532204987885244,0.637054873798242,0.658301909743501,0.8425961716535498,0.8003464230824128,0.5821172979396232,0.0,0.9377811683447094,0.9187391802576385,0.7290916506925794,0.7218470641424893,0.6525019942686519,0.5387162134091394,0.5341067557590103,0.5443793338623468,0.49189186253929307,0.5200346449777731,0.4839233604115298,0.40450371966099197,0.47691070342124137,0.607085207700959,0.7044298737306142,0.6640511630929059,0.5007419294418487,0.5435347542374065,0.5890069739281046,0.5893761935654768,0.5972296918039364,0.7177984604861238,0.4952673511584763,0.6904996386071782,0.7231428962375824,0.5495038834860287,0.7757196371326133,0.6698054560938442,0.9013032691428495,0.6910750582091464,0.8055589811304363,0.6451332704933375,0.847683065846121,0.8102594690263324,0.723806775525155,1.0,0.6096317869215165
0.4382488105764449,0.40803452361665127,0.8454966889841835,0.8963138012736733,0.941161528666099,0.9716596827962609,0.8163466410874333,0.8885057840147329,0.787033463545402,0.8547290694456533,0.6568180986779234,0.7379818315259079,0.7620275630235063,0.7302947897181346,0.6983487928173943,0.9377811683447094,0.0,0.8604698741273893,0.8776378611397899,0.7885388156204953,0.7404784025266682,0.6367795911205223,0.6798560849839598,0.6917657432666946,0.5923087400542442,0.676680632243281,0.5769641136256131,0.5131049123660585,0.54381805515216,0.7164388843395734,0.7705385015743269,0.786021076161906,0.5318390092420175,0.6048103298119084,0.7044199629447327,0.680295369621497,0.6600513448027711,0.7747251454606365,0.5689589102153745,0.7572428645778996,0.7330306666872776,0.6148087019427891,0.7729244242572464,0.8430575355298778,0.9037149329676333,0.7873750481986037,0.9675790217525445,0.7743068125490581,0.9249484011638505,0.8887512306654257,0.7936404808803658,0.8381266142712208,0.7641939071918096
0.41214160171849107,0.36336005643281083,0.9376359981995704,0.8740185830033266,0.9489166435341672,0.9953429619959301,0.659852351572308,0.9251438543071915,0.8171105438250228,0.9357075524825498,0.7257978177978328,0.7831503045887317,0.8573963674279931,0.8083852301384217,0.684452218462711,0.9187391802576385,0.8604698741273893,0.0,0.7426721518793082,0.7863755731211988,0.7524385037797687,0.5444601756609457,0.5551628158328352,0.5913287443183947,0.5236186113187385,0.5586786803676245,0.5384611392269573,0.4526496689417166,0.5365690971215196,0.6262934801913111,0.6621789584153229,0.6267445655301788,0.4911836167571925,0.546817892533819,0.5971030761664914,0.620328344626683,0.5730165841121811,0.6735174904000284,0.5671292648896873,0.7458206327447863,0.6186536111913882,0.6143816146762351,0.7050434991844259,0.6556200512135992,0.7982469841536787,0.6826518565452155,0.7737120262941387,0.6815357706377143,0.7535555879776444,0.7899677208563081,0.7984615094097742,0.9500306216668348,0.6368625723526493
0.546647186677496,0.462594628483971,0.9071755050498566,0.9882105285888045,0.8164265491132355,0.9053651482494003,0.8276139069567513,0.9867324097859405,0.7759290451924684,0.8776760879658542,0.7420283800901267,0.7055705144064978,0.6802865883529983,0.7209989852585547,0.7216093245542415,0.7290916506925794,0.8776378611397899,0.7426721518793082,0.0,0.9589310772404513,0.9428264235470303,0.7917476085403738,0.8023765268221918,0.8502625572315832,0.6468750006463658,0.766907531230472,0.7460220798539791,0.5691545214816903,0.7380983280876875,0.9185955862528782,0.9121494791642005,0.982432901547026,0.7551633134095208,0.860901544507442,0.946564598157797,0.8955197303544079,0.8289612091052896,0.973330411121216,0.705958181170113,0.9080272037977557,0.8258694015692288,0.935844595223365,0.7417129404867234,0.9554727223334947,0.875497388874128,0.9476280316445909,0.8713281781360589,0.7868935086136452,0.929381706927612,1.0,0.9881962495957577,0.7035958376565055,0.8686800854668738
0.5510600676173779,0.4896703038856437,0.9114192368860433,0.9131339961168023,0.8364536540522025,0.8903414059464021,0.7529799189881108,0.9950396607901721,0.8373454551659161,0.8745234663096935,0.8566294533770231,0.7775407732363971,0.6991901180753991,0.8092820621268673,0.7295946844414288,0.7218470641424893,0.7885388156204953,0.7863755731211988,0.9589310772404513,0.0,0.9849543661650684,0.8395223015000829,0.8202485689091586,0.9186251063172096,0.7006636454369665,0.831698056595714,0.7888705698672446,0.6324222152699748,0.7918811639691842,0.9067329806044393,0.9920645351996352,0.9468346351220402,0.777502624883439,0.8242880930595714,0.9201967640173954,0.9806079980064217,0.803818682252337,0.9239044311974862,0.7645859873940646,0.9076028169953123,0.7198242111224606,0.9348467122526977,0.7102482614585551,0.8780086316939705,0.8005334051957879,0.8582610279556011,0.7705191196296366,0.7567675802435007,0.7887236411130246,0.9828493789283761,0.9863001002796614,0.7248410226922449,0.8707536920841099
0.471832242463179,0.5951103444026808,0.7736264693830568,0.8600808859766154,0.7057662982863251,0.8532099968429557,0.6664237938957808,0.9072940658011632,0.7246456846836073,0.8589390241527767,0.8226138764077711,0.7679538909545375,0.6687605995854875,0.7592348629838601,0.8279052254884879,0.6525019942686519,0.7404784025266682,0.7524385037797687,0.9428264235470303,0.9849543661650684,0.0,0.825156601033731,0.8738700100864798,0.9117861582515111,0.7899373962907555,0.9640695960691188,0.8116559764469621,0.7175902942416026,0.8282997607388944,0.9148985228785534,0.9771257265135505,0.890217901403594,0.6931617703494216,0.7382063014585348,0.9361409462378213,0.9889154290251434,0.7646420890024527,0.7718673735339338,0.753094720729093,0.9399822840897258,0.655655312613523,0.9158625752765026,0.595216043223909,0.9532579611088055,0.7150272952926722,0.856810074933022,0.7750604072160099,0.7915043084513326,0.7493517403905936,0.9653259406542445,0.9888660978496047,0.6284353896552383,0.9410628325481873
0.4350810380127308,0.6480434460265584,0.6388149177841168,0.676511440988964,0.5588241326759246,0.6421289733658108,0.5516642565417639,0.7286531471965053,0.6249341791186178,0.7047884641402354,0.7098209273970407,0.6224110990093529,0.533764293119535,0.7281400283808477,0.7740320183419331,0.5387162134091394,0.6367795911205223,0.5444601756609457,0.7917476085403738,0.8395223015000829,0.825156601033731,0.0,0.9054796026895544,0.9551076633543363,0.8088677919317049,0.9440802242764321,0.8504156068065475,0.7986582152675427,0.8026589365988188,0.8352980331880246,0.7151067962312586,0.8124182838590343,0.6284797961900106,0.7229244755648726,0.8699766920004812,0.9533188724355739,0.6539165828714983,0.7199272764506814,0.7194937753432649,0.7977636250822366,0.5331536790690767,0.8119850389082178,0.4907683530531516,0.8383076136529658,0.5547568042749484,0.7675896159777483,0.5890183748348908,0.6530418804560676,0.6000380759911583,0.7958220968728299,0.7844158704761085,0.5171603555033898,0.8049158156226869
0.42782832562116563,0.6252720591903344,0.6269367108580199,0.7183626076383901,0.6006799362184506,0.696598745141141,0.5518026816874965,0.724056983291964,0.6411570897394173,0.6934498631798505,0.7153911860924594,0.6035342138606171,0.5399511361941631,0.7046354864090589,0.7608327691260212,0.5341067557590103,0.6798560849839598,0.5551628158328352,0.8023765268221918,0.8202485689091586,0.8738700100864798,0.9054796026895544,0.0,0.9772110310821648,0.8121835205759967,1.0,0.8777182510506719,0.7848929543894937,0.7884595365774133,0.8701174789039859,0.801629231209821,0.8461118084052108,0.6031349365478959,0.7102915103254126,0.8733664398189879,0.9337003120355787,0.6526984651238704,0.7110668986622152,0.7178267045656327,0.776825184299035,0.5288720357701625,0.8239316812707702,0.49383483773554565,0.854438999574836,0.5685202140423372,0.8131018872061772,0.68598098864253,0.750941186333065,0.6390394709645587,0.8336449556192177,0.7727972503694127,0.5210651811360015,0.8491343730617292
0.45240262960082656,0.6768641507006123,0.6700114337677664,0.7559717206247958,0.6471488010098115,0.6948077034016079,0.5884169966147298,0.7538184660952001,0.6229840899871814,0.7403657830515987,0.7720296386635416,0.7279140925266587,0.6052831503730207,0.7471264456445984,0.8584648972647866,0.5443793338623468,0.6917657432666946,0.5913287443183947,0.8502625572315832,0.9186251063172096,0.9117861582515111,0.9551076633543363,0.9772110310821648,0.0,0.8313009534607777,0.9801563287408267,0.89641597204387,0.8310060912025681,0.8253794638359505,0.8898833234602922,0.8257694437992119,0.8835151008411669,0.6109802416958333,0.7462770352087835,0.8995927884080589,1.0,0.7067408476968834,0.6957695227493083,0.7547034270192203,0.8489985027912469,0.5510983041634023,0.8519871774521746,0.4970514535016812,0.9129862795115081,0.584444695163187,0.8582144664074662,0.6794001868332398,0.7489979152155302,0.643343864029956,0.8400352124085424,0.8163625248822024,0.5482925943166901,0.9357759783790341
0.31472918154493246,0.8131678797600189,0.553745513650431,0.5810608284139688,0.5264893304133218,0.5773510005961972,0.4373053529084938,0.6492418395002959,0.5416754443366325,0.6553997221426351,0.6906976387121452,0.6740378769308946,0.5329824264170312,0.6717028883651684,0.8265081599786729,0.49189186253929307,0.5923087400542442,0.5236186113187385,0.6468750006463658,0.7006636454369665,0.7899373962907555,0.8088677919317049,0.8121835205759967,0.8313009534607777,0.0,0.9058420986810297,0.7848673802988566,0.8561227564606668,0.6948530659271087,0.6891881469134955,0.60981752369493,0.6304952119162391,0.4463923831506153,0.5217949423423573,0.648930916091198,0.7922909979049817,0.4823746542603368,0.519323232538964,0.5899466863687525,0.694661547800377,0.4027400192729972,0.6893667314410459,0.38332565724364126,0.6769301566149801,0.4397860226953247,0.648233514853334,0.5747755990658973,0.6138827461345723,0.519584774687088,0.6965201062852775,0.6829618943238827,0.4676730060088811,0.7308211449950137
0.40705611981597184,0.7407556546857411,0.6218116884739099,0.7069337136672559,0.589286494477664,0.6553438312972056,0.5245371454230536,0.744569133589186,0.6262221326004012,0.7302062617926294,0.7193621306528378,0.6668344547393155,0.5555192142891268,0.7149318778597411,0.799593296615819,0.5200346449777731,0.676680632243281,0.5586786803676245,0.766907531230472,0.831698056595714,0.9640695960691188,0.9440802242764321,1.0,0.9801563287408267,0.9058420986810297,0.0,0.9360686428080705,0.8559370864807346,0.8050767091106039,0.862142741143311,0.7621510147778764,0.82717459006585,0.5734178488273962,0.6834353925496885,0.8735295703468655,0.9184569871393836,0.644629079567436,0.6556527019845345,0.732259365480063,0.7950029249218453,0.5100741280081137,0.7978970571190974,0.4646607600826584,0.9198611427310934,0.5384168121566263,0.8151912679373734,0.667484952136387,0.7576563031884378,0.6240241734708024,0.846394792378879,0.795805748233486,0.49606632754954805,0.8442160894404704
0.5039471090125306,0.6480045700770175,0.5757590532484235,0.6710749625728393,0.5468744329667025,0.6322730055621485,0.5086605784619301,0.7162720157275458,0.6566429471773804,0.7439444526024118,0.808460804023193,0.5734429350795109,0.4965746398653779,0.6947069324094903,0.6814095718830656,0.4839233604115298,0.5769641136256131,0.5384611392269573,0.7460220798539791,0.7888705698672446,0.8116559764469621,0.8504156068065475,0.8777182510506719,0.89641597204387,0.7848673802988566,0.9360686428080705,0.0,0.7649066655792895,0.8812937306936371,0.8843456895255063,0.7671241697680694,0.7865664322335447,0.6471265038224194,0.8456189584943464,0.8682762882058923,0.9114303212762865,0.704652281905162,0.6917212163509968,0.9105989255512821,0.8287620345215488,0.507932997776729,0.8261623982141785,0.46950231712332297,0.7601396188086074,0.5274322622158963,0.7590114711188009,0.5877037180441887,0.7241626439407651,0.5591940507892285,0.7469436716120594,0.753983961776318,0.4940891898865228,0.7435706913729384
0.2777784945784658,0.8907717207086763,0.445530253336156,0.5113299059038966,0.41344426589438915,0.47345822544390503,0.3625272273883466,0.5310712629089036,0.46204690792075104,0.5510926885697693,0.5370341725310271,0.5985049653647154,0.4471965557000078,0.5647551504679711,0.7527500266823046,0.40450371966099197,0.5131049123660585,0.4526496689417166,0.5691545214816903,0.6324222152699748,0.7175902942416026,0.7986582152675427,0.7848929543894937,0.8310060912025681,0.8561227564606668,0.8559370864807346,0.7649066655792895,0.0,0.6839677493421187,0.6626546039184081,0.5389400978921745,0.6036584405402785,0.4022117399914323,0.48981715885570737,0.6547698755556188,0.7490761664086375,0.43977140460328146,0.4613251397896394,0.559201104425052,0.6209371145668207,0.3566765097165294,0.626908537961329,0.32335204279394053,0.6489124317029348,0.3789706990158972,0.6136255478179798,0.5268619166585642,0.6099015371592439,0.4716616778504506,0.6210038621572262,0.6090974363025449,0.36883637793751517,0.7146485806056557
0.490240782661669,0.6244814096310203,0.5986973989512853,0.6362417473427047,0.5728106723726655,0.5927126607004237,0.48337833931959934,0.6920788924353147,0.6234010378494019,0.7314907963515147,0.8498716676554904,0.6463054565526153,0.5276813402495899,0.6780316487863491,0.6951061740214285,0.47691070342124137,0.54381805515216,0.5365690971215196,0.7380983280876875,0.7918811639691842,0.8282997607388944,0.8026589365988188,0.7884595365774133,0.8253794638359505,0.6948530659271087,0.8050767091106039,0.8812937306936371,0.6839677493421187,0.0,0.839213940421799,0.6815970027700533,0.7008861301945041,0.6694001146150522,0.7734552145161547,0.8159383500626812,0.915012517166413,0.6694427186077071,0.6898488470815691,0.8799252500492988,0.9243436524942882,0.5036794931342861,0.8521618019179936,0.4634833938395668,0.7386044887867259,0.5317616664181175,0.6361996564995879,0.5299149330579794,0.6238409696860674,0.5097363994296348,0.7252267655105629,0.7377734797187483,0.5007698688631316,0.7382554286938902
0.6184164141884221,0.5363037931708929,0.7560245781191233,0.8323529233172753,0.6610159173616241,0.7409718511991875,0.7031531149649209,0.8566977420665741,0.7429569354781592,0.807833390634917,0.7742577308169032,0.6204594094014153,0.5483826359461369,0.6773683631478681,0.6563930846824724,0.607085207700959,0.7164388843395734,0.6262934801913111,0.9185955862528782,0.9067329806044393,0.9148985228785534,0.8352980331880246,0.8701174789039859,0.8898833234602922,0.6891881469134955,0.862142741143311,0.8843456895255063,0.6626546039184081,0.839213940421799,0.0,0.9229919723963338,0.9549804737244346,0.8566598058475238,0.9399570233779927,0.930450435865245,0.9768834429559089,0.8719013328731308,0.9304309273237117,0.8107960226934443,0.8576525674924447,0.7127295759750196,0.9116375694663874,0.6604552535987822,0.9581716727235643,0.7420648123018327,0.8393480749905713,0.7188316018179265,0.7471134537872028,0.7071368444428527,0.8939367101988267,0.8786282019931299,0.6146246053607913,0.8296107932577902
0.6279564872643825,0.4172759472324669,0.8504664635657617,0.9364825721647589,0.7953267440745553,0.9067079599388891,0.8793263691492116,0.9462880556077168,0.8102530090274906,0.7591598021750713,0.7196286377560165,0.5812382055446366,0.5948113003770552,0.6703211208934671,0.6295842719912123,0.7044298737306142,0.7705385015743269,0.6621789584153229,0.9121494791642005,0.9920645351996352,0.9771257265135505,0.7151067962312586,0.801629231209821,0.8257694437992119,0.60981752369493,0.7621510147778764,0.7671241697680694,0.5389400978921745,0.6815970027700533,0.9229919723963338,0.0,1.0,0.8088331812245325,0.8757228884367892,0.9028995197042785,0.8815227319305985,0.9480209660994535,0.9197964524322375,0.6910369262399524,0.8013487761981309,0.8422246667239144,0.8041321016389281,0.7717550392520135,0.9007396448519555,0.8649333659472802,0.9101781665099081,0.8286075777408368,0.7782830118387908,0.81551407916932,0.9368472872035603,0.9266652833851428,0.6753087810274362,0.8385183100286675
0.6263478584685944,0.45262700597800815,0.8107747809564275,0.8775476760009391,0.7332128733730575,0.7787250471140856,0.8510777943935698,0.9239250144463167,0.7553409973428928,0.7540820443016794,0.6885812567273519,0.5966604990788567,0.5559070412674634,0.7007331496662016,0.6352290746243281,0.6640511630929059,0.786021076161906,0.6267445655301788,0.982432901547026,0.9468346351220402,0.890217901403594,0.8124182838590343,0.8461118084052108,0.8835151008411669,0.6304952119162391,0.82717459006585,0.7865664322335447,0.6036584405402785,0.7008861301945041,0.9549804737244346,1.0,0.0,0.7953922671006898,0.8973743002553856,0.9574563440615895,0.9441142192350992,0.908881930893121,0.905246039269094,0.7450964636683768,0.814856312222088,0.8256451037304668,0.8302163803982637,0.7378864201922385,1.0,0.8028346764414037,0.8934141581305503,0.8137653260864935,0.792560226149613,0.830670327380777,0.9671535684785109,0.9127730067232457,0.629723607001998,0.8653557083040421
0.8868168394630499,0.34559269750543414,0.6662004791294399,0.6371221969654643,0.6160724853750744,0.5930015086965915,0.7075006620506693,0.6710315628084548,0.6950901948332515,0.6281291511841111,0.7009645905831445,0.47683326889102845,0.44680721813609603,0.5521566487502829,0.484240728091832,0.5007419294418487,0.5318390092420175,0.4911836167571925,0.7551633134095208,0.777502624883439,0.6931617703494216,0.6284797961900106,0.6031349365478959,0.6109802416958333,0.4463923831506153,0.5734178488273962,0.6471265038224194,0.4022117399914323,0.6694001146150522,0.8566598058475238,0.8088331812245325,0.7953922671006898,0.0,1.0,0.8134097104384215,0.7908325456864342,0.9506015071148058,0.9283587100168366,0.8330365056061555,0.7572067637035097,0.7514343374030852,0.7461105117947066,0.6530249717155191,0.7178897692096134,0.7119749826476677,0.6502345400768732,0.5004086362005495,0.48157359261207594,0.5616024276812499,0.6998964352774812,0.769066822371529,0.5116950475460902,0.6263082843449771
0.8287964170834481,0.41743844095358823,0.7217129439509411,0.7694012202513278,0.6843855854130766,0.6735707003038001,0.7288364772037267,0.7557261729982861,0.7705414827557613,0.7229929890044302,0.7942259478242502,0.5116059983088902,0.4958497003884365,0.6730676986744264,0.5403649019008052,0.5435347542374065,0.6048103298119084,0.546817892533819,0.860901544507442,0.8242880930595714,0.7382063014585348,0.7229244755648726,0.7102915103254126,0.7462770352087835,0.5217949423423573,0.6834353925496885,0.8456189584943464,0.48981715885570737,0.7734552145161547,0.9399570233779927,0.8757228884367892,0.8973743002553856,1.0,0.0,0.9170726358647756,0.8721956491218337,0.9379934827426205,0.9112824831043616,0.8794399533723744,0.8519275831798698,0.7539870083481494,0.7913513553051315,0.6838816950844617,0.7796440960273999,0.6959057593077668,0.7475256451774029,0.5782914499494666,0.6171003104008184,0.6202482936578931,0.7488662438048092,0.8277862001123553,0.584449560457739,0.6728268947989343
0.590815451554698,0.5184569062265549,0.788352447040395,0.8349624046259473,0.7035144057890522,0.763421979556292,0.7302643237368015,0.8862985029545258,0.7335542865097844,0.8428299819419788,0.8431674321029081,0.6516569310674033,0.5932758601453859,0.7123360368506495,0.7177338471144048,0.5890069739281046,0.7044199629447327,0.5971030761664914,0.946564598157797,0.9201967640173954,0.9361409462378213,0.8699766920004812,0.8733664398189879,0.8995927884080589,0.648930916091198,0.8735295703468655,0.8682762882058923,0.6547698755556188,0.8159383500626812,0.930450435865245,0.9028995197042785,0.9574563440615895,0.8134097104384215,0.9170726358647756,0.0,1.0,0.8082068673616712,0.9081480181020439,0.8470580465741353,0.9176664473823717,0.7103529638759601,0.9501708954064338,0.6209774910944084,0.9814456902896703,0.737952138601905,0.8492969414260197,0.6914839385481459,0.7198130423135144,0.7205502073658708,0.9295234531051352,0.9311000575915799,0.5959035399498338,0.8354116146323526
0.5196466509682889,0.6326714159544577,0.7603646294328925,0.7831374952775647,0.6775772996491292,0.7123316132269019,0.6369484520223343,0.8850777910494773,0.7098986094967452,0.8084853835052247,0.8572732872829604,0.7169446679886875,0.6001286731363196,0.7322285993555309,0.8131164443270515,0.5893761935654768,0.680295369621497,0.620328344626683,0.8955197303544079,0.9806079980064217,0.9889154290251434,0.9533188724355739,0.9337003120355787,1.0,0.7922909979049817,0.9184569871393836,0.9114303212762865,0.7490761664086375,0.915012517166413,0.9768834429559089,0.8815227319305985,0.9441142192350992,0.7908325456864342,0.8721956491218337,1.0,0.0,0.8257402605593183,0.8323709862945544,0.8447266568459246,0.9802523129659879,0.610343671078616,0.9942163568882595,0.5693932030913741,0.9320328461847587,0.6467532796050183,0.8263870096499112,0.6560649077093554,0.7004437948754171,0.649631930462038,0.9111583416601381,0.8993038235308397,0.5827918644660981,0.926734644878451
0.7946955675255442,0.35887959034913836,0.7527923615507566,0.8115011976035501,0.6996152559505647,0.733950573189587,0.8346829037039881,0.8172767422025775,0.7390295419657286,0.6757935352440059,0.7070830845704201,0.5315097368019756,0.5154198307314712,0.6051845914718329,0.5347317899565552,0.5972296918039364,0.6600513448027711,0.5730165841121811,0.8289612091052896,0.803818682252337,0.7646420890024527,0.6539165828714983,0.6526984651238704,0.7067408476968834,0.4823746542603368,0.644629079567436,0.704652281905162,0.43977140460328146,0.6694427186077071,0.8719013328731308,0.9480209660994535,0.908881930893121,0.9506015071148058,0.9379934827426205,0.8082068673616712,0.8257402605593183,0.0,0.9892621400812344,0.7577654984838779,0.7491586642096435,0.8338591255940961,0.7663864254870769,0.7688421257482673,0.8199361134465599,0.7968504961949164,0.7672202254394013,0.5864799828744742,0.5753992009630763,0.6702552416562808,0.8024119111331234,0.8211965803525502,0.592874423508392,0.6676578949355558
0.748052942663069,0.377997207625088,0.8468049763612404,0.84962682444364,0.8567786644904976,0.8272199597559883,0.9030568492723295,0.9258295431747313,0.8565949397079011,0.8117492217913581,0.7797244074101106,0.6086735013396649,0.6005558599925314,0.7210225623799722,0.5969940955475653,0.7177984604861238,0.7747251454606365,0.6735174904000284,0.973330411121216,0.9239044311974862,0.7718673735339338,0.7199272764506814,0.7110668986622152,0.6957695227493083,0.519323232538964,0.6556527019845345,0.6917212163509968,0.4613251397896394,0.6898488470815691,0.9304309273237117,0.9197964524322375,0.905246039269094,0.9283587100168366,0.9112824831043616,0.9081480181020439,0.8323709862945544,0.9892621400812344,0.0,0.7397359501729927,0.8684034292832531,0.9073850043515463,0.8404072945041001,0.8840222923877885,0.8465424752836965,0.9477127086620913,0.841655249430353,0.7280264511285847,0.6249729219549945,0.806294050451546,0.9185771312775866,1.0,0.7378746813666424,0.7659561716929595
0.6090833651007026,0.5071090102319327,0.6172699612427868,0.6876376456092221,0.5944529973705107,0.6009198774444883,0.5619494713363186,0.7525441963990335,0.691815011906682,0.7607152537099303,0.880623818722414,0.6302047337103691,0.5420804058838873,0.6643335178365449,0.6205307566629639,0.4952673511584763,0.5689589102153745,0.5671292648896873,0.705958181170113,0.7645859873940646,0.753094720729093,0.7194937753432649,0.7178267045656327,0.7547034270192203,0.5899466863687525,0.732259365480063,0.9105989255512821,0.559201104425052,0.8799252500492988,0.8107960226934443,0.6910369262399524,0.7450964636683768,0.8330365056061555,0.8794399533723744,0.8470580465741353,0.8447266568459246,0.7577654984838779,0.7397359501729927,0.0,0.8843592962127312,0.5596271571966726,0.8209971635140629,0.5345451899640119,0.737268513375503,0.569879396130198,0.6965266531002186,0.5369467228350462,0.5765618753480678,0.5585517999832496,0.7420357150184976,0.7862657651552544,0.5502167730643849,0.6511842925913944
