Cingulate area 2,Frontal association cortex,Cornu ammonis 3,Dentate gyrus,Cornu ammonis 2,Cornu ammonis 1,Fasciola cinereum,Subiculum,Postrhinal cortex,Presubiculum,Parasubiculum,Perirhinal area 35,Perirhinal area 36,Medial entorhinal cortex,Lateral entorhinal cortex,Primary auditory area,"Secondary auditory area, dorsal part","Secondary auditory area, ventral part","Piriform cortex, layer 1","Piriform cortex, layer 2","Piriform cortex, layer 3",Ventrolateral orbital area,Lateral orbital area,Ventral orbital area,Medial orbital area,Dorsolateral orbital area,Prelimbic area,Secondary motor area,Frontal association area 3,Primary motor area,"Agranular insular cortex, ventral area",Agranular insular cortex dorsal area,Cingulate area 1,Infralimbic area,Dysgranular insular cortex,Granular insular cortex,"Primary somatosensory area, forelimb representation","Primary somatosensory area, dysgranular zone","Primary somatosensory area, face representation",Secondary somatosensory area,"Primary somatosensory area, hindlimb representation","Agranular insular cortex, posterior area","Primary somatosensory area, barrel field",Retrosplenial dysgranular area,"Primary somatosensory area, trunk representation",Retrosplenial granular area,"Parietal association cortex, lateral area","Parietal association cortex, medial area","Parietal association cortex, posterior area",Primary visual area,"Secondary visual area, lateral part",Temporal association cortex,"Secondary visual area, medial part"
0.0,0.311744275999003,0.7344072174170188,0.8149181856397588,0.8112989409134898,0.846395615364902,0.7599292292928281,0.738603128363018,0.5398575655540029,0.601162229542098,0.5981529976002532,0.7707529880455938,0.7254992856881792,0.6005951351629368,0.6690043761230204,0.6980501207086508,0.7286282480284805,0.6580368804367173,0.7642787720623775,0.7586347050124415,0.8550175229777532,0.42674536674763025,0.46226509518788755,0.42306454934829746,0.4113425107627583,0.490768281814239,0.48546813066562455,0.5313290658296145,0.5219895775786373,0.8030380995695372,0.4878386961835344,0.565137268700558,0.7900433857782545,0.7338288325014107,0.6974917315665905,0.722146673810072,0.7733534740652996,0.8714646222812408,0.6741838725203873,0.7151908541614976,0.7704904460698213,0.822419670159325,0.7547810755363692,0.745028872384341,0.8235110190451324,0.7636324763275621,0.7251073215235033,0.7307059836316303,0.8131890435264157,0.7414733905154111,0.6764070508548631,0.6431889583754429,0.7196567461536875
0.311744275999003,0.0,0.38458682674477845,0.3711939109619312,0.40615429043449974,0.37841938237612216,0.33264731052365987,0.45731934687842946,0.6107548839430306,0.5276675975048383,0.49510107553371635,0.46627406431878604,0.4904595267714227,0.49918624295052705,0.4979364961909714,0.5029244642820347,0.46837338440207393,0.48101741060926734,0.5025603457338645,0.5065951870290244,0.454408476188511,0.6487982504380236,0.7169338795953455,0.7347019062423195,0.8097336476574528,0.7291289930970373,0.7016454272429482,0.7372277309881372,0.7298017119594428,0.5424009384944418,0.6159495302853949,0.6084448657172519,0.46789761794211865,0.5322681617492643,0.5534501041171596,0.5277267229898078,0.47936752078166167,0.4325856139749731,0.573901665051166,0.46301418328633,0.3925353139747765,0.4166995505421958,0.3301222122962044,0.36364842855322066,0.4091526610498495,0.3655949259680832,0.2845197146645147,0.2928396786614092,0.42870248564768515,0.4524795484548239,0.48531444248723654,0.5533699709563606,0.455051595428701
0.7344072174170188,0.38458682674477845,0.0,0.9163660716959898,0.9995181187104041,0.9322628298375003,0.924551923223421,0.8784334347339156,0.779392727240341,0.8269949869481037,0.823619620073668,0.9339621804245094,0.9949022333581893,0.8386828127505256,0.9355286989706991,0.8956466398879656,0.8941722370648624,0.9034061504137719,0.7562046442785649,0.7518477978589589,0.9225646781128375,0.37609672735588096,0.46122498993241323,0.4230381295400375,0.4434717017735508,0.5064136003516941,0.4871963506869552,0.6012112018479542,0.5126728997149108,0.8631020679423212,0.4644017779899293,0.5122137963421107,0.6699800844995012,0.8227098344787543,0.6777014822450625,0.774650360133665,0.8442037180227014,0.797080072484387,0.7360018393593241,0.9240724637956004,0.9170601130695607,0.9873993835366265,0.9146297334207577,0.9244234029231149,0.8159606959469583,0.8369086662705378,0.7840495897508777,0.8915835713822786,0.9680117079197006,1.0,0.9538169510027235,0.8342423482141663,0.9297516234805487
0.8149181856397588,0.3711939109619312,0.9163660716959898,0.0,0.9906879050225873,0.9465989226778764,0.8832519711879495,0.9113035031242461,0.7127593093478649,0.7880914827291393,0.8120456973252119,0.9844261630044864,0.8962909497896056,0.7629339500386234,0.8527379798503141,0.8768493949856446,0.8759272996237252,0.8680130263082239,0.7686078078302417,0.8204073804127618,0.9067102001925045,0.43229243479474144,0.4990507220420076,0.4508932952083399,0.4457647106030482,0.5243213052406003,0.49465410363806084,0.6056532701310222,0.545513891049852,0.8321735946584818,0.4970330151243522,0.5551400190655421,0.7788122635861641,0.8076978777133005,0.7220898944026141,0.814576597261159,0.861691887600095,0.8491280716858928,0.7765304510206588,0.8986685215545108,0.8371085301212943,0.9345675491119626,0.9228333368818191,0.8693142557672734,0.8781855836565231,0.9126778399259515,0.8485139660820202,0.8473208251829782,0.8956087680003629,0.981651978494808,0.8960242352479685,0.8190642166067424,0.9155061572757082
0.8112989409134898,0.40615429043449974,0.9995181187104041,0.9906879050225873,0.0,0.9305768706978443,0.9149687496101854,0.9268335618410697,0.7541000930333209,0.8555079397359002,0.8372623595889788,0.9976075251963208,0.9889170631376517,0.8850410547810433,0.961748922800647,0.9870728161829271,0.9828562712167406,0.8573367441125682,0.7892489221680685,0.8266167621297197,0.9891118273605279,0.41440208467356376,0.49879709996243066,0.44264451990047876,0.46541852180405135,0.5176756688232743,0.5182065011162339,0.6025374421814675,0.5327587044905245,0.8862449340162053,0.49960108376567997,0.543500074023328,0.7611208593070815,0.8974913959946954,0.7394440930864666,0.8533375014722236,0.9018807685969534,0.8753748495110766,0.8179999418906211,0.9854862914808666,0.9254239415162524,0.9938869716968655,0.8869125660169855,0.9016082123915403,0.9148897504191875,0.9342673770016077,0.8106425575250769,0.8704272263200029,0.9551570854262551,1.0,0.9853859852298108,0.8460424463607205,0.9913565610178763
0.846395615364902,0.37841938237612216,0.9322628298375003,0.9465989226778764,0.9305768706978443,0.0,0.9489247107042845,0.9500885073326627,0.7659040530454206,0.8206767578271148,0.7863093342523744,0.9702018777451458,0.9506168314987591,0.8093642652639124,0.8750713169225279,0.8731695017978331,0.9696433365937853,0.8911989877977065,0.7911028647737646,0.8286723088354896,0.9467588397946946,0.41415237968275936,0.474092267289577,0.42763738535098555,0.44540757808213094,0.5223456687143068,0.5001664408259068,0.5832309103041682,0.530701761158653,0.8737388457588618,0.4839110059427662,0.5356801351882011,0.7615761743035867,0.8430624971355009,0.724716944664855,0.8048091279934184,0.8504992090188775,0.8997231366816595,0.7841417284025848,0.8936695062904935,0.9452671623890034,0.9757251700803861,0.9602341185425967,0.9473538704903737,0.8949206591758657,0.9482535683247171,0.8586886795487164,0.9067638344196803,0.9970019250622286,0.9734639889787747,0.9369974651686511,0.8032015599238661,0.8973848325011919
0.7599292292928281,0.33264731052365987,0.924551923223421,0.8832519711879495,0.9149687496101854,0.9489247107042845,0.0,0.8186388634191161,0.6962175854058147,0.7335795970219301,0.7410301985439594,0.8709115676607473,0.8961828266336551,0.8366190208473467,0.8150775111651437,0.7774346148071742,0.9047099208397601,0.8065936935345711,0.6687247385932522,0.7064661690191409,0.8196684494883751,0.3196468448123384,0.3988638579722074,0.3630353840624975,0.3796266748960899,0.4390157635325159,0.4067097957639527,0.5116413277152141,0.43837466029489985,0.7446273171483249,0.40186778954208224,0.45860386376146217,0.6266748694681691,0.7493559794276965,0.6740514576078587,0.7201772507424664,0.7741578091364131,0.7811561843106656,0.6674414720608045,0.81641477772668,0.8661336471006197,0.9112238859899671,0.8938748811711736,0.9012428919519235,0.860629220955949,0.9457176602126572,0.8700289305738705,0.917804663734694,0.8613323974259156,0.9301363456025404,0.876582857820431,0.7497087362327853,0.9082483364270751
0.738603128363018,0.45731934687842946,0.8784334347339156,0.9113035031242461,0.9268335618410697,0.9500885073326627,0.8186388634191161,0.0,0.8552158949714131,0.7950231634326468,0.8300298376107752,0.9660792376191736,0.9907145781548047,0.9068959052816341,0.8846897175682438,0.9957006332747215,0.9174541359500924,0.8909077873920812,0.8418639025791411,0.9101236584473208,0.9080153402544684,0.4879450543592418,0.6038724062222882,0.518167287874277,0.5149568894119182,0.5973092007130838,0.6137197780655489,0.6947511059590529,0.6264778767379847,0.9873005203774105,0.5688231181591017,0.6373799555238161,0.7546423636047157,0.8710692729566051,0.8521141361117978,0.889885328523349,0.922258112322421,0.8750696128487139,0.8404702961701025,0.9722489014538006,0.873295165590062,0.9732284501623204,0.8672187756835072,0.8664839359300841,0.8425293380008805,0.897534550118563,0.7352181471277822,0.7667609720526033,0.9358918318518956,0.9685852034413157,0.954248022034563,0.908019629457136,0.9049797830269475
0.5398575655540029,0.6107548839430306,0.779392727240341,0.7127593093478649,0.7541000930333209,0.7659040530454206,0.6962175854058147,0.8552158949714131,0.0,0.9178922759992741,0.9172882950107526,0.8449750448360324,0.9637858810462072,0.9324696241480427,0.9676249825576674,0.9441983551102623,0.899440756725404,0.8711201645321454,0.7489596273422683,0.740082177543266,0.7581058897150088,0.489892045934159,0.6238766321284739,0.5594484768566808,0.6161612781636342,0.6665462136683669,0.6021944140217,0.7604008949612489,0.672299612495983,0.800832990458144,0.5802952321281235,0.6229835884227838,0.6455813661846596,0.8588356135691163,0.7699336315556289,0.7941646596300982,0.8153853795520699,0.7102363701741572,0.801356385099101,0.8194772445628347,0.7370766519466919,0.8075035536622751,0.6795053655695006,0.8268322325422232,0.7118982214045935,0.7171429154490421,0.5704278097582159,0.6011450163124823,0.7540786726491283,0.9097041863502758,0.9780794218591224,0.9753461297946384,0.8979834916739353
0.601162229542098,0.5276675975048383,0.8269949869481037,0.7880914827291393,0.8555079397359002,0.8206767578271148,0.7335795970219301,0.7950231634326468,0.9178922759992741,0.0,0.9264801826111612,0.8520736150648276,0.9329312971597642,0.9651754361212633,1.0,0.9109715544359216,0.9010301761073457,0.906649772997153,0.7632284657680257,0.7711094796154706,0.802984744248196,0.4623813539754296,0.572410708763768,0.5411296896694474,0.5638350675566987,0.6289977589202749,0.5640909188305561,0.7025209346208661,0.6495745229072133,0.8272020287384294,0.545728437543295,0.5786128016251743,0.6904591650808294,0.9534411571611573,0.7331915957620837,0.8069546743993264,0.8489896725336639,0.7563308502162462,0.7996782382004347,0.8505451567491462,0.7831704120033355,0.9190898878241462,0.7541580121996532,0.7812420083415903,0.7550881640030687,0.7355112413636693,0.5922466744924721,0.6439835213564483,0.8595477320502275,0.9399565908806458,0.9587658931391596,0.9155069053027294,0.8913244089523877
0.5981529976002532,0.49510107553371635,0.823619620073668,0.8120456973252119,0.8372623595889788,0.7863093342523744,0.7410301985439594,0.8300298376107752,0.9172882950107526,0.9264801826111612,0.0,0.8742873113249388,0.98680315828819,1.0,0.9226329688265607,0.925127220849148,0.9142112076850726,0.9182642399468107,0.778222139325825,0.7873128426528839,0.830606379221483,0.42939310569582617,0.5484780007671518,0.49046773017138284,0.5177835265579674,0.6106870639936555,0.5552478001372271,0.6451308860963111,0.6169795390277392,0.8132039327462738,0.5249514179407158,0.5966196254326573,0.6697350142057685,0.8438293601183406,0.7626399505869751,0.8149316980067666,0.8328803197388535,0.7684124918023562,0.80378190643344,0.8597958226154724,0.7608721369046995,0.9443247647660405,0.7302698760203604,0.8005471178992369,0.8032979114738298,0.7958526329162952,0.6475265898881775,0.7104682442401279,0.824839603187208,0.9645609616293361,0.9297343757073029,1.0,0.9411556444107981
0.7707529880455938,0.46627406431878604,0.9339621804245094,0.9844261630044864,0.9976075251963208,0.9702018777451458,0.8709115676607473,0.9660792376191736,0.8449750448360324,0.8520736150648276,0.8742873113249388,0.0,0.9835267737419171,0.8858985359797166,0.9319845421726478,1.0,1.0,0.9326632333717726,0.8820856960093961,0.8729076491132566,0.9703768038613183,0.5139205445975309,0.5842923643559411,0.5496723973264237,0.5644391490232308,0.6284378077419859,0.6626701065582818,0.7402969052855428,0.6293775417911344,0.9553056492812382,0.5855824604005537,0.6548655654008427,0.8787560082257356,0.9747670399841251,0.8247707873817535,0.8910182415015154,0.944967084740844,0.9312060763133732,0.85738162943988,0.942837220253248,0.9153916643284442,0.9381762542892355,0.8569408227608245,0.9027605770965809,0.9603047556857448,0.9094813303540054,0.7398129534467154,0.7890793251014806,0.9636097336384184,0.9987683928593762,0.9803600755485002,0.9245025511559656,0.9970813618879828
0.7254992856881792,0.4904595267714227,0.9949022333581893,0.8962909497896056,0.9889170631376517,0.9506168314987591,0.8961828266336551,0.9907145781548047,0.9637858810462072,0.9329312971597642,0.98680315828819,0.9835267737419171,0.0,0.9704617861560533,1.0,0.9846748032695767,1.0,0.9767858699473949,0.8827820579531681,0.8947320380099276,0.9825020893679366,0.4655211359372989,0.5641527188126654,0.5237113562355712,0.5536810510030589,0.6143377794656352,0.6085693020490078,0.7098931086497475,0.6245038262029365,0.9762132047445405,0.5695496298822682,0.640611214377334,0.8229108251386741,0.9300268842845701,0.8193089360047741,0.8816348341325577,0.9655874053022339,0.8683605766736926,0.907770493593069,0.980571498491808,0.9373605972058444,0.9845633309035715,0.9600113288230588,0.9670093097279686,0.9378136481003119,0.8606258818725354,0.7742627853886741,0.8228495169341434,0.9797027221970684,1.0,1.0,1.0,0.9861344635654048
0.6005951351629368,0.49918624295052705,0.8386828127505256,0.7629339500386234,0.8850410547810433,0.8093642652639124,0.8366190208473467,0.9068959052816341,0.9324696241480427,0.9651754361212633,1.0,0.8858985359797166,0.9704617861560533,0.0,0.9283852643668498,0.9151145591108495,1.0,0.9655294036867762,0.8258543136696942,0.7501962723370907,0.8154016603154891,0.4401906492555664,0.5522117295547395,0.48935457060394494,0.5450557565883866,0.5883119413003982,0.5703680140596806,0.6880449358344058,0.6098284073602839,0.8078629755973294,0.5277999707446889,0.5832625885087223,0.6859921360210801,0.90274887322358,0.7302146879039555,0.8335209539922291,0.8535473071925783,0.7983886476759618,0.8160349617130983,0.935883055975616,0.8253276184983012,0.9091917084716231,0.7368567276753217,0.8527588478382025,0.8175416468376147,0.838577736117484,0.6776983974266498,0.7041787567663735,0.8673357578792411,1.0,0.9898482887996503,0.9657459416522173,0.9462265300080034
0.6690043761230204,0.4979364961909714,0.9355286989706991,0.8527379798503141,0.961748922800647,0.8750713169225279,0.8150775111651437,0.8846897175682438,0.9676249825576674,1.0,0.9226329688265607,0.9319845421726478,1.0,0.9283852643668498,0.0,0.9641906649567631,1.0,0.9427955395418155,0.8205265127445056,0.8544076047041957,0.9761633540770217,0.4735038770444185,0.5858768824594115,0.5095943329134346,0.5348464352285567,0.6291519937884634,0.5767176026994986,0.7189990379331592,0.6398403896185276,0.9237173285070085,0.5741376414301476,0.6314933167171166,0.74920918949994,0.9743114188751828,0.843962316884657,0.8640749916370614,0.8539492451970071,0.8346160012593952,0.8302329936894234,0.9178344562766043,0.8822117362641981,0.9547251588787147,0.8111822319497907,0.8396712531642957,0.8150842409100444,0.8257471240162757,0.6629432139949509,0.7298715696312682,0.876855728922931,0.9834939615312065,1.0,0.9760538623019078,0.9247904198033319
0.6980501207086508,0.5029244642820347,0.8956466398879656,0.8768493949856446,0.9870728161829271,0.8731695017978331,0.7774346148071742,0.9957006332747215,0.9441983551102623,0.9109715544359216,0.925127220849148,1.0,0.9846748032695767,0.9151145591108495,0.9641906649567631,0.0,0.987708955716105,0.959747929044937,0.8348459714157445,0.9185290018183792,0.8827094849500083,0.49993004856625545,0.5929707582624748,0.5369437247812215,0.5620697804246162,0.619193598344202,0.6055163123524067,0.7550614756980105,0.6624008958524849,0.9026517283418575,0.5883552970032362,0.6466311763876247,0.7930900679496306,0.9785690645269687,0.8277562058806414,0.9030145726653228,0.8452130928553105,0.8548634392992385,0.9069195241462822,0.8934672615335146,0.849789020547847,0.9601731055858681,0.8213636942931183,0.8092423473041938,0.8357932515770087,0.8390975505075369,0.6710396688258581,0.685109423490693,0.9388583120748681,0.9828812286177951,0.9728098125876142,0.9782469081966035,0.9649130421805895
0.7286282480284805,0.46837338440207393,0.8941722370648624,0.8759272996237252,0.9828562712167406,0.9696433365937853,0.9047099208397601,0.9174541359500924,0.899440756725404,0.9010301761073457,0.9142112076850726,1.0,1.0,1.0,1.0,0.987708955716105,0.0,0.9799184545129289,0.8822477937497674,0.9147423805564644,0.8792289354413195,0.4797464070940414,0.5850003372917596,0.4978470145757083,0.5289454431511713,0.6031501469003873,0.5799451848204233,0.7027425484208762,0.6562228661211691,0.9365515098796506,0.5725393820069167,0.621800647593198,0.7762369460844847,0.9334632422961403,0.8055385617789287,0.8936680768538316,0.8939002082268633,0.8491081095282064,0.7899615431681604,0.951619528733244,0.8827619866797497,0.9404720148162146,0.8691042753022948,0.9137245891881391,0.846272009515712,0.833382745094098,0.7454219587065156,0.7758727297532996,0.8841481479317844,1.0,1.0,0.9678935792904494,0.9173221146406132
0.6580368804367173,0.48101741060926734,0.9034061504137719,0.8680130263082239,0.8573367441125682,0.8911989877977065,0.8065936935345711,0.8909077873920812,0.8711201645321454,0.906649772997153,0.9182642399468107,0.9326632333717726,0.9767858699473949,0.9655294036867762,0.9427955395418155,0.959747929044937,0.9799184545129289,0.0,0.8633756364032196,0.8599633379080402,0.8831813281892371,0.47101506076836264,0.5766859033328974,0.5177787044838349,0.5210221003727832,0.6057643093675703,0.5718432983195749,0.7390337578460173,0.6083233561185444,0.8925836522591184,0.5329343096894552,0.6191110343337193,0.6988017284517376,0.9184792429582085,0.7938299678710036,0.9297280287882547,0.8541529287793812,0.8334016776622006,0.8309360409468676,0.9160794990168093,0.837107342534773,0.926657669391532,0.8445182056371074,0.8711815252018559,0.8421841787204143,0.8280528206250573,0.7098876449717675,0.7552893046997318,0.9110633542254668,0.9498480438887099,0.9632590304417334,0.9458076832352947,0.9140505675781647
0.7642787720623775,0.5025603457338645,0.7562046442785649,0.7686078078302417,0.7892489221680685,0.7911028647737646,0.6687247385932522,0.8418639025791411,0.7489596273422683,0.7632284657680257,0.778222139325825,0.8820856960093961,0.8827820579531681,0.8258543136696942,0.8205265127445056,0.8348459714157445,0.8822477937497674,0.8633756364032196,0.0,0.9782837135236683,0.9645151241673432,0.5883174212136288,0.6810286454620788,0.6319673322978014,0.6346204991103667,0.6764671476223714,0.6997589545638284,0.8102109562039111,0.7793739628278666,0.9399770210353063,0.7227483342441343,0.7935078780859125,0.9318804160243105,0.8692106461980583,0.838100447912658,0.9080595184604835,0.9630041182437455,0.8785574684620634,0.8872159109171,0.8787429359253683,0.8042099269806736,0.8469225193059692,0.7390853755383043,0.7362090925604619,0.8619039738783447,0.7396309190143409,0.6173658320436785,0.6577523845066952,0.8680086535204884,0.8829922583641753,0.7653930498375761,0.8368526792415945,0.8537967638511715
0.7586347050124415,0.5065951870290244,0.7518477978589589,0.8204073804127618,0.8266167621297197,0.8286723088354896,0.7064661690191409,0.9101236584473208,0.740082177543266,0.7711094796154706,0.7873128426528839,0.8729076491132566,0.8947320380099276,0.7501962723370907,0.8544076047041957,0.9185290018183792,0.9147423805564644,0.8599633379080402,0.9782837135236683,0.0,0.9792093896857538,0.6503299889314251,0.7832113546389498,0.6876953818172181,0.6305275791988764,0.7615844229614535,0.7648470981020136,0.8339198035484084,0.8454478573573582,0.9952833762170088,0.7554870134629371,0.847645029950158,0.9763716544679741,0.9204574975553864,0.9782837271678387,0.9546704248344091,0.9366190391598174,0.9790385951114271,0.9710816173451765,0.8611556504956237,0.8216859095362576,0.9022008081784082,0.7239390882031181,0.752107244838264,0.8488203818275181,0.7363451001582786,0.6051110575569337,0.6401823991902865,0.8740958141068879,0.9274129807664355,0.8094449503605188,0.8288361786041256,0.8881935953447326
0.8550175229777532,0.454408476188511,0.9225646781128375,0.9067102001925045,0.9891118273605279,0.9467588397946946,0.8196684494883751,0.9080153402544684,0.7581058897150088,0.802984744248196,0.830606379221483,0.9703768038613183,0.9825020893679366,0.8154016603154891,0.9761633540770217,0.8827094849500083,0.8792289354413195,0.8831813281892371,0.9645151241673432,0.9792093896857538,0.0,0.5469401639316223,0.6662285715090538,0.5870819979570594,0.5771107825349938,0.6218927410729177,0.6419889156683747,0.7549010170695397,0.7124787098478991,1.0,0.6401027900127221,0.7651760101081834,0.9503250162729682,0.9237543102661051,0.9303744224116592,0.9807626518671008,1.0,0.9882787272055913,0.9568625080195535,0.9534351406278814,0.9446129770149936,0.9826888273922831,0.8431520024263847,0.8865303252200737,0.9735703533192249,0.8418013468468161,0.7453887572073019,0.7539621844021531,0.9913958976589514,0.969191823186391,0.8860335373865424,0.9132966403750433,0.9918730056986947
0.42674536674763025,0.6487982504380236,0.37609672735588096,0.43229243479474144,0.41440208467356376,0.41415237968275936,0.3196468448123384,0.4879450543592418,0.489892045934159,0.4623813539754296,0.42939310569582617,0.5139205445975309,0.4655211359372989,0.4401906492555664,0.4735038770444185,0.49993004856625545,0.4797464070940414,0.47101506076836264,0.5883174212136288,0.6503299889314251,0.5469401639316223,0.0,0.9225400081160182,0.908742826619258,0.8164108252967084,0.8387464655936083,0.93464546219775,0.8347161600694819,0.9241443660832085,0.6423532339103861,0.9045932851499117,0.8441548935389575,0.6447941643864954,0.6117872051334133,0.6990987191132402,0.5737418843224092,0.5530107543351492,0.5316738353625364,0.6772835899937054,0.48994455327026337,0.4272403669211825,0.463885449775817,0.3726880296957648,0.36302845906498865,0.4563926363722224,0.3802758984024345,0.29850879737177183,0.2919549423169883,0.44567511970310336,0.4390466862802884,0.42008574385215497,0.5174388449486885,0.44780810150083694
0.46226509518788755,0.7169338795953455,0.46122498993241323,0.4990507220420076,0.49879709996243066,0.474092267289577,0.3988638579722074,0.6038724062222882,0.6238766321284739,0.572410708763768,0.5484780007671518,0.5842923643559411,0.5641527188126654,0.5522117295547395,0.5858768824594115,0.5929707582624748,0.5850003372917596,0.5766859033328974,0.6810286454620788,0.7832113546389498,0.6662285715090538,0.9225400081160182,0.0,0.9604601967965263,0.8704987177258942,0.9051034237869753,1.0,0.9599111796161206,0.9649695343121824,0.7200800331617027,0.9661757168238077,0.9862275996362909,0.7166415102166619,0.6951043804871961,0.8177647600924511,0.7177739442715098,0.6457521898949391,0.6149058765844558,0.791447769000492,0.600093564057931,0.4899043367682119,0.5741714281194725,0.4144102242126483,0.4468021223079342,0.5286610747926418,0.44623287423582597,0.36402551073559714,0.35660092216960815,0.5333037926234693,0.5679314330783559,0.5591002003277343,0.6411870702695668,0.5486913484795508
0.42306454934829746,0.7347019062423195,0.4230381295400375,0.4508932952083399,0.44264451990047876,0.42763738535098555,0.3630353840624975,0.518167287874277,0.5594484768566808,0.5411296896694474,0.49046773017138284,0.5496723973264237,0.5237113562355712,0.48935457060394494,0.5095943329134346,0.5369437247812215,0.4978470145757083,0.5177787044838349,0.6319673322978014,0.6876953818172181,0.5870819979570594,0.908742826619258,0.9604601967965263,0.0,0.8933477175945284,0.8827613069723783,0.9122340780536398,0.9148217936065131,0.9506258010307597,0.67145346268824,0.9159411579171342,0.8921941275253888,0.6854650264984228,0.6194910379876217,0.719265387622196,0.6415836351606283,0.5949083507800187,0.5704710510516887,0.6972175915633023,0.5189107544211231,0.45310800048950856,0.49494113924560706,0.3857167657539083,0.4124040949134983,0.47475961940896255,0.41051769074579203,0.32157519731572826,0.3160830853543784,0.5029824845539905,0.5015428350627239,0.49786912788307874,0.5882994893539756,0.4968522832432541
0.4113425107627583,0.8097336476574528,0.4434717017735508,0.4457647106030482,0.46541852180405135,0.44540757808213094,0.3796266748960899,0.5149568894119182,0.6161612781636342,0.5638350675566987,0.5177835265579674,0.5644391490232308,0.5536810510030589,0.5450557565883866,0.5348464352285567,0.5620697804246162,0.5289454431511713,0.5210221003727832,0.6346204991103667,0.6305275791988764,0.5771107825349938,0.8164108252967084,0.8704987177258942,0.8933477175945284,0.0,0.8992914608589414,0.8140905265376771,0.8551389160917235,0.8682758151723317,0.6682089188276574,0.8862055889041773,0.7713137721132798,0.6207568064371609,0.6603316217482181,0.6938849507324978,0.6263112448788191,0.581173653390254,0.5799958257531314,0.6683840520532087,0.5104773647188173,0.45279964640411285,0.5106619119415091,0.38760724621327824,0.4171890513523613,0.47425383487322903,0.412900516354997,0.33712182869436513,0.3267714595245251,0.5189971004069296,0.5152760893086276,0.5380646857006739,0.6190839762494162,0.4938742623898581
0.490768281814239,0.7291289930970373,0.5064136003516941,0.5243213052406003,0.5176756688232743,0.5223456687143068,0.4390157635325159,0.5973092007130838,0.6665462136683669,0.6289977589202749,0.6106870639936555,0.6284378077419859,0.6143377794656352,0.5883119413003982,0.6291519937884634,0.619193598344202,0.6031501469003873,0.6057643093675703,0.6764671476223714,0.7615844229614535,0.6218927410729177,0.8387464655936083,0.9051034237869753,0.8827613069723783,0.8992914608589414,0.0,0.9090012133205011,0.9576588679883311,0.9308105670523917,0.7261518433424697,0.8440005331018604,0.8380557830709068,0.7517075978107265,0.7580273704558576,0.8016908701196733,0.7128631978384441,0.6589629725106799,0.6338857265305963,0.7480852023749293,0.6023920467184743,0.5145442909141443,0.5794809358639462,0.4494283996156199,0.4812208669210563,0.5339022230593944,0.4672108539786385,0.3902984095494167,0.3754963474643016,0.5755687201839678,0.6025136520386265,0.6039010470800775,0.6759121525476355,0.552069739898173
0.48546813066562455,0.7016454272429482,0.4871963506869552,0.49465410363806084,0.5182065011162339,0.5001664408259068,0.4067097957639527,0.6137197780655489,0.6021944140217,0.5640909188305561,0.5552478001372271,0.6626701065582818,0.6085693020490078,0.5703680140596806,0.5767176026994986,0.6055163123524067,0.5799451848204233,0.5718432983195749,0.6997589545638284,0.7648470981020136,0.6419889156683747,0.93464546219775,1.0,0.9122340780536398,0.8140905265376771,0.9090012133205011,0.0,0.9858452528922917,0.963808354241116,0.7968139072345689,0.9966949690646942,0.9561579211274848,0.7555793672921611,0.7345661002535285,0.7815961357205107,0.7204814656344438,0.6722758985839683,0.6236284314374072,0.8428528605517369,0.592948996252892,0.5175227576717453,0.5658320355809764,0.44718507096912374,0.4589429632262849,0.524210977063349,0.4511152888773535,0.3636578583964595,0.35914821170346456,0.5780613589089502,0.5809676485464462,0.5559123524202993,0.645974214769786,0.5549740644497937
0.5313290658296145,0.7372277309881372,0.6012112018479542,0.6056532701310222,0.6025374421814675,0.5832309103041682,0.5116413277152141,0.6947511059590529,0.7604008949612489,0.7025209346208661,0.6451308860963111,0.7402969052855428,0.7098931086497475,0.6880449358344058,0.7189990379331592,0.7550614756980105,0.7027425484208762,0.7390337578460173,0.8102109562039111,0.8339198035484084,0.7549010170695397,0.8347161600694819,0.9599111796161206,0.9148217936065131,0.8551389160917235,0.9576588679883311,0.9858452528922917,0.0,0.9799224489393178,0.8447908051369024,0.9149484666598684,0.9512856523583643,0.7966457035047539,0.8406966546753155,0.8839474588395368,0.8492568670604451,0.7606216532163483,0.7283991252476337,0.8514697019261005,0.6938287624032476,0.5931851403235994,0.6684829042181201,0.5093209637185644,0.567564100257338,0.6176814841137415,0.5241117429334636,0.45519727664517345,0.4324152674660271,0.6800261334749659,0.6947487745738583,0.70982766266633,0.8158037090027488,0.6696626242066377
0.5219895775786373,0.7298017119594428,0.5126728997149108,0.545513891049852,0.5327587044905245,0.530701761158653,0.43837466029489985,0.6264778767379847,0.672299612495983,0.6495745229072133,0.6169795390277392,0.6293775417911344,0.6245038262029365,0.6098284073602839,0.6398403896185276,0.6624008958524849,0.6562228661211691,0.6083233561185444,0.7793739628278666,0.8454478573573582,0.7124787098478991,0.9241443660832085,0.9649695343121824,0.9506258010307597,0.8682758151723317,0.9308105670523917,0.963808354241116,0.9799224489393178,0.0,0.8464831242763425,0.9678429109229573,1.0,0.8410970112471788,0.792576836767929,0.8885976019808082,0.8416151132733769,0.7213142634658203,0.6844596096997123,0.8472595590564757,0.6506062143133401,0.5500999078274559,0.5993752952709144,0.47353838233891893,0.506014494202516,0.6102027810929473,0.4888748316997405,0.38301767568433454,0.3864324188273612,0.6299725738006334,0.6209300684773332,0.5989416663728657,0.7139738319773788,0.6157001132661912
0.8030380995695372,0.5424009384944418,0.8631020679423212,0.8321735946584818,0.8862449340162053,0.8737388457588618,0.7446273171483249,0.9873005203774105,0.800832990458144,0.8272020287384294,0.8132039327462738,0.9553056492812382,0.9762132047445405,0.8078629755973294,0.9237173285070085,0.9026517283418575,0.9365515098796506,0.8925836522591184,0.9399770210353063,0.9952833762170088,1.0,0.6423532339103861,0.7200800331617027,0.67145346268824,0.6682089188276574,0.7261518433424697,0.7968139072345689,0.8447908051369024,0.8464831242763425,0.0,0.7781664923274355,0.8418047055691515,0.9712985907458767,0.9555320438458575,0.9899154982804151,0.9770878531735434,0.9973218858161734,0.9610012305208524,1.0,0.9676502442239039,0.929388307921746,0.93745908123065,0.761703298312425,0.7813697055630927,0.8762296534891325,0.787000786995621,0.6502246876821508,0.675585745836728,0.9425345464805102,0.935047848610861,0.8646251557701627,0.9230917439846397,0.8768769578139574
0.4878386961835344,0.6159495302853949,0.4644017779899293,0.4970330151243522,0.49960108376567997,0.4839110059427662,0.40186778954208224,0.5688231181591017,0.5802952321281235,0.545728437543295,0.5249514179407158,0.5855824604005537,0.5695496298822682,0.5277999707446889,0.5741376414301476,0.5883552970032362,0.5725393820069167,0.5329343096894552,0.7227483342441343,0.7554870134629371,0.6401027900127221,0.9045932851499117,0.9661757168238077,0.9159411579171342,0.8862055889041773,0.8440005331018604,0.9966949690646942,0.9149484666598684,0.9678429109229573,0.7781664923274355,0.0,0.9654329702357404,0.7870819077881567,0.7029317736226732,0.8010459432183736,0.7097425771922993,0.6563862674556887,0.6228659892863337,0.786737046963718,0.5850136619235888,0.5099323466535671,0.547595422963501,0.4450386361246662,0.447653952050053,0.5378111009273094,0.4491642582719767,0.3646324550776561,0.35398126909946287,0.5621028445689137,0.5582254025730694,0.5352066756191304,0.5924911646161156,0.5381218212791734
0.565137268700558,0.6084448657172519,0.5122137963421107,0.5551400190655421,0.543500074023328,0.5356801351882011,0.45860386376146217,0.6373799555238161,0.6229835884227838,0.5786128016251743,0.5966196254326573,0.6548655654008427,0.640611214377334,0.5832625885087223,0.6314933167171166,0.6466311763876247,0.621800647593198,0.6191110343337193,0.7935078780859125,0.847645029950158,0.7651760101081834,0.8441548935389575,0.9862275996362909,0.8921941275253888,0.7713137721132798,0.8380557830709068,0.9561579211274848,0.9512856523583643,1.0,0.8418047055691515,0.9654329702357404,0.0,0.9498109284815662,0.7852333164600253,0.8762500092143296,0.8367106715725472,0.7170297159170766,0.7414042661987725,0.8985408413692648,0.6754397711541511,0.5702440761261021,0.6264212460081877,0.4950581938723462,0.4954907594053672,0.6090218081460366,0.49143222572702816,0.40216524655315444,0.396597723005607,0.647789400772629,0.6113545559111838,0.5929435316883066,0.7095604021619109,0.6011334234150658
0.7900433857782545,0.46789761794211865,0.6699800844995012,0.7788122635861641,0.7611208593070815,0.7615761743035867,0.6266748694681691,0.7546423636047157,0.6455813661846596,0.6904591650808294,0.6697350142057685,0.8787560082257356,0.8229108251386741,0.6859921360210801,0.74920918949994,0.7930900679496306,0.7762369460844847,0.6988017284517376,0.9318804160243105,0.9763716544679741,0.9503250162729682,0.6447941643864954,0.7166415102166619,0.6854650264984228,0.6207568064371609,0.7517075978107265,0.7555793672921611,0.7966457035047539,0.8410970112471788,0.9712985907458767,0.7870819077881567,0.9498109284815662,0.0,0.8792862955132251,0.9850950958546372,0.9196473488947091,0.9114787230625987,0.9439076235636361,1.0,0.8416244594425852,0.743975052567983,0.8095433759878434,0.6747905639810065,0.6968313783987929,0.8221206189884157,0.6952467121737204,0.5606310846855285,0.5589358103478216,0.8863261482176145,0.7750449490548355,0.7216149807362842,0.7403749371092502,0.7787396930079458
0.7338288325014107,0.5322681617492643,0.8227098344787543,0.8076978777133005,0.8974913959946954,0.8430624971355009,0.7493559794276965,0.8710692729566051,0.8588356135691163,0.9534411571611573,0.8438293601183406,0.9747670399841251,0.9300268842845701,0.90274887322358,0.9743114188751828,0.9785690645269687,0.9334632422961403,0.9184792429582085,0.8692106461980583,0.9204574975553864,0.9237543102661051,0.6117872051334133,0.6951043804871961,0.6194910379876217,0.6603316217482181,0.7580273704558576,0.7345661002535285,0.8406966546753155,0.792576836767929,0.9555320438458575,0.7029317736226732,0.7852333164600253,0.8792862955132251,0.0,0.8704349424436344,0.9807045046777554,0.8662386685656219,0.9796750600895657,0.9884954579834985,0.9201045796341853,0.8197303710978434,0.859861283939814,0.7342168664788149,0.7234421784775891,0.8664585825014472,0.7638813447404538,0.5917070253546625,0.63453190984505,0.9091237795340077,0.9254338626983413,0.9163331512430468,0.9344266015108763,0.8869028393819237
0.6974917315665905,0.5534501041171596,0.6777014822450625,0.7220898944026141,0.7394440930864666,0.724716944664855,0.6740514576078587,0.8521141361117978,0.7699336315556289,0.7331915957620837,0.7626399505869751,0.8247707873817535,0.8193089360047741,0.7302146879039555,0.843962316884657,0.8277562058806414,0.8055385617789287,0.7938299678710036,0.838100447912658,0.9782837271678387,0.9303744224116592,0.6990987191132402,0.8177647600924511,0.719265387622196,0.6938849507324978,0.8016908701196733,0.7815961357205107,0.8839474588395368,0.8885976019808082,0.9899154982804151,0.8010459432183736,0.8762500092143296,0.9850950958546372,0.8704349424436344,0.0,0.9427263926379343,0.950801071384707,0.9112917605902723,0.9185166821576866,0.8158187176549527,0.7427289510973509,0.8486072303998483,0.6400457238284355,0.6731250184248092,0.8045407701520578,0.6658361253079896,0.5443720295358553,0.5418506541657366,0.8120973120861187,0.7892072098055448,0.7418766794144733,0.8361436398336002,0.7796134176853656
0.722146673810072,0.5277267229898078,0.774650360133665,0.814576597261159,0.8533375014722236,0.8048091279934184,0.7201772507424664,0.889885328523349,0.7941646596300982,0.8069546743993264,0.8149316980067666,0.8910182415015154,0.8816348341325577,0.8335209539922291,0.8640749916370614,0.9030145726653228,0.8936680768538316,0.9297280287882547,0.9080595184604835,0.9546704248344091,0.9807626518671008,0.5737418843224092,0.7177739442715098,0.6415836351606283,0.6263112448788191,0.7128631978384441,0.7204814656344438,0.8492568670604451,0.8416151132733769,0.9770878531735434,0.7097425771922993,0.8367106715725472,0.9196473488947091,0.9807045046777554,0.9427263926379343,0.0,0.9483856800695926,0.9819285043893055,0.9939870842646826,0.8901695317009469,0.8587519003956517,0.9305881475706773,0.7659151639149059,0.7607950526538859,0.8857746133680251,0.7557509852532197,0.6357634892928221,0.6411805982267719,0.8722386153536961,0.9005832138256992,0.84259174658814,0.9081809776808074,0.835671411082232
0.7733534740652996,0.47936752078166167,0.8442037180227014,0.861691887600095,0.9018807685969534,0.8504992090188775,0.7741578091364131,0.922258112322421,0.8153853795520699,0.8489896725336639,0.8328803197388535,0.944967084740844,0.9655874053022339,0.8535473071925783,0.8539492451970071,0.8452130928553105,0.8939002082268633,0.8541529287793812,0.9630041182437455,0.9366190391598174,1.0,0.5530107543351492,0.6457521898949391,0.5949083507800187,0.581173653390254,0.6589629725106799,0.6722758985839683,0.7606216532163483,0.7213142634658203,0.9973218858161734,0.6563862674556887,0.7170297159170766,0.9114787230625987,0.8662386685656219,0.950801071384707,0.9483856800695926,0.0,0.9546538400800426,0.9270489676118931,0.9102369919808734,0.9217761331427022,0.9265093191704468,0.8016895929196586,0.8559650422487836,0.9779168216884262,0.8498424189128293,0.6956021348487234,0.7696215951055213,0.9064396776251712,0.9380174947247896,0.8364456529802371,0.8668497954579726,0.9972211450359204
0.8714646222812408,0.4325856139749731,0.797080072484387,0.8491280716858928,0.8753748495110766,0.8997231366816595,0.7811561843106656,0.8750696128487139,0.7102363701741572,0.7563308502162462,0.7684124918023562,0.9312060763133732,0.8683605766736926,0.7983886476759618,0.8346160012593952,0.8548634392992385,0.8491081095282064,0.8334016776622006,0.8785574684620634,0.9790385951114271,0.9882787272055913,0.5316738353625364,0.6149058765844558,0.5704710510516887,0.5799958257531314,0.6338857265305963,0.6236284314374072,0.7283991252476337,0.6844596096997123,0.9610012305208524,0.6228659892863337,0.7414042661987725,0.9439076235636361,0.9796750600895657,0.9112917605902723,0.9819285043893055,0.9546538400800426,0.0,0.9204951500068883,0.8528344683732095,0.9157387676308281,0.9342187861322897,0.783621141840512,0.8126006724023159,0.8894611433434317,0.8034612849234264,0.6776711400681494,0.7144032100909203,0.9401857521563264,0.8814429439203786,0.8234590105741816,0.7871568643070476,0.8784030865058672
0.6741838725203873,0.573901665051166,0.7360018393593241,0.7765304510206588,0.8179999418906211,0.7841417284025848,0.6674414720608045,0.8404702961701025,0.801356385099101,0.7996782382004347,0.80378190643344,0.85738162943988,0.907770493593069,0.8160349617130983,0.8302329936894234,0.9069195241462822,0.7899615431681604,0.8309360409468676,0.8872159109171,0.9710816173451765,0.9568625080195535,0.6772835899937054,0.791447769000492,0.6972175915633023,0.6683840520532087,0.7480852023749293,0.8428528605517369,0.8514697019261005,0.8472595590564757,1.0,0.786737046963718,0.8985408413692648,1.0,0.9884954579834985,0.9185166821576866,0.9939870842646826,0.9270489676118931,0.9204951500068883,0.0,0.9024902229789906,0.781099390183676,0.84070516914498,0.66393746279385,0.6830362979092384,0.8170933668536083,0.7090394394705051,0.5518362287165809,0.574876692931412,0.8379387236006901,0.8829518995000624,0.7670371355288998,0.9484555491097107,0.8163876163579733
