Cingulate area 2,Frontal association cortex,Cornu ammonis 3,Dentate gyrus,Cornu ammonis 2,Cornu ammonis 1,Fasciola cinereum,Subiculum,Postrhinal cortex,Presubiculum,Parasubiculum,Perirhinal area 35,Perirhinal area 36,Medial entorhinal cortex,Lateral entorhinal cortex,Primary auditory area,"Secondary auditory area, dorsal part","Secondary auditory area, ventral part","Piriform cortex, layer 1","Piriform cortex, layer 2","Piriform cortex, layer 3",Ventrolateral orbital area,Lateral orbital area,Ventral orbital area,Medial orbital area,Dorsolateral orbital area,Prelimbic area,Secondary motor area,Frontal association area 3,Primary motor area,"Agranular insular cortex, ventral area",Agranular insular cortex dorsal area,Cingulate area 1,Infralimbic area,Dysgranular insular cortex,Granular insular cortex,"Primary somatosensory area, forelimb representation","Primary somatosensory area, dysgranular zone","Primary somatosensory area, face representation",Secondary somatosensory area,"Primary somatosensory area, hindlimb representation","Agranular insular cortex, posterior area","Primary somatosensory area, barrel field",Retrosplenial dysgranular area,"Primary somatosensory area, trunk representation",Retrosplenial granular area,"Parietal association cortex, lateral area","Parietal association cortex, medial area","Parietal association cortex, posterior area",Primary visual area,"Secondary visual area, lateral part",Temporal association cortex,"Secondary visual area, medial part"
0.0,0.3847746373980778,0.7529516495732966,0.8330901959265702,0.8174901190233963,0.8661385531152516,0.8207302507567901,0.7645881630369796,0.6631089363388228,0.7813024746195036,0.5771559314566812,0.7392300331978822,0.6870317012778351,0.6568700990289518,0.6691960560649124,0.7021413958226761,0.6877532384100525,0.6062084878389223,0.8092982634023432,0.8279226940464584,0.8605026458631297,0.6168529317095462,0.6568362077875256,0.6787705791565317,0.6604018546395213,0.5513474714240296,0.8570999431780814,0.713743513034603,0.8547843246850786,0.8186990433293903,0.794884377196644,0.7924860578391592,0.9102218476601069,0.7173973483646618,0.7784008880425182,0.758283210755467,0.8267535910451641,0.8285138561784567,0.8987159679103501,0.752918566369769,0.8043750854773147,0.6884819591634671,0.8125221721431046,0.8366462827654578,0.6980983694006563,0.8063680187934982,0.7610759101550701,0.722979705673201,0.726111046638619,0.8370152648279895,0.7702322471348736,0.723233852928337,0.7165215329603087
0.3847746373980778,0.0,0.4659784329078348,0.4422486469771524,0.4196792728586471,0.5098868044911108,0.43870053830232203,0.5022803225038014,0.6581061915688845,0.47663434611914807,0.5973779258693345,0.5221964776271877,0.6204852174599946,0.5771800741911826,0.6556984228211947,0.6014487780337544,0.5822712569596478,0.6421025563401428,0.49612526332961693,0.4791140919861038,0.4606641317801678,0.725899212421063,0.7172822469700851,0.7357185325740359,0.7473942048833979,0.7668950566106127,0.5967682860372595,0.6759084541689101,0.3834219129554071,0.4790659688932444,0.48538089192898515,0.4049167206788738,0.3793047927287321,0.48647078628120405,0.5052840841995471,0.49700022341891603,0.34101979216996303,0.3695221368320317,0.3650603321824876,0.5164163743051423,0.4155284713065157,0.5037832231763941,0.4715293369565924,0.5203878652310617,0.5486707735717251,0.4673463028043115,0.3679985488556753,0.4794829645581377,0.4175878624859972,0.5021394794477524,0.5354144353061285,0.6149205036112019,0.4926931594546549
0.7529516495732966,0.4659784329078348,0.0,0.9178153810485288,0.945701482895236,0.8841577882293717,0.8405490911546962,0.9528832817580966,0.8782886614456323,1.0,0.7552729303579668,0.8172539798887117,0.7644747995948687,0.8572965461077063,0.9174040911952256,0.8911892716581952,0.9433520380878248,0.7775234054961522,0.85614106431634,0.8240991605330165,0.8379846543440903,0.6060205529009737,0.6685982593831649,0.7381166482463681,0.6753451275067134,0.5445227488234912,0.8656934360730799,0.7375588529365281,0.7547781187869259,0.7826635419258465,0.7077208525326031,0.7681014838479344,0.7981052778981642,0.7664572528429358,0.8568543221779915,0.7361976575291052,0.7018211981300506,0.7323081609163122,0.789421346277887,0.8478197730713741,0.8604278488312851,0.7694306801299919,0.8388981830960668,0.9503901212326263,0.8153317531024791,0.9058748693500719,0.9449519706011243,0.8829776324172678,0.8557163457613264,0.953684146620586,0.9492896233420638,0.8853136983981796,0.9412303068963871
0.8330901959265702,0.4422486469771524,0.9178153810485288,0.0,0.9132517659715653,0.9627698636641285,0.8709296735978764,0.9514459749579878,0.7987844976367691,0.9414947388281343,0.7728733074940589,0.8288232915744312,0.7562414640011252,0.7858766698813893,0.8158420578748804,0.8396081274925049,0.8598987372281268,0.7319212321459224,0.8076928273570022,0.792534643341695,0.871270486899827,0.6585474297055509,0.6654296478172403,0.6987847219614663,0.6757312590588376,0.5361285213334829,0.9043190223336294,0.7218023199469755,0.8597917105502922,0.7938263883971733,0.7402293180566893,0.7699464976128031,0.7874496924643744,0.8087161845821372,0.8424455150207029,0.7404071703235706,0.6934545718037354,0.8021736490242781,0.7744598501318981,0.7835484555455595,0.8855783535403259,0.7631508324804749,0.8232199759239535,0.8646230482597987,0.7641707950842813,0.8170397810020142,0.9061683613706952,0.7829366772642637,0.8198470253268705,0.915990595537118,0.9347767462677425,0.865291888666201,0.8404045864958003
0.8174901190233963,0.4196792728586471,0.945701482895236,0.9132517659715653,0.0,0.9263803963343297,0.8419899901112041,0.916220588897852,0.8134493762968935,0.9207099141518736,0.696361056269389,0.8429846109171201,0.776599825566092,0.723109642380883,0.8233070811137986,0.8481745461558547,0.8355194531943982,0.7400461455432943,0.8448208577115063,0.8794859515381409,0.8416411855069404,0.6408336403003735,0.6680870347295244,0.6906850154425282,0.6651696185020677,0.5943418765127279,0.855798632944114,0.7231428963349757,0.8556971081557269,0.8187017540633252,0.7772526923637163,0.8526360623036918,0.9008529102875146,0.8000190105373253,0.8502045628682624,0.8136982179186983,0.7782168510537469,0.7888392262104278,0.8203547165243343,0.8412335310509514,0.8813257723280706,0.7561702520625311,0.8843574823863165,0.855059058326197,0.8433534928405193,0.8394990817968427,0.8693872167540885,0.7957471685645986,0.8517143141117104,0.9272046894544153,0.8978351198289365,0.8187362965862762,0.8592102306164493
0.8661385531152516,0.5098868044911108,0.8841577882293717,0.9627698636641285,0.9263803963343297,0.0,0.9048756958624979,0.9307913207818836,0.8635944935859069,0.9340280270826278,0.7708253227511868,0.8876930095985188,0.8516948192067709,0.8408821082007617,0.9239457170661085,0.9173354579129487,0.8996880432950696,0.8620791671487545,0.8597412745632239,0.9410724103639797,0.9106748422535514,0.748182385348385,0.7186889484656681,0.8190724811269582,0.7758071270036169,0.6249363768327184,0.9910719047099464,0.8130841800264867,0.8046143442502548,0.8185553706507269,0.7941659864680783,0.7847471637273767,0.8019137449200205,0.7713749808744087,0.9027397976219745,0.8633438652711912,0.7060989250760187,0.7433360591581133,0.8068427206411147,0.8841540585246676,0.8451776920920422,0.8263584671286879,0.9044964804817521,0.9830670737364192,0.827991173663429,0.8202609522546306,0.8796839591327872,0.8268404642480627,0.8181032959924219,0.992686931925438,0.9586564181158763,0.892824386616473,0.8568179000955226
0.8207302507567901,0.43870053830232203,0.8405490911546962,0.8709296735978764,0.8419899901112041,0.9048756958624979,0.0,0.7635439045866628,0.7268702662472446,0.875437020264183,0.6725142344396285,0.8536967451284445,0.7550051286490784,0.666467390111156,0.7974912193229567,0.8363836342308321,0.7917178952595999,0.7469014215829156,0.864457498662421,0.8424356958680457,0.9412872658194248,0.6575562510334643,0.6933617076461791,0.7607800295982348,0.645390895950764,0.6015337785636536,0.8610992707894244,0.7643400353675466,0.7581270095004807,0.814738298049396,0.77888144413663,0.7733775516005477,0.7534605552326492,0.7146190219440856,0.8099260603661022,0.8490348504374683,0.66525892448758,0.7397817514239274,0.7362732139262763,0.7775249638009814,0.748747042876263,0.8257720943213203,0.8782205486880499,0.8584310284850092,0.8218481442944854,0.8255348043534015,0.766113017352264,0.8009870104848861,0.7700382784824156,0.7906485172933936,0.800847258511119,0.7585709145314887,0.7943236876030046
0.7645881630369796,0.5022803225038014,0.9528832817580966,0.9514459749579878,0.916220588897852,0.9307913207818836,0.7635439045866628,0.0,0.82876349613336,0.9316105759993617,0.7601012281008055,0.8367369741215401,0.7934247565311363,0.8130717365201582,0.8836139821939186,0.8836476797981989,0.8814657211081182,0.8174182919523556,0.8304647048246075,0.8696208571012914,0.8575028841935929,0.7127589691240278,0.7121049519151735,0.7863222935384814,0.739696735552497,0.6161658993592083,0.9221724420523447,0.7676489609088136,0.851447117450126,0.8839481880524053,0.7690704920262114,0.8053908750222901,0.8429849723735996,0.8817480557225618,0.8465193595361785,0.8244811066251189,0.7452096015419442,0.7901997744498077,0.8314444642214204,0.8270786535917409,0.8842985319226438,0.8560595769054845,0.8557006543051271,0.9803846354501523,0.8256110994984314,0.9183436013811113,0.8861175294569545,0.8517290228686136,0.8927944555022189,1.0,0.9607012613116718,0.9000143203427899,0.9000311869192419
0.6631089363388228,0.6581061915688845,0.8782886614456323,0.7987844976367691,0.8134493762968935,0.8635944935859069,0.7268702662472446,0.82876349613336,0.0,0.8916069123640181,0.8887207506192009,0.858871510188466,0.9335778279844105,0.9809919123635946,0.9988493267912754,0.9404293767216839,0.8822520210822908,0.9832481182884939,0.7855296502807131,0.7484283254488281,0.7573209227177582,0.7908295009905767,0.7871678102146991,0.8126675375163577,0.8545307041602781,0.7149844043258499,0.8887621364358174,0.8730479377042957,0.6635672085024081,0.7072416250109101,0.6853444787014563,0.6781888569950157,0.6527222924844117,0.7376964926086487,0.7896409956564194,0.7458154296286323,0.5752226495465655,0.6127686237018526,0.6447403414587957,0.7614738545656006,0.7258481339784078,0.8020035640710789,0.7518499738806678,0.8354310850406672,0.8055111478153786,0.7380256782698471,0.7050557651603556,0.7546524038817511,0.7366104957967217,0.9056059359587008,0.9294860148143238,0.9787257248916478,0.7835223106530188
0.7813024746195036,0.47663434611914807,1.0,0.9414947388281343,0.9207099141518736,0.9340280270826278,0.875437020264183,0.9316105759993617,0.8916069123640181,0.0,0.8953345315789686,0.8946710201142326,0.8233261072817775,0.8517871101262972,0.9596153841062863,0.9571697750579149,0.9055796725255243,0.8361890505130806,0.852907697999581,0.8295550628129312,0.8304266724261479,0.6870617375765584,0.7081448467019229,0.728511297968888,0.6888046855368518,0.6321928342750283,0.8863650358512173,0.7758009150699728,0.8152420696040408,0.781444993520843,0.7420039884465366,0.7662096548658446,0.7583368664875473,0.8789021449379836,0.8519969985422724,0.8373754563133724,0.6992434011787108,0.7810003072926545,0.753304519413833,0.8208881805785856,0.8476596001539665,0.7952116252073911,0.8631058530592978,0.9364145905863406,0.853151267615781,0.8511768946179136,0.9613568495940942,0.8064818850681821,0.9044365814231426,0.9812002320262572,0.9958285428177756,0.9236495990722552,0.8668425034211376
0.5771559314566812,0.5973779258693345,0.7552729303579668,0.7728733074940589,0.696361056269389,0.7708253227511868,0.6725142344396285,0.7601012281008055,0.8887207506192009,0.8953345315789686,0.0,0.7744397455060215,0.8176040230345523,0.9946149207358816,0.8609245973307925,0.8323394196987458,0.7755484140238224,0.8838332672663773,0.6267670836934712,0.5976832925741192,0.6105916138022232,0.666741030655472,0.6967529166991073,0.704807543897094,0.6803404032438615,0.7168137100031227,0.7130744948347666,0.7213813274654003,0.5895135212106051,0.5823585356828372,0.5664555612473261,0.5262800412260628,0.5195429852082536,0.739939047102375,0.6543930917707547,0.6324783570541638,0.45045401284750697,0.5191515767550716,0.5667715806145818,0.6339918359438986,0.639162115322604,0.6174658050384256,0.5968975507534274,0.7078936715895324,0.6326205145257265,0.6298400942782677,0.6477014107840083,0.6265187372851155,0.619943674360437,0.8058802890760655,0.8301814995686347,0.9026548105046647,0.6286364944610016
0.7392300331978822,0.5221964776271877,0.8172539798887117,0.8288232915744312,0.8429846109171201,0.8876930095985188,0.8536967451284445,0.8367369741215401,0.858871510188466,0.8946710201142326,0.7744397455060215,0.0,0.9162602761826426,0.7707951850817336,0.9530245736964956,0.9742564419833333,0.8910017499068563,0.8625705170532623,0.8400969199231716,0.802401130989518,0.8296256391499196,0.7899857273903491,0.8067406087539094,0.8016376112157063,0.780559369351749,0.7659354275955065,0.9396214850155471,0.8402904663922443,0.7878343819589074,0.759278565845789,0.7685707978304374,0.703064282685539,0.7569872339874849,0.768580644320176,0.8488374589547488,0.8661216704299406,0.6425574122117488,0.6939803183401708,0.6916871065394784,0.8965091160829888,0.7927133812101512,0.8740477991834866,0.8540411694925926,0.831980550791538,0.8385597643799415,0.7801308683611158,0.7368237134009048,0.7299714819671669,0.8209503519371576,0.8634668436780611,0.8750256667165327,0.9768389191746479,0.7436874106170083
0.6870317012778351,0.6204852174599946,0.7644747995948687,0.7562414640011252,0.776599825566092,0.8516948192067709,0.7550051286490784,0.7934247565311363,0.9335778279844105,0.8233261072817775,0.8176040230345523,0.9162602761826426,0.0,0.7896424610731705,0.9952677574792473,0.9795099625632454,0.8973697725536612,0.9796742995798856,0.864024892317815,0.7980097616399008,0.7739061781770628,0.8596699253271458,0.841738262150198,0.8455863533746155,0.8704829236012381,0.8677630123809695,0.8915696848301594,0.85628039253258,0.6971073302448958,0.7544658408111735,0.7298970195881942,0.6406356659273635,0.6585548039813078,0.7215195071509424,0.8007643165748327,0.8015548568719184,0.5674181885576649,0.6224315189800614,0.6353951798883182,0.8306114323377588,0.6952184065036897,0.8356312955690762,0.7773582353603951,0.771328385184489,0.7959033466048634,0.6987707318731168,0.6901753609924816,0.7111203669828386,0.7092874149031337,0.8253034373224911,0.8551395462443846,0.9517775719226582,0.717943295513888
0.6568700990289518,0.5771800741911826,0.8572965461077063,0.7858766698813893,0.723109642380883,0.8408821082007617,0.666467390111156,0.8130717365201582,0.9809919123635946,0.8517871101262972,0.9946149207358816,0.7707951850817336,0.7896424610731705,0.0,0.8833966461197218,0.8454557468453398,0.7809785378468306,0.8300962514896727,0.6715282002843862,0.6503517129422703,0.631299453176049,0.6625809197499671,0.731187299328671,0.7373634010686695,0.7608421379409845,0.6885447566024823,0.6980480276655953,0.7262166379625431,0.5919652410405659,0.638272096040372,0.5827061469596005,0.5513825017731117,0.5582575690983788,0.7251198013662921,0.6621008515413586,0.6256587125986488,0.4891127917604462,0.5395776444917222,0.5685178257374395,0.6724296936737959,0.6826216461061411,0.6070276565457775,0.6253253909762367,0.7945296039931851,0.6338113850491633,0.6707806671025018,0.6752572688315369,0.644095978739596,0.6320767507127164,0.8973689544724767,0.9092494302496189,0.8612946211184309,0.6739457130952382
0.6691960560649124,0.6556984228211947,0.9174040911952256,0.8158420578748804,0.8233070811137986,0.9239457170661085,0.7974912193229567,0.8836139821939186,0.9988493267912754,0.9596153841062863,0.8609245973307925,0.9530245736964956,0.9952677574792473,0.8833966461197218,0.0,0.9570342774440141,0.9655041635164243,0.9791139606192788,0.8668538191899055,0.8004059585046978,0.8139984577085381,0.8169412419414736,0.9112887125676024,0.8802300735893993,0.8362216797147237,0.7553434417300544,1.0,0.8954930626066854,0.7441184382705613,0.7774977634853378,0.754588124882168,0.7037051589899845,0.6799695694873749,0.8140439566303346,0.8844943867188868,0.800539144206978,0.6264690114863102,0.6655890890648521,0.6742271775684829,0.8307876574487792,0.7993983108943693,0.8747341462974111,0.8296195588248633,0.9130085091073936,0.8590982713824296,0.7932785433485671,0.7480720847281488,0.8259853993550349,0.7932363276851305,0.9367420923323521,0.9896050983708424,1.0,0.8564374435255792
0.7021413958226761,0.6014487780337544,0.8911892716581952,0.8396081274925049,0.8481745461558547,0.9173354579129487,0.8363836342308321,0.8836476797981989,0.9404293767216839,0.9571697750579149,0.8323394196987458,0.9742564419833333,0.9795099625632454,0.8454557468453398,0.9570342774440141,0.0,0.9821522731171402,0.990776826174392,0.8694767544653559,0.8763508975298092,0.8534249133261717,0.8354246934616948,0.8445050527126831,0.8548701058187205,0.8280590813419999,0.7954350571502473,0.9859690240387227,0.8781029836709191,0.6882450696933743,0.8094059671196683,0.7628521782212001,0.6932557581775303,0.6902684892488702,0.7745572141326272,0.8695866374592496,0.8505527838756253,0.5967923932044779,0.6763854058622977,0.6423218823493493,0.8880712399699984,0.7365168157289137,0.9159959041968524,0.8213516433277935,0.8620232461157283,0.8584204699373871,0.833585403537111,0.7369259334556775,0.8075218736598858,0.810037576059659,0.9232889201482497,0.9544548367396174,0.9751663306481393,0.8792810196353051
0.6877532384100525,0.5822712569596478,0.9433520380878248,0.8598987372281268,0.8355194531943982,0.8996880432950696,0.7917178952595999,0.8814657211081182,0.8822520210822908,0.9055796725255243,0.7755484140238224,0.8910017499068563,0.8973697725536612,0.7809785378468306,0.9655041635164243,0.9821522731171402,0.0,0.8755617130829891,0.8951597584718017,0.8399490532835965,0.8856931405543165,0.7900215734464879,0.8093814069299373,0.8435818588186432,0.8508076457061586,0.7646768317237664,0.9484953767311561,0.8308013559503901,0.7483952764818708,0.8282024296743181,0.7489158088310699,0.7223127949372952,0.7696358184622435,0.7679908762987578,0.9012575028679161,0.8054345356571769,0.6697894142456727,0.7038130613628283,0.7005888514635866,0.8690217969230691,0.82380095347884,0.9581165404849401,0.8576575841354603,0.8884040570642406,0.8637634606619671,0.8116731199821646,0.776660910006149,0.856114169002426,0.844463340609635,0.8994786970567814,0.9650300600391212,0.9241743837494906,0.8743139517155747
0.6062084878389223,0.6421025563401428,0.7775234054961522,0.7319212321459224,0.7400461455432943,0.8620791671487545,0.7469014215829156,0.8174182919523556,0.9832481182884939,0.8361890505130806,0.8838332672663773,0.8625705170532623,0.9796742995798856,0.8300962514896727,0.9791139606192788,0.990776826174392,0.8755617130829891,0.0,0.789073774600168,0.7274989194564052,0.7407075747824963,0.8280416133842473,0.8545132546828493,0.8155629405989531,0.8255301283868689,0.8442548452605613,0.8232689338484155,0.9032008841037406,0.62640872069309,0.6844642345030976,0.6610092053782921,0.6282640585937264,0.6000333688774592,0.6666569315996868,0.7627767679711943,0.7026961255121909,0.5028691866463281,0.5810725164049808,0.5702464539965174,0.7934703697341691,0.6850702431733615,0.7847327536587466,0.7624612635410762,0.7939887552481798,0.7914469119848879,0.7365434838202758,0.6586128739596456,0.7112435021492121,0.7203502089087631,0.8367394469362206,0.9042708515849427,0.9092065265467706,0.7581432735495959
0.8092982634023432,0.49612526332961693,0.85614106431634,0.8076928273570022,0.8448208577115063,0.8597412745632239,0.864457498662421,0.8304647048246075,0.7855296502807131,0.852907697999581,0.6267670836934712,0.8400969199231716,0.864024892317815,0.6715282002843862,0.8668538191899055,0.8694767544653559,0.8951597584718017,0.789073774600168,0.0,0.9933029807886948,1.0,0.8135200868931519,0.8292549541036438,0.8742695302568112,0.7800832776945039,0.7030595145630611,0.9892637342565523,0.9231015002136093,0.9243331373370081,0.9596622238043254,1.0,0.9382480902496355,0.9309900576958147,0.8392351149883184,0.9639615633579879,0.972577771868998,0.8594671187451246,0.9009772616417783,0.8645760365447135,0.9152037683604183,0.8376050714124386,0.948478800250679,0.9502573997206558,0.9201341186645466,0.9599854585213525,0.8782901531624663,0.7579072899052536,0.8509695478991566,0.8518474366227525,0.827685425623186,0.850896623276714,0.8637676891001554,0.8725212873416984
0.8279226940464584,0.4791140919861038,0.8240991605330165,0.792534643341695,0.8794859515381409,0.9410724103639797,0.8424356958680457,0.8696208571012914,0.7484283254488281,0.8295550628129312,0.5976832925741192,0.802401130989518,0.7980097616399008,0.6503517129422703,0.8004059585046978,0.8763508975298092,0.8399490532835965,0.7274989194564052,0.9933029807886948,0.0,0.9714203736796428,0.7787763802876843,0.7836092682350904,0.8002293238959102,0.7282624496889574,0.6683435067983335,0.9904003493264698,0.8483872396656038,0.8973370637485497,0.9269194918650334,0.9292977606124332,0.9056821518041791,0.9143309592581366,0.8205191082070438,0.9584160006081482,0.9255713985410485,0.8173062498173141,0.926946861140686,0.9030234887226375,0.9248779713180403,0.8645861306228683,0.9409236917242176,0.9813602613048007,0.8721224806906827,0.9279206206034682,0.9190411496217383,0.8009685308388929,0.9013816169279386,0.9076257135103896,0.7932519749262079,0.8169680918180485,0.808629319845726,0.8890850843057877
0.8605026458631297,0.4606641317801678,0.8379846543440903,0.871270486899827,0.8416411855069404,0.9106748422535514,0.9412872658194248,0.8575028841935929,0.7573209227177582,0.8304266724261479,0.6105916138022232,0.8296256391499196,0.7739061781770628,0.631299453176049,0.8139984577085381,0.8534249133261717,0.8856931405543165,0.7407075747824963,1.0,0.9714203736796428,0.0,0.7685663340562193,0.7367329375383496,0.7960903419875519,0.6917257221323103,0.6004946799356653,0.9556882289124431,0.8533449682863384,0.8808295797900376,0.9080712832126416,0.8524798538817127,0.9418221361026082,0.9797826211807719,0.807232220181439,0.9363183128506907,0.9361186287376988,0.8634615275626801,0.8967694729885115,0.9176782555853056,0.9316007637203974,0.900198294273685,0.9667694606314767,0.998686584444237,0.9013920628976524,0.9642413132160229,0.9682752756407789,0.8609656188132967,0.9113975765950395,0.8901369036822179,0.8410371790853727,0.819760913545724,0.8242453558689484,0.9605696957537826
0.6168529317095462,0.725899212421063,0.6060205529009737,0.6585474297055509,0.6408336403003735,0.748182385348385,0.6575562510334643,0.7127589691240278,0.7908295009905767,0.6870617375765584,0.666741030655472,0.7899857273903491,0.8596699253271458,0.6625809197499671,0.8169412419414736,0.8354246934616948,0.7900215734464879,0.8280416133842473,0.8135200868931519,0.7787763802876843,0.7685663340562193,0.0,0.8834341431927814,0.9809641233529706,0.9370834320478385,0.9128066039724063,0.8903328379463346,0.8857139233610626,0.6647952451460954,0.738246599307018,0.7386245794001903,0.6587691099991883,0.6326705580690086,0.7069123580810444,0.7461653946285796,0.7815574055990462,0.5772720741045143,0.6346998950088474,0.6071479422528352,0.7617334306186573,0.6019032983520702,0.8326580491906408,0.7462860446388044,0.7074070692121875,0.839176046315041,0.670755656881644,0.5725865798676663,0.6850304016015876,0.654671242779328,0.7068234110724352,0.7465804732699634,0.8803796686935913,0.7051916788957726
0.6568362077875256,0.7172822469700851,0.6685982593831649,0.6654296478172403,0.6680870347295244,0.7186889484656681,0.6933617076461791,0.7121049519151735,0.7871678102146991,0.7081448467019229,0.6967529166991073,0.8067406087539094,0.841738262150198,0.731187299328671,0.9112887125676024,0.8445050527126831,0.8093814069299373,0.8545132546828493,0.8292549541036438,0.7836092682350904,0.7367329375383496,0.8834341431927814,0.0,0.9557385306231475,0.8615748760866286,0.9430350144433728,0.935850631294008,0.8966285548929297,0.6452594711021086,0.7363146211087509,0.7484338963841345,0.6783322242588076,0.6197273953744256,0.6936737714835687,0.7638070207676129,0.7932431865447158,0.5494590578206353,0.5915826157759486,0.6023191586826919,0.749641114210028,0.6288460643514199,0.780800643602336,0.7235143892361198,0.7284877252209968,0.8028193619031279,0.7003550016874203,0.5821707007935112,0.7272133226778105,0.6650815192068875,0.7649294280871173,0.7522475159901597,0.8691014741988419,0.7318108030989644
0.6787705791565317,0.7357185325740359,0.7381166482463681,0.6987847219614663,0.6906850154425282,0.8190724811269582,0.7607800295982348,0.7863222935384814,0.8126675375163577,0.728511297968888,0.704807543897094,0.8016376112157063,0.8455863533746155,0.7373634010686695,0.8802300735893993,0.8548701058187205,0.8435818588186432,0.8155629405989531,0.8742695302568112,0.8002293238959102,0.7960903419875519,0.9809641233529706,0.9557385306231475,0.0,0.9745190438015165,0.9268068767895637,0.9797484341147222,1.0,0.6667924947961281,0.7666849699772705,0.7574422173094851,0.6973630592192046,0.6466546826871866,0.7007849237680626,0.7717212562101691,0.8515917238126083,0.5904599002718757,0.6398482060000513,0.6345817538351726,0.8586221836924264,0.6690120082301306,0.8465476743285097,0.7309702159626279,0.806949742984457,0.836275095338279,0.7425699081733765,0.6119283684942749,0.7330759643485936,0.6980773754752357,0.7664423507177557,0.7712987495248098,0.9027166542945543,0.7522972164088383
0.6604018546395213,0.7473942048833979,0.6753451275067134,0.6757312590588376,0.6651696185020677,0.7758071270036169,0.645390895950764,0.739696735552497,0.8545307041602781,0.6888046855368518,0.6803404032438615,0.780559369351749,0.8704829236012381,0.7608421379409845,0.8362216797147237,0.8280590813419999,0.8508076457061586,0.8255301283868689,0.7800832776945039,0.7282624496889574,0.6917257221323103,0.9370834320478385,0.8615748760866286,0.9745190438015165,0.0,0.9282885906369704,0.9013794434290109,0.9444695039945492,0.6018813120772465,0.7057449262687426,0.6717104329290462,0.6311551811160424,0.5784698948536366,0.6259125083379811,0.7741910048621065,0.7159483973737054,0.5230914578744766,0.5808292615941058,0.5748540732469269,0.7758214853745032,0.6315224503743784,0.6885284364854003,0.7362864952631153,0.7375002138274643,0.771479760055371,0.6888943933339268,0.5668472855245159,0.676243290527784,0.6119138289331103,0.7359735736671649,0.763675329647241,0.8565898950678342,0.6980435903363932
0.5513474714240296,0.7668950566106127,0.5445227488234912,0.5361285213334829,0.5943418765127279,0.6249363768327184,0.6015337785636536,0.6161658993592083,0.7149844043258499,0.6321928342750283,0.7168137100031227,0.7659354275955065,0.8677630123809695,0.6885447566024823,0.7553434417300544,0.7954350571502473,0.7646768317237664,0.8442548452605613,0.7030595145630611,0.6683435067983335,0.6004946799356653,0.9128066039724063,0.9430350144433728,0.9268068767895637,0.9282885906369704,0.0,0.7710906437125506,0.8732464943204823,0.5352370533114191,0.6204303914080243,0.6635979941210854,0.5679129901130463,0.5121887742656568,0.6466939683489747,0.634170100775406,0.6510557000552399,0.46095018665846316,0.5074635684835598,0.49993657113190093,0.7168395877371818,0.5295668512319665,0.6526714991311762,0.5978115764940363,0.6244481689439487,0.6527837027268386,0.561928351309487,0.49034311433235456,0.5502204382406123,0.5466092745505937,0.6294178217144953,0.6792119449535388,0.7897398289723835,0.5677750660515828
0.8570999431780814,0.5967682860372595,0.8656934360730799,0.9043190223336294,0.855798632944114,0.9910719047099464,0.8610992707894244,0.9221724420523447,0.8887621364358174,0.8863650358512173,0.7130744948347666,0.9396214850155471,0.8915696848301594,0.6980480276655953,1.0,0.9859690240387227,0.9484953767311561,0.8232689338484155,0.9892637342565523,0.9904003493264698,0.9556882289124431,0.8903328379463346,0.935850631294008,0.9797484341147222,0.9013794434290109,0.7710906437125506,0.0,0.9749827393591212,0.906448610905309,0.9678387092559251,0.9427106555100013,0.8634882132330339,0.9036801767982728,0.8735366435240068,0.9754914415996394,0.9516988951207633,0.7839888190706542,0.8843268134427799,0.8211366869770073,0.9631010267575412,0.9523638780167394,0.9205686382854711,0.9981227703007005,0.9334872457494268,0.9491972264977934,0.9708799365853302,0.79830621789905,0.8631724390526944,0.8556398776877323,0.8649020002640055,0.9382833261056989,0.908594424781074,0.9568484739599654
0.713743513034603,0.6759084541689101,0.7375588529365281,0.7218023199469755,0.7231428963349757,0.8130841800264867,0.7643400353675466,0.7676489609088136,0.8730479377042957,0.7758009150699728,0.7213813274654003,0.8402904663922443,0.85628039253258,0.7262166379625431,0.8954930626066854,0.8781029836709191,0.8308013559503901,0.9032008841037406,0.9231015002136093,0.8483872396656038,0.8533449682863384,0.8857139233610626,0.8966285548929297,1.0,0.9444695039945492,0.8732464943204823,0.9749827393591212,0.0,0.7238207072873375,0.7592676540695014,0.8086001515311325,0.7414524019296742,0.6727011563626504,0.7085341788424331,0.8439767330140913,0.8118342336741087,0.6138495136446954,0.6680173348134733,0.6309277794538226,0.8517546692711536,0.7265892428214339,0.8712793067151346,0.8152530013246552,0.846270753489377,0.8691900780803815,0.7747280871631131,0.643595770199697,0.777353945950639,0.7128819455978331,0.7581102775167323,0.7970883019511255,0.9291691788391433,0.7734413448767805
0.8547843246850786,0.3834219129554071,0.7547781187869259,0.8597917105502922,0.8556971081557269,0.8046143442502548,0.7581270095004807,0.851447117450126,0.6635672085024081,0.8152420696040408,0.5895135212106051,0.7878343819589074,0.6971073302448958,0.5919652410405659,0.7441184382705613,0.6882450696933743,0.7483952764818708,0.62640872069309,0.9243331373370081,0.8973370637485497,0.8808295797900376,0.6647952451460954,0.6452594711021086,0.6667924947961281,0.6018813120772465,0.5352370533114191,0.906448610905309,0.7238207072873375,0.0,0.9528826288202467,0.9633550188831549,0.958777722457525,0.9467860391143442,0.9060343096331329,0.8469407499998248,0.8835632271715692,0.9673872687793418,0.9869450621523365,0.9748452298489577,0.818159586650549,0.9055045231232304,0.7885006953534961,0.848701306873143,0.8299303580286164,0.8142695610512866,0.8829801543759399,0.9307742058850004,0.8048342679820928,0.8540866001924585,0.8358178021682281,0.7876638645428111,0.7403121927304072,0.8235338704722516
0.8186990433293903,0.4790659688932444,0.7826635419258465,0.7938263883971733,0.8187017540633252,0.8185553706507269,0.814738298049396,0.8839481880524053,0.7072416250109101,0.781444993520843,0.5823585356828372,0.759278565845789,0.7544658408111735,0.638272096040372,0.7774977634853378,0.8094059671196683,0.8282024296743181,0.6844642345030976,0.9596622238043254,0.9269194918650334,0.9080712832126416,0.738246599307018,0.7363146211087509,0.7666849699772705,0.7057449262687426,0.6204303914080243,0.9678387092559251,0.7592676540695014,0.9528826288202467,0.0,0.9236286135968318,0.9428403544544672,0.9347533660765669,0.850484006135149,0.8892021648516769,0.8933709339320423,0.9337232035793616,0.8955683639250888,0.8822960204497928,0.8939893570704585,0.8369754056996035,0.8656861668220462,0.9166586651161274,0.8473568579291657,0.8507681249563285,0.8585351493868422,0.8013769527817314,0.8250436111094213,0.9170694605326315,0.8216533529195342,0.8014912868412819,0.7795220460368364,0.9159893449968431
0.794884377196644,0.48538089192898515,0.7077208525326031,0.7402293180566893,0.7772526923637163,0.7941659864680783,0.77888144413663,0.7690704920262114,0.6853444787014563,0.7420039884465366,0.5664555612473261,0.7685707978304374,0.7298970195881942,0.5827061469596005,0.754588124882168,0.7628521782212001,0.7489158088310699,0.6610092053782921,1.0,0.9292977606124332,0.8524798538817127,0.7386245794001903,0.7484338963841345,0.7574422173094851,0.6717104329290462,0.6635979941210854,0.9427106555100013,0.8086001515311325,0.9633550188831549,0.9236286135968318,0.0,0.9339043052829501,0.9681255582115694,0.8806837497631479,0.9256285965426938,0.8779689525126021,0.9088523819197154,0.9509160995489893,0.88992477113498,0.863111923983126,0.7825710712279915,0.8777954466892021,0.8390756267129476,0.8823754094632394,0.8478603450105561,0.8497184891593147,0.725669730772553,0.8187853807491139,0.8578239417587625,0.7225119896842216,0.7799455820383017,0.7274482542932206,0.8394484039014615
0.7924860578391592,0.4049167206788738,0.7681014838479344,0.7699464976128031,0.8526360623036918,0.7847471637273767,0.7733775516005477,0.8053908750222901,0.6781888569950157,0.7662096548658446,0.5262800412260628,0.703064282685539,0.6406356659273635,0.5513825017731117,0.7037051589899845,0.6932557581775303,0.7223127949372952,0.6282640585937264,0.9382480902496355,0.9056821518041791,0.9418221361026082,0.6587691099991883,0.6783322242588076,0.6973630592192046,0.6311551811160424,0.5679129901130463,0.8634882132330339,0.7414524019296742,0.958777722457525,0.9428403544544672,0.9339043052829501,0.0,0.9796239255719503,0.7577372925419202,0.9067100845279304,0.8227927894549345,0.9234901224131176,0.931284483785419,0.9531461712264038,0.828881489646273,0.8226653824497557,0.7718397033190331,0.9187200321281984,0.8502345908092404,0.8175445489237658,0.8884800340348081,0.8279960598495499,0.8275588836473433,0.8110794601137221,0.7733035879652947,0.7550065585301323,0.6919733825720085,0.8865092316155265
0.9102218476601069,0.3793047927287321,0.7981052778981642,0.7874496924643744,0.9008529102875146,0.8019137449200205,0.7534605552326492,0.8429849723735996,0.6527222924844117,0.7583368664875473,0.5195429852082536,0.7569872339874849,0.6585548039813078,0.5582575690983788,0.6799695694873749,0.6902684892488702,0.7696358184622435,0.6000333688774592,0.9309900576958147,0.9143309592581366,0.9797826211807719,0.6326705580690086,0.6197273953744256,0.6466546826871866,0.5784698948536366,0.5121887742656568,0.9036801767982728,0.6727011563626504,0.9467860391143442,0.9347533660765669,0.9681255582115694,0.9796239255719503,0.0,0.8022355961206739,0.889472231531112,0.9281894858125799,1.0,0.9972992310911573,1.0,0.813122307300447,0.9138599871059289,0.8288877539260088,0.9591189410344682,0.8947754417178848,0.8311047459478547,0.8936036099027738,0.8811366159409183,0.8487136737746563,0.9254237666014877,0.7430489071477346,0.7533200067860321,0.6828952523044117,0.9422862111172289
0.7173973483646618,0.48647078628120405,0.7664572528429358,0.8087161845821372,0.8000190105373253,0.7713749808744087,0.7146190219440856,0.8817480557225618,0.7376964926086487,0.8789021449379836,0.739939047102375,0.768580644320176,0.7215195071509424,0.7251198013662921,0.8140439566303346,0.7745572141326272,0.7679908762987578,0.6666569315996868,0.8392351149883184,0.8205191082070438,0.807232220181439,0.7069123580810444,0.6936737714835687,0.7007849237680626,0.6259125083379811,0.6466939683489747,0.8735366435240068,0.7085341788424331,0.9060343096331329,0.850484006135149,0.8806837497631479,0.7577372925419202,0.8022355961206739,0.0,0.8156195516700444,0.7863546240212729,0.7254205174567735,0.8097877879377856,0.82218414684104,0.7441808729811716,0.7992861802478505,0.7644330944013341,0.7677657958190185,0.8027570736802038,0.7819014668062114,0.7731380509872658,0.8602014408612169,0.7189154285078332,0.8294993207627264,0.8130149169333257,0.8311483608433183,0.8165081305113107,0.80557094520154
0.7784008880425182,0.5052840841995471,0.8568543221779915,0.8424455150207029,0.8502045628682624,0.9027397976219745,0.8099260603661022,0.8465193595361785,0.7896409956564194,0.8519969985422724,0.6543930917707547,0.8488374589547488,0.8007643165748327,0.6621008515413586,0.8844943867188868,0.8695866374592496,0.9012575028679161,0.7627767679711943,0.9639615633579879,0.9584160006081482,0.9363183128506907,0.7461653946285796,0.7638070207676129,0.7717212562101691,0.7741910048621065,0.634170100775406,0.9754914415996394,0.8439767330140913,0.8469407499998248,0.8892021648516769,0.9256285965426938,0.9067100845279304,0.889472231531112,0.8156195516700444,0.0,0.890540303376464,0.8433061844486948,0.8691801783517739,0.9590272737901322,0.9135651810232677,0.8983779973534516,0.9551542718348746,0.941847227780493,0.92610689685656,0.9095449206230737,0.9243504741358638,0.8378497989486271,0.8591777989753614,0.8850732823482172,0.863299452610548,0.8566308287168849,0.8198618035164654,0.9344652109372281
0.758283210755467,0.49700022341891603,0.7361976575291052,0.7404071703235706,0.8136982179186983,0.8633438652711912,0.8490348504374683,0.8244811066251189,0.7458154296286323,0.8373754563133724,0.6324783570541638,0.8661216704299406,0.8015548568719184,0.6256587125986488,0.800539144206978,0.8505527838756253,0.8054345356571769,0.7026961255121909,0.972577771868998,0.9255713985410485,0.9361186287376988,0.7815574055990462,0.7932431865447158,0.8515917238126083,0.7159483973737054,0.6510557000552399,0.9516988951207633,0.8118342336741087,0.8835632271715692,0.8933709339320423,0.8779689525126021,0.8227927894549345,0.9281894858125799,0.7863546240212729,0.890540303376464,0.0,0.7481822203539814,0.8689408727847702,0.8251872460101567,0.8978503183255288,0.8021744962158975,0.9518078063979573,0.9168589324084419,0.8634694049057842,0.9393399472263434,0.8941569074683033,0.7413877719490692,0.8383370376201509,0.8413762681958544,0.7741275758964479,0.8041399634663916,0.8016609678111049,0.8667190383408301
0.8267535910451641,0.34101979216996303,0.7018211981300506,0.6934545718037354,0.7782168510537469,0.7060989250760187,0.66525892448758,0.7452096015419442,0.5752226495465655,0.6992434011787108,0.45045401284750697,0.6425574122117488,0.5674181885576649,0.4891127917604462,0.6264690114863102,0.5967923932044779,0.6697894142456727,0.5028691866463281,0.8594671187451246,0.8173062498173141,0.8634615275626801,0.5772720741045143,0.5494590578206353,0.5904599002718757,0.5230914578744766,0.46095018665846316,0.7839888190706542,0.6138495136446954,0.9673872687793418,0.9337232035793616,0.9088523819197154,0.9234901224131176,1.0,0.7254205174567735,0.8433061844486948,0.7481822203539814,0.0,0.997820675094139,1.0,0.7434995698136929,0.8353861673171042,0.7398038458531386,0.8359545316054895,0.7551338345425334,0.7444770950491193,0.836715103560796,0.7609378802496577,0.7601495827142195,0.8175865559169601,0.6816069627583609,0.6713436856758245,0.6183542822560638,0.7783870571210192
0.8285138561784567,0.3695221368320317,0.7323081609163122,0.8021736490242781,0.7888392262104278,0.7433360591581133,0.7397817514239274,0.7901997744498077,0.6127686237018526,0.7810003072926545,0.5191515767550716,0.6939803183401708,0.6224315189800614,0.5395776444917222,0.6655890890648521,0.6763854058622977,0.7038130613628283,0.5810725164049808,0.9009772616417783,0.926946861140686,0.8967694729885115,0.6346998950088474,0.5915826157759486,0.6398482060000513,0.5808292615941058,0.5074635684835598,0.8843268134427799,0.6680173348134733,0.9869450621523365,0.8955683639250888,0.9509160995489893,0.931284483785419,0.9972992310911573,0.8097877879377856,0.8691801783517739,0.8689408727847702,0.997820675094139,0.0,0.974531905132865,0.7740297290916649,0.902406166336246,0.8062712659501307,0.8830458839038543,0.8615277553375816,0.7725432816689484,0.8871227223257631,0.8156475704532853,0.8172921696470952,0.8722703725000474,0.7384048910642652,0.7352596024211391,0.6740047034252263,0.8468319895636518
0.8987159679103501,0.3650603321824876,0.789421346277887,0.7744598501318981,0.8203547165243343,0.8068427206411147,0.7362732139262763,0.8314444642214204,0.6447403414587957,0.753304519413833,0.5667715806145818,0.6916871065394784,0.6353951798883182,0.5685178257374395,0.6742271775684829,0.6423218823493493,0.7005888514635866,0.5702464539965174,0.8645760365447135,0.9030234887226375,0.9176782555853056,0.6071479422528352,0.6023191586826919,0.6345817538351726,0.5748540732469269,0.49993657113190093,0.8211366869770073,0.6309277794538226,0.9748452298489577,0.8822960204497928,0.88992477113498,0.9531461712264038,1.0,0.82218414684104,0.9590272737901322,0.8251872460101567,1.0,0.974531905132865,0.0,0.7654626003995526,0.9005554185787475,0.7539238476020697,0.9280292589963046,0.8750120543905084,0.7844725247698738,0.8859490978831274,0.8829030018238772,0.8044364785533374,0.8572049762499769,0.7737274920078361,0.7728756680734977,0.6620905752272277,0.8738918526740014
