Cingulate area 2,Frontal association cortex,Cornu ammonis 3,Dentate gyrus,Cornu ammonis 2,Cornu ammonis 1,Fasciola cinereum,Subiculum,Postrhinal cortex,Presubiculum,Parasubiculum,Perirhinal area 35,Perirhinal area 36,Medial entorhinal cortex,Lateral entorhinal cortex,Primary auditory area,"Secondary auditory area, dorsal part","Secondary auditory area, ventral part","Piriform cortex, layer 1","Piriform cortex, layer 2","Piriform cortex, layer 3",Ventrolateral orbital area,Lateral orbital area,Ventral orbital area,Medial orbital area,Dorsolateral orbital area,Prelimbic area,Secondary motor area,Frontal association area 3,Primary motor area,"Agranular insular cortex, ventral area",Agranular insular cortex dorsal area,Cingulate area 1,Infralimbic area,Dysgranular insular cortex,Granular insular cortex,"Primary somatosensory area, forelimb representation","Primary somatosensory area, dysgranular zone","Primary somatosensory area, face representation",Secondary somatosensory area,"Primary somatosensory area, hindlimb representation","Agranular insular cortex, posterior area","Primary somatosensory area, barrel field",Retrosplenial dysgranular area,"Primary somatosensory area, trunk representation",Retrosplenial granular area,"Parietal association cortex, lateral area","Parietal association cortex, medial area","Parietal association cortex, posterior area",Primary visual area,"Secondary visual area, lateral part",Temporal association cortex,"Secondary visual area, medial part"
0.0,0.5303020004092669,0.9651488785078046,0.955134308763676,0.9030180589437502,0.9658097597952697,0.6969457834119526,0.9156183054169896,0.732074906791043,0.8626513582906802,0.7309897557018046,0.8845100631332163,0.9409139806363475,0.7612367143375474,0.99669642680494,0.8948863483563914,0.9642888414633525,0.8951308775576174,0.8904199915703348,0.9902935565258253,0.9884441317029957,0.8463929034841748,0.9343252360162456,0.9090849480568032,0.5896713754053933,0.8731955416311867,0.8659227186604314,0.9440067383365607,0.9582489509774482,1.0,0.9505146453137325,0.9390563618560328,0.9890219351427275,0.8784785072541108,0.9067394246887708,0.919514694126058,0.8937442862199417,0.823079067242265,0.9083460963745099,0.968821468475296,0.7777452424067212,0.842061340806872,0.840236127895835,0.8225966424845935,0.9754271750280147,0.8247197742971404,0.7556572113615008,0.9316947143526538,0.8640783833050106,0.6757946911956054,0.8647420510304502,0.858898054577958,0.7697372843726717
0.5303020004092669,0.0,0.450723318298891,0.5621148429447688,0.4628813569652699,0.5103514619723789,0.5766891004582327,0.5705489438496516,0.5563113795527483,0.6117715094421156,0.6271773153986409,0.40887115177958866,0.42916839293730463,0.603483184822465,0.47491759825856794,0.5210487638899514,0.5149755845390601,0.5066796768507559,0.46053285160416874,0.4647913990830568,0.43735014089829066,0.6170860689112652,0.7381700473890638,0.6523204255714655,0.9475103083805156,0.6779841434690275,0.702012042764407,0.5335870210858418,0.4951824372322826,0.5225744599099488,0.6294098533534512,0.6221618298437802,0.5701220241175315,0.530173965983234,0.5322633903209448,0.4871952295472717,0.3710698828711566,0.3383417401748853,0.4554457814498593,0.45259498399104586,0.3175675489037001,0.451948403717708,0.3785195018212065,0.6300128366097008,0.45373372022181707,0.56749088767578,0.5767776393812317,0.46971176978432005,0.3885562236079343,0.6594447842840313,0.5676620416321037,0.5539610487669799,0.5858975895826094
0.9651488785078046,0.450723318298891,0.0,0.8765558775846478,0.9602521734276455,0.9522024250497975,0.6746905912505058,0.8566934878412379,0.6888586053110761,0.7992289325293462,0.6819071163842682,0.943341753299187,0.9855324375800426,0.7039567452700614,0.966265871904122,0.9054778508344606,0.9900465269011824,0.895953794220991,0.8945592892770667,0.9288711515812262,0.9107955387426842,0.8049480334203516,0.8139078692055683,0.8591593269706231,0.5241935615230926,0.7608443604678813,0.7900917573605449,0.9263932014917643,0.8383187544052275,0.8784127337302091,0.9135805414366736,0.8260974285225274,0.8765159074051454,0.8263159392160419,0.889148671835895,0.8441484296224402,0.8679397515210328,0.848500122089823,0.7859286227131704,0.8286761060248854,0.8044405986857184,0.8394515841103408,0.9019191156600549,0.7750751280979449,0.9936982941406001,0.7527669403131871,0.7475920887247046,0.8807873619044462,0.8582279956991601,0.6369993688432185,0.7976193847094919,0.8814449302879478,0.7171386744540598
0.955134308763676,0.5621148429447688,0.8765558775846478,0.0,0.9530502872237273,0.9719983060811976,0.8241667840457493,0.9606202818852255,0.7755263672680304,0.870780165443678,0.7623265968737073,0.7910096692205961,0.8943065482465765,0.8427503059231216,0.918397553520453,0.9384806528954341,0.9637844642523883,0.9160288169232861,0.8206236970331836,0.8473196422958148,0.8503588414326517,0.8392762427195742,0.8498729787954643,0.873805774107813,0.6403592482695667,0.8132703923581167,0.8321280435684643,0.8400490059090253,0.780160707315287,0.8786225372988891,0.8903405802001303,0.9045103771633012,0.8560339613546861,0.8090639393302937,0.8704172367600447,0.8880036309576114,0.7848777814578163,0.7916554652065171,0.7785399188307836,0.8658972736134615,0.7636406779687903,0.886588788178142,0.7996998639794286,0.9258150550860574,0.9765181239583612,0.9247000641869457,0.9292848166907466,0.9328675421771886,0.7917444778591517,0.7847280806908327,0.9400215333150598,0.9653314151220016,0.843238399322941
0.9030180589437502,0.4628813569652699,0.9602521734276455,0.9530502872237273,0.0,0.9898247326595377,0.7672215443619177,0.9416041793976305,0.7475615091999064,0.8521959780298283,0.6762378784423309,0.8946210861610415,0.9439142704260829,0.7785542584407202,0.9868985607476319,0.9584777216524114,0.9554392255546026,0.8570791950568337,0.8771566876264267,0.8926413642909459,0.8474706335946022,0.7819665924732643,0.7395132400827259,0.8506258283580306,0.5234829910065855,0.7757778476344053,0.7769879298492098,0.8490432645489998,0.7923187755830992,0.870346818021622,0.8637763730359497,0.8584153785511931,0.8731722837283008,0.8134181835813991,0.8430186577740711,0.8334805627395802,0.8040602928507132,0.8577728683004605,0.7622137423025936,0.8522145458466763,0.8074649290786453,0.8292662791215524,0.8764813974899551,0.8382897356985753,0.9755097926897596,0.7741021351132781,0.7797555268824373,0.855394898749975,0.8059762958439889,0.7060226439055122,0.8008858536423288,0.930061120514899,0.7893368407594942
0.9658097597952697,0.5103514619723789,0.9522024250497975,0.9719983060811976,0.9898247326595377,0.0,0.7997483137250141,0.9394820867009335,0.7782177279847399,0.859999900833137,0.7126715422356458,0.8466026351724005,0.967656055090656,0.8161994951790328,1.0,1.0,0.9874164957034338,0.939172085671202,0.9186327253438326,0.9313795256503254,0.9098586322266337,0.8960252762576799,0.8198452628814934,0.8505462130254144,0.5625456284621747,0.7570053148660202,0.8754229419475703,0.8730993641603355,0.807332075904986,0.9049148243571828,0.9143959533618686,0.9311060337135509,0.9185011841714322,0.8382412470027877,0.9592084612520686,0.8987860601011222,0.8924396477975618,0.8465427610832759,0.8558380185331271,0.9062982079421027,0.8194049120557163,0.9646566926958664,0.9190537928164657,0.9102480557992209,1.0,0.8187558506806251,0.7942439555440464,0.9694899875904452,0.771675573932386,0.6785325216357452,0.7955743212409239,0.9443489993218049,0.8298084673448832
0.6969457834119526,0.5766891004582327,0.6746905912505058,0.8241667840457493,0.7672215443619177,0.7997483137250141,0.0,0.8376383030201893,0.8691768556463507,0.8508383279745173,0.7794651301350036,0.5899707247613164,0.6381986500905857,0.8648934309446875,0.7258692749382815,0.8198292095881833,0.8396019823141765,0.7317322960033151,0.6322650659935486,0.6954376881281995,0.6925236846130309,0.7045712859224935,0.7140012583766481,0.7578332754174947,0.6911602168457074,0.7141645315246841,0.6636485853391098,0.6766608677439717,0.5982742576969268,0.7565389683476156,0.7869685256709131,0.8441764858276322,0.757587841121765,0.7198489286750039,0.7393162555831102,0.6983950619518522,0.5520722892872365,0.5386749101533119,0.6095425558721898,0.6114272961540669,0.5202002621012758,0.7986020351180497,0.5832670342022422,0.8592869881076882,0.7600587061544611,0.8548718250320737,0.8247491866155616,0.8374987143253481,0.5113438207852294,0.8446464856472539,0.819996907860892,0.9410680746600492,0.9107202997663476
0.9156183054169896,0.5705489438496516,0.8566934878412379,0.9606202818852255,0.9416041793976305,0.9394820867009335,0.8376383030201893,0.0,0.8664166860838174,0.9190170472608908,0.9405863710886192,0.8523970974799262,0.869857352701937,0.9569707611334884,0.9433203811606056,0.9147875684691016,0.9923332820941784,0.8523064060757939,0.8004598935185181,0.8838352127188996,0.8494387408261616,0.8733089923675673,0.9122666746650956,0.9005220427847098,0.6827455803238577,0.8682181196944042,0.7997773459295299,0.8614723466451392,0.7826526435597414,0.8645160131052169,0.9592238035575178,1.0,0.9034369803691877,0.7644601549861267,0.8938543217105224,0.8049322688200834,0.7672513636943692,0.6955868237228751,0.7539287375507023,0.8302181923913823,0.6595269655332715,0.8824633249621644,0.7625981974039487,0.914769055435093,0.930325096470179,0.916522002061104,0.9344175119792285,0.9170854675890818,0.7335769903049629,0.8570515949621271,0.9742887623024242,0.8786715353380702,0.9132222683466797
0.732074906791043,0.5563113795527483,0.6888586053110761,0.7755263672680304,0.7475615091999064,0.7782177279847399,0.8691768556463507,0.8664166860838174,0.0,0.8642686900350606,0.8832598578106462,0.6147020179506204,0.6980156814877422,0.9535535831534525,0.7769685868763596,0.811615249321391,0.8314718701201026,0.7348602496573824,0.6645304378531237,0.6946127651637187,0.6508654343279611,0.7486945090294973,0.8037140231504434,0.7630742799064786,0.6531897373321895,0.7456985557240045,0.6746442909054193,0.6851550471016008,0.6313468446500322,0.7234709947183856,0.8291780331666695,0.9141697221297543,0.7917383243090528,0.6290020672071124,0.745783391609374,0.738771292411063,0.5708083344969281,0.5175154107186455,0.6253958532252041,0.646607947286074,0.5070103195024868,0.7809482945244164,0.5701351428968096,0.9470382760510977,0.7164508296118735,0.8894763404533448,0.8779259546908936,0.8272948607943231,0.5829745309173113,0.9416308803466369,0.9413300114113126,0.9682227579625793,1.0
0.8626513582906802,0.6117715094421156,0.7992289325293462,0.870780165443678,0.8521959780298283,0.859999900833137,0.8508383279745173,0.9190170472608908,0.8642686900350606,0.0,0.8043513409977484,0.7598567649495147,0.8113351452375167,0.9366426152699582,0.8897589566060414,0.9335819825374226,0.9518822841145377,0.8829822070596874,0.7531523035875639,0.8136561268122675,0.8082734578869296,0.8784736542168943,0.8849283204658992,0.8835652998258943,0.7243383010051494,0.8120458550314255,0.8063352208122775,0.7806910121638888,0.7755357522431073,0.832165756189763,0.8842324459725733,0.9717967429212291,0.8780232935823707,0.7449975700022332,0.8488221430694194,0.8189845884242177,0.6795604814827397,0.6326276035325475,0.7559953189800792,0.7380432125785867,0.6143041487431921,0.8910027338059672,0.7309416667697367,0.9764628339491318,0.8491732683107253,0.8753233828054435,0.8735364298349882,0.928370478038778,0.7100691526428333,0.830706704969966,0.9393249896325228,1.0,0.9510440754380208
0.7309897557018046,0.6271773153986409,0.6819071163842682,0.7623265968737073,0.6762378784423309,0.7126715422356458,0.7794651301350036,0.9405863710886192,0.8832598578106462,0.8043513409977484,0.0,0.5890770261712164,0.6565649348940242,0.8315213679194634,0.7297832504329584,0.7320029684601667,0.7595546121216568,0.6644590621712281,0.6110073283246532,0.6406384039556443,0.6289769419477755,0.705807272011824,0.8327521539158852,0.7695411516793427,0.7203983640435625,0.7399577370904015,0.7014364790798372,0.6192626124192794,0.6731373793029438,0.6699960016191844,0.7407473676904619,0.793810732000208,0.7743734129265983,0.6036431629696563,0.6907458062130954,0.6629723019020498,0.5134501425115097,0.49781182204269503,0.5781429579729139,0.6087380299745875,0.4771815500915757,0.6587255638298762,0.535350059513612,0.9017127526753621,0.7234496370240315,0.8645107397393934,0.8066876701891722,0.7811268581284179,0.6064648215543038,0.9406328329453774,0.989963540106334,0.8420981337242696,0.874919860312371
0.8845100631332163,0.40887115177958866,0.943341753299187,0.7910096692205961,0.8946210861610415,0.8466026351724005,0.5899707247613164,0.8523970974799262,0.6147020179506204,0.7598567649495147,0.5890770261712164,0.0,1.0,0.596097027229018,0.9495305233728858,0.8297585866521401,0.8802008143656227,0.8427582343276945,0.8762770140394707,0.9429614615335943,0.9647793208734518,0.8259189811020878,0.7597087422806841,0.8247709977047566,0.4603559879422198,0.7807692568588652,0.7424523770955493,0.9146728215191217,0.8904858278866048,0.8580956180821049,0.8430416507998221,0.8206363507487777,0.813045883526875,0.8123865615097055,0.8795952302415241,0.9045589362517539,0.9966145172687925,0.963297797911877,0.8472908125690175,0.9737226766956043,0.8097261079399997,0.814377953401744,0.9319704304763875,0.6653500753922563,0.9383732900017338,0.6609669394387682,0.6234506057540528,0.7739595291127103,0.9367242798582607,0.5582658471308676,0.6677810026911599,0.7257783241408116,0.6208243845683552
0.9409139806363475,0.42916839293730463,0.9855324375800426,0.8943065482465765,0.9439142704260829,0.967656055090656,0.6381986500905857,0.869857352701937,0.6980156814877422,0.8113351452375167,0.6565649348940242,1.0,0.0,0.6841111697798715,0.9708543346764303,0.902081668905327,0.9091283572222661,0.9030089351226693,0.8787786489458606,0.9208639428645049,0.9505858217534023,0.8388760008512306,0.7768091908838874,0.8357451652626918,0.4991243053124261,0.7428735037234584,0.77585855046107,0.8988083293486446,0.8968789605458296,0.9121119176692004,0.8621488962831869,0.8683941451521728,0.8829256668562361,0.8123168185715812,0.8448526573367224,0.869619307489236,0.9399552787323932,0.8938635477867096,0.8335260405578256,0.867201039643939,0.7848355775803596,0.8836182161539661,0.9544467848370188,0.7702446072007825,1.0,0.6907459069632114,0.7317172639537047,0.8604303325637561,0.9364783654812386,0.62089681143541,0.7800545057394584,0.8613221212911162,0.7100748966379195
0.7612367143375474,0.603483184822465,0.7039567452700614,0.8427503059231216,0.7785542584407202,0.8161994951790328,0.8648934309446875,0.9569707611334884,0.9535535831534525,0.9366426152699582,0.8315213679194634,0.596097027229018,0.6841111697798715,0.0,0.804226037018401,0.8619247204661827,0.8288443645020438,0.7468612272722659,0.6818411654889278,0.7208489558161266,0.674083127476684,0.7349399515256265,0.870919020610745,0.8222614232271207,0.7029979091487044,0.8322890092400855,0.7547478234197389,0.7103294255665733,0.6805882541045283,0.7438673439865765,0.8325338309155343,0.8635048805335163,0.8573074119823332,0.6888204627590887,0.7837634773238101,0.7183740022638354,0.5897201313375232,0.5443309487579443,0.6303195672538103,0.6485285596648148,0.5203339854213895,0.7795010928960013,0.5891536004183001,0.9366111951431345,0.7383727659744216,0.947308958497311,0.8133761562281299,0.8624962192111889,0.5886924276809563,0.9584669957746458,0.950639887328671,0.9419950580261021,0.926815821813349
0.99669642680494,0.47491759825856794,0.966265871904122,0.918397553520453,0.9868985607476319,1.0,0.7258692749382815,0.9433203811606056,0.7769685868763596,0.8897589566060414,0.7297832504329584,0.9495305233728858,0.9708543346764303,0.804226037018401,0.0,0.9553288753343944,1.0,0.9725719097967037,0.9548525045001707,0.9856831758783827,0.9960125143873491,0.8472993558614721,0.8324419784473013,0.8680147291242045,0.5422642270379218,0.8231578699077386,0.8660172794542165,0.9550763760006276,0.8635964052191091,0.9517561761179908,0.9741184346439993,0.9924655875802687,0.9181782824145012,0.8649139593480057,0.9887592635969539,0.9064180125721992,0.9723926800360922,0.9173107221777695,0.9635550752365687,0.9278768490226845,0.8119696344979574,0.9201021434994249,0.9731314111116505,0.9195649040732099,1.0,0.7953822567375209,0.828193878342875,0.9366336492749664,0.9059444269397221,0.6764795670426275,0.8500100710022411,0.9109769351192366,0.8444259785456779
0.8948863483563914,0.5210487638899514,0.9054778508344606,0.9384806528954341,0.9584777216524114,1.0,0.8198292095881833,0.9147875684691016,0.811615249321391,0.9335819825374226,0.7320029684601667,0.8297585866521401,0.902081668905327,0.8619247204661827,0.9553288753343944,0.0,0.9782147836002624,0.9072061835633738,0.8488215985329591,0.867314000088428,0.9043268511611947,0.8337892970175976,0.8176417566950065,0.8736954187515744,0.6317582745500895,0.8130868902330818,0.8472829179756748,0.8867704920088151,0.8331942920945665,0.9049139906265213,0.9518643015754995,0.9434255195313178,0.9051509512924372,0.8016761341425183,0.8796500312933544,0.9318444376342033,0.7802986317868791,0.8210145655614282,0.8437392710272138,0.8332408663133358,0.7750429201447318,0.8639839380921935,0.8343935736036574,0.8808763654770551,0.9666788154674553,0.8558300336661866,0.8239545278690097,0.9118479197894889,0.749498568202422,0.7561111231461183,0.9399212908555997,0.9259220407872994,0.8426736217719235
0.9642888414633525,0.5149755845390601,0.9900465269011824,0.9637844642523883,0.9554392255546026,0.9874164957034338,0.8396019823141765,0.9923332820941784,0.8314718701201026,0.9518822841145377,0.7595546121216568,0.8802008143656227,0.9091283572222661,0.8288443645020438,1.0,0.9782147836002624,0.0,0.894786575551685,0.8484092489206692,0.9238672872384655,0.9277031046977787,0.7677620649498604,0.8427534719922983,0.8627112226503262,0.6068562948167772,0.8237693444162911,0.815469224063633,0.8828863930176482,0.8654097008238533,0.8858538853705126,0.9691317710584725,0.9268555837856295,0.9510459506530428,0.866350853444736,0.9550723452017914,0.8412284552335665,0.8430686682281581,0.8193817191020027,0.807996235971812,0.8737890100340089,0.7579906059138445,0.9041040184396697,0.844299191650196,0.9252685968183445,1.0,0.925487684234899,0.8564561109898912,0.9881236871579899,0.7764317064477899,0.7402630151236694,0.9038661330503394,0.923027215289171,0.8912479244394919
0.8951308775576174,0.5066796768507559,0.895953794220991,0.9160288169232861,0.8570791950568337,0.939172085671202,0.7317322960033151,0.8523064060757939,0.7348602496573824,0.8829822070596874,0.6644590621712281,0.8427582343276945,0.9030089351226693,0.7468612272722659,0.9725719097967037,0.9072061835633738,0.894786575551685,0.0,0.8927143157671125,0.8745933006039642,0.8588790643064261,0.8652645884220793,0.8261928291794466,0.9125114492195495,0.5814218719610201,0.8126548984712851,0.8411443979930123,0.8876886706828989,0.8150024325192098,0.8517538093811922,0.8955742414335439,0.9695759328531821,0.8836790153847925,0.7718598436295698,0.9071635651091109,0.8753372119888104,0.7736702437301275,0.7936523739957884,0.8482749113347293,0.8933804393764596,0.7273283308485077,0.932369385913553,0.8331993544622245,0.8106336767917923,0.9317431618027413,0.8385765536267151,0.743104330980735,0.8566651079408169,0.7495385246275618,0.6666950294381141,0.7749435754708581,0.8789448788833163,0.7590602058056395
0.8904199915703348,0.46053285160416874,0.8945592892770667,0.8206236970331836,0.8771566876264267,0.9186327253438326,0.6322650659935486,0.8004598935185181,0.6645304378531237,0.7531523035875639,0.6110073283246532,0.8762770140394707,0.8787786489458606,0.6818411654889278,0.9548525045001707,0.8488215985329591,0.8484092489206692,0.8927143157671125,0.0,0.966024738620406,0.9480893514286477,0.8727273581100768,0.7993148623314345,0.7814616337180618,0.5177311398158819,0.7434122697363981,0.806908523169534,0.9164401026149454,0.8833638557032925,0.9197024147036067,0.9020610254759688,0.8563406086623891,0.8466018728687729,0.7744432618128042,0.9288205294129794,0.9721383042615593,0.9420554873849317,0.9058068505687144,0.9349887094796613,0.9435348235289501,0.7705843096263499,0.8728224499075293,0.9265012590649979,0.75347617631492,0.9024686035821926,0.6842998606728008,0.6907535643305032,0.8878240727527679,0.8329489084373582,0.6021064557448553,0.7059892795573905,0.7708349355442208,0.6881742545057966
0.9902935565258253,0.4647913990830568,0.9288711515812262,0.8473196422958148,0.8926413642909459,0.9313795256503254,0.6954376881281995,0.8838352127188996,0.6946127651637187,0.8136561268122675,0.6406384039556443,0.9429614615335943,0.9208639428645049,0.7208489558161266,0.9856831758783827,0.867314000088428,0.9238672872384655,0.8745933006039642,0.966024738620406,0.0,0.9595842399517073,0.8653223047395677,0.8045534697716633,0.8510655004300702,0.5358051290881509,0.7915401067072344,0.8306665477856846,0.8942484125028036,0.9463083250440306,0.9345701441936869,0.8733987510689453,0.8720797246775654,0.9171183655956391,0.8512876793507359,0.9884779094011378,0.8749635389278504,0.9380958117218251,0.8915937990193087,0.8766658467908707,0.9991928329161467,0.7741487415643137,0.8849045377861894,0.9023905896340015,0.789686643842203,0.9778869229810959,0.7177348422095204,0.7145570536969924,0.8205223176434164,0.9062431966942603,0.6457653677530341,0.7501609554157163,0.8298469853054642,0.7497706816110099
0.9884441317029957,0.43735014089829066,0.9107955387426842,0.8503588414326517,0.8474706335946022,0.9098586322266337,0.6925236846130309,0.8494387408261616,0.6508654343279611,0.8082734578869296,0.6289769419477755,0.9647793208734518,0.9505858217534023,0.674083127476684,0.9960125143873491,0.9043268511611947,0.9277031046977787,0.8588790643064261,0.9480893514286477,0.9595842399517073,0.0,0.8401864086076462,0.75439756117807,0.8525536254180123,0.5273200752114029,0.7752115862282379,0.7978747684049895,0.9772965676438959,0.862807374377881,0.967256215908471,0.8950410861680697,0.8491931591132723,0.8534827566264939,0.7781579743405437,0.9451915844157777,0.9217249799969615,0.9388514959823695,0.9376741195473705,0.9576061701862872,1.0,0.8151728150262766,0.8590892807122714,0.9837563954941183,0.7700722011915233,0.9749792774063148,0.7599486330374289,0.7037423705557182,0.872778261750358,0.9134658971682325,0.6102081798821574,0.7614649484652832,0.8452221002975172,0.6961370472559625
0.8463929034841748,0.6170860689112652,0.8049480334203516,0.8392762427195742,0.7819665924732643,0.8960252762576799,0.7045712859224935,0.8733089923675673,0.7486945090294973,0.8784736542168943,0.705807272011824,0.8259189811020878,0.8388760008512306,0.7349399515256265,0.8472993558614721,0.8337892970175976,0.7677620649498604,0.8652645884220793,0.8727273581100768,0.8653223047395677,0.8401864086076462,0.0,0.9316391488908045,0.944129949881781,0.6867547691951289,0.8304612466092116,0.9284777671955556,0.9335680466527524,0.8901184848472373,0.948042251508413,0.9230762042004138,0.9486480539504717,0.8977578191123745,0.7788503792323986,0.9585632566126826,0.8879775906801876,0.7421335355081456,0.6810886697193771,0.8499986268483903,0.8739686725797313,0.6172802725069325,0.7704748541412796,0.7706018343149061,0.8063276339143464,0.8078555181610282,0.7704834993651543,0.723732687494554,0.8172824102834191,0.8018200984191517,0.7326246488294156,0.8107817811237108,0.7747093244222493,0.7621916261522916
0.9343252360162456,0.7381700473890638,0.8139078692055683,0.8498729787954643,0.7395132400827259,0.8198452628814934,0.7140012583766481,0.9122666746650956,0.8037140231504434,0.8849283204658992,0.8327521539158852,0.7597087422806841,0.7768091908838874,0.870919020610745,0.8324419784473013,0.8176417566950065,0.8427534719922983,0.8261928291794466,0.7993148623314345,0.8045534697716633,0.75439756117807,0.9316391488908045,0.0,0.9333180993087005,0.8232741087604465,0.9617007139775665,0.9755149781662346,0.8517091920320771,0.8618443217444375,0.8923784140276598,0.9323275018839494,0.9914577571311495,0.9116337006096673,0.7990701929042419,0.9113118638941937,0.8252088663407413,0.6528284639192766,0.6248888105363236,0.78609670019703,0.8248124587046013,0.5354674407389338,0.7418180304689322,0.6615299302746747,0.8694201496054291,0.7947493963664617,0.8325847029658804,0.7963064587756705,0.8012132325673559,0.7280918140237231,0.8680961469740828,0.917449134896233,0.8426632683040408,0.8291736801203408
0.9090849480568032,0.6523204255714655,0.8591593269706231,0.873805774107813,0.8506258283580306,0.8505462130254144,0.7578332754174947,0.9005220427847098,0.7630742799064786,0.8835652998258943,0.7695411516793427,0.8247709977047566,0.8357451652626918,0.8222614232271207,0.8680147291242045,0.8736954187515744,0.8627112226503262,0.9125114492195495,0.7814616337180618,0.8510655004300702,0.8525536254180123,0.944129949881781,0.9333180993087005,0.0,0.7170360470876608,0.9066326784075659,0.9432078415189048,0.9060398346240593,0.8961205529327166,0.8870807356411047,0.9224472081067829,0.8968487646261458,0.9469402831285848,0.8428616158789912,0.866964917818949,0.8648975192850458,0.7321766804086541,0.6852611670851083,0.7875244623547552,0.8669137211512645,0.6251848085375716,0.7465276818095101,0.7365018212832147,0.8412083132003559,0.8575544818424472,0.7919726543111676,0.7700740465985886,0.820619019714452,0.8334897071643679,0.7455175214496597,0.8696747646311627,0.8505875439900066,0.7961618583699086
0.5896713754053933,0.9475103083805156,0.5241935615230926,0.6403592482695667,0.5234829910065855,0.5625456284621747,0.6911602168457074,0.6827455803238577,0.6531897373321895,0.7243383010051494,0.7203983640435625,0.4603559879422198,0.4991243053124261,0.7029979091487044,0.5422642270379218,0.6317582745500895,0.6068562948167772,0.5814218719610201,0.5177311398158819,0.5358051290881509,0.5273200752114029,0.6867547691951289,0.8232741087604465,0.7170360470876608,0.0,0.7704486761033615,0.7352821470442504,0.6005921556466853,0.5853046000699484,0.6079322609993125,0.6983822556183665,0.7311104398696171,0.6165630948016192,0.5823643544679765,0.5842562481120006,0.559049773121547,0.41005574012475143,0.37971657424111915,0.5238264663414114,0.505747257631389,0.35427148008160236,0.5556064213092938,0.41747597733062,0.7320268538327364,0.5208891606683281,0.7040053054172598,0.6617495902702215,0.5478808133317109,0.43274348572457716,0.7663729778177603,0.695719713567599,0.6464909429624526,0.7001451241675299
0.8731955416311867,0.6779841434690275,0.7608443604678813,0.8132703923581167,0.7757778476344053,0.7570053148660202,0.7141645315246841,0.8682181196944042,0.7456985557240045,0.8120458550314255,0.7399577370904015,0.7807692568588652,0.7428735037234584,0.8322890092400855,0.8231578699077386,0.8130868902330818,0.8237693444162911,0.8126548984712851,0.7434122697363981,0.7915401067072344,0.7752115862282379,0.8304612466092116,0.9617007139775665,0.9066326784075659,0.7704486761033615,0.0,0.9228037534135168,0.8254888161411235,0.8456638947913809,0.8127195059680146,0.8873613435063908,0.892415611279647,0.8414734011411115,0.8069689048326405,0.7958569240212666,0.7556762976229855,0.6406030762025976,0.5927256002529685,0.6989505220382375,0.7619419137342307,0.5214940346769835,0.7255348786960341,0.6556706301051033,0.7878765287528265,0.7870276178795642,0.769252784221077,0.7458967824757192,0.7475339812156786,0.7400630551822405,0.78680393162066,0.8334953610932918,0.8281967327759027,0.7602737258596676
0.8659227186604314,0.702012042764407,0.7900917573605449,0.8321280435684643,0.7769879298492098,0.8754229419475703,0.6636485853391098,0.7997773459295299,0.6746442909054193,0.8063352208122775,0.7014364790798372,0.7424523770955493,0.77585855046107,0.7547478234197389,0.8660172794542165,0.8472829179756748,0.815469224063633,0.8411443979930123,0.806908523169534,0.8306665477856846,0.7978747684049895,0.9284777671955556,0.9755149781662346,0.9432078415189048,0.7352821470442504,0.9228037534135168,0.0,0.9246697038042307,0.8498379300769487,0.8881859182462872,0.9539454317879212,0.8878548815427257,0.8464090559832714,0.8428525193105378,0.8100428246095192,0.7958463294231777,0.6738289940603834,0.6370107956989437,0.8196567495859063,0.7964426866703003,0.5789202443278961,0.7149884438237308,0.6878766651349295,0.7776127319046832,0.8064926956296952,0.7293076640871664,0.7328914133674838,0.7244356899810447,0.7259299718400583,0.6922039937281099,0.7396670663852261,0.7845782770144862,0.6679649839933396
0.9440067383365607,0.5335870210858418,0.9263932014917643,0.8400490059090253,0.8490432645489998,0.8730993641603355,0.6766608677439717,0.8614723466451392,0.6851550471016008,0.7806910121638888,0.6192626124192794,0.9146728215191217,0.8988083293486446,0.7103294255665733,0.9550763760006276,0.8867704920088151,0.8828863930176482,0.8876886706828989,0.9164401026149454,0.8942484125028036,0.9772965676438959,0.9335680466527524,0.8517091920320771,0.9060398346240593,0.6005921556466853,0.8254888161411235,0.9246697038042307,0.0,0.8824599007777593,0.992469913862269,0.9294088932231717,0.8821436069118223,0.9390973703811406,0.8674205256901251,0.9508653012916823,0.9003010278332163,0.8574203354554285,0.7873157503398385,0.8676015594813011,0.9450010488329403,0.7392286507520951,0.797412067870171,0.8365360964192717,0.814561267929334,0.921102875100721,0.7069218844360756,0.7457307471438326,0.8176406268849069,0.8389749151043479,0.6348233757267855,0.7879134641262973,0.8130668878596518,0.6880462087349871
0.9582489509774482,0.4951824372322826,0.8383187544052275,0.780160707315287,0.7923187755830992,0.807332075904986,0.5982742576969268,0.7826526435597414,0.6313468446500322,0.7755357522431073,0.6731373793029438,0.8904858278866048,0.8968789605458296,0.6805882541045283,0.8635964052191091,0.8331942920945665,0.8654097008238533,0.8150024325192098,0.8833638557032925,0.9463083250440306,0.862807374377881,0.8901184848472373,0.8618443217444375,0.8961205529327166,0.5853046000699484,0.8456638947913809,0.8498379300769487,0.8824599007777593,0.0,0.890623373128343,0.8378573810465156,0.8987852363757921,0.8486776363459131,0.8003566626904459,0.850644359360205,0.8412440398687363,0.8614442054677919,0.8042137715121196,0.8447328645088735,0.9929039361625889,0.6841975527043311,0.7103496247499252,0.8017557983928392,0.7498623378492697,0.8780147406714595,0.7174275309611429,0.6877658058659554,0.7502355567780951,0.9381711655485063,0.6455660631141541,0.748186013799662,0.7611903656356405,0.6708733320867483
1.0,0.5225744599099488,0.8784127337302091,0.8786225372988891,0.870346818021622,0.9049148243571828,0.7565389683476156,0.8645160131052169,0.7234709947183856,0.832165756189763,0.6699960016191844,0.8580956180821049,0.9121119176692004,0.7438673439865765,0.9517561761179908,0.9049139906265213,0.8858538853705126,0.8517538093811922,0.9197024147036067,0.9345701441936869,0.967256215908471,0.948042251508413,0.8923784140276598,0.8870807356411047,0.6079322609993125,0.8127195059680146,0.8881859182462872,0.992469913862269,0.890623373128343,0.0,0.9485970620251226,0.9315272753068917,0.9581459733564308,0.8618388758172878,0.9709922685132774,0.8967283013827526,0.9011585495295789,0.8444736283128194,0.8814880126605964,0.9692284570095143,0.7733723150351122,0.8442415826778088,0.8436511740511767,0.8471623434324512,0.9731210399909966,0.7616332207428845,0.7550564850949147,0.9325231587476249,0.8249929243509382,0.6513115122013122,0.8103620087121345,0.8591437152176975,0.7637826701424341
0.9505146453137325,0.6294098533534512,0.9135805414366736,0.8903405802001303,0.8637763730359497,0.9143959533618686,0.7869685256709131,0.9592238035575178,0.8291780331666695,0.8842324459725733,0.7407473676904619,0.8430416507998221,0.8621488962831869,0.8325338309155343,0.9741184346439993,0.9518643015754995,0.9691317710584725,0.8955742414335439,0.9020610254759688,0.8733987510689453,0.8950410861680697,0.9230762042004138,0.9323275018839494,0.9224472081067829,0.6983822556183665,0.8873613435063908,0.9539454317879212,0.9294088932231717,0.8378573810465156,0.9485970620251226,0.0,0.9946105883407113,0.9595749056492893,0.8751748352619243,0.9335075019006074,0.9164208021933818,0.793228274701631,0.7197870058915595,0.8342253739523378,0.9317182699987411,0.6542293747439266,0.8582099456950415,0.8261373263037478,0.9255494659096509,0.8959640383131074,0.8313399141751919,0.8018106659510771,0.9662679910766949,0.7893262668521887,0.7567034098133413,0.863716731387284,0.9322623747713776,0.8146104085806726
0.9390563618560328,0.6221618298437802,0.8260974285225274,0.9045103771633012,0.8584153785511931,0.9311060337135509,0.8441764858276322,1.0,0.9141697221297543,0.9717967429212291,0.793810732000208,0.8206363507487777,0.8683941451521728,0.8635048805335163,0.9924655875802687,0.9434255195313178,0.9268555837856295,0.9695759328531821,0.8563406086623891,0.8720797246775654,0.8491931591132723,0.9486480539504717,0.9914577571311495,0.8968487646261458,0.7311104398696171,0.892415611279647,0.8878548815427257,0.8821436069118223,0.8987852363757921,0.9315272753068917,0.9946105883407113,0.0,0.9150142905459996,0.8074125982595913,0.9498652072903991,0.9702129099396631,0.7608136797861906,0.7082086424890081,0.8831349210152216,0.8779827857645647,0.6391986686742741,0.9911142580380016,0.7674841011911445,0.9441419393256117,0.8723512873554415,0.8679397723889258,0.8571411463258024,0.9663124534046935,0.7722865326493122,0.8429235402877265,0.9343546585134319,0.9774443260337713,0.9105338140568264
0.9890219351427275,0.5701220241175315,0.8765159074051454,0.8560339613546861,0.8731722837283008,0.9185011841714322,0.757587841121765,0.9034369803691877,0.7917383243090528,0.8780232935823707,0.7743734129265983,0.813045883526875,0.8829256668562361,0.8573074119823332,0.9181782824145012,0.9051509512924372,0.9510459506530428,0.8836790153847925,0.8466018728687729,0.9171183655956391,0.8534827566264939,0.8977578191123745,0.9116337006096673,0.9469402831285848,0.6165630948016192,0.8414734011411115,0.8464090559832714,0.9390973703811406,0.8486776363459131,0.9581459733564308,0.9595749056492893,0.9150142905459996,0.0,0.8753822693777653,0.898737792194652,0.8423297536584969,0.8128656991377913,0.7533518360272883,0.8153028672990946,0.9106134170151479,0.7294507369148621,0.7959221127871559,0.800021779232616,0.9166181639317769,0.9510724996952203,0.8723310928613189,0.808628144709251,0.9294247004781531,0.84962178642352,0.774269212962941,0.8629694772123883,0.9053985386245308,0.8175967223088626
0.8784785072541108,0.530173965983234,0.8263159392160419,0.8090639393302937,0.8134181835813991,0.8382412470027877,0.7198489286750039,0.7644601549861267,0.6290020672071124,0.7449975700022332,0.6036431629696563,0.8123865615097055,0.8123168185715812,0.6888204627590887,0.8649139593480057,0.8016761341425183,0.866350853444736,0.7718598436295698,0.7744432618128042,0.8512876793507359,0.7781579743405437,0.7788503792323986,0.7990701929042419,0.8428616158789912,0.5823643544679765,0.8069689048326405,0.8428525193105378,0.8674205256901251,0.8003566626904459,0.8618388758172878,0.8751748352619243,0.8074125982595913,0.8753822693777653,0.0,0.8222863522553675,0.7666138847625744,0.7077027507342265,0.737405647329638,0.6581915762131991,0.7975884739179269,0.6220726400326062,0.7664465371975129,0.7602454113350547,0.6960601701910917,0.866012411683488,0.6883336558164993,0.6912981620591644,0.7269597368726846,0.7735123200329687,0.6273676769344508,0.6935149808344014,0.7551840136374992,0.6759502154222431
0.9067394246887708,0.5322633903209448,0.889148671835895,0.8704172367600447,0.8430186577740711,0.9592084612520686,0.7393162555831102,0.8938543217105224,0.745783391609374,0.8488221430694194,0.6907458062130954,0.8795952302415241,0.8448526573367224,0.7837634773238101,0.9887592635969539,0.8796500312933544,0.9550723452017914,0.9071635651091109,0.9288205294129794,0.9884779094011378,0.9451915844157777,0.9585632566126826,0.9113118638941937,0.866964917818949,0.5842562481120006,0.7958569240212666,0.8100428246095192,0.9508653012916823,0.850644359360205,0.9709922685132774,0.9335075019006074,0.9498652072903991,0.898737792194652,0.8222863522553675,0.0,0.9892691720216421,0.8786117678043454,0.8210620580962072,0.9074715531928077,0.9804725980488853,0.7067435284687773,0.9581156505698195,0.7853304432721806,0.8260052924071725,0.9193893376173744,0.7879193081089955,0.7480827993911352,0.9661083524756117,0.7622796030662008,0.7231392826461502,0.8319454396485061,0.85394313847932,0.8432199510203545
0.919514694126058,0.4871952295472717,0.8441484296224402,0.8880036309576114,0.8334805627395802,0.8987860601011222,0.6983950619518522,0.8049322688200834,0.738771292411063,0.8189845884242177,0.6629723019020498,0.9045589362517539,0.869619307489236,0.7183740022638354,0.9064180125721992,0.9318444376342033,0.8412284552335665,0.8753372119888104,0.9721383042615593,0.8749635389278504,0.9217249799969615,0.8879775906801876,0.8252088663407413,0.8648975192850458,0.559049773121547,0.7556762976229855,0.7958463294231777,0.9003010278332163,0.8412440398687363,0.8967283013827526,0.9164208021933818,0.9702129099396631,0.8423297536584969,0.7666138847625744,0.9892691720216421,0.0,0.8122686773784817,0.8293125128943871,0.9330288182725358,0.9351335047844718,0.7138644973262323,0.9408674993807596,0.8329624941243159,0.8303504086665878,0.8958537790084116,0.7722736562584741,0.7416412532419677,0.8962425552255118,0.7637761359090136,0.6878840345478211,0.8260634447246369,0.8452614514179417,0.7890701931808908
0.8937442862199417,0.3710698828711566,0.8679397515210328,0.7848777814578163,0.8040602928507132,0.8924396477975618,0.5520722892872365,0.7672513636943692,0.5708083344969281,0.6795604814827397,0.5134501425115097,0.9966145172687925,0.9399552787323932,0.5897201313375232,0.9723926800360922,0.7802986317868791,0.8430686682281581,0.7736702437301275,0.9420554873849317,0.9380958117218251,0.9388514959823695,0.7421335355081456,0.6528284639192766,0.7321766804086541,0.41005574012475143,0.6406030762025976,0.6738289940603834,0.8574203354554285,0.8614442054677919,0.9011585495295789,0.793228274701631,0.7608136797861906,0.8128656991377913,0.7077027507342265,0.8786117678043454,0.8122686773784817,0.0,0.9672577332329607,0.8321443478263105,0.961820637899488,0.9270056746429655,0.7491117531717054,0.9442865326582591,0.6747656930308203,0.9839078808300326,0.6166302133694475,0.6354142778270094,0.8036101338430023,0.8569313769304433,0.5153106182800281,0.6615508468772481,0.7295151550960045,0.5983319773359416
0.823079067242265,0.3383417401748853,0.848500122089823,0.7916554652065171,0.8577728683004605,0.8465427610832759,0.5386749101533119,0.6955868237228751,0.5175154107186455,0.6326276035325475,0.49781182204269503,0.963297797911877,0.8938635477867096,0.5443309487579443,0.9173107221777695,0.8210145655614282,0.8193817191020027,0.7936523739957884,0.9058068505687144,0.8915937990193087,0.9376741195473705,0.6810886697193771,0.6248888105363236,0.6852611670851083,0.37971657424111915,0.5927256002529685,0.6370107956989437,0.7873157503398385,0.8042137715121196,0.8444736283128194,0.7197870058915595,0.7082086424890081,0.7533518360272883,0.737405647329638,0.8210620580962072,0.8293125128943871,0.9672577332329607,0.0,0.8053003741048792,0.9013417301322242,0.8890777895415867,0.773436512292283,0.959990014435763,0.6004661908524613,0.9866603789432243,0.5895989656361684,0.6048893208088887,0.7260304516013634,0.8501400818078961,0.46550075174642636,0.6004990346468222,0.6615771549869586,0.5471989571191428
0.9083460963745099,0.4554457814498593,0.7859286227131704,0.7785399188307836,0.7622137423025936,0.8558380185331271,0.6095425558721898,0.7539287375507023,0.6253958532252041,0.7559953189800792,0.5781429579729139,0.8472908125690175,0.8335260405578256,0.6303195672538103,0.9635550752365687,0.8437392710272138,0.807996235971812,0.8482749113347293,0.9349887094796613,0.8766658467908707,0.9576061701862872,0.8499986268483903,0.78609670019703,0.7875244623547552,0.5238264663414114,0.6989505220382375,0.8196567495859063,0.8676015594813011,0.8447328645088735,0.8814880126605964,0.8342253739523378,0.8831349210152216,0.8153028672990946,0.6581915762131991,0.9074715531928077,0.9330288182725358,0.8321443478263105,0.8053003741048792,0.0,1.0,0.7280253756729883,0.8142732128157192,0.8355649301437116,0.7282946494951347,0.8297045649277992,0.6810857139489603,0.6486511396927775,0.7929551181033452,0.7765471243284788,0.5828729756605342,0.7314431865107134,0.8001928583835619,0.6679943077106105
