Cingulate area 2,Frontal association cortex,Cornu ammonis 3,Dentate gyrus,Cornu ammonis 2,Cornu ammonis 1,Fasciola cinereum,Subiculum,Postrhinal cortex,Presubiculum,Parasubiculum,Perirhinal area 35,Perirhinal area 36,Medial entorhinal cortex,Lateral entorhinal cortex,Primary auditory area,"Secondary auditory area, dorsal part","Secondary auditory area, ventral part","Piriform cortex, layer 1","Piriform cortex, layer 2","Piriform cortex, layer 3",Ventrolateral orbital area,Lateral orbital area,Ventral orbital area,Medial orbital area,Dorsolateral orbital area,Prelimbic area,Secondary motor area,Frontal association area 3,Primary motor area,"Agranular insular cortex, ventral area",Agranular insular cortex dorsal area,Cingulate area 1,Infralimbic area,Dysgranular insular cortex,Granular insular cortex,"Primary somatosensory area, forelimb representation","Primary somatosensory area, dysgranular zone","Primary somatosensory area, face representation",Secondary somatosensory area,"Primary somatosensory area, hindlimb representation","Agranular insular cortex, posterior area","Primary somatosensory area, barrel field",Retrosplenial dysgranular area,"Primary somatosensory area, trunk representation",Retrosplenial granular area,"Parietal association cortex, lateral area","Parietal association cortex, medial area","Parietal association cortex, posterior area",Primary visual area,"Secondary visual area, lateral part",Temporal association cortex,"Secondary visual area, medial part"
0.0,0.6498135447206448,0.7649381455397158,0.8201052163306688,0.759497706546367,0.8594541688008022,0.9329077209502915,0.7118989265562347,0.6661148038272613,0.6491953978189218,0.9095890472437351,0.6458440598616689,0.6735195509236205,0.6680182298592439,0.7031452608620077,0.7348100302467293,0.6943147131181463,0.5672758144796598,0.7986167759560893,0.8090264188504752,0.8080492427928269,0.7592454225208444,0.7653482712637745,0.7530577041558058,0.6339983015451899,0.7785569520573905,0.7669973184263973,0.8006972309183847,0.7638474594405924,0.7287245361626038,0.857839896948429,0.9265947513689957,0.9240470167875333,0.8856833763071265,0.9251959357731394,0.8106420287026183,0.8408412185078783,0.9151899268140252,0.9410046113924669,0.750178258132454,0.7607716374357179,0.7776509833669549,0.7971998594653429,0.9552590943179358,0.7944812998244092,0.8829664558672712,0.760212942334662,0.7295611748085422,0.769644648386253,0.7646859716471164,0.7275198623854183,0.6699484249723583,0.8596389617412025
0.6498135447206448,0.0,0.7180705036583602,0.7071131573561072,0.7658209528285683,0.7732897834348731,0.590002955491149,0.6596373092415754,0.6391605804839234,0.5588959333504241,0.6569878034391717,0.9455144494590889,0.9687685187816696,0.6456625962506601,0.763645573123359,0.8097564614812442,0.8007933958129314,0.8419641697379909,0.8790835853191901,0.7989754085051565,0.8307814015995901,0.9540789018974283,0.9755313680253781,0.8979509779597504,0.7877759527541728,0.9452723237642066,0.8692967200217635,0.7859192311361268,0.8165585610855768,0.797344825360797,0.6957047549974622,0.7663937615019236,0.7878025119651918,0.7140870380174683,0.8379923700030961,0.8100932890904519,0.7276968933387927,0.7293311824005851,0.7299107447334094,0.8178499961651774,0.7107413995422281,0.7738984260957513,0.7648942688545342,0.7481715621679378,0.8812060869462205,0.7708328434714508,0.7970768905291938,0.732022156254362,0.6199908243759795,0.6102460700938136,0.7819489223286922,0.8715913988392813,0.6566229128521455
0.7649381455397158,0.7180705036583602,0.0,0.8936474726794796,0.9204480149520011,0.9258930797247263,0.672987159807351,0.9397659489591719,0.8766074577355304,0.8703782910041253,0.8237966356586096,0.7783196589665451,0.8358192308970717,0.9048185481024335,0.9274841677273945,0.9014935865781155,0.8771255697093997,0.7829920866679244,0.8483742061039858,0.8927678741436972,0.8183799213523101,0.7393245846052513,0.6939516895732277,0.727799176047584,0.7487856581357618,0.7821672165285929,0.7518211000967889,0.7883260208721568,0.6811118542913744,0.6826580060778039,0.7176483113309723,0.7603353688630695,0.7411160145990001,0.8232402297639033,0.8554993664041958,0.7581652402659683,0.7344223603271391,0.7943948092910957,0.7727842981032927,0.8226432022190762,0.6510906985269205,0.8998605757192422,0.8363641785933719,0.8321023950411707,0.8835043270718291,0.9475967712619846,0.7883017678049012,0.632974902409263,0.9323245294413645,0.976637753776473,0.9354193340085971,0.8382049329216231,0.9023983253740887
0.8201052163306688,0.7071131573561072,0.8936474726794796,0.0,0.8907396871424124,0.9234157211865214,0.7177071572236249,0.9230328918351591,0.8356328893901082,0.8492403132008992,0.8018347791450949,0.7385766035319092,0.8284104334477214,0.7983112604842969,0.9008548954443036,0.8708623443884634,0.8436803063371057,0.7269805938635203,0.8513749559386702,0.8378186392358907,0.8232218007093967,0.7336152460189337,0.7654167277912486,0.7527845190080703,0.7447275467209628,0.7938141186315327,0.7914281894781664,0.8597724231565473,0.7066078509308622,0.7160749433460525,0.7465174151984764,0.8097429896639701,0.7955137474938438,0.8767876541024872,0.871137621924257,0.7855236002569764,0.7367196727724492,0.814534169911911,0.8106030318102265,0.7854397656244696,0.7179663203957183,0.9217459183237565,0.8323892742519565,0.9054594938731252,0.8815667620397682,0.9164396599945733,0.8040380435647088,0.6539411497123183,0.8737973058530849,0.9466042668220229,0.951911747698724,0.8825741745234417,0.9300018974251485
0.759497706546367,0.7658209528285683,0.9204480149520011,0.8907396871424124,0.0,0.9536805472421621,0.6346373127231214,0.8933914405894574,0.8282930533991744,0.8138871572798111,0.8283214146782842,0.8216543031976902,0.8843938286503696,0.7985543011721088,0.9406438621420921,0.9661221555949346,0.8803782464746636,0.7786631369401961,0.924921795494869,0.8670431569236392,0.8570232612341736,0.764030646900611,0.776464938029132,0.7855942020139407,0.7461672054257877,0.7791428771430101,0.7865941870579313,0.749223478440576,0.6927346263750868,0.7003448875772592,0.782833219475492,0.8405945162557117,0.7872318079286347,0.7961817201258066,0.8912877272132842,0.8127637584964913,0.7392883875669396,0.8123471004115409,0.7684450092832096,0.8303065853658818,0.6778308356457775,0.9083146950309107,0.8790230832260119,0.8704471509740658,0.8976610328496537,0.9617688418624248,0.9095140769912514,0.6575543432435219,0.8676915836772899,0.9321266209899997,0.874940637267276,0.8467059606285352,0.8231761008441192
0.8594541688008022,0.7732897834348731,0.9258930797247263,0.9234157211865214,0.9536805472421621,0.0,0.7532060727165525,0.8624902101546358,0.9093473105144492,0.8316132423681782,0.8506756060068489,0.7939944819531329,0.8413861313619553,0.8047033765057418,0.909107577115501,0.8967721912765519,0.907210725828318,0.7437923373783919,0.8397576445257066,0.9309452013221159,0.9164812021845069,0.768740223313046,0.776811713048145,0.8375801444627432,0.7351266065060907,0.8932996820146476,0.8051112850121553,0.8436090643227122,0.7588600501307127,0.8121702008417746,0.8435877087028019,0.8220934287129076,0.8678658340183085,0.8651706459182338,0.9659681898794131,0.8177754612910119,0.8816221555048317,0.865794201733999,0.872605455889731,0.8467959094920925,0.7718819093754438,0.8957576085776852,0.8562771550357916,0.9926134203660315,0.9715488732530798,1.0,0.9013421940149081,0.7265542437500289,0.9424271896815457,0.8956026190687861,0.9119446518233016,0.8735678671387976,0.9491894169090987
0.9329077209502915,0.590002955491149,0.672987159807351,0.7177071572236249,0.6346373127231214,0.7532060727165525,0.0,0.5843598168604823,0.569006395253679,0.5874739820569114,0.8586217069707418,0.5534031450816045,0.5718384194252367,0.5137898673881339,0.585943186406413,0.5746144761899872,0.6152472503294749,0.48581885536752767,0.6869323857293478,0.7396579116671609,0.7651115800899436,0.6825557822338271,0.7182428198660145,0.6389542767136533,0.4882178547446316,0.7048347412997821,0.6740837974074014,0.7009441561891282,0.8463530504699378,0.773928280865025,0.8688707621101271,0.9265507065994606,0.8612418933881736,0.877715152964223,0.8574820906376316,0.7800925186076552,0.9286980482299528,0.9510796581805216,0.8685107726675293,0.7114834540626581,0.7852091075576193,0.7201778594029941,0.8039483444011444,0.8845385042518848,0.7249840340840032,0.7602630976858331,0.6708888016752421,0.7685879108544811,0.6811098297588056,0.6686629571088026,0.6163173847660409,0.6087092273594267,0.7432480370032359
0.7118989265562347,0.6596373092415754,0.9397659489591719,0.9230328918351591,0.8933914405894574,0.8624902101546358,0.5843598168604823,0.0,0.9625845595040727,0.9660997394839318,0.7524271732973535,0.7395623291055686,0.8519758215203381,0.9571687742431113,0.9256882720725277,0.9097708387195547,0.8652993835222118,0.7991441800828346,0.8125627946727653,0.7823996473106164,0.7642737987900022,0.6579880009120099,0.6619343313753963,0.6659825366205453,0.7724801092464773,0.7143250700690321,0.6943175867065546,0.7485255750590449,0.6123653243305757,0.5894112522495097,0.6744568419125981,0.720474538206548,0.6458427170483877,0.725523725892925,0.7539676414702964,0.7044794511202411,0.6258037547087714,0.6972435632856637,0.6853772152839009,0.7766562520312257,0.576836399353908,0.8511339815300465,0.7877414003108355,0.8516658561040125,0.8371087318172171,0.903961276049404,0.8296252843315473,0.5414366923575754,0.9542278133126298,0.9716828242260285,0.9301969924032031,0.7922994774775707,0.8771217813637517
0.6661148038272613,0.6391605804839234,0.8766074577355304,0.8356328893901082,0.8282930533991744,0.9093473105144492,0.569006395253679,0.9625845595040727,0.0,0.9908569919711153,0.790404532527905,0.6655637828617249,0.7970088550565394,0.9516938616145636,0.9413937460887507,0.961831479003892,0.9654389024903073,0.7286568076257873,0.7017188750611544,0.760405530337731,0.8096683001500905,0.6625127925138312,0.6311639493770455,0.7029472521287405,0.6654747169426826,0.6987151975409518,0.6632497023496866,0.6854789813845582,0.6254450182573184,0.5886018337538538,0.6590192542744985,0.6415338399494873,0.610219710391713,0.6868373573165533,0.7377833937501698,0.6803573786079148,0.6676898002829477,0.710227552430255,0.6971622411335237,0.6740205292011946,0.5750807745860933,0.8554794675856537,0.6873956662340454,0.7570206745625193,0.8353330190900455,0.852792205204866,0.8435761832012407,0.5268208002213449,0.9928014661092727,0.9887225154445661,0.9008262623653002,0.8144924007844981,0.7881930040893241
0.6491953978189218,0.5588959333504241,0.8703782910041253,0.8492403132008992,0.8138871572798111,0.8316132423681782,0.5874739820569114,0.9660997394839318,0.9908569919711153,0.0,0.7652646409813848,0.6135989521946575,0.7006432470626838,0.8562514659143966,0.8745550604248312,0.8521994957504594,0.8667171418749394,0.687181762993517,0.6918661985380931,0.7573136272253849,0.7009664410927181,0.5958204861043098,0.5603086144666063,0.6209817653203454,0.6336547690251034,0.6430445980900265,0.6188179982575537,0.6172657011013636,0.5528637086545262,0.5753532187135744,0.7101835822312502,0.626240447478619,0.6079468799221693,0.697513925888636,0.7400953057736668,0.6474409576466029,0.6256556715786467,0.694819771758433,0.6786850920937042,0.6603209406131427,0.5493636884989487,0.8162152119658046,0.681391984864834,0.7645117659196137,0.7599111666457464,0.9087264587452112,0.8002440048043336,0.521994146185188,0.9763454609863883,0.98494456634061,0.8852078917864882,0.7414933435322936,0.8281384563617599
0.9095890472437351,0.6569878034391717,0.8237966356586096,0.8018347791450949,0.8283214146782842,0.8506756060068489,0.8586217069707418,0.7524271732973535,0.790404532527905,0.7652646409813848,0.0,0.6347084393913134,0.6989599040070974,0.6782361348551887,0.765426288630657,0.7504228037804791,0.8340831180010291,0.6121279583297309,0.805508109167494,0.8272120281986399,0.7999241173582274,0.7097579829494569,0.7067893075442765,0.7041440410095839,0.5785916290741657,0.7419114250051295,0.7413782584318801,0.6880707360690367,0.7918149407101126,0.7566710081745847,0.9217702968204983,0.8573357366856986,0.8971449754981122,0.9139150554253347,0.9307265943962523,0.8330131619452389,0.9690991140849213,0.9240793799716854,0.9256398126481272,0.7276037765755929,0.7127647613627989,0.8706967953910972,0.8173701185274175,0.8938878817533502,0.8414634907960209,0.8827897177522821,0.8847582643122499,0.7174675365074572,0.8425982184790209,0.7893470533548609,0.769353549866945,0.7180870783348531,0.7963823290124773
0.6458440598616689,0.9455144494590889,0.7783196589665451,0.7385766035319092,0.8216543031976902,0.7939944819531329,0.5534031450816045,0.7395623291055686,0.6655637828617249,0.6135989521946575,0.6347084393913134,0.0,0.9618366563106686,0.731444851138514,0.803616582321007,0.8946860971903021,0.8686744400188482,0.9009566362207297,0.8529906823886635,0.8329580147605086,0.8087849489858231,0.873128256968524,0.9350184450789205,0.8488700771675829,0.9461941981523398,0.8563032761872994,0.8795454644057357,0.795890069549986,0.6884575095262878,0.7331280657832192,0.6369478278844581,0.7493830535963374,0.7234789565722942,0.6973895447783086,0.7795701463177234,0.765802756770408,0.6014277787137838,0.6839295563077655,0.6801443078853966,0.7913664300878447,0.63735440601644,0.8155138291857166,0.7793201660073049,0.712599925340999,0.829363834535557,0.8010238884089317,0.8084968914649376,0.6245637130983637,0.6623889318625616,0.6789527548379687,0.8173090390398652,0.8513515643580414,0.6716686037077713
0.6735195509236205,0.9687685187816696,0.8358192308970717,0.8284104334477214,0.8843938286503696,0.8413861313619553,0.5718384194252367,0.8519758215203381,0.7970088550565394,0.7006432470626838,0.6989599040070974,0.9618366563106686,0.0,0.8505285890976418,0.9415704084601917,0.965183975974346,0.9133502629058488,0.9964879021331239,0.9178696511343375,0.9140611969589627,0.9323984226658766,0.8545184778217436,0.9338736979353786,0.8640196895793933,0.958703110535026,0.884020588888287,0.8675450153225222,0.8037950563148385,0.7078435617577505,0.7202637410496946,0.6802270529383885,0.7445822733200683,0.7347906546921562,0.7269798549250215,0.7723446613371961,0.730308101518146,0.6347864727360979,0.7226456659418837,0.7164917604827142,0.8418239672221017,0.665579204956987,0.9020342871934572,0.8353091952817565,0.7914638317702247,0.9729719511365924,0.8400915697563033,0.8693855871406242,0.6211705140049496,0.7705516935429862,0.7807364133225685,0.9663240927043016,0.955921052127889,0.7993106670877467
0.6680182298592439,0.6456625962506601,0.9048185481024335,0.7983112604842969,0.7985543011721088,0.8047033765057418,0.5137898673881339,0.9571687742431113,0.9516938616145636,0.8562514659143966,0.6782361348551887,0.731444851138514,0.8505285890976418,0.0,0.9487638203739366,0.877470784608099,0.8770582776470692,0.8183937639954458,0.704528798328618,0.7543147612015669,0.7160857750929672,0.6490836935407416,0.6299843287437071,0.6554558602268789,0.8428807986256521,0.6584644135631651,0.6451539258772271,0.6741707651742895,0.5377558930442423,0.5440371932188635,0.6071745754281442,0.6222819067718962,0.5971700960195554,0.6507421635699633,0.6688664861701799,0.644355028008582,0.5609902243821441,0.6323453667946662,0.6604796673509765,0.6898618627589003,0.5265560891121737,0.7906282685391369,0.663867260789804,0.7155899333709052,0.7737442668255506,0.7925134375875583,0.7484582989094891,0.4732063363094822,0.8531259399850594,0.9146468572159543,0.9094305275201894,0.8091316419251078,0.8534483262917429
0.7031452608620077,0.763645573123359,0.9274841677273945,0.9008548954443036,0.9406438621420921,0.909107577115501,0.585943186406413,0.9256882720725277,0.9413937460887507,0.8745550604248312,0.765426288630657,0.803616582321007,0.9415704084601917,0.9487638203739366,0.0,1.0,0.9791132008025673,0.8348790950985234,0.8307811270318795,0.8569204016605065,0.7855063760049669,0.7454409033321631,0.7225831600193029,0.7288805749228525,0.8484885498246408,0.7756510738513256,0.7930731263132015,0.7632151192607242,0.6578348398559485,0.6530880563360254,0.7121572022420695,0.7506530986443539,0.7380096834206151,0.7641172510063748,0.8168896347801229,0.7563641023822864,0.6892861398842042,0.736747564914392,0.7371531656175894,0.76834382079979,0.6496850804786368,0.8735228292024033,0.7947578150424774,0.8503769807995376,0.8725283620532486,0.929109813195857,0.8627876471427696,0.5789432171877092,0.9355507349772373,0.8845388770833135,0.9808210405524562,0.932153078762182,0.9113418943605924
0.7348100302467293,0.8097564614812442,0.9014935865781155,0.8708623443884634,0.9661221555949346,0.8967721912765519,0.5746144761899872,0.9097708387195547,0.961831479003892,0.8521994957504594,0.7504228037804791,0.8946860971903021,0.965183975974346,0.877470784608099,1.0,0.0,0.9599934268570769,0.8936798405059718,0.8227696079359493,0.8994191016421321,0.8295714701058405,0.8331592586516462,0.8222866789602384,0.8224428319071384,0.8670753978672527,0.8281904715043703,0.8048293562874493,0.8031155359563733,0.7102356924955564,0.671136989569071,0.7043460006143974,0.7616633118732639,0.6733007488619401,0.7777184859221322,0.8778176051608565,0.7540700970068663,0.6583563969831937,0.7244296630710516,0.744856656759752,0.8312862140030449,0.653481708205983,0.9034912680620782,0.8462798643073562,0.804161889614202,0.9123895593232362,0.8790538746358808,0.8810827491232489,0.6195070720571241,0.856818287510818,0.8484229278405391,0.976091435029315,0.9248354726142016,0.8139287668228268
0.6943147131181463,0.8007933958129314,0.8771255697093997,0.8436803063371057,0.8803782464746636,0.907210725828318,0.6152472503294749,0.8652993835222118,0.9654389024903073,0.8667171418749394,0.8340831180010291,0.8686744400188482,0.9133502629058488,0.8770582776470692,0.9791132008025673,0.9599934268570769,0.0,0.8786056357287783,0.8705827323785797,0.866299145846244,0.8829760072204293,0.7866553657967541,0.7455782684701607,0.7790219674062374,0.8262511794577299,0.7915848403946647,0.7759558453465846,0.7834164786634273,0.6671484373847283,0.6930432741539476,0.7556349001871967,0.771108696829413,0.726786289466593,0.7627105704142995,0.7832380970692965,0.7613507905121353,0.6945567538085047,0.811916033083107,0.7347484286231104,0.8946850833185455,0.640809129278542,0.948364124392612,0.8273570989393043,0.8111151860568179,0.9108349101215706,0.8990896186243698,0.9154600109365455,0.6067492741657298,0.8930666930640618,0.8699043072438277,0.8831696572770473,0.891152337316597,0.875004953985124
0.5672758144796598,0.8419641697379909,0.7829920866679244,0.7269805938635203,0.7786631369401961,0.7437923373783919,0.48581885536752767,0.7991441800828346,0.7286568076257873,0.687181762993517,0.6121279583297309,0.9009566362207297,0.9964879021331239,0.8183937639954458,0.8348790950985234,0.8936798405059718,0.8786056357287783,0.0,0.779117088112788,0.8267403122432296,0.7380475730588777,0.7438971581715511,0.7364856139670335,0.785475925093259,0.9188141164939619,0.8245583841861462,0.7387732591718787,0.7161542991740816,0.5907964524803371,0.6087681224698784,0.5902217235899052,0.6318743078124258,0.6457892485849882,0.6305772066386549,0.6945747089122615,0.6733673800485719,0.5464695362411085,0.6311764010782498,0.6309804694622011,0.7512396862578291,0.5523762950793998,0.800375929868585,0.7129708168965967,0.6625078891236335,0.7712906900011903,0.8105684775926465,0.800263993248298,0.5379543017130025,0.7041866685167792,0.7274974320952703,0.8794872229878067,0.846813716463775,0.7079498240430808
0.7986167759560893,0.8790835853191901,0.8483742061039858,0.8513749559386702,0.924921795494869,0.8397576445257066,0.6869323857293478,0.8125627946727653,0.7017188750611544,0.6918661985380931,0.805508109167494,0.8529906823886635,0.9178696511343375,0.704528798328618,0.8307811270318795,0.8227696079359493,0.8705827323785797,0.779117088112788,0.0,0.9627414866575007,0.9336666003522307,0.8500967579873656,0.8902602330786235,0.9760641784675202,0.8652622464542716,0.9642381846249459,0.8659069833405936,0.8276273581029573,0.7954932908423777,0.8270007629177526,0.8304654033629396,0.9018278665442672,0.9170073246788026,0.8510162307389992,0.9654815056209971,0.8735979160270955,0.8167193295730573,0.8571950105623035,0.8449370877527217,0.8690161198455609,0.7467317746329438,0.9627983300409978,0.8872897473160609,0.8765744956270358,1.0,0.9209677666107339,0.9244290386595977,0.7703943741340128,0.733455978534402,0.8221818984975974,0.8704616496116421,0.8618422660316373,0.7868385120856257
0.8090264188504752,0.7989754085051565,0.8927678741436972,0.8378186392358907,0.8670431569236392,0.9309452013221159,0.7396579116671609,0.7823996473106164,0.760405530337731,0.7573136272253849,0.8272120281986399,0.8329580147605086,0.9140611969589627,0.7543147612015669,0.8569204016605065,0.8994191016421321,0.866299145846244,0.8267403122432296,0.9627414866575007,0.0,0.9443815171340164,0.8647774237053162,0.9646407376981,0.8639587653225294,0.7928396332436761,0.8805768359646279,0.8914217282186024,0.8676003537389032,0.8584263653674411,0.7897113244436623,0.842602317143296,0.9041401108236115,0.8925155269056054,0.958444989626324,0.9585760363304685,0.9171966511910576,0.8573405472462933,0.8725781508641918,0.8388889669406133,0.8487508177731926,0.7633968826999532,0.9660070619146301,0.9636984608067768,0.879017690335334,0.9543396752026831,0.9182439320522566,0.9331530778154508,0.7235212361378754,0.805058881653484,0.7822364553026283,0.8990942472822152,0.8817506632458364,0.8614188497713118
0.8080492427928269,0.8307814015995901,0.8183799213523101,0.8232218007093967,0.8570232612341736,0.9164812021845069,0.7651115800899436,0.7642737987900022,0.8096683001500905,0.7009664410927181,0.7999241173582274,0.8087849489858231,0.9323984226658766,0.7160857750929672,0.7855063760049669,0.8295714701058405,0.8829760072204293,0.7380475730588777,0.9336666003522307,0.9443815171340164,0.0,0.8784182569712267,0.9047741468366405,0.8763918162518212,0.7276368620173919,0.885429228669862,0.8455093544752672,0.7630623428046613,0.8676435154346859,0.8633953185943377,0.8916226472147597,0.9088120501272401,0.8187045243867088,0.8701240612942976,0.9262217152445948,0.8515434127779763,0.8643794784419464,0.9252950838840359,0.8184209140466848,0.8621106098606942,0.8190261202683381,0.9145635440737397,0.9329989731864805,0.9181703527856903,0.9645067493691863,0.9433166138084292,0.8883633966555471,0.7711048860377552,0.7561059131270873,0.7629405279428689,0.85469797058102,0.8459542919748886,0.8488384190228005
0.7592454225208444,0.9540789018974283,0.7393245846052513,0.7336152460189337,0.764030646900611,0.768740223313046,0.6825557822338271,0.6579880009120099,0.6625127925138312,0.5958204861043098,0.7097579829494569,0.873128256968524,0.8545184778217436,0.6490836935407416,0.7454409033321631,0.8331592586516462,0.7866553657967541,0.7438971581715511,0.8500967579873656,0.8647774237053162,0.8784182569712267,0.0,0.9875554352545977,0.9404327691255977,0.767352167028257,1.0,0.9842982703107094,0.858209962871742,0.9106973292087912,0.8614011364804828,0.7915504061875707,0.8399184900545066,0.8427655549290243,0.7766527946867459,0.8600290670161089,0.7942444412334612,0.7681745569704431,0.8218225435471906,0.8056393806554217,0.8069034534816099,0.8461121985448223,0.793150401136295,0.8374518005301697,0.8496214402783355,0.9119372458220227,0.7711647885532739,0.8310584699278638,0.8251253039203338,0.6298089637650875,0.6238361759477474,0.7929522133582175,0.9032559263956852,0.7332032368295239
0.7653482712637745,0.9755313680253781,0.6939516895732277,0.7654167277912486,0.776464938029132,0.776811713048145,0.7182428198660145,0.6619343313753963,0.6311639493770455,0.5603086144666063,0.7067893075442765,0.9350184450789205,0.9338736979353786,0.6299843287437071,0.7225831600193029,0.8222866789602384,0.7455782684701607,0.7364856139670335,0.8902602330786235,0.9646407376981,0.9047741468366405,0.9875554352545977,0.0,0.9688325959624857,0.8042130856635338,1.0,0.9696224650990113,0.9660265283776519,0.9426905862029242,0.9513962760114721,0.8385554510101219,0.888624177456514,0.8871555609068281,0.7925001123592155,0.8966923920743401,0.8949425075406394,0.7858625280072616,0.809597192782191,0.8299949619004943,0.866444257445519,0.853936888478052,0.8159325852165283,0.883014657254485,0.8687452846187823,0.8844573309295604,0.8552460443849365,0.8106950039860499,0.7908526126268728,0.6167245334006524,0.6417418787772059,0.8562276766450034,0.880131785894873,0.751604637008019
0.7530577041558058,0.8979509779597504,0.727799176047584,0.7527845190080703,0.7855942020139407,0.8375801444627432,0.6389542767136533,0.6659825366205453,0.7029472521287405,0.6209817653203454,0.7041440410095839,0.8488700771675829,0.8640196895793933,0.6554558602268789,0.7288805749228525,0.8224428319071384,0.7790219674062374,0.785475925093259,0.9760641784675202,0.8639587653225294,0.8763918162518212,0.9404327691255977,0.9688325959624857,0.0,0.8077343029477255,0.9962333314882797,0.9206189693697276,0.8676451524600828,0.876833818480318,0.8495354700662757,0.7971734549721474,0.8625835955654636,0.7888907714048943,0.7869583115949927,0.8728770667102508,0.7935776254955994,0.8118974262613792,0.7676049824054316,0.8108580631976581,0.8584069815584232,0.826787299908743,0.7919789488515931,0.7823021977145322,0.9165543581780246,0.9140352734972305,0.8137340712558253,0.8909252832855159,0.7938662419791791,0.6372511268065761,0.6827201382362034,0.8390065375943374,0.8666181840444911,0.7708937105557994
0.6339983015451899,0.7877759527541728,0.7487856581357618,0.7447275467209628,0.7461672054257877,0.7351266065060907,0.4882178547446316,0.7724801092464773,0.6654747169426826,0.6336547690251034,0.5785916290741657,0.9461941981523398,0.958703110535026,0.8428807986256521,0.8484885498246408,0.8670753978672527,0.8262511794577299,0.9188141164939619,0.8652622464542716,0.7928396332436761,0.7276368620173919,0.767352167028257,0.8042130856635338,0.8077343029477255,0.0,0.7891856007075718,0.7995898239501789,0.8247637626732783,0.5862655005154856,0.6072787909038483,0.5938676376552143,0.6882285676578536,0.7130741950179746,0.6254566681430397,0.7045672213576479,0.664812553842609,0.5603969044360043,0.616932259036775,0.6203770876273993,0.7600357921986,0.5619929182011346,0.7786226626509175,0.7079935453675903,0.7027405195000992,0.7942376751255287,0.7807297956097539,0.7192625697707843,0.5209672389458606,0.6557687962807016,0.7101639167243102,0.8548044034758907,0.837794901417906,0.6912937161773985
0.7785569520573905,0.9452723237642066,0.7821672165285929,0.7938141186315327,0.7791428771430101,0.8932996820146476,0.7048347412997821,0.7143250700690321,0.6987151975409518,0.6430445980900265,0.7419114250051295,0.8563032761872994,0.884020588888287,0.6584644135631651,0.7756510738513256,0.8281904715043703,0.7915848403946647,0.8245583841861462,0.9642381846249459,0.8805768359646279,0.885429228669862,1.0,1.0,0.9962333314882797,0.7891856007075718,0.0,0.9063655012432712,0.9306117660171863,0.9108413823410205,0.8861420418143464,0.8400635212959884,0.8901387419414216,0.850605997601808,0.8161847892790546,0.9095660094102475,0.859104234940499,0.8269057705004321,0.8642671492988013,0.844440824839787,0.8052949719648996,0.8583786967240628,0.8481860313649576,0.8428051759340238,0.9455323429438242,0.9489222885925013,0.871455903377086,0.8662600502328066,0.7958229625614811,0.6856286445624357,0.7131537769341889,0.8592793512038159,0.914232742959489,0.7972312142557493
0.7669973184263973,0.8692967200217635,0.7518211000967889,0.7914281894781664,0.7865941870579313,0.8051112850121553,0.6740837974074014,0.6943175867065546,0.6632497023496866,0.6188179982575537,0.7413782584318801,0.8795454644057357,0.8675450153225222,0.6451539258772271,0.7930731263132015,0.8048293562874493,0.7759558453465846,0.7387732591718787,0.8659069833405936,0.8914217282186024,0.8455093544752672,0.9842982703107094,0.9696224650990113,0.9206189693697276,0.7995898239501789,0.9063655012432712,0.0,0.8405631981524736,0.8904597468638967,0.8697103140714024,0.8269149130196616,0.9054972291864156,0.8594820080146217,0.83255212474148,0.9237101521352954,0.8203968317543686,0.8238593757801808,0.8243769647046851,0.8172044374772353,0.8053944510254394,0.7539513716848505,0.8184749663572315,0.8087630444163989,0.8482709531671454,0.9088598079012506,0.8512204225011918,0.7928938174366814,0.7748778997243853,0.6855351649307031,0.7388401387689928,0.8083677136734985,0.8559388640246064,0.7570604767639056
0.8006972309183847,0.7859192311361268,0.7883260208721568,0.8597724231565473,0.749223478440576,0.8436090643227122,0.7009441561891282,0.7485255750590449,0.6854789813845582,0.6172657011013636,0.6880707360690367,0.795890069549986,0.8037950563148385,0.6741707651742895,0.7632151192607242,0.8031155359563733,0.7834164786634273,0.7161542991740816,0.8276273581029573,0.8676003537389032,0.7630623428046613,0.858209962871742,0.9660265283776519,0.8676451524600828,0.8247637626732783,0.9306117660171863,0.8405631981524736,0.0,0.795265579811049,0.7602188416630093,0.7731082692454819,0.8260257997320989,0.7610587974466815,0.848446057274135,0.8672861245223775,0.7760466504151733,0.7576280691818764,0.7408533264118293,0.7651244589638536,0.7810527302012641,0.7856715242003525,0.7878370433035102,0.8004830410715077,0.8634065203709751,0.8328207880102967,0.8509709556152986,0.7426666528830566,0.682945021473887,0.6770455538320588,0.7728999571625931,0.8285922839842488,0.7812498170309297,0.8296453165451064
0.7638474594405924,0.8165585610855768,0.6811118542913744,0.7066078509308622,0.6927346263750868,0.7588600501307127,0.8463530504699378,0.6123653243305757,0.6254450182573184,0.5528637086545262,0.7918149407101126,0.6884575095262878,0.7078435617577505,0.5377558930442423,0.6578348398559485,0.7102356924955564,0.6671484373847283,0.5907964524803371,0.7954932908423777,0.8584263653674411,0.8676435154346859,0.9106973292087912,0.9426905862029242,0.876833818480318,0.5862655005154856,0.9108413823410205,0.8904597468638967,0.795265579811049,0.0,0.9228468338884357,0.8448947005743073,0.9415160359597026,0.9255820640579432,0.9391113676198011,0.8880450289708856,0.8224866773320614,0.9338709628000899,0.8685578741089025,0.894757919561824,0.7397262011996708,0.9736389123221061,0.7509000493162241,0.8130690901386389,0.8786524785806074,0.9247302996339729,0.7631371067404362,0.774942535641681,0.9629706465367579,0.6005329987109072,0.6330925642263634,0.7158338861206983,0.7473215863852752,0.7533563899589932
0.7287245361626038,0.797344825360797,0.6826580060778039,0.7160749433460525,0.7003448875772592,0.8121702008417746,0.773928280865025,0.5894112522495097,0.5886018337538538,0.5753532187135744,0.7566710081745847,0.7331280657832192,0.7202637410496946,0.5440371932188635,0.6530880563360254,0.671136989569071,0.6930432741539476,0.6087681224698784,0.8270007629177526,0.7897113244436623,0.8633953185943377,0.8614011364804828,0.9513962760114721,0.8495354700662757,0.6072787909038483,0.8861420418143464,0.8697103140714024,0.7602188416630093,0.9228468338884357,0.0,0.8466209558789599,0.8632196412202957,0.874115636557033,0.854265613853341,0.8434672812667116,0.8048695997069845,0.8852542166926934,0.8373314692853605,0.8076938190313444,0.7712228645186952,0.8799874323460266,0.7547617893638158,0.8147179665107784,0.8765023119874609,0.9212634114141577,0.7841220397038491,0.7722731057619031,0.8896889721297997,0.6250429328121913,0.6144959057573418,0.6873534388870546,0.7903848342236516,0.7449265807260725
0.857839896948429,0.6957047549974622,0.7176483113309723,0.7465174151984764,0.782833219475492,0.8435877087028019,0.8688707621101271,0.6744568419125981,0.6590192542744985,0.7101835822312502,0.9217702968204983,0.6369478278844581,0.6802270529383885,0.6071745754281442,0.7121572022420695,0.7043460006143974,0.7556349001871967,0.5902217235899052,0.8304654033629396,0.842602317143296,0.8916226472147597,0.7915504061875707,0.8385554510101219,0.7971734549721474,0.5938676376552143,0.8400635212959884,0.8269149130196616,0.7731082692454819,0.8448947005743073,0.8466209558789599,0.0,0.902725532699428,0.9007572194235357,0.8875472938667975,0.9831717003928356,0.872957506415687,0.928543470262763,0.9540834676340867,0.929563786077498,0.7716808774727406,0.8651969738352927,0.8327978242548981,0.8388635498545116,0.9308338271598506,0.8371299305637997,0.8847008350227554,0.7938272033160434,0.8273590149448701,0.7279947981536292,0.7509561995810222,0.7286923492281654,0.7258823410080201,0.7663694615755992
0.9265947513689957,0.7663937615019236,0.7603353688630695,0.8097429896639701,0.8405945162557117,0.8220934287129076,0.9265507065994606,0.720474538206548,0.6415338399494873,0.626240447478619,0.8573357366856986,0.7493830535963374,0.7445822733200683,0.6222819067718962,0.7506530986443539,0.7616633118732639,0.771108696829413,0.6318743078124258,0.9018278665442672,0.9041401108236115,0.9088120501272401,0.8399184900545066,0.888624177456514,0.8625835955654636,0.6882285676578536,0.8901387419414216,0.9054972291864156,0.8260257997320989,0.9415160359597026,0.8632196412202957,0.902725532699428,0.0,0.9525314129316431,1.0,1.0,0.8812606807885908,0.9745234906144205,0.9427997030534532,0.9341324621133256,0.7975948716794227,0.8189246602121971,0.917018585355412,0.9149781872332733,0.960554663517644,0.9222343049956978,0.8967367004132071,0.8371222916600657,0.846789594252019,0.7006071596371348,0.6904517511430943,0.773951462803783,0.74429683362937,0.8259687054400718
0.9240470167875333,0.7878025119651918,0.7411160145990001,0.7955137474938438,0.7872318079286347,0.8678658340183085,0.8612418933881736,0.6458427170483877,0.610219710391713,0.6079468799221693,0.8971449754981122,0.7234789565722942,0.7347906546921562,0.5971700960195554,0.7380096834206151,0.6733007488619401,0.726786289466593,0.6457892485849882,0.9170073246788026,0.8925155269056054,0.8187045243867088,0.8427655549290243,0.8871555609068281,0.7888907714048943,0.7130741950179746,0.850605997601808,0.8594820080146217,0.7610587974466815,0.9255820640579432,0.874115636557033,0.9007572194235357,0.9525314129316431,0.0,0.8913993309672997,0.9340041819511876,0.826593297777264,0.9307899346620759,0.9188329972804882,0.9541601533369966,0.8301511296639152,0.8458255848623671,0.8009195099559038,0.87973744009647,0.970729363978587,0.9089651177691787,0.8493444740647055,0.7925762755292595,0.8206559968241108,0.6541825140489076,0.7022670865446022,0.7163833432437664,0.7599902799055193,0.7408217734621015
0.8856833763071265,0.7140870380174683,0.8232402297639033,0.8767876541024872,0.7961817201258066,0.8651706459182338,0.877715152964223,0.725523725892925,0.6868373573165533,0.697513925888636,0.9139150554253347,0.6973895447783086,0.7269798549250215,0.6507421635699633,0.7641172510063748,0.7777184859221322,0.7627105704142995,0.6305772066386549,0.8510162307389992,0.958444989626324,0.8701240612942976,0.7766527946867459,0.7925001123592155,0.7869583115949927,0.6254566681430397,0.8161847892790546,0.83255212474148,0.848446057274135,0.9391113676198011,0.854265613853341,0.8875472938667975,1.0,0.8913993309672997,0.0,0.9724127200094983,0.8856458108103278,0.9342805710302992,0.8994607535616534,0.9486712584548062,0.8234382429088478,0.8390492782284402,0.8805465193686028,0.921126677115041,0.954060258329407,0.9252245226120859,0.9434039389717277,0.822089532852343,0.837638046330273,0.8005625257027231,0.7740892476124253,0.8244038683795416,0.7566400969851971,0.904835809081396
0.9251959357731394,0.8379923700030961,0.8554993664041958,0.871137621924257,0.8912877272132842,0.9659681898794131,0.8574820906376316,0.7539676414702964,0.7377833937501698,0.7400953057736668,0.9307265943962523,0.7795701463177234,0.7723446613371961,0.6688664861701799,0.8168896347801229,0.8778176051608565,0.7832380970692965,0.6945747089122615,0.9654815056209971,0.9585760363304685,0.9262217152445948,0.8600290670161089,0.8966923920743401,0.8728770667102508,0.7045672213576479,0.9095660094102475,0.9237101521352954,0.8672861245223775,0.8880450289708856,0.8434672812667116,0.9831717003928356,1.0,0.9340041819511876,0.9724127200094983,0.0,0.9436004255463141,0.962400396994167,0.9691424948173591,0.9588693089724503,0.9305496623914983,0.8902978310502195,0.9194165687366874,0.9343527896230311,1.0,0.9526395895691352,0.9152117691063413,0.9428258923938037,0.8113849469330205,0.8441734168823488,0.8198057654946819,0.8509001473211963,0.8251293496321405,0.85597367150467
0.8106420287026183,0.8100932890904519,0.7581652402659683,0.7855236002569764,0.8127637584964913,0.8177754612910119,0.7800925186076552,0.7044794511202411,0.6803573786079148,0.6474409576466029,0.8330131619452389,0.765802756770408,0.730308101518146,0.644355028008582,0.7563641023822864,0.7540700970068663,0.7613507905121353,0.6733673800485719,0.8735979160270955,0.9171966511910576,0.8515434127779763,0.7942444412334612,0.8949425075406394,0.7935776254955994,0.664812553842609,0.859104234940499,0.8203968317543686,0.7760466504151733,0.8224866773320614,0.8048695997069845,0.872957506415687,0.8812606807885908,0.826593297777264,0.8856458108103278,0.9436004255463141,0.0,0.8521242758630355,0.8590850136048186,0.8961353515169754,0.8040304889049463,0.7760185688437153,0.8850869966247613,0.9083651020243446,0.8613089543505158,0.9024420754628133,0.859548567901227,0.8927262236535233,0.8010694968214657,0.7239578174018567,0.7043916618789404,0.7525227382132388,0.8222546871869397,0.8463010017611321
0.8408412185078783,0.7276968933387927,0.7344223603271391,0.7367196727724492,0.7392883875669396,0.8816221555048317,0.9286980482299528,0.6258037547087714,0.6676898002829477,0.6256556715786467,0.9690991140849213,0.6014277787137838,0.6347864727360979,0.5609902243821441,0.6892861398842042,0.6583563969831937,0.6945567538085047,0.5464695362411085,0.8167193295730573,0.8573405472462933,0.8643794784419464,0.7681745569704431,0.7858625280072616,0.8118974262613792,0.5603969044360043,0.8269057705004321,0.8238593757801808,0.7576280691818764,0.9338709628000899,0.8852542166926934,0.928543470262763,0.9745234906144205,0.9307899346620759,0.9342805710302992,0.962400396994167,0.8521242758630355,0.0,0.9761720852595444,0.9445133051191318,0.7824342235500249,0.9314174024927983,0.7909718967948773,0.8650158770889254,0.9886141322382855,0.8526047672798289,0.8122571442396473,0.8304623919567774,0.9182703336373473,0.703778731759635,0.6742676203082579,0.7558601604058106,0.7119151967026303,0.8057313151224264
0.9151899268140252,0.7293311824005851,0.7943948092910957,0.814534169911911,0.8123471004115409,0.865794201733999,0.9510796581805216,0.6972435632856637,0.710227552430255,0.694819771758433,0.9240793799716854,0.6839295563077655,0.7226456659418837,0.6323453667946662,0.736747564914392,0.7244296630710516,0.811916033083107,0.6311764010782498,0.8571950105623035,0.8725781508641918,0.9252950838840359,0.8218225435471906,0.809597192782191,0.7676049824054316,0.616932259036775,0.8642671492988013,0.8243769647046851,0.7408533264118293,0.8685578741089025,0.8373314692853605,0.9540834676340867,0.9427997030534532,0.9188329972804882,0.8994607535616534,0.9691424948173591,0.8590850136048186,0.9761720852595444,0.0,0.9909950210037023,0.8362796575294907,0.8924365935839181,0.8926160323883312,0.9007839724888177,0.9322727092430668,0.8435215939354108,0.9321083863470725,0.8322997436155726,0.8511200720718184,0.7928682609208066,0.7459596486080694,0.7525237401555955,0.7354574876796935,0.8702006267132709
0.9410046113924669,0.7299107447334094,0.7727842981032927,0.8106030318102265,0.7684450092832096,0.872605455889731,0.8685107726675293,0.6853772152839009,0.6971622411335237,0.6786850920937042,0.9256398126481272,0.6801443078853966,0.7164917604827142,0.6604796673509765,0.7371531656175894,0.744856656759752,0.7347484286231104,0.6309804694622011,0.8449370877527217,0.8388889669406133,0.8184209140466848,0.8056393806554217,0.8299949619004943,0.8108580631976581,0.6203770876273993,0.844440824839787,0.8172044374772353,0.7651244589638536,0.894757919561824,0.8076938190313444,0.929563786077498,0.9341324621133256,0.9541601533369966,0.9486712584548062,0.9588693089724503,0.8961353515169754,0.9445133051191318,0.9909950210037023,0.0,0.7814778283187818,0.8362337958523393,0.9289138183571435,0.9038240003121032,0.9770369851925287,0.8531393223751478,0.8846495917912872,0.8330401507718193,0.821434299699238,0.759515371748165,0.7458616750070133,0.746872827033833,0.7545720308624247,0.8484402694720822
