Cingulate area 2,Frontal association cortex,Cornu ammonis 3,Dentate gyrus,Cornu ammonis 2,Cornu ammonis 1,Fasciola cinereum,Subiculum,Postrhinal cortex,Presubiculum,Parasubiculum,Perirhinal area 35,Perirhinal area 36,Medial entorhinal cortex,Lateral entorhinal cortex,Primary auditory area,"Secondary auditory area, dorsal part","Secondary auditory area, ventral part","Piriform cortex, layer 1","Piriform cortex, layer 2","Piriform cortex, layer 3",Ventrolateral orbital area,Lateral orbital area,Ventral orbital area,Medial orbital area,Dorsolateral orbital area,Prelimbic area,Secondary motor area,Frontal association area 3,Primary motor area,"Agranular insular cortex, ventral area",Agranular insular cortex dorsal area,Cingulate area 1,Infralimbic area,Dysgranular insular cortex,Granular insular cortex,"Primary somatosensory area, forelimb representation","Primary somatosensory area, dysgranular zone","Primary somatosensory area, face representation",Secondary somatosensory area,"Primary somatosensory area, hindlimb representation","Agranular insular cortex, posterior area","Primary somatosensory area, barrel field",Retrosplenial dysgranular area,"Primary somatosensory area, trunk representation",Retrosplenial granular area,"Parietal association cortex, lateral area","Parietal association cortex, medial area","Parietal association cortex, posterior area",Primary visual area,"Secondary visual area, lateral part",Temporal association cortex,"Secondary visual area, medial part"
0.0,0.24739156094343226,0.811313822191299,0.8428374028465089,0.8356877166495573,0.8191784166149818,0.8466474532132815,0.8213996370424005,0.7083225110385928,0.7473765567821161,0.6567937987157066,0.8023258234538408,0.7042222756084195,0.6400116865512069,0.7506409984143377,0.6979809224395743,0.8526999137349153,0.7651393387616559,0.8721648368070882,0.8057170307096596,0.8026116825190662,0.7834673764404154,0.6497440874445943,0.5592558762358675,0.4690700036324669,0.46158368292618585,0.7583152361698684,0.6852665259344504,0.44659884137281985,0.7636173453300987,0.7776365494212484,0.7248357196783631,0.6629485843844108,0.7467972792078793,0.8442532443928165,0.8053648981707278,0.9354959695797026,0.8439892391016816,0.8836603658901326,0.8132706475242024,0.9143878560905767,0.8278408466968209,0.8040677717760506,0.8244753687728272,0.8640669478839976,0.828764712915493,0.7297609070052838,0.7449044331068172,0.8804952471093931,0.7481107710242588,0.7242941897954122,0.7416135475645655,0.7392056147007152
0.24739156094343226,0.0,0.276853657615184,0.2895339145887501,0.27637056582245634,0.3092088030084538,0.2780599835403657,0.2943989739128163,0.2946721929314852,0.3362096216894113,0.283808349311997,0.2774710513624095,0.3059586371676411,0.32214685383415864,0.299450281293527,0.29906803561884726,0.2970786270345166,0.30802375036166413,0.3186180648176294,0.3248391452014862,0.2649896002251029,0.3747667279650213,0.4631554529780257,0.5144662374921231,0.4983345546771083,0.532491273683902,0.3936425231630049,0.472477776624142,0.6150639549476421,0.3913632562199509,0.36354340639839444,0.4263960771834524,0.39861533039251495,0.30069904519023605,0.32187817222378395,0.3102435533889407,0.2592308745985286,0.24850802252318083,0.31460446161411837,0.3156540937298566,0.2685915337415548,0.3159261654857922,0.27604592954399354,0.2915370326930986,0.30358981050098677,0.3255755419005964,0.23134250614009733,0.31154400047008235,0.2987277525069608,0.29488360528345053,0.28841230739006435,0.2934546833881036,0.2855049891687645
0.811313822191299,0.276853657615184,0.0,0.919056039802523,0.9067886586593364,0.9067498946442514,0.9854400724117788,0.955947611671538,0.9337909394598284,0.9298227250876104,0.9702045289169281,0.896249851514522,0.9030186601813929,0.8690209602546147,0.9662547177690224,0.9284581160095509,0.9897270012574104,0.9816806870176948,0.9259367137302459,0.9442657494728545,0.8936803896982469,0.8287501233320145,0.7663567547231516,0.7019173994598709,0.5915160255444748,0.5595077261879239,0.8538778932264346,0.7277456698772165,0.538921652837805,0.8706000617295512,0.8764890300135318,0.8120228625624015,0.7148511007357327,0.8714822450716779,0.932246452480324,0.9217469384082061,0.8641107289940432,0.8606530362803562,0.8642807885429764,0.927738057644408,0.9167825230088802,0.9162954272199986,0.9076603417019103,0.8778651205611836,0.9287756669105999,0.8469102170092356,0.7460952249368833,0.8695063340229934,0.9209862381916105,0.9950102025409495,0.9165340977308623,0.950503430878472,0.7786142533497822
0.8428374028465089,0.2895339145887501,0.919056039802523,0.0,0.9448022299256882,0.9986435162483385,0.9924447132646629,0.96337727761233,0.9360698789336742,0.9688187079124101,0.8630047782316222,0.9495926129661065,0.8862652259322221,0.8497829129343168,0.9273187821958624,0.9353349512296492,1.0,1.0,1.0,0.9522409929692164,0.9681940770457782,0.8300710288320438,0.7539164063578776,0.7235026031177784,0.6224014366558117,0.5857727527765069,0.9183631613826152,0.7861492757353512,0.5747070361409444,0.8504415129282976,0.85930493533213,0.8443401066593565,0.7777645022989408,0.7943619380647546,0.9718383914681284,0.9148165043507207,0.9117042462323117,0.8720935822766749,0.9514013434684357,0.9320638134012627,0.8828624149443483,0.9914615611917617,0.9324139430148747,0.898562369020184,0.984992440062054,0.9173185908321985,0.8110918011630808,0.8717082839967943,0.9747986237667279,0.9828805097352036,0.9598442872532181,0.9086015722654041,0.8262378526743314
0.8356877166495573,0.27637056582245634,0.9067886586593364,0.9448022299256882,0.0,0.9531545438159011,0.9729028545457142,0.9441093165620331,0.8355451316103442,0.914339872235673,0.8311761074388281,0.9383181303274589,0.8451766102245046,0.7990488985125455,0.9000485097135728,0.8789236656314198,0.9681096518303243,0.9434734633788193,0.9412189265711318,0.9160908598545984,0.9585171916155079,0.8274718052326624,0.7352879873025181,0.6491111202697581,0.5528371978839336,0.5130108536824033,0.867729876778436,0.7053120111105274,0.5228815896178217,0.8657991629464861,0.82280003124843,0.8098192619683955,0.7291300413865235,0.822630503290406,0.9171716307437566,0.9121707193097671,0.9639920323242983,0.8911052720697586,0.8779895189780467,0.9227340979984289,0.9242530645078546,0.922425278746675,0.9730854354873298,0.9395185977274931,1.0,0.906756311055326,0.8610893871468916,0.9164941919411658,0.8897000507314821,0.8878463947769863,0.8946036883223727,0.8680638194619197,0.894632439871423
0.8191784166149818,0.3092088030084538,0.9067498946442514,0.9986435162483385,0.9531545438159011,0.0,0.9700314258146002,0.9894552832407884,0.8787592561948909,0.9411766110371278,0.8604417162634557,0.932830778418544,0.9367934567811113,0.8823041886721653,1.0,0.9967538130737621,0.9949853851234766,0.9809202584820654,0.97756859508587,0.9618665381151855,0.9362874367652269,0.911452040738438,0.7872591849269566,0.7423846699012434,0.6316932805452836,0.596270364277007,0.9389764114650133,0.8109124241355065,0.5902265587344434,0.939333897757726,0.8811510502039157,0.9072897848816114,0.7690903112813167,0.8227339590807649,0.87744331515548,0.9472191789845724,0.9879256978967713,0.8539508419287316,0.9611616889197753,0.9730174749713992,0.9798187080625456,0.9585011627731359,0.9823488425568296,0.9213002706246735,1.0,0.9392374046089823,0.806344500707934,0.8960693843808906,0.9840230449896042,0.9582371285552994,0.9227261862326015,0.9253163626778265,0.8478569298233264
0.8466474532132815,0.2780599835403657,0.9854400724117788,0.9924447132646629,0.9729028545457142,0.9700314258146002,0.0,0.9900223842521337,0.9696784095881531,1.0,0.9736922619427254,0.9971859235480147,1.0,0.9224765452768066,1.0,0.9569926098607284,0.9746359948585989,0.9961741341648844,0.9928185689136438,1.0,0.9708233166669726,0.8576891935171106,0.7818559771127006,0.7629410514246894,0.6236972666935789,0.6133227799712625,0.9144086310697664,0.7822065804668473,0.5727242502181683,0.9148432071923772,0.9526446127125902,0.9268939395279071,0.8043165847852529,0.9016930198638675,0.9680605472141447,0.9591433193455071,0.9803664953708264,0.8700950341271896,0.9627398199086709,0.93661959286183,0.9445274629866365,0.9564803930433026,0.9444073456096118,0.9348637939139177,0.9934388076504667,0.8971758828278563,0.810972009804985,0.8796663015823382,0.9673675222866922,0.9438513633781657,0.9900577685873475,0.9706268055667903,0.8268151868891355
0.8213996370424005,0.2943989739128163,0.955947611671538,0.96337727761233,0.9441093165620331,0.9894552832407884,0.9900223842521337,0.0,0.872890508175366,1.0,0.9271458832822239,0.9903120815529053,0.9700832394531023,0.904048069106071,0.9522472396238122,0.9491756290023282,0.9248332326608347,0.9852402385751832,0.9211473266934372,0.9710575546289555,0.8997183208085854,0.8348421067952541,0.7492952692733472,0.7580644464990207,0.6304512782249332,0.6132518283878888,0.8973370069114699,0.810903225630696,0.6200035061968614,0.923616433127466,0.880131673250665,0.8936544107959296,0.8047257759963177,0.8514493407508523,0.929275052736748,0.9356827578161724,0.9464180919710632,0.891791299083316,0.9043447820780746,0.8609753436156429,0.927836644357185,0.9615754500794296,0.9317132417749311,0.8936757979664154,1.0,0.9248706190396925,0.827646668325705,0.9029748091069617,0.9639278205972643,0.914120320998242,0.9713791553472688,0.9241691303936317,0.8268728738740745
0.7083225110385928,0.2946721929314852,0.9337909394598284,0.9360698789336742,0.8355451316103442,0.8787592561948909,0.9696784095881531,0.872890508175366,0.0,0.9315128191050658,0.9966432720008697,0.9162292971232386,0.9519891810862636,0.9489420185904166,0.9404997525117981,0.9912864659419801,0.9798688805339874,0.9239247252143832,0.9399691697026095,0.9193697591309066,0.8541558293164663,0.729231421229007,0.7363287876012986,0.7792555564994312,0.6843348179210244,0.6257151365330699,0.8556795704270048,0.6963264937940405,0.6004789668231659,0.7702519689277691,0.7996572817947732,0.8583067380276543,0.6804388865989514,0.8402756806114781,0.8198002295318879,0.8220265790682005,0.7899820474178225,0.7510383939452716,0.8472977491262136,0.7742525844998758,0.7072396182866276,0.8337903317939286,0.7679243354764143,0.7953995372229015,0.8563374969188561,0.7176043367983708,0.656122821333436,0.7553732032304099,0.910791589447767,0.9870400653111719,0.9833041863027268,0.967520402371513,0.6623168164798592
0.7473765567821161,0.3362096216894113,0.9298227250876104,0.9688187079124101,0.914339872235673,0.9411766110371278,1.0,1.0,0.9315128191050658,0.0,0.9376943681018487,0.9549787964718667,0.9935550734035231,0.9513300292363911,0.8992732973169068,1.0,0.9675079996987309,0.9879607003670223,0.9300507823120259,0.9836502704345216,0.9189472937880847,0.9509263511879018,0.8492088533792337,0.8112302456980538,0.7207207993550049,0.6679106277820549,0.9471950217659557,0.8426621897432468,0.6500096977597043,0.9123529245960538,0.9414258625726202,0.9778453247383775,0.7950898658980219,0.9320949138241653,0.9348229993119006,0.8693349314332677,0.8385352491661973,0.7631679504044082,0.9553053775340096,0.9049045479597146,0.8680753772190287,0.9708908693337353,0.864033650987847,0.9062070486621712,0.9641863278200297,0.9075290748035872,0.7774438667639468,0.9752576074739577,0.9730953080478916,0.9510420149722206,0.9720684232048501,1.0,0.8315948072148788
0.6567937987157066,0.283808349311997,0.9702045289169281,0.8630047782316222,0.8311761074388281,0.8604417162634557,0.9736922619427254,0.9271458832822239,0.9966432720008697,0.9376943681018487,0.0,0.8791645704898345,0.9340992709210941,0.9005718924731569,0.9330514704306363,0.9403615642869735,0.9791788068718675,0.9737105609086002,0.8643199861377933,0.8681699731955478,0.8506320628708365,0.7245944044919821,0.7095983831794864,0.7284720945250884,0.6171604220313222,0.6183432914795275,0.8671122814045351,0.7191624344289343,0.5734305527926828,0.8063243319141917,0.8130055603527071,0.8696720050445251,0.6961093304604448,0.7790075509219212,0.8649075359847893,0.8525043783374912,0.787605641987994,0.7365781768134125,0.8149558409918118,0.7762827507454007,0.7581894754722526,0.7941722055828743,0.8295437966805332,0.8128308901299874,0.8684453603340021,0.7301679420442131,0.731683694227206,0.8235541398421995,0.8367599626610703,0.8830175887450246,0.9590969200119394,0.907831951936506,0.6713687050182541
0.8023258234538408,0.2774710513624095,0.896249851514522,0.9495926129661065,0.9383181303274589,0.932830778418544,0.9971859235480147,0.9903120815529053,0.9162292971232386,0.9549787964718667,0.8791645704898345,0.0,0.9665852307408054,0.9072686710645625,0.9287786582058957,0.9249283384606943,0.9971699751677687,0.9754238034210847,0.896757702379686,0.9653700681891597,0.8877551856092806,0.8053233451558953,0.7546068841524015,0.7042214409445181,0.5955714233396201,0.596675983257,0.886400447638352,0.7536560034569322,0.564796463595985,0.8544511188595907,0.8120982984370257,0.8418646273396803,0.749916886589222,0.8387111086254353,0.900311169968587,0.9174922187552177,0.9008923229382412,0.838194944596308,0.879423194378638,0.8450563210713575,0.8692292511265625,0.909006971242933,0.8874547182287839,0.8426005490594013,0.9137607974857065,0.8556488542542864,0.7681187756137937,0.8631953907574411,0.9404125341950089,0.9580878837103107,0.9939209840797923,0.9296836328813086,0.7733469198767424
0.7042222756084195,0.3059586371676411,0.9030186601813929,0.8862652259322221,0.8451766102245046,0.9367934567811113,1.0,0.9700832394531023,0.9519891810862636,0.9935550734035231,0.9340992709210941,0.9665852307408054,0.0,0.955694128839649,1.0,0.950547204696773,0.9987784164811686,1.0,0.9186052699871009,1.0,0.8887503098249637,0.816985700985509,0.7539620921646272,0.7769856000613103,0.6808980158388291,0.6431631002258864,0.8503539658416904,0.7541373663752191,0.6223139540384365,0.8665928906702379,0.8531650573747298,0.8512189007724651,0.7566452172051085,0.8792867717980172,0.8946051549042613,0.9155203851583298,0.8487781631599967,0.7908637392596376,0.9284973293904826,0.8743558141353773,0.8261584560211997,0.8997805537453272,0.8526692940696677,0.9126294762896663,0.9286295160915704,0.8909913047034372,0.7506972693786667,0.9484757736596287,0.9654023158283443,0.9561798475667695,0.9847218719412797,0.9788459520645252,0.8002497812186606
0.6400116865512069,0.32214685383415864,0.8690209602546147,0.8497829129343168,0.7990488985125455,0.8823041886721653,0.9224765452768066,0.904048069106071,0.9489420185904166,0.9513300292363911,0.9005718924731569,0.9072686710645625,0.955694128839649,0.0,0.9060632109311404,0.9425985279701075,0.9287128696915622,0.9336390136936032,0.8497118189591727,0.8589255591699425,0.7915816548094505,0.787098827623193,0.7944941406626614,0.8277128847719181,0.7461982783206663,0.6826371319979357,0.851984004005019,0.7913502241290109,0.655898269615805,0.7991640899561993,0.7886151930901824,0.864055806674744,0.683481868375402,0.7946709672082505,0.8562457352327457,0.8324535470383693,0.7198066455717671,0.71693115813593,0.8200662245589984,0.77636356748505,0.6835406159678462,0.7912403264995859,0.7831868278822512,0.7587750574997066,0.8096945687308482,0.7394249258795133,0.6487987606490095,0.8058660645811888,0.8745186427425566,0.8945984878124594,0.8999884217616807,0.9604588655811699,0.6561775459653508
0.7506409984143377,0.299450281293527,0.9662547177690224,0.9273187821958624,0.9000485097135728,1.0,1.0,0.9522472396238122,0.9404997525117981,0.8992732973169068,0.9330514704306363,0.9287786582058957,1.0,0.9060632109311404,0.0,0.9810105796952227,0.9740682547906205,1.0,1.0,0.9806918634509015,0.958223305250278,0.8159342270243,0.7733875478091756,0.7320590740100521,0.6492410664081677,0.6367562805973721,0.8682970794946135,0.7542243816211334,0.593677830851828,0.8799476538540927,0.891714071197267,0.8675504106601094,0.7279664751267135,0.8709719497455464,0.9190455147362893,0.933249244542306,0.9109089273898588,0.8324268783488644,0.9378198670186528,0.9227523693958126,0.8982302610482992,0.9561946252373155,0.921405733105714,0.8939814590374551,0.9419829730227609,0.8642839228002058,0.7653618937736684,0.842647453766614,0.9343502659356994,0.9857510087925693,1.0,1.0,0.7921026826439829
0.6979809224395743,0.29906803561884726,0.9284581160095509,0.9353349512296492,0.8789236656314198,0.9967538130737621,0.9569926098607284,0.9491756290023282,0.9912864659419801,1.0,0.9403615642869735,0.9249283384606943,0.950547204696773,0.9425985279701075,0.9810105796952227,0.0,1.0,0.9955516444734814,0.9449524677609529,0.9383665246159556,0.9628679593661675,0.8159117321608336,0.725960376464952,0.7443455256149216,0.6680384239063353,0.6273222303636647,0.890765741735549,0.7848982255640286,0.5895672395785406,0.8121169167533222,0.8443013940413558,0.8240271846694428,0.7046359988689793,0.8646091632760714,0.9465366092547514,0.8704443173100419,0.8404241055622033,0.8111230586750132,0.8822657242528464,0.8671499267501165,0.8412713190650144,0.9235872614072341,0.9126628298772916,0.8602779575623516,0.9795846771311351,0.7915787795483566,0.7484640870048311,0.9191380438949609,0.9103603704589444,0.9743961950852046,0.9558119694983568,0.992785200927373,0.8085816966371375
0.8526999137349153,0.2970786270345166,0.9897270012574104,1.0,0.9681096518303243,0.9949853851234766,0.9746359948585989,0.9248332326608347,0.9798688805339874,0.9675079996987309,0.9791788068718675,0.9971699751677687,0.9987784164811686,0.9287128696915622,0.9740682547906205,1.0,0.0,1.0,0.9652747006409235,0.9780343334260196,0.9968892511485583,0.8671797048033918,0.7638614102587832,0.7572413664277012,0.6617492789815335,0.6157389493493496,0.9392245930659447,0.7936706784798029,0.5870202780390189,0.9210188819150212,0.9228138137078957,0.8617963334097204,0.7604357817020869,0.9478727665615628,0.9535012822757928,0.9124997469294255,0.9955014891435118,0.9084017769992887,0.9524170709711288,0.9801825908734348,0.9005252297944132,0.98190642984972,0.9968508777173427,0.9795079807684406,0.9782777394145734,0.9333410334074546,0.820821510253101,0.9397943759599223,0.9713475056511298,0.944467996744137,0.9633573973940442,0.9686052304075163,0.846246902371656
0.7651393387616559,0.30802375036166413,0.9816806870176948,1.0,0.9434734633788193,0.9809202584820654,0.9961741341648844,0.9852402385751832,0.9239247252143832,0.9879607003670223,0.9737105609086002,0.9754238034210847,1.0,0.9336390136936032,1.0,0.9955516444734814,1.0,0.0,0.9711299961065312,0.9469223898295123,0.8860625944645885,0.843406336894974,0.7971527054114753,0.7693560133625623,0.6338308164812633,0.6767925885509335,0.9541127827466436,0.8047704340296039,0.6389136006751799,0.9129970301972337,0.9179011720762165,0.9087853504954726,0.8402934286763784,0.8729647029160844,0.9961250465293711,0.9249998932845731,0.8748305538167844,0.8156809108135267,0.9473074311440227,0.8853281400465854,0.9199037371890278,0.9866518421398998,0.8844743759424106,0.9596252922873041,0.9574255549941684,0.8922775875737731,0.7908887243194943,0.9069463363013925,1.0,0.9501846180851616,1.0,1.0,0.8233346357146673
0.8721648368070882,0.3186180648176294,0.9259367137302459,1.0,0.9412189265711318,0.97756859508587,0.9928185689136438,0.9211473266934372,0.9399691697026095,0.9300507823120259,0.8643199861377933,0.896757702379686,0.9186052699871009,0.8497118189591727,1.0,0.9449524677609529,0.9652747006409235,0.9711299961065312,0.0,0.9864738573811,0.9352294652917726,0.8593775721734672,0.816263137805929,0.7837332933814136,0.6368124164997311,0.6445233907999538,0.9483890924078756,0.8177817667135712,0.6408782371626146,0.9389464472261085,0.9244225101390816,0.9616110629710394,0.8042066367628613,0.8974297266605367,1.0,0.9715105147031994,0.9433293562527678,0.88819160496207,0.977719835617496,0.9300176013497758,0.9668825958318025,0.9913173898557128,0.9339681065341632,0.9257981236742837,0.9303926454489987,0.8552508542600492,0.7821630384950342,0.891038394468106,0.980108185636005,0.9935509099470158,0.9667552651891971,0.959777916664135,0.8770076486052593
0.8057170307096596,0.3248391452014862,0.9442657494728545,0.9522409929692164,0.9160908598545984,0.9618665381151855,1.0,0.9710575546289555,0.9193697591309066,0.9836502704345216,0.8681699731955478,0.9653700681891597,1.0,0.8589255591699425,0.9806918634509015,0.9383665246159556,0.9780343334260196,0.9469223898295123,0.9864738573811,0.0,0.9113672816258894,0.8956161673445541,0.8560781174109924,0.8124287099392774,0.6822440348183215,0.706661756640193,0.9311930193160773,0.8234954060859243,0.6278423868666096,0.9600731229971362,0.9293207287605081,0.9640940187753543,0.8488751234571938,0.8501480006352131,0.9885616736193049,0.9348154445023904,0.9337267787506436,0.8394625094708638,0.9825572483129064,0.9308033508594032,0.8953173845075494,0.9299757247204771,0.865278775035102,0.9006797853822475,0.9390419449711092,0.9666385381192035,0.7752672917558121,0.8852954352689475,0.9326222478096112,0.9488958408710149,0.962404941875463,0.9144704719718163,0.8124177015657161
0.8026116825190662,0.2649896002251029,0.8936803896982469,0.9681940770457782,0.9585171916155079,0.9362874367652269,0.9708233166669726,0.8997183208085854,0.8541558293164663,0.9189472937880847,0.8506320628708365,0.8877551856092806,0.8887503098249637,0.7915816548094505,0.958223305250278,0.9628679593661675,0.9968892511485583,0.8860625944645885,0.9352294652917726,0.9113672816258894,0.0,0.7494793839277929,0.6806520178181211,0.6652381323191581,0.5357264305634123,0.533531974336854,0.8595783046472438,0.7285782269797825,0.5300667414067965,0.7862523565798526,0.7792484821452733,0.7839441517958828,0.6859535464299643,0.8122364073369631,0.9356099707382982,0.8486911339379104,0.939032800377597,0.9246192035917505,0.9539741274564173,0.9170945404723412,1.0,0.9689235337723578,0.9038430261044609,0.9008661569166435,0.9612038086783331,0.8663369406732929,0.8112229741292588,0.8943186229138625,0.9715998570124025,0.8920309041014727,0.8782302430183837,0.9119207330772096,0.8445044481273674
0.7834673764404154,0.3747667279650213,0.8287501233320145,0.8300710288320438,0.8274718052326624,0.911452040738438,0.8576891935171106,0.8348421067952541,0.729231421229007,0.9509263511879018,0.7245944044919821,0.8053233451558953,0.816985700985509,0.787098827623193,0.8159342270243,0.8159117321608336,0.8671797048033918,0.843406336894974,0.8593775721734672,0.8956161673445541,0.7494793839277929,0.0,0.9157476729103146,0.7597030928110449,0.7453872855949525,0.6227031256492844,0.9164435191953865,0.9277656366147956,0.6301150839775913,0.8874840629200192,0.8338922191974246,0.7995429374126058,0.8036343620495461,0.7483973048504223,0.8358926479610035,0.8500602413882419,0.7900082206449847,0.7375066539979487,0.837592403221171,0.8448757348287964,0.784213435023518,0.8619174157314841,0.7885630432552315,0.8480231991018288,0.8416500215624955,0.9010009678649857,0.6865239950514214,0.8165341327811984,0.8696893943706585,0.8145985683978852,0.7868422900528356,0.7710475555753432,0.7638776873685937
0.6497440874445943,0.4631554529780257,0.7663567547231516,0.7539164063578776,0.7352879873025181,0.7872591849269566,0.7818559771127006,0.7492952692733472,0.7363287876012986,0.8492088533792337,0.7095983831794864,0.7546068841524015,0.7539620921646272,0.7944941406626614,0.7733875478091756,0.725960376464952,0.7638614102587832,0.7971527054114753,0.816263137805929,0.8560781174109924,0.6806520178181211,0.9157476729103146,0.0,0.8600351125873501,0.7573028403352862,0.7965988006651942,0.8750628125684233,0.9442846994964527,0.8152005953315948,0.8989781738498661,0.8580115950470053,0.942907843553094,0.8489234976842835,0.7572091706179293,0.8514296048412645,0.777868106410607,0.6660405668146973,0.6608042816549576,0.7948802930021087,0.7414324380851365,0.717025564883189,0.7761622175683112,0.6759732789946541,0.7690847977824715,0.7530331129794308,0.7507800494634016,0.5790680138646157,0.803137589137075,0.7801875164405306,0.7248127341410896,0.7061868870919471,0.7148350560827169,0.6331351150461697
0.5592558762358675,0.5144662374921231,0.7019173994598709,0.7235026031177784,0.6491111202697581,0.7423846699012434,0.7629410514246894,0.7580644464990207,0.7792555564994312,0.8112302456980538,0.7284720945250884,0.7042214409445181,0.7769856000613103,0.8277128847719181,0.7320590740100521,0.7443455256149216,0.7572413664277012,0.7693560133625623,0.7837332933814136,0.8124287099392774,0.6652381323191581,0.7597030928110449,0.8600351125873501,0.0,0.8030094894118265,0.9224165577460477,0.8276365555469746,0.9121863491862287,0.9593949278991404,0.8744762907832766,0.8342731372848464,0.9586575947085102,0.7324592553505426,0.821990703135951,0.8055349383309034,0.7164240546722596,0.6468478237515738,0.5984739757895648,0.7963266463774659,0.6815686605792755,0.6546233446377617,0.7408265690074932,0.6451877497712465,0.6952906781567356,0.7627732548620454,0.7212920225479439,0.5266928346916261,0.7049981822677216,0.742217077533629,0.7280855256235517,0.7595380727115743,0.7222913558030243,0.5863634848213999
0.4690700036324669,0.4983345546771083,0.5915160255444748,0.6224014366558117,0.5528371978839336,0.6316932805452836,0.6236972666935789,0.6304512782249332,0.6843348179210244,0.7207207993550049,0.6171604220313222,0.5955714233396201,0.6808980158388291,0.7461982783206663,0.6492410664081677,0.6680384239063353,0.6617492789815335,0.6338308164812633,0.6368124164997311,0.6822440348183215,0.5357264305634123,0.7453872855949525,0.7573028403352862,0.8030094894118265,0.0,0.7069720212369038,0.7268370118947842,0.7669279405233654,0.6964718989522293,0.6331353528369663,0.634327489262678,0.7051240778942487,0.6124978254865843,0.5854527553914948,0.6237570252939567,0.5926042021418292,0.4917499993267171,0.48052876396540806,0.6008440540197226,0.5999318628437477,0.5338571076853739,0.6300847335831093,0.563902875431042,0.5786183581303783,0.6006080600856073,0.6171217138145416,0.4576063745838896,0.6311266639562296,0.6408002724004837,0.6746023009508999,0.6368248502662701,0.6452817278210898,0.5332143347395095
0.46158368292618585,0.532491273683902,0.5595077261879239,0.5857727527765069,0.5130108536824033,0.596270364277007,0.6133227799712625,0.6132518283878888,0.6257151365330699,0.6679106277820549,0.6183432914795275,0.596675983257,0.6431631002258864,0.6826371319979357,0.6367562805973721,0.6273222303636647,0.6157389493493496,0.6767925885509335,0.6445233907999538,0.706661756640193,0.533531974336854,0.6227031256492844,0.7965988006651942,0.9224165577460477,0.7069720212369038,0.0,0.765158575157133,0.7652774152514209,0.983157773828842,0.7684710040977902,0.7152546232001714,0.8726509803001153,0.6950261202182092,0.647753086060156,0.6831028899879933,0.6217101529800143,0.5163662240025837,0.5032360640987775,0.6455469700090362,0.5816775501420343,0.5275635351652206,0.6155667351757791,0.5287887264805684,0.5500171212591891,0.5892651356042692,0.5743249953524036,0.4250885339736202,0.5965381771760707,0.6294573327351866,0.6013128378748805,0.6092530158156748,0.6158306655197706,0.4995574754245657
0.7583152361698684,0.3936425231630049,0.8538778932264346,0.9183631613826152,0.867729876778436,0.9389764114650133,0.9144086310697664,0.8973370069114699,0.8556795704270048,0.9471950217659557,0.8671122814045351,0.886400447638352,0.8503539658416904,0.851984004005019,0.8682970794946135,0.890765741735549,0.9392245930659447,0.9541127827466436,0.9483890924078756,0.9311930193160773,0.8595783046472438,0.9164435191953865,0.8750628125684233,0.8276365555469746,0.7268370118947842,0.765158575157133,0.0,0.9546696411288564,0.6975993053617878,0.9051885703972411,0.9282277166566753,1.0,0.8404678314467658,0.8445520410491546,0.9607399003081578,0.98512744264091,0.8181158733273354,0.7536726427772993,0.928756450510691,0.8558326300871522,0.8033526035870334,0.862165695858652,0.8188559887933825,0.8126646977669671,0.8968073944671532,0.8640324618980935,0.6974316465968045,0.883021880796258,0.9397838411517359,0.8341717351814845,0.8659900306930355,0.9406433708642966,0.7384839695412515
0.6852665259344504,0.472477776624142,0.7277456698772165,0.7861492757353512,0.7053120111105274,0.8109124241355065,0.7822065804668473,0.810903225630696,0.6963264937940405,0.8426621897432468,0.7191624344289343,0.7536560034569322,0.7541373663752191,0.7913502241290109,0.7542243816211334,0.7848982255640286,0.7936706784798029,0.8047704340296039,0.8177817667135712,0.8234954060859243,0.7285782269797825,0.9277656366147956,0.9442846994964527,0.9121863491862287,0.7669279405233654,0.7652774152514209,0.9546696411288564,0.0,0.7492014893632449,0.935010602978389,0.9145442125644091,0.9518607281453225,0.9121121149866084,0.7855942952346313,0.8487680346952108,0.8783790893561464,0.7039202147086917,0.7034641502206106,0.7984212616766027,0.7778022045115961,0.7254414886244753,0.7600144052677045,0.7198603744057053,0.7866144819338633,0.7984510943499816,0.7413798257008204,0.6025222331618649,0.7706498497364165,0.8277628297446658,0.7713465154596063,0.73146909256969,0.7731337185575474,0.6957671193910645
0.44659884137281985,0.6150639549476421,0.538921652837805,0.5747070361409444,0.5228815896178217,0.5902265587344434,0.5727242502181683,0.6200035061968614,0.6004789668231659,0.6500096977597043,0.5734305527926828,0.564796463595985,0.6223139540384365,0.655898269615805,0.593677830851828,0.5895672395785406,0.5870202780390189,0.6389136006751799,0.6408782371626146,0.6278423868666096,0.5300667414067965,0.6301150839775913,0.8152005953315948,0.9593949278991404,0.6964718989522293,0.983157773828842,0.6975993053617878,0.7492014893632449,0.0,0.7287373588251705,0.7505870384686706,0.8692473370004785,0.6763264357899152,0.6290203344414798,0.6541671625915491,0.5917242407550738,0.5119395776865682,0.4880077018699899,0.6423178189992416,0.5407243316612552,0.5122784468318948,0.5755074597407865,0.5027815332652897,0.5394988450198217,0.5782275935250489,0.542548887293159,0.4071206494026218,0.6122402401900856,0.5866666179464465,0.5853396681112157,0.5858389364363711,0.6105449463366256,0.4896654273199289
0.7636173453300987,0.3913632562199509,0.8706000617295512,0.8504415129282976,0.8657991629464861,0.939333897757726,0.9148432071923772,0.923616433127466,0.7702519689277691,0.9123529245960538,0.8063243319141917,0.8544511188595907,0.8665928906702379,0.7991640899561993,0.8799476538540927,0.8121169167533222,0.9210188819150212,0.9129970301972337,0.9389464472261085,0.9600731229971362,0.7862523565798526,0.8874840629200192,0.8989781738498661,0.8744762907832766,0.6331353528369663,0.7684710040977902,0.9051885703972411,0.935010602978389,0.7287373588251705,0.0,0.9087063945842386,0.9725678498428902,0.8602128829050782,0.8114760238371098,0.9281127093748608,0.9041963507924814,0.8491366886073273,0.7960108949022855,0.9227559758157989,0.8488662957355907,0.8195745131569426,0.9032788611036171,0.8202783542970187,0.8928138243134396,0.8516656226797915,0.8458905286269639,0.7022387225758928,0.8347577062652055,0.894442236367976,0.8007764682505191,0.7954061651575285,0.8787492882372906,0.8195574021017049
0.7776365494212484,0.36354340639839444,0.8764890300135318,0.85930493533213,0.82280003124843,0.8811510502039157,0.9526446127125902,0.880131673250665,0.7996572817947732,0.9414258625726202,0.8130055603527071,0.8120982984370257,0.8531650573747298,0.7886151930901824,0.891714071197267,0.8443013940413558,0.9228138137078957,0.9179011720762165,0.9244225101390816,0.9293207287605081,0.7792484821452733,0.8338922191974246,0.8580115950470053,0.8342731372848464,0.634327489262678,0.7152546232001714,0.9282277166566753,0.9145442125644091,0.7505870384686706,0.9087063945842386,0.0,0.9718210205415198,0.8637194850967198,0.8573202234595345,0.9526372269575282,0.9447343530864322,0.8635554605947564,0.7563707907912535,0.8929370893246683,0.7955679494050154,0.7944209899434527,0.837345321703389,0.7249472222343342,0.8531983652356104,0.9138844546254588,0.8779230713215264,0.7020565438754153,0.9056906915670883,0.885226009064042,0.814847244981933,0.8355243743990725,0.8411977323871735,0.7247086791531385
0.7248357196783631,0.4263960771834524,0.8120228625624015,0.8443401066593565,0.8098192619683955,0.9072897848816114,0.9268939395279071,0.8936544107959296,0.8583067380276543,0.9778453247383775,0.8696720050445251,0.8418646273396803,0.8512189007724651,0.864055806674744,0.8675504106601094,0.8240271846694428,0.8617963334097204,0.9087853504954726,0.9616110629710394,0.9640940187753543,0.7839441517958828,0.7995429374126058,0.942907843553094,0.9586575947085102,0.7051240778942487,0.8726509803001153,1.0,0.9518607281453225,0.8692473370004785,0.9725678498428902,0.9718210205415198,0.0,0.9327738242186735,0.8750413884058007,0.9426571428020841,0.8608570501611325,0.8247127467386678,0.7859330318213253,0.9664290371632287,0.8352615268225784,0.7764682297314707,0.8813404992143978,0.7974097598094193,0.8057283263401765,0.8482962747551173,0.8068398577725001,0.631029469207736,0.8981680252328054,0.9026968300204689,0.8314623624510162,0.8233564578052123,0.8865272378510554,0.7145302456130167
0.6629485843844108,0.39861533039251495,0.7148511007357327,0.7777645022989408,0.7291300413865235,0.7690903112813167,0.8043165847852529,0.8047257759963177,0.6804388865989514,0.7950898658980219,0.6961093304604448,0.749916886589222,0.7566452172051085,0.683481868375402,0.7279664751267135,0.7046359988689793,0.7604357817020869,0.8402934286763784,0.8042066367628613,0.8488751234571938,0.6859535464299643,0.8036343620495461,0.8489234976842835,0.7324592553505426,0.6124978254865843,0.6950261202182092,0.8404678314467658,0.9121121149866084,0.6763264357899152,0.8602128829050782,0.8637194850967198,0.9327738242186735,0.0,0.72631670814511,0.8159185791896275,0.8084175281709641,0.7168940570010096,0.7454855882550917,0.7920180232196196,0.7770018701849523,0.76766005136442,0.7683618082680319,0.691436684739787,0.8175195487503998,0.7678890798780981,0.7911439547455974,0.6940534304858301,0.7779717656418543,0.7707301662730098,0.711730008121922,0.6977723119114247,0.7037618766820851,0.7261802993214281
0.7467972792078793,0.30069904519023605,0.8714822450716779,0.7943619380647546,0.822630503290406,0.8227339590807649,0.9016930198638675,0.8514493407508523,0.8402756806114781,0.9320949138241653,0.7790075509219212,0.8387111086254353,0.8792867717980172,0.7946709672082505,0.8709719497455464,0.8646091632760714,0.9478727665615628,0.8729647029160844,0.8974297266605367,0.8501480006352131,0.8122364073369631,0.7483973048504223,0.7572091706179293,0.821990703135951,0.5854527553914948,0.647753086060156,0.8445520410491546,0.7855942952346313,0.6290203344414798,0.8114760238371098,0.8573202234595345,0.8750413884058007,0.72631670814511,0.0,0.878725565483509,0.8637969703458203,0.8108296470852683,0.7762712025035414,0.8764106029331704,0.7863597551553938,0.8063814823291602,0.8163706812229594,0.7568482964923006,0.7875537114696587,0.8273162612832994,0.7508892996378318,0.6276299047209628,0.7526405147405207,0.8962808163179905,0.8532638605211493,0.8701396760927723,0.8454456007618906,0.7065660199131223
0.8442532443928165,0.32187817222378395,0.932246452480324,0.9718383914681284,0.9171716307437566,0.87744331515548,0.9680605472141447,0.929275052736748,0.8198002295318879,0.9348229993119006,0.8649075359847893,0.900311169968587,0.8946051549042613,0.8562457352327457,0.9190455147362893,0.9465366092547514,0.9535012822757928,0.9961250465293711,1.0,0.9885616736193049,0.9356099707382982,0.8358926479610035,0.8514296048412645,0.8055349383309034,0.6237570252939567,0.6831028899879933,0.9607399003081578,0.8487680346952108,0.6541671625915491,0.9281127093748608,0.9526372269575282,0.9426571428020841,0.8159185791896275,0.878725565483509,0.0,0.9293097501531292,0.9629555827281757,0.8936862188718973,0.9625311534687484,0.9042976683990082,0.8632252217297991,0.9460519523227353,0.9121952256734825,0.9180542596751796,0.9273218273967191,0.9013625813004794,0.7368025223053469,0.8798122624807831,1.0,0.851735597042439,0.8990894747753898,0.8917726801705463,0.8402533098904017
0.8053648981707278,0.3102435533889407,0.9217469384082061,0.9148165043507207,0.9121707193097671,0.9472191789845724,0.9591433193455071,0.9356827578161724,0.8220265790682005,0.8693349314332677,0.8525043783374912,0.9174922187552177,0.9155203851583298,0.8324535470383693,0.933249244542306,0.8704443173100419,0.9124997469294255,0.9249998932845731,0.9715105147031994,0.9348154445023904,0.8486911339379104,0.8500602413882419,0.777868106410607,0.7164240546722596,0.5926042021418292,0.6217101529800143,0.98512744264091,0.8783790893561464,0.5917242407550738,0.9041963507924814,0.9447343530864322,0.8608570501611325,0.8084175281709641,0.8637969703458203,0.9293097501531292,0.0,0.906804755867989,0.8771916639223232,0.9558358268436572,0.9459131416832192,0.8672902073498285,0.9167385612487553,0.8867652203915731,0.8762811612163284,0.9450682588595402,0.8354444895193117,0.7863550752489944,0.8990667656425226,0.9462992788537617,0.8639669516263635,0.9198217455503356,0.9049110686967186,0.8022301775607594
0.9354959695797026,0.2592308745985286,0.8641107289940432,0.9117042462323117,0.9639920323242983,0.9879256978967713,0.9803664953708264,0.9464180919710632,0.7899820474178225,0.8385352491661973,0.787605641987994,0.9008923229382412,0.8487781631599967,0.7198066455717671,0.9109089273898588,0.8404241055622033,0.9955014891435118,0.8748305538167844,0.9433293562527678,0.9337267787506436,0.939032800377597,0.7900082206449847,0.6660405668146973,0.6468478237515738,0.4917499993267171,0.5163662240025837,0.8181158733273354,0.7039202147086917,0.5119395776865682,0.8491366886073273,0.8635554605947564,0.8247127467386678,0.7168940570010096,0.8108296470852683,0.9629555827281757,0.906804755867989,0.0,0.941130941379316,0.9553686362898274,0.975449050548728,0.9457999217987452,0.9489363392955225,0.9323789329463754,0.8845716710305838,0.9310520717230283,0.8553279194150745,0.7776333435979972,0.8137481735327459,0.9755086310958913,0.8352522722917466,0.8336279045131678,0.8226506295308195,0.8150739218927044
0.8439892391016816,0.24850802252318083,0.8606530362803562,0.8720935822766749,0.8911052720697586,0.8539508419287316,0.8700950341271896,0.891791299083316,0.7510383939452716,0.7631679504044082,0.7365781768134125,0.838194944596308,0.7908637392596376,0.71693115813593,0.8324268783488644,0.8111230586750132,0.9084017769992887,0.8156809108135267,0.88819160496207,0.8394625094708638,0.9246192035917505,0.7375066539979487,0.6608042816549576,0.5984739757895648,0.48052876396540806,0.5032360640987775,0.7536726427772993,0.7034641502206106,0.4880077018699899,0.7960108949022855,0.7563707907912535,0.7859330318213253,0.7454855882550917,0.7762712025035414,0.8936862188718973,0.8771916639223232,0.941130941379316,0.0,0.9280484341717075,0.8700080061815594,0.9388985139630085,0.8396788966939741,0.8540285011605,0.864984401177643,0.9282117746493088,0.8462817951105707,0.7786854875077903,0.8336755520093821,0.8756606970946313,0.8227417241106685,0.798304797896901,0.7876552709610092,0.8901804198531601
0.8836603658901326,0.31460446161411837,0.8642807885429764,0.9514013434684357,0.8779895189780467,0.9611616889197753,0.9627398199086709,0.9043447820780746,0.8472977491262136,0.9553053775340096,0.8149558409918118,0.879423194378638,0.9284973293904826,0.8200662245589984,0.9378198670186528,0.8822657242528464,0.9524170709711288,0.9473074311440227,0.977719835617496,0.9825572483129064,0.9539741274564173,0.837592403221171,0.7948802930021087,0.7963266463774659,0.6008440540197226,0.6455469700090362,0.928756450510691,0.7984212616766027,0.6423178189992416,0.9227559758157989,0.8929370893246683,0.9664290371632287,0.7920180232196196,0.8764106029331704,0.9625311534687484,0.9558358268436572,0.9553686362898274,0.9280484341717075,0.0,0.9227204370127108,0.8998488984638229,0.9301850308086258,0.9069434017062891,0.8659445849917266,0.9618250902046876,0.8394925787060874,0.7296422919343316,0.877093927912033,0.9454130714628453,0.8821672369556676,0.9274931368551061,0.8929983780066082,0.8402720262550399
