Cingulate area 2,Frontal association cortex,Cornu ammonis 3,Dentate gyrus,Cornu ammonis 2,Cornu ammonis 1,Fasciola cinereum,Subiculum,Postrhinal cortex,Presubiculum,Parasubiculum,Perirhinal area 35,Perirhinal area 36,Medial entorhinal cortex,Lateral entorhinal cortex,Primary auditory area,"Secondary auditory area, dorsal part","Secondary auditory area, ventral part","Piriform cortex, layer 1","Piriform cortex, layer 2","Piriform cortex, layer 3",Ventrolateral orbital area,Lateral orbital area,Ventral orbital area,Medial orbital area,Dorsolateral orbital area,Prelimbic area,Secondary motor area,Frontal association area 3,Primary motor area,"Agranular insular cortex, ventral area",Agranular insular cortex dorsal area,Cingulate area 1,Infralimbic area,Dysgranular insular cortex,Granular insular cortex,"Primary somatosensory area, forelimb representation","Primary somatosensory area, dysgranular zone","Primary somatosensory area, face representation",Secondary somatosensory area,"Primary somatosensory area, hindlimb representation","Agranular insular cortex, posterior area","Primary somatosensory area, barrel field",Retrosplenial dysgranular area,"Primary somatosensory area, trunk representation",Retrosplenial granular area,"Parietal association cortex, lateral area","Parietal association cortex, medial area","Parietal association cortex, posterior area",Primary visual area,"Secondary visual area, lateral part",Temporal association cortex,"Secondary visual area, medial part"
0.0,0.48776225993483074,0.8456969909897868,0.750996540272937,0.8141895697787774,0.7617868633433657,0.6733017467369131,0.7175534193637825,0.5620113662554471,0.732944692424296,0.6172597579590522,0.7556107203688531,0.7357492552780658,0.580022434307799,0.6799455494165991,0.7605123890536065,0.6875842992300429,0.8008953711016313,0.7285793421330832,0.7119969752214836,0.8121135185741302,0.4573316589747229,0.49651086889085766,0.49291206359573414,0.3677654358682637,0.38404393137240517,0.5886767077416964,0.580140105961722,0.4786549765426755,0.7346113472718496,0.7171180082560792,0.5903519082133574,0.939116635684329,0.6620860908594467,0.8035643554300851,0.8100547027117874,0.8910971583318772,0.9063378854952662,0.7247376341714619,0.8718691401707894,0.888225606005624,0.8106322165620328,0.7893409692467842,0.7103638650512629,0.8398358565376908,0.6917405098833544,0.8495000819301332,0.7059535529502318,0.6967659930076529,0.744736175620003,0.6314262010660475,0.616458017337207,0.5793300581080694
0.48776225993483074,0.0,0.6098904166143957,0.6022636938737912,0.6251298679188269,0.6688270696580793,0.46628250178300307,0.6070798101676294,0.5325887387261068,0.6984359871393091,0.49838790087471285,0.7164841273331867,0.7134818838252951,0.5714632077496485,0.6091416278259225,0.6834168750951568,0.7161294064542644,0.6790685932718419,0.7014047587500366,0.7590255454466245,0.6668469915598964,0.8880293909256497,0.8602519251544772,0.8620502216537627,0.7222676955923921,0.8040756288297438,0.7754732952077498,0.816496444296345,0.8719015683345956,0.6954551466743822,0.8334328827414377,0.875357908550701,0.4805358547693421,0.7270620903988988,0.7113555371968391,0.6241041400790087,0.6189086997673373,0.5097913739266682,0.7399530735227453,0.6096448203232789,0.5630067005930484,0.5134786223250364,0.46751681016102764,0.6160587278588489,0.5482518296579162,0.5615073217850831,0.523706108041941,0.6365384195922963,0.480432769302933,0.6949722140879373,0.7448796279721486,0.719656980747743,0.6204775080586659
0.8456969909897868,0.6098904166143957,0.0,0.9997330202006293,1.0,0.9837323879990095,0.8489022114421778,0.9890520802647672,0.8216675942013707,0.9002969646244134,0.8630040171260575,0.90069959069608,0.9498951437781766,0.8035891345167142,0.8625079289431484,0.9563015878563086,0.9134282982974644,1.0,0.9031700564755506,0.8255565541946046,0.9796946345175824,0.5646958884626991,0.6132730560504588,0.6582368439827001,0.4847646559855201,0.4591173157830483,0.6409695578452075,0.664216809741358,0.6274740718549656,0.924574102823257,0.8743122543328935,0.7014591007157248,0.9462354702323115,0.7062158871078514,0.9085804313520225,0.9718261240507724,0.940238568072998,0.956090517120415,0.8879456521634169,0.9352123381328995,0.9702288365268105,0.922350005800341,0.9250622622560107,0.9397984921863999,1.0,0.8817662069858494,1.0,0.8726298760616045,0.8521911656350544,1.0,0.8904049070607978,0.8968903106038782,0.8422200837863704
0.750996540272937,0.6022636938737912,0.9997330202006293,0.0,1.0,0.9211741439338077,0.9776865007444915,1.0,0.8465169510969716,0.9503949070213512,0.8792146900134343,0.9488519979637542,0.9270741924217156,0.972044280981093,0.9513322684338659,0.9727671178301459,0.9953654230450614,1.0,0.9540276848968395,0.9186415319277317,0.9743387354508031,0.6114840070624935,0.6106530972042231,0.6392923857462844,0.4859071993262718,0.5022128619875535,0.7069992312918362,0.7097530201268066,0.6517256072186957,0.9550756618551264,0.8757752696835565,0.737122508499338,0.9388217940750875,0.7453099929709769,0.9540881820649108,0.9874450318814209,0.9781532738808548,0.8553504533283401,0.8771360436125397,0.9883487760177413,0.9626851782723204,0.9612113356950318,0.944480778151619,0.8752010024675871,0.9780680816629419,0.8895661493387139,1.0,0.8997333054296973,0.896489446451247,1.0,0.9200044892099047,0.9033058968963279,0.8648698965495875
0.8141895697787774,0.6251298679188269,1.0,1.0,0.0,0.9364375018448915,0.8415749462117987,0.9916274825617885,0.8983828692540621,0.9694479939393982,0.9046281881725288,0.9631501792684282,0.9819988113118929,0.8650488257641284,0.9110364229387969,1.0,0.9950096407251504,1.0,0.9134563160793338,0.8998851856095795,0.9768598748919123,0.5976411089356181,0.6247892369245279,0.6534694461319227,0.5227373077560042,0.49029930972568997,0.6970921813469871,0.6902015275168151,0.6343769297767329,0.8388888095246424,0.9385581236561353,0.6785910653813011,0.9027607616762157,0.7298857217639251,0.8833538066457377,0.9803964140094067,0.9375868307167506,0.8608285317473978,0.8708157713511967,0.9630207978733764,0.9426868176772762,0.9516075283469342,0.8604337266658612,0.9216537700542793,0.9465648633942958,0.9386590234528419,0.9822700101103535,0.8921520737227735,0.8826506959475144,1.0,1.0,0.925924208114081,0.8694961054560827
0.7617868633433657,0.6688270696580793,0.9837323879990095,0.9211741439338077,0.9364375018448915,0.0,0.9037799373797569,0.9997403798730142,0.8305366689589049,0.9928960059777072,0.8443838474819928,0.9245204822690072,0.8713566977171928,0.8350386862427372,0.8701033385134626,0.9689285310760855,0.9144627135207285,0.9569893831820234,0.8790324880032911,0.8427898053426776,0.971902431683288,0.6953251587274809,0.6905467304231792,0.7190781880158362,0.5212398503786024,0.5529689882518712,0.7573792770906859,0.8195260373381664,0.6660337113094817,0.9022299010464835,0.8871543883016108,0.7699615739242477,0.8651472518335148,0.7597624137214539,0.9066655428308786,0.9182938882294062,0.9368944224564023,0.8426156681606523,0.9741286616486636,0.9707988851941999,0.9049167489357112,0.9143684656369315,0.8627568496565254,0.9402367387140047,0.9135997258821626,0.8586623557681383,0.9530751005453951,0.8881681018226039,0.8135998408001399,0.9862385456432744,0.9334332941795098,0.894658226181227,0.8557526295616045
0.6733017467369131,0.46628250178300307,0.8489022114421778,0.9776865007444915,0.8415749462117987,0.9037799373797569,0.0,0.8966659135259418,0.7960374677674429,0.8401911042248943,0.8282631678550396,0.826553819679993,0.7604148404463491,0.8468701459376269,0.7465253037832961,0.7649374332396485,0.7857548797440764,0.8494359916136736,0.8136384696738491,0.7448310426683188,0.8122838149237402,0.47566461683985667,0.495167799646228,0.5650494012346124,0.43389347271693934,0.396724738706505,0.5625771740947971,0.5461458119520949,0.5220645247003854,0.8073152337172348,0.6975947955776016,0.5772383618200919,0.8162678623040776,0.5313213659476228,0.7818669138923667,0.8183165851866663,0.7786490983809589,0.7345908025816363,0.7823210889978992,0.824903916413179,0.8736111783926097,0.8755745731847359,0.7714840186523296,0.9297652171816587,0.853783049817716,0.901106921281947,0.9152723983278835,0.8618617059448164,0.7398847376342619,0.8753109663416462,0.7630915326292047,0.7830363176046452,0.8504044357480061
0.7175534193637825,0.6070798101676294,0.9890520802647672,1.0,0.9916274825617885,0.9997403798730142,0.8966659135259418,0.0,0.9170163614776996,1.0,0.9363037900325969,0.8862095981464476,0.9355408049313485,0.9938044159423635,1.0,0.9290605451444771,0.987706403560346,0.9512877266224767,0.9277652664657987,0.8417892072026251,0.9564579227050529,0.6290995712945415,0.6568152574819986,0.6967896094617224,0.5503365957071633,0.5229530801535598,0.7178907384076769,0.7047170993512843,0.6858450755484116,0.9015598548606091,0.8409691310708817,0.7025486971291991,0.8953610983658276,0.7408074533270225,0.9117590187663593,0.9592242967488788,0.9191333332197873,0.7626143399053922,0.9129541219032896,0.9220464965519429,0.8740861701180359,0.9159407167736259,0.9202117242099249,0.9234238599389666,0.9223563133460156,0.8713563755521696,0.9536028488932885,0.8831499081684382,0.8824081058413807,0.9502758815099162,0.99552732822291,0.9507805172365363,0.9211320066974752
0.5620113662554471,0.5325887387261068,0.8216675942013707,0.8465169510969716,0.8983828692540621,0.8305366689589049,0.7960374677674429,0.9170163614776996,0.0,0.8306939302235379,0.9807033050738773,0.7928539601825586,0.8532243733318684,1.0,0.8808522193140982,0.8356869955805378,0.8768299235308431,0.8128229488844717,0.7505092546578251,0.7081887578070415,0.7768659366909441,0.5580529877928202,0.559715088911711,0.6614466965712683,0.5124467351631753,0.45505748627900927,0.6079652727627135,0.5631975395576572,0.6043001809382091,0.7117997360206408,0.74074135483487,0.6391494114705062,0.7439665418186884,0.5787817042055908,0.7356677093844768,0.7814896970411433,0.7401180163782817,0.6065848310179393,0.7184986497735126,0.7585906368110494,0.7597354302798796,0.7361137981264625,0.7417367801585761,0.73222859873626,0.8053714311923433,0.7601174844280868,0.8262162422218845,0.6924661561099424,0.8465979478415345,0.9020332216384916,0.889122226249688,0.8755450767953944,0.7644515853580856
0.732944692424296,0.6984359871393091,0.9002969646244134,0.9503949070213512,0.9694479939393982,0.9928960059777072,0.8401911042248943,1.0,0.8306939302235379,0.0,0.8734157003286162,0.9680816131393136,0.9262006741967523,0.8698335644377266,0.9001329683919329,0.9744022207336016,0.9689532959208169,1.0,0.9524747658963376,0.8161592647716546,0.9301324179768841,0.6918153844051594,0.705655250588002,0.7537709260542382,0.5542394475423036,0.5516166008273764,0.7731471745611589,0.7806464398891396,0.7043388713828996,0.9033719378020104,0.9492559181519692,0.7957101834296764,0.8305359667468181,0.7592009936431972,0.9196243714240193,0.8934313725526732,0.8413540810334005,0.8481571351326134,0.9050718604841812,0.8951195219603588,0.8779288336897968,0.8708170666269979,0.8086124755851515,0.9158304263168847,0.8783725897355347,0.8884571204825374,0.9343489653661367,0.9227517709196328,0.7925814884878606,0.9115667792347605,0.9473693937442894,0.8797974935359083,0.8661446620446476
0.6172597579590522,0.49838790087471285,0.8630040171260575,0.8792146900134343,0.9046281881725288,0.8443838474819928,0.8282631678550396,0.9363037900325969,0.9807033050738773,0.8734157003286162,0.0,0.8465731710369889,0.8497240785394811,0.9456266265258374,0.9336560974682744,0.8313268340891062,0.9040730319055006,0.8622930599784172,0.8207560882780343,0.8025343088873345,0.8207045504561468,0.5422760920507916,0.5417175958681727,0.6819048869368474,0.5204070896318143,0.4478894234164741,0.5507137990580002,0.5613167359210457,0.6002539290010638,0.7581575161610583,0.7181232128240248,0.5818747565967981,0.7792156773028499,0.5888955555898955,0.7998325948132723,0.8252465704495052,0.7662463116248968,0.6339738383006754,0.7177512545125817,0.805405275151933,0.797458998862823,0.8346295029939449,0.7227391402559926,0.7663777176122576,0.7731969360449034,0.7847884186499836,0.8695459187502348,0.7531897505723946,0.7934702927847066,0.9041564685989854,0.9133428718848159,0.9170639338334925,0.8361935344948651
0.7556107203688531,0.7164841273331867,0.90069959069608,0.9488519979637542,0.9631501792684282,0.9245204822690072,0.826553819679993,0.8862095981464476,0.7928539601825586,0.9680816131393136,0.8465731710369889,0.0,0.9780933862018667,0.8229893212622927,0.9181515037597615,0.9159637400798231,0.9840576818025911,0.9688300528597803,0.8681996386713646,0.9190142568160576,0.9585532533383944,0.7360666457149375,0.7251750959416201,0.7854997173242667,0.5422369753290844,0.6047807088230486,0.8116117919922414,0.7889149937951667,0.7386186565403733,0.9243588033297132,0.9000360840864831,0.8217420029304876,0.8039565288361518,0.838249240358787,0.9522078070986583,0.9382996486052881,0.9140126061536205,0.7975435918240846,0.9222703096995861,0.8708354716860014,0.8260346602286174,0.8380830946943533,0.788107147459246,0.8764881461412678,0.8544039777142546,0.8022645576012548,0.8855937797679553,0.8614110701254006,0.7957809818160981,0.976738138702683,0.9128045598435651,0.9372201475723058,0.8180283023758207
0.7357492552780658,0.7134818838252951,0.9498951437781766,0.9270741924217156,0.9819988113118929,0.8713566977171928,0.7604148404463491,0.9355408049313485,0.8532243733318684,0.9262006741967523,0.8497240785394811,0.9780933862018667,0.0,0.8912580876337226,0.947386377815862,0.9791274327011102,0.9817019994601086,1.0,0.9006037931484038,0.8278514363023717,0.9431699968537365,0.7056602934721552,0.6806084082282952,0.7195171053917292,0.5547848371062998,0.5428202059658861,0.7692219419837032,0.7350740420610279,0.7097781621075121,0.867136738285609,0.9410472808494044,0.837321882067307,0.8135818620845829,0.8118986994874486,0.8886857644789898,0.9520010590221504,0.9583853727507757,0.7757399963873916,0.8939723012251327,0.8014332088932608,0.8420900261864216,0.8794105547859702,0.810928022463671,0.8486304891128744,0.8653397687964104,0.8026296976787515,0.909149433801944,0.8031471539502946,0.836759211225545,0.9586933332318553,1.0,0.9268479382883188,0.7948370590621033
0.580022434307799,0.5714632077496485,0.8035891345167142,0.972044280981093,0.8650488257641284,0.8350386862427372,0.8468701459376269,0.9938044159423635,1.0,0.8698335644377266,0.9456266265258374,0.8229893212622927,0.8912580876337226,0.0,0.9819790507566591,0.8818044349695273,1.0,0.8588654239560789,0.7943622979186116,0.7970433032324103,0.7862575577996613,0.5689958435428041,0.5774904796657769,0.6537865725880543,0.5626509929185615,0.4658982905501253,0.6024579740207215,0.5989512413191275,0.6276604198031442,0.7527249745539752,0.7888709779711559,0.6472056888734162,0.7429095031057751,0.6115918690451251,0.7957398463512211,0.8576460954664454,0.7651963032800536,0.6664706706170708,0.7588583001419188,0.819188122521134,0.7895226229521123,0.7886382853136285,0.7456057734267812,0.7384416894396938,0.8145788571704904,0.753272984987033,0.8677651922703082,0.7493430936373966,0.8762448135407138,0.9017565338146505,0.9535938655745454,0.9081705245757461,0.836695749081621
0.6799455494165991,0.6091416278259225,0.8625079289431484,0.9513322684338659,0.9110364229387969,0.8701033385134626,0.7465253037832961,1.0,0.8808522193140982,0.9001329683919329,0.9336560974682744,0.9181515037597615,0.947386377815862,0.9819790507566591,0.0,0.9274158401998813,0.9470384735066792,0.9693756820700843,0.7962071989419253,0.7953648680632782,0.9386992963220623,0.6312280230646188,0.5944284439344483,0.6599534112863653,0.5107901190807032,0.5281829778776145,0.6736763989962464,0.6473843132556006,0.6652336260934889,0.8105881293546069,0.8492993697027232,0.7103722465152014,0.8073874775443418,0.6854127344926152,0.8552676612267498,0.9273392887081182,0.8908511780415723,0.7464245843226722,0.8434308952030506,0.8308902768720104,0.8608384042246843,0.8227148560785719,0.7799255736844221,0.8125901830000757,0.8891028949813313,0.8171557960042959,0.8965419068799773,0.8266597232681071,0.8445960871893309,0.9423231512389935,0.9460390714041255,0.9435310341008705,0.7588183921447141
0.7605123890536065,0.6834168750951568,0.9563015878563086,0.9727671178301459,1.0,0.9689285310760855,0.7649374332396485,0.9290605451444771,0.8356869955805378,0.9744022207336016,0.8313268340891062,0.9159637400798231,0.9791274327011102,0.8818044349695273,0.9274158401998813,0.0,1.0,0.9827386855016601,0.9132927405041948,0.9188032762018038,0.9797328283524471,0.6645930005230838,0.6732269150281137,0.7201769923075843,0.544111147373353,0.5274568276446788,0.7077262481364778,0.7396974178356734,0.701189827332041,0.8770816158894881,0.9770650863850289,0.7612266016666719,0.8530931016123899,0.7569960062171586,0.8822451360578086,0.8867354398863019,0.915745195198209,0.873588241002953,0.9015536662190974,0.8791601515906833,0.910586495812735,0.8856993797177274,0.8355051037432316,0.8916336557262957,0.9372842664415522,0.8745478085451796,0.9301483585408324,0.8674679069622924,0.8618561370425766,0.9593537832084843,0.9970174197587997,0.8931949304201537,0.7956505566267182
0.6875842992300429,0.7161294064542644,0.9134282982974644,0.9953654230450614,0.9950096407251504,0.9144627135207285,0.7857548797440764,0.987706403560346,0.8768299235308431,0.9689532959208169,0.9040730319055006,0.9840576818025911,0.9817019994601086,1.0,0.9470384735066792,1.0,0.0,1.0,0.8743141150593241,0.8686912456417867,0.9471457797635965,0.695000925996895,0.6894870406734587,0.7601706474337658,0.5665294092752508,0.5527455545544759,0.7402791206898596,0.7293395321386208,0.7264381832106264,0.877296868734423,0.9736110326743178,0.8094432590398881,0.8094510253151276,0.7521738923740833,0.9052421318530134,0.9116840427268094,0.8483656713437835,0.7720541789048168,0.9284821403412604,0.8900556187012737,0.8714743088874537,0.8421490148295409,0.7752363690548223,0.9292909437354708,0.8744667671383863,0.8663828096794752,0.9488225557185654,0.8349400293442051,0.8366857359917969,1.0,0.9654071631334786,0.995003776614709,0.8504304608625048
0.8008953711016313,0.6790685932718419,1.0,1.0,1.0,0.9569893831820234,0.8494359916136736,0.9512877266224767,0.8128229488844717,1.0,0.8622930599784172,0.9688300528597803,1.0,0.8588654239560789,0.9693756820700843,0.9827386855016601,1.0,0.0,0.9439773404079986,0.9171059506770267,0.9846250960900044,0.6258882793637545,0.6593279745702629,0.7042768618479411,0.5534971468814559,0.5091045076599414,0.7174432349145223,0.7100871114188496,0.6431113202709733,0.950525384453228,0.9149883347547465,0.723449921379075,0.8912888139755554,0.7251000980204869,0.9046576747642241,0.9198778101806374,0.9889436312237985,0.8630152117618745,0.9381162692560667,0.9226565450929692,0.9628073163306579,0.9257851947900859,0.9510317662808098,0.905102717706114,0.9320255661411844,0.8838305135544697,0.9758489825288039,0.9258191213641039,0.8414975188983544,1.0,0.9706490893048029,0.9144266084690454,0.8355191702389251
0.7285793421330832,0.7014047587500366,0.9031700564755506,0.9540276848968395,0.9134563160793338,0.8790324880032911,0.8136384696738491,0.9277652664657987,0.7505092546578251,0.9524747658963376,0.8207560882780343,0.8681996386713646,0.9006037931484038,0.7943622979186116,0.7962071989419253,0.9132927405041948,0.8743141150593241,0.9439773404079986,0.0,0.9227102417245565,0.9106995370390617,0.684160322637783,0.7170339496255875,0.7664883477550938,0.559603246388372,0.6051861754202082,0.80895478972708,0.8074232346941974,0.7725207429264674,0.9476476076199135,0.9007539399406137,0.81871264080228,0.8502534614599038,0.7906387083612914,0.8760097672271039,0.9716079490819155,0.9302622719312851,0.8094389974368865,0.9367265540172832,0.9433121088622748,0.8606839122338147,0.8529178504313184,0.8197726439635399,0.8625004615128476,0.8982332703730008,0.8519430030474743,0.8495676376521327,0.9216564375956362,0.7194486849277036,0.9043211227371732,0.925903153383328,0.8373512536133563,0.8147796543037663
0.7119969752214836,0.7590255454466245,0.8255565541946046,0.9186415319277317,0.8998851856095795,0.8427898053426776,0.7448310426683188,0.8417892072026251,0.7081887578070415,0.8161592647716546,0.8025343088873345,0.9190142568160576,0.8278514363023717,0.7970433032324103,0.7953648680632782,0.9188032762018038,0.8686912456417867,0.9171059506770267,0.9227102417245565,0.0,0.8704256778735722,0.7312732821709994,0.7600950800284495,0.7530858623247747,0.5874566582437537,0.6576880292468592,0.7529690090026039,0.7662869825702401,0.7655945286587582,0.8461739058038713,0.894961300504142,0.7939786234674501,0.7822887755732528,0.7450778999256866,0.8783678923317957,0.890374998193423,0.8089454247735598,0.718784728197271,0.9072189660980219,0.8185557013266959,0.8819655261776274,0.8680682986314057,0.7353855261641316,0.7918225225905664,0.8390073725504749,0.7617771740088921,0.7935881866170441,0.8569723692296937,0.742539525455939,0.8998585015735915,0.896403069258356,0.8825871813853438,0.7764999516381287
0.8121135185741302,0.6668469915598964,0.9796946345175824,0.9743387354508031,0.9768598748919123,0.971902431683288,0.8122838149237402,0.9564579227050529,0.7768659366909441,0.9301324179768841,0.8207045504561468,0.9585532533383944,0.9431699968537365,0.7862575577996613,0.9386992963220623,0.9797328283524471,0.9471457797635965,0.9846250960900044,0.9106995370390617,0.8704256778735722,0.0,0.6442079903176506,0.6539085823399542,0.6814715465895143,0.4869205759451961,0.5401945656330122,0.7301739823184693,0.7937482982989534,0.6856927589421179,0.8985907801629065,0.9849819362071538,0.8350568862244425,0.8994594538673037,0.7495105777820592,0.926160992561219,0.9939126201331906,0.9944849428722672,0.943204282928549,0.898330613923864,0.9265745922362093,0.9993313734775405,0.9364554768830025,0.8509063473714652,0.9014359448673587,0.9442549766410486,0.9585842235132129,0.9587781166498547,0.8300280264959815,0.7934156384866603,0.9585816225213865,0.8916552537567373,0.8420223141880682,0.818480355318184
0.4573316589747229,0.8880293909256497,0.5646958884626991,0.6114840070624935,0.5976411089356181,0.6953251587274809,0.47566461683985667,0.6290995712945415,0.5580529877928202,0.6918153844051594,0.5422760920507916,0.7360666457149375,0.7056602934721552,0.5689958435428041,0.6312280230646188,0.6645930005230838,0.695000925996895,0.6258882793637545,0.684160322637783,0.7312732821709994,0.6442079903176506,0.0,0.969660503555916,0.9355424022370368,0.748268874355592,0.8627761979043026,0.8742832851793532,0.854540314704522,0.9169479567184219,0.6981197166858506,0.8171914456055418,0.9284634110824278,0.4884012753261996,0.7443390535470884,0.7228311689813988,0.68769969116536,0.5564750974340725,0.47649358184047874,0.7874161360874729,0.6281940484334751,0.5228125603196528,0.5259047601468451,0.4549435248984602,0.6150981431171266,0.5127702898979469,0.5603535275469055,0.479747276986239,0.5743806361257076,0.4715292967016008,0.6933870705397246,0.7063891573480682,0.728857531615473,0.6474773962153634
0.49651086889085766,0.8602519251544772,0.6132730560504588,0.6106530972042231,0.6247892369245279,0.6905467304231792,0.495167799646228,0.6568152574819986,0.559715088911711,0.705655250588002,0.5417175958681727,0.7251750959416201,0.6806084082282952,0.5774904796657769,0.5944284439344483,0.6732269150281137,0.6894870406734587,0.6593279745702629,0.7170339496255875,0.7600950800284495,0.6539085823399542,0.969660503555916,0.0,0.9459568936690262,0.7649995185113438,0.8397010659820272,0.8656499495987712,0.9027332002497769,0.9731508458888474,0.7417859880250153,0.904154688831853,0.9101880812026748,0.5246249661776196,0.7815859703973564,0.7466311473746882,0.6788683160431007,0.5957084272679073,0.5141487550905982,0.8122335330328955,0.6301214159236873,0.5793945070211556,0.558430884268763,0.4819358213012145,0.5842971263291873,0.5711377190427883,0.5670996173306224,0.5099974752211152,0.6157944488021966,0.4972680978861405,0.7037276026414148,0.7670893769940422,0.6983939448387316,0.6507562081051277
0.49291206359573414,0.8620502216537627,0.6582368439827001,0.6392923857462844,0.6534694461319227,0.7190781880158362,0.5650494012346124,0.6967896094617224,0.6614466965712683,0.7537709260542382,0.6819048869368474,0.7854997173242667,0.7195171053917292,0.6537865725880543,0.6599534112863653,0.7201769923075843,0.7601706474337658,0.7042768618479411,0.7664883477550938,0.7530858623247747,0.6814715465895143,0.9355424022370368,0.9459568936690262,0.0,0.8372951812436901,0.7893665773445846,0.8378643928521106,0.8531419119982243,0.9060737801368683,0.7010242497898282,0.8625505153326086,0.8606604830708408,0.5349688526621982,0.6970477308463557,0.7274345200456304,0.7026809822485489,0.5923801984980843,0.4915406178906788,0.7587884412647512,0.7142485468258681,0.6051129304529891,0.5962944026359845,0.5091286000814109,0.622139071690125,0.5673942825931573,0.6015037051635956,0.5546699474937326,0.6414199545325909,0.5530066835529323,0.7655443247733951,0.792579092501293,0.7863306141070964,0.6986880262290057
0.3677654358682637,0.7222676955923921,0.4847646559855201,0.4859071993262718,0.5227373077560042,0.5212398503786024,0.43389347271693934,0.5503365957071633,0.5124467351631753,0.5542394475423036,0.5204070896318143,0.5422369753290844,0.5547848371062998,0.5626509929185615,0.5107901190807032,0.544111147373353,0.5665294092752508,0.5534971468814559,0.559603246388372,0.5874566582437537,0.4869205759451961,0.748268874355592,0.7649995185113438,0.8372951812436901,0.0,0.6122056893547976,0.615881412614471,0.6578565434345819,0.7218077202107943,0.5322774441214936,0.6387460791966287,0.6102461224669404,0.39256253804436403,0.5109262709406182,0.5483670990660232,0.5117378927985868,0.4306508278518198,0.35893592172405314,0.5708678257065939,0.48666394444503636,0.4561628671978879,0.44488520219795874,0.3900149601264242,0.490380985306732,0.4370741813075143,0.4739377393954474,0.4156093932889216,0.5496689936006854,0.4241292978287876,0.5767401983058247,0.6260509325687901,0.6337187685865051,0.5927653220391241
0.38404393137240517,0.8040756288297438,0.4591173157830483,0.5022128619875535,0.49029930972568997,0.5529689882518712,0.396724738706505,0.5229530801535598,0.45505748627900927,0.5516166008273764,0.4478894234164741,0.6047807088230486,0.5428202059658861,0.4658982905501253,0.5281829778776145,0.5274568276446788,0.5527455545544759,0.5091045076599414,0.6051861754202082,0.6576880292468592,0.5401945656330122,0.8627761979043026,0.8397010659820272,0.7893665773445846,0.6122056893547976,0.0,0.745609981238041,0.7472998894024323,0.9042174582309837,0.5754921261803169,0.7155134260817254,0.8378290300530331,0.399904718424226,0.6346953931942662,0.5928936237861102,0.5933941949846485,0.4899735144189265,0.38693006628601234,0.6264620842977127,0.5013839247443411,0.42942734211551303,0.4191035349633181,0.38270603686510557,0.47494861935472227,0.420739075473415,0.4421455869705846,0.40599448773170477,0.47534117816977955,0.4041668243565663,0.5704682563745028,0.6092535391362177,0.608960767483604,0.5077571569308256
0.5886767077416964,0.7754732952077498,0.6409695578452075,0.7069992312918362,0.6970921813469871,0.7573792770906859,0.5625771740947971,0.7178907384076769,0.6079652727627135,0.7731471745611589,0.5507137990580002,0.8116117919922414,0.7692219419837032,0.6024579740207215,0.6736763989962464,0.7077262481364778,0.7402791206898596,0.7174432349145223,0.80895478972708,0.7529690090026039,0.7301739823184693,0.8742832851793532,0.8656499495987712,0.8378643928521106,0.615881412614471,0.745609981238041,0.0,0.895801886574747,0.8357299629734075,0.7974664043537469,0.8955777194164433,0.9520601328368508,0.5492361735901801,0.8933508692022735,0.8001538109978035,0.8618133674518426,0.6851749127871384,0.5517763521582099,0.8617073183182764,0.7475082087430728,0.5720534458384406,0.6278161742269075,0.5601747802423567,0.6296098807596076,0.5637316251036297,0.5949763117612374,0.5441106750340808,0.5958393056549818,0.5514096508189722,0.7332848253321208,0.7575592282398073,0.7780539639523827,0.6385476440335918
0.580140105961722,0.816496444296345,0.664216809741358,0.7097530201268066,0.6902015275168151,0.8195260373381664,0.5461458119520949,0.7047170993512843,0.5631975395576572,0.7806464398891396,0.5613167359210457,0.7889149937951667,0.7350740420610279,0.5989512413191275,0.6473843132556006,0.7396974178356734,0.7293395321386208,0.7100871114188496,0.8074232346941974,0.7662869825702401,0.7937482982989534,0.854540314704522,0.9027332002497769,0.8531419119982243,0.6578565434345819,0.7472998894024323,0.895801886574747,0.0,0.8570162925130701,0.8253041107134325,0.911441046508249,0.8730938050849509,0.5789084139398836,0.8533895645678258,0.7961947705295044,0.7767204300624143,0.7231280020964013,0.5705442450012287,0.8811230440916435,0.7185450968783412,0.6441952193108229,0.6141608655756049,0.566107470911467,0.6457129590379015,0.6196823076279663,0.6388555094285528,0.5784397789381995,0.6868345286119251,0.5303006482832873,0.7540174019158689,0.7788624464804027,0.7455169812185014,0.7105278911657157
0.4786549765426755,0.8719015683345956,0.6274740718549656,0.6517256072186957,0.6343769297767329,0.6660337113094817,0.5220645247003854,0.6858450755484116,0.6043001809382091,0.7043388713828996,0.6002539290010638,0.7386186565403733,0.7097781621075121,0.6276604198031442,0.6652336260934889,0.701189827332041,0.7264381832106264,0.6431113202709733,0.7725207429264674,0.7655945286587582,0.6856927589421179,0.9169479567184219,0.9731508458888474,0.9060737801368683,0.7218077202107943,0.9042174582309837,0.8357299629734075,0.8570162925130701,0.0,0.7592990312136912,0.8875489025196448,0.9021906343709144,0.5341285225802471,0.7691576803225639,0.7113914218365642,0.7870045796581661,0.6108131468294884,0.49397442470163255,0.8167113905503234,0.6599107792752726,0.5743215471242423,0.5565426423587432,0.4960212117949358,0.5956207179120991,0.55329667498871,0.5617361221882725,0.5481478433142245,0.6081482604331796,0.5256869080221837,0.7313261133013617,0.8093698340388875,0.7336374779212305,0.6530132936789615
0.7346113472718496,0.6954551466743822,0.924574102823257,0.9550756618551264,0.8388888095246424,0.9022299010464835,0.8073152337172348,0.9015598548606091,0.7117997360206408,0.9033719378020104,0.7581575161610583,0.9243588033297132,0.867136738285609,0.7527249745539752,0.8105881293546069,0.8770816158894881,0.877296868734423,0.950525384453228,0.9476476076199135,0.8461739058038713,0.8985907801629065,0.6981197166858506,0.7417859880250153,0.7010242497898282,0.5322774441214936,0.5754921261803169,0.7974664043537469,0.8253041107134325,0.7592990312136912,0.0,0.9501101150302144,0.8516867973856457,0.8787950070207088,0.7964430425359277,0.9353497127769652,0.9792606876910046,0.850448400608773,0.8082145009444615,0.9796924688117004,0.9347206074409747,0.8925220680951989,0.8810432300947608,0.7789642427254752,0.893435760312705,0.8395415263647199,0.850979113142299,0.8880149521012172,0.8829235756924466,0.752117372149177,0.9301544312635075,0.8761162073491692,0.836317786328842,0.8086517541231204
0.7171180082560792,0.8334328827414377,0.8743122543328935,0.8757752696835565,0.9385581236561353,0.8871543883016108,0.6975947955776016,0.8409691310708817,0.74074135483487,0.9492559181519692,0.7181232128240248,0.9000360840864831,0.9410472808494044,0.7888709779711559,0.8492993697027232,0.9770650863850289,0.9736110326743178,0.9149883347547465,0.9007539399406137,0.894961300504142,0.9849819362071538,0.8171914456055418,0.904154688831853,0.8625505153326086,0.6387460791966287,0.7155134260817254,0.8955777194164433,0.911441046508249,0.8875489025196448,0.9501101150302144,0.0,0.975371169256847,0.7619152072706503,0.8653337743572906,0.91008818362377,0.885808510155743,0.8694025723554484,0.7591556237617947,0.9373254631358539,0.866281760926356,0.8376673340012888,0.8121393828625272,0.7306738068417865,0.8454463792559518,0.7934036300486524,0.8239640044542333,0.796462462919675,0.8434337408811626,0.7111055832180582,0.9388080309724531,0.9463376520023334,0.8660308021511768,0.8117267865321572
0.5903519082133574,0.875357908550701,0.7014591007157248,0.737122508499338,0.6785910653813011,0.7699615739242477,0.5772383618200919,0.7025486971291991,0.6391494114705062,0.7957101834296764,0.5818747565967981,0.8217420029304876,0.837321882067307,0.6472056888734162,0.7103722465152014,0.7612266016666719,0.8094432590398881,0.723449921379075,0.81871264080228,0.7939786234674501,0.8350568862244425,0.9284634110824278,0.9101880812026748,0.8606604830708408,0.6102461224669404,0.8378290300530331,0.9520601328368508,0.8730938050849509,0.9021906343709144,0.8516867973856457,0.975371169256847,0.0,0.6104383038599516,0.8669527374276385,0.8409605514088282,0.8700935290053209,0.7087866917166731,0.605367562596587,0.9054571182080019,0.7133708113683835,0.6359438972508118,0.650524176378731,0.5719223877032475,0.6676220791602587,0.6387507080853819,0.6332970459001637,0.5858732883142105,0.6340516919944612,0.5804928815980789,0.7824545942048883,0.8184656357206832,0.834740929219374,0.6929874763431931
0.939116635684329,0.4805358547693421,0.9462354702323115,0.9388217940750875,0.9027607616762157,0.8651472518335148,0.8162678623040776,0.8953610983658276,0.7439665418186884,0.8305359667468181,0.7792156773028499,0.8039565288361518,0.8135818620845829,0.7429095031057751,0.8073874775443418,0.8530931016123899,0.8094510253151276,0.8912888139755554,0.8502534614599038,0.7822887755732528,0.8994594538673037,0.4884012753261996,0.5246249661776196,0.5349688526621982,0.39256253804436403,0.399904718424226,0.5492361735901801,0.5789084139398836,0.5341285225802471,0.8787950070207088,0.7619152072706503,0.6104383038599516,0.0,0.6092749886987361,0.8139606286251397,0.8915221371825478,0.9073951322420457,0.8864631201113595,0.8272847601525435,0.9035921003070544,0.9587908089699769,0.9817312344315025,0.9635408130419415,0.7743533824903848,0.9232193772948539,0.7383835422202911,0.9244165520560838,0.7677977592643218,0.9018095086006462,0.8481785649306794,0.7194185202087287,0.7617965509665843,0.6747713732843732
0.6620860908594467,0.7270620903988988,0.7062158871078514,0.7453099929709769,0.7298857217639251,0.7597624137214539,0.5313213659476228,0.7408074533270225,0.5787817042055908,0.7592009936431972,0.5888955555898955,0.838249240358787,0.8118986994874486,0.6115918690451251,0.6854127344926152,0.7569960062171586,0.7521738923740833,0.7251000980204869,0.7906387083612914,0.7450778999256866,0.7495105777820592,0.7443390535470884,0.7815859703973564,0.6970477308463557,0.5109262709406182,0.6346953931942662,0.8933508692022735,0.8533895645678258,0.7691576803225639,0.7964430425359277,0.8653337743572906,0.8669527374276385,0.6092749886987361,0.0,0.8402009445352356,0.8227167804905,0.6904689216416846,0.6150948237631793,0.8225179613262615,0.7505981207713325,0.6560204642317898,0.6546672745832857,0.6076720556957819,0.6480767480286137,0.6234740640243277,0.6088872873097155,0.6169394629046389,0.6191046488822113,0.5685698806400868,0.7405803753892803,0.7864498240600735,0.7025610224417421,0.6360648029582529
0.8035643554300851,0.7113555371968391,0.9085804313520225,0.9540881820649108,0.8833538066457377,0.9066655428308786,0.7818669138923667,0.9117590187663593,0.7356677093844768,0.9196243714240193,0.7998325948132723,0.9522078070986583,0.8886857644789898,0.7957398463512211,0.8552676612267498,0.8822451360578086,0.9052421318530134,0.9046576747642241,0.8760097672271039,0.8783678923317957,0.926160992561219,0.7228311689813988,0.7466311473746882,0.7274345200456304,0.5483670990660232,0.5928936237861102,0.8001538109978035,0.7961947705295044,0.7113914218365642,0.9353497127769652,0.91008818362377,0.8409605514088282,0.8139606286251397,0.8402009445352356,0.0,0.9674447792861548,0.9075896283774899,0.8305864790164057,0.9574526296368282,0.9566123533716268,0.8905665798698014,0.9029907645174142,0.7909320508337931,0.834231497383625,0.914578087963451,0.8590959679888405,0.8363057106240676,0.7942452703039059,0.7222782795181396,0.9290292895941895,0.8985898767958062,0.8946718223498281,0.8307094274053142
0.8100547027117874,0.6241041400790087,0.9718261240507724,0.9874450318814209,0.9803964140094067,0.9182938882294062,0.8183165851866663,0.9592242967488788,0.7814896970411433,0.8934313725526732,0.8252465704495052,0.9382996486052881,0.9520010590221504,0.8576460954664454,0.9273392887081182,0.8867354398863019,0.9116840427268094,0.9198778101806374,0.9716079490819155,0.890374998193423,0.9939126201331906,0.68769969116536,0.6788683160431007,0.7026809822485489,0.5117378927985868,0.5933941949846485,0.8618133674518426,0.7767204300624143,0.7870045796581661,0.9792606876910046,0.885808510155743,0.8700935290053209,0.8915221371825478,0.8227167804905,0.9674447792861548,0.0,0.9239550811497521,0.8096095871487172,0.9675009566014787,1.0,0.9073779990641054,0.864010667421733,0.944194818112301,0.8568043642427708,0.9560019313727498,0.807770779379368,0.9248462136385293,0.8210011855080417,0.8151010327085603,1.0,0.901581018224143,0.9112536579043541,0.7790600033441613
0.8910971583318772,0.6189086997673373,0.940238568072998,0.9781532738808548,0.9375868307167506,0.9368944224564023,0.7786490983809589,0.9191333332197873,0.7401180163782817,0.8413540810334005,0.7662463116248968,0.9140126061536205,0.9583853727507757,0.7651963032800536,0.8908511780415723,0.915745195198209,0.8483656713437835,0.9889436312237985,0.9302622719312851,0.8089454247735598,0.9944849428722672,0.5564750974340725,0.5957084272679073,0.5923801984980843,0.4306508278518198,0.4899735144189265,0.6851749127871384,0.7231280020964013,0.6108131468294884,0.850448400608773,0.8694025723554484,0.7087866917166731,0.9073951322420457,0.6904689216416846,0.9075896283774899,0.9239550811497521,0.0,0.9552338661375317,0.899586916971547,0.9104753796083994,0.9776754813083148,0.9496222923201448,0.9392194453165053,0.8195610848632525,0.9993446021570078,0.7909984713091927,0.968470167079188,0.8739520262673464,0.8180534618634981,0.8937429580839296,0.8297761293178784,0.8353433357740736,0.7061099341461136
0.9063378854952662,0.5097913739266682,0.956090517120415,0.8553504533283401,0.8608285317473978,0.8426156681606523,0.7345908025816363,0.7626143399053922,0.6065848310179393,0.8481571351326134,0.6339738383006754,0.7975435918240846,0.7757399963873916,0.6664706706170708,0.7464245843226722,0.873588241002953,0.7720541789048168,0.8630152117618745,0.8094389974368865,0.718784728197271,0.943204282928549,0.47649358184047874,0.5141487550905982,0.4915406178906788,0.35893592172405314,0.38693006628601234,0.5517763521582099,0.5705442450012287,0.49397442470163255,0.8082145009444615,0.7591556237617947,0.605367562596587,0.8864631201113595,0.6150948237631793,0.8305864790164057,0.8096095871487172,0.9552338661375317,0.0,0.7640114676677259,0.821740035711436,0.8351328391080616,0.8801499457571216,0.8783867796225678,0.8398614944125976,0.9305057865079059,0.782308919216856,0.8984063340438047,0.7904079714509928,0.7068299454229882,0.8078444351252823,0.7195729711512034,0.7090945927238335,0.7210981212327945
0.7247376341714619,0.7399530735227453,0.8879456521634169,0.8771360436125397,0.8708157713511967,0.9741286616486636,0.7823210889978992,0.9129541219032896,0.7184986497735126,0.9050718604841812,0.7177512545125817,0.9222703096995861,0.8939723012251327,0.7588583001419188,0.8434308952030506,0.9015536662190974,0.9284821403412604,0.9381162692560667,0.9367265540172832,0.9072189660980219,0.898330613923864,0.7874161360874729,0.8122335330328955,0.7587884412647512,0.5708678257065939,0.6264620842977127,0.8617073183182764,0.8811230440916435,0.8167113905503234,0.9796924688117004,0.9373254631358539,0.9054571182080019,0.8272847601525435,0.8225179613262615,0.9574526296368282,0.9675009566014787,0.899586916971547,0.7640114676677259,0.0,0.9508035122880802,0.8201997880844116,0.8492802892727818,0.7677864425502794,0.867572137004332,0.8207352064543066,0.8272575057076424,0.8045210277597379,0.8574560412217795,0.7371311309884625,0.9681773558027015,0.8665757843717886,0.8398805379418759,0.818393048774986
