Cingulate area 2,Frontal association cortex,Cornu ammonis 3,Dentate gyrus,Cornu ammonis 2,Cornu ammonis 1,Fasciola cinereum,Subiculum,Postrhinal cortex,Presubiculum,Parasubiculum,Perirhinal area 35,Perirhinal area 36,Medial entorhinal cortex,Lateral entorhinal cortex,Primary auditory area,"Secondary auditory area, dorsal part","Secondary auditory area, ventral part","Piriform cortex, layer 1","Piriform cortex, layer 2","Piriform cortex, layer 3",Ventrolateral orbital area,Lateral orbital area,Ventral orbital area,Medial orbital area,Dorsolateral orbital area,Prelimbic area,Secondary motor area,Frontal association area 3,Primary motor area,"Agranular insular cortex, ventral area",Agranular insular cortex dorsal area,Cingulate area 1,Infralimbic area,Dysgranular insular cortex,Granular insular cortex,"Primary somatosensory area, forelimb representation","Primary somatosensory area, dysgranular zone","Primary somatosensory area, face representation",Secondary somatosensory area,"Primary somatosensory area, hindlimb representation","Agranular insular cortex, posterior area","Primary somatosensory area, barrel field",Retrosplenial dysgranular area,"Primary somatosensory area, trunk representation",Retrosplenial granular area,"Parietal association cortex, lateral area","Parietal association cortex, medial area","Parietal association cortex, posterior area",Primary visual area,"Secondary visual area, lateral part",Temporal association cortex,"Secondary visual area, medial part"
0.0,0.7699688774812732,0.9089656210011444,0.8707847368781181,0.8494218645941625,0.832295926368855,0.8425490778570037,0.7943368832494743,0.683844608857721,0.5640593776648933,0.5834379577385844,0.7925509938357507,0.7927307551197416,0.7709583276034688,0.7979990931208701,0.6826565145866108,0.7236818539838505,0.661526600013091,0.9900738693617339,0.9535216909250007,0.9834234321556894,1.0,0.9728215575683186,0.8855395307059432,0.7969876993851778,0.6480678836239427,0.9112799965764642,0.9362439166623848,0.8200008270304043,0.9279730819636316,0.8967859104238685,0.874912234706464,0.9863909979646585,0.8201267589390687,0.8356061849177725,0.708247720520236,0.968255380386643,1.0,0.9360240979405495,0.6926239795475864,0.8804156779966475,0.7938843408178549,0.8994482112516716,0.661315981660494,0.8586066775306238,0.7276536103573197,0.9378146187124088,0.8023819540293131,0.7126131752397515,0.7064482578956152,0.6979717951881569,0.7006472520656924,0.6072854902726168
0.7699688774812732,0.0,0.8549063538315346,0.8709259483877426,0.8233500644050732,0.7891882680717466,0.8118730500079608,0.8873501471391342,0.7708407986907088,0.7692479050149312,0.8134148061199419,0.8572538132885502,0.9259416375289204,0.8548477006435591,0.7717807048362527,0.7812637776140304,0.8156289498194812,0.7718462065355087,0.7681226087559628,0.7310370379165774,0.7264124289924552,0.6371414218811517,0.6699888388730312,0.6513678328909902,0.629438932993931,0.3815191342021608,0.5937196713162987,0.7038557165169849,0.505407161746273,0.6607706072022361,0.7052575326504382,0.6155174006466341,0.8301325571059333,0.5238121426036796,0.7068901986020943,0.7827246395156384,0.7639209136882166,0.7147924647501465,0.5758649636093548,0.7430107674908636,0.6313162304063622,0.7936202094497925,0.7280608016440043,0.7544472402961889,0.7843848895962414,0.7709479096011844,0.6086175619340223,0.7774860224670028,0.7568084870256893,0.7914147222937499,0.798839738100031,0.7915317695478323,0.7995967871271765
0.9089656210011444,0.8549063538315346,0.0,0.9945982525894117,0.9336638433927595,0.9740497371150308,0.9724284779273649,0.9063491639768863,0.8526443316405153,0.7615367334173855,0.75197017951872,0.853241367430668,0.8986817621687112,0.8422828987860843,0.8118741811061164,0.768379210777551,0.8549208098720498,0.8023429950326826,0.8723054067245068,0.8471679811985843,0.9066354688802866,0.8173503811564584,0.812776747299208,0.7686445926655361,0.700668618017127,0.44924415398987766,0.7301765730100668,0.7212929013639807,0.6009875181949942,0.8714254208433375,0.7837965963436039,0.7659395552450032,0.876544784306218,0.6190625429501734,0.8283244907994441,0.8128110720579727,0.9068226804009173,0.8709592450788927,0.716718363878491,0.7817523449297934,0.8954812625565836,0.8650777273213642,0.8298452368700323,0.7936256662463029,0.9191531893763415,0.8083587946996464,0.7619023197719579,0.7712713564038233,0.7463643205692372,0.8377881693294491,0.8397121368838385,0.8780242019477835,0.7179388617295728
0.8707847368781181,0.8709259483877426,0.9945982525894117,0.0,1.0,1.0,1.0,0.9759060657780861,0.9022992799941629,0.8126512902030544,0.8367606782844971,0.8910558928301057,0.8860928655799837,0.875150000547566,0.8878689726767109,0.7777132617138754,0.8644893813856113,0.8698376524467546,0.8986309872080038,0.8453339432826886,0.8628350979502878,0.8023277738392739,0.766590555808972,0.723101090129549,0.6914220074421146,0.4038395843853155,0.7316621491865617,0.7673299070645788,0.5342203116916013,0.8430065296940554,0.7347537009302808,0.6723383552688832,0.8653169323345169,0.5864215507706162,0.7519294997701512,0.7587275199472562,0.9596233823934951,0.8487135361507027,0.6875500571817954,0.7956402580936288,0.9316097618073694,0.7804998144727292,0.8008111187426946,0.8515937452152842,0.9079979028894615,0.9067202497862515,0.7860258456418993,0.7981616722544758,0.7614186925126832,0.887949327064067,0.8603900785847376,0.9359308760424381,0.7740030592211371
0.8494218645941625,0.8233500644050732,0.9336638433927595,1.0,0.0,0.9528019947101469,0.9949641268801811,0.9703465255293374,0.8098407849593123,0.7726559388483374,0.7395474886814073,0.9121529580113321,0.8724624437783726,0.8902256894103668,0.9446380179443468,0.7686065924436888,0.8763152040480306,0.7976045980463418,0.9227221606250852,0.8659676451035652,0.9393652467660915,0.7792235312730441,0.7569952434001104,0.7574788832131175,0.7823234536786455,0.42600788654759814,0.7386503766528005,0.7487508425082181,0.5761067355626378,0.809699342680628,0.7511967532232388,0.6967537102923301,0.9085712479266688,0.6302152755300852,0.79768615339003,0.7507095018666641,0.9382502445209318,0.8492461845203106,0.7029396054646836,0.811211850116527,0.8913266681923575,0.8466434732562609,0.8507535742299689,0.7988839593604476,0.9571214789771092,0.9165466776664709,0.7996048373138627,0.8234311451218755,0.7927142499217156,0.8127175397313303,0.8540977550994561,0.9044335839322584,0.8182122144566715
0.832295926368855,0.7891882680717466,0.9740497371150308,1.0,0.9528019947101469,0.0,1.0,0.9844711623288974,0.9419003386557936,0.7959086430202772,0.7824365295300646,0.8423510115406752,0.9676671554747518,0.8655901400756607,0.9035459498302452,0.8102128613676645,0.8978981505579825,0.9342644258947653,0.8819802963340788,0.862380554943605,0.8593148321338192,0.760985964591733,0.6786606119202073,0.7225933306160762,0.7260597682064442,0.3910687383508054,0.6871115509192154,0.6865816984091649,0.5612282265384091,0.8012546308124067,0.7315098526405688,0.6541824317224965,0.83809157771936,0.5572413644442845,0.7288695187130666,0.7887390498332723,0.890769846647091,0.8356871701139424,0.671552540106281,0.8650409086747916,0.9172777420431362,0.8553157010152674,0.8771158792532765,0.882858958254122,0.9793919718727139,0.9702274907210028,0.7517417979564333,0.8463013886440688,0.7794794002097265,0.9236660552560799,0.8853477500907045,0.9210316519401351,0.8806159829745033
0.8425490778570037,0.8118730500079608,0.9724284779273649,1.0,0.9949641268801811,1.0,0.0,0.9901774284193764,0.9346378191358969,0.8427877471421381,0.8558582110518628,0.8607531350908072,0.9665218136192871,0.9306264059784912,0.8703623148705729,0.8656670506873219,0.9093760793924752,0.8793703290406242,0.8559375914490701,0.8199049332827177,0.864213083020745,0.7251964354442486,0.7008521260148218,0.7402629522732137,0.6762324872009476,0.37448489942378205,0.6771973985321278,0.6773552097424922,0.5436355155015213,0.7822037735407009,0.7651078469436843,0.6562279185709411,0.8598538437355105,0.5621413683506055,0.7755964509367362,0.856909289377779,0.8897613553137584,0.7861536906283879,0.6818013319585378,0.9165207845848622,0.8379413213677072,0.8283081257605689,0.8011861054818533,0.9051420984314882,0.9577393121075172,0.943951635747025,0.7435248401870703,0.8666961075502273,0.8166642517256277,0.9945675405323596,0.9536829285929801,0.9120838198950774,0.855710772933863
0.7943368832494743,0.8873501471391342,0.9063491639768863,0.9759060657780861,0.9703465255293374,0.9844711623288974,0.9901774284193764,0.0,0.8891832813822379,0.9192286745955104,0.9302692229403272,0.9164321853644808,0.9059187134751245,0.9316850168115192,0.9502703133793796,0.8328968193698142,0.9113531125581328,0.8884696865001794,0.8216074956402678,0.8194910185774789,0.833320389883516,0.7086346851833053,0.6832294753052857,0.6975664382198159,0.733696259785438,0.36541913121984576,0.6857989108548028,0.6688202958137648,0.507540066077,0.7949626151464744,0.694895818504888,0.6077837185384891,0.8332319763460415,0.5338530962979166,0.7336862036366264,0.7786494930668136,0.8588683894500729,0.8041939177782655,0.6174248177748334,0.8383069267286541,0.848250875744972,0.769472383919677,0.7862014251283689,0.8504178883694596,0.9301457707581341,0.9873476024995101,0.7306059381580206,0.8891809705533847,0.7474937152142899,0.9455405025754606,0.8950986702084968,0.9816210108399451,0.8898667825162049
0.683844608857721,0.7708407986907088,0.8526443316405153,0.9022992799941629,0.8098407849593123,0.9419003386557936,0.9346378191358969,0.8891832813822379,0.0,0.8144017355508741,0.8275514586014378,0.8204913897231217,0.8918590978195955,0.9433006137643656,0.706303588645529,0.9814524544818599,0.9371757642456602,0.9293909789477632,0.7067161154815768,0.7654832450005423,0.720983706850111,0.5948782741426264,0.5567965311454106,0.5847504496158024,0.5472650358904517,0.31246268639837654,0.5334666340739485,0.5254068473855426,0.431209985620085,0.6099448747651771,0.7039913097472448,0.5743707378911141,0.6586667390206737,0.45044840303626743,0.7341868047722063,0.7490498601746408,0.7393302425154117,0.6885425945950288,0.522725467887949,0.8284413282192078,0.7498673212652945,0.7791639750120356,0.7863534475664635,0.8013393809404512,0.8558652633861786,0.8668356424809622,0.6812255560838514,0.7060694606452128,0.9091052086979285,0.9368229107839638,0.9564917649892407,1.0,0.7963017108346228
0.5640593776648933,0.7692479050149312,0.7615367334173855,0.8126512902030544,0.7726559388483374,0.7959086430202772,0.8427877471421381,0.9192286745955104,0.8144017355508741,0.0,0.9592344702075252,0.7225362985358619,0.8047979575538242,0.7808369231585337,0.6591364568568862,0.8643704367870647,0.7659934453923054,0.8613134876145431,0.5869438896155654,0.6130861979956821,0.6031859403995752,0.5023899012168961,0.4692981680214425,0.5049383666344277,0.4985377417667382,0.2501992815196428,0.46966305198167696,0.4967562822728089,0.3540940458967528,0.5566435624198935,0.5068287718455023,0.4255560856879773,0.5698436510438686,0.37148101921231674,0.5307697726474279,0.6551447627784305,0.6253626977361404,0.5421383263175196,0.4304819500725907,0.7091741168852436,0.6392043919719104,0.6342345543495288,0.5592941378563788,0.8200777256630906,0.7204554003760658,0.8975129567985147,0.5282547638766517,0.6675788940612667,0.6781892773303472,0.8860964080368979,0.8481836767976769,0.8357079124356068,0.8690996044949519
0.5834379577385844,0.8134148061199419,0.75197017951872,0.8367606782844971,0.7395474886814073,0.7824365295300646,0.8558582110518628,0.9302692229403272,0.8275514586014378,0.9592344702075252,0.0,0.8396712430990212,0.8191100310156593,0.8030146145314911,0.6962318783148427,0.8799442740303248,0.8133092661040737,0.8542017221248361,0.6142876482971393,0.6400657001754416,0.5987783705428856,0.4865052636674895,0.4974673192442344,0.4891483921216792,0.5167420999779859,0.26364354219733965,0.4717373846466908,0.4862585531415265,0.3725829828542319,0.5466506261525976,0.5334053414484347,0.43987257742613456,0.6139648013789784,0.3735135844774452,0.5889524657667902,0.6552241208885787,0.6179981698538954,0.5523346019464547,0.41860170121821644,0.7576803475157333,0.6456037828812377,0.631681019459896,0.6168920148380319,0.8433574569209703,0.7491459009212016,0.9277450878129166,0.5305972318878623,0.698316240727072,0.7135503518666413,0.9578648717452732,0.9232813632162125,0.8478864372294038,0.8951157099587056
0.7925509938357507,0.8572538132885502,0.853241367430668,0.8910558928301057,0.9121529580113321,0.8423510115406752,0.8607531350908072,0.9164321853644808,0.8204913897231217,0.7225362985358619,0.8396712430990212,0.0,0.9046827706597724,0.9010376835271665,0.8680653364510096,0.7764940029979973,0.8408154409790096,0.7606311567574208,0.8014653494594415,0.8430287163688783,0.8089224390256027,0.7282638426756368,0.6729332674224834,0.6818438138804903,0.7341595090032471,0.4082647075714109,0.6215619303754725,0.6878292405164161,0.5416003150369347,0.6645681584584291,0.7583408098150247,0.6535440750900219,0.7747040033783038,0.5681387787912313,0.7540722429063398,0.7446469627652403,0.7690354854113441,0.7861573059852659,0.623281961006409,0.7372146402885463,0.7325027059024193,0.737799948302498,0.8635854867764533,0.7610954775328675,0.8747454498546339,0.8343996959305645,0.8117338015534983,0.8563698060558851,0.8158080582768197,0.8166065877983594,0.760836477512705,0.8319061633160241,0.7523986303706294
0.7927307551197416,0.9259416375289204,0.8986817621687112,0.8860928655799837,0.8724624437783726,0.9676671554747518,0.9665218136192871,0.9059187134751245,0.8918590978195955,0.8047979575538242,0.8191100310156593,0.9046827706597724,0.0,0.9530598311320344,0.8568456966440626,0.8559152430190814,0.9413364377903278,0.9108187362165108,0.7981470805415007,0.8087082286937223,0.8971437771307884,0.6813579700040971,0.6381168033659778,0.6826976671620646,0.6369939000663812,0.3744888962509344,0.6067556938688613,0.657543890523107,0.5183756951732628,0.7233013721720489,0.7643587113568882,0.63019517668915,0.7986484866333338,0.5355339267498488,0.7815550541934255,0.7896432530166576,0.7944388235013569,0.7719130356465698,0.6147970521212949,0.7972757230142856,0.7446308696447562,0.813131537275023,0.8252650212038745,0.8479930739091519,0.9108409864522181,0.9064665603292953,0.7181663267360285,0.7686267785978583,0.8916012832386544,0.908256883433744,0.9391876465004944,0.9501040565388021,0.8372963493132851
0.7709583276034688,0.8548477006435591,0.8422828987860843,0.875150000547566,0.8902256894103668,0.8655901400756607,0.9306264059784912,0.9316850168115192,0.9433006137643656,0.7808369231585337,0.8030146145314911,0.9010376835271665,0.9530598311320344,0.0,0.8190103890420773,0.8348646191973857,0.893765007337816,0.8405161434546135,0.7665063217427257,0.758679459297257,0.796216277870412,0.6488076202598291,0.6273357634859799,0.6207820224644525,0.6231294510963592,0.3690712439005725,0.5822000698606924,0.611561320774567,0.49587345314410186,0.6465811595716155,0.7405213923499601,0.6144840220527306,0.7247199726303836,0.5217619152957028,0.737600584135917,0.7576390771906499,0.7936190037753366,0.8014680516463719,0.5822284636533307,0.7520447034266997,0.7409597323763035,0.8625029377270018,0.8568458642369683,0.8097294080433213,0.921091492404279,0.8844456211307863,0.7235632254570533,0.7597616362489809,0.9305453268999061,0.8545612093911272,0.9056965308010094,0.8875480744405686,0.8122528057242543
0.7979990931208701,0.7717807048362527,0.8118741811061164,0.8878689726767109,0.9446380179443468,0.9035459498302452,0.8703623148705729,0.9502703133793796,0.706303588645529,0.6591364568568862,0.6962318783148427,0.8680653364510096,0.8568456966440626,0.8190103890420773,0.0,0.6573645064753372,0.7558742889414771,0.6874680753859564,0.8777827858356655,0.8736893464717104,0.9080024626250527,0.7852326952181641,0.7439210968965815,0.7961116438203102,0.7869682206928249,0.46789178756416494,0.7213570774147094,0.778528838209522,0.6186920397895884,0.7728239413633977,0.7179467401726385,0.6808371305656367,0.8532298804362828,0.6639728660498605,0.7076481998950032,0.6346030296461367,0.8266626121464161,0.864994817410137,0.6914488517683667,0.6945237344152643,0.7867373533011258,0.7491031610438086,0.8843956574626985,0.7312961565817907,0.8677470458289427,0.853869172962958,0.8427509632301188,0.835409303273091,0.747110531424282,0.7679202133763082,0.6815848300983572,0.7978659402070701,0.7533897172964187
0.6826565145866108,0.7812637776140304,0.768379210777551,0.7777132617138754,0.7686065924436888,0.8102128613676645,0.8656670506873219,0.8328968193698142,0.9814524544818599,0.8643704367870647,0.8799442740303248,0.7764940029979973,0.8559152430190814,0.8348646191973857,0.6573645064753372,0.0,0.9181740426199263,0.9047354566070089,0.6844025178767232,0.7040205051083496,0.6897878529049766,0.5480255506231764,0.5272653739042767,0.5234820073980215,0.4997385490581019,0.2814438281959959,0.4976957708295538,0.5092528391384374,0.41037943243319847,0.6010838147133033,0.6359656992014769,0.5325448324489186,0.624382514352973,0.41244571449838935,0.6921631937028636,0.7959561403905905,0.6887721462550016,0.6331453469647714,0.5105427971015851,0.8003274305081891,0.6720782969164751,0.7344375059380575,0.6867411718220591,0.8172083254342786,0.8087309346254192,0.8822569294361449,0.6102663646241588,0.6600864938358327,0.8222879843224167,0.9541850087580779,0.9838260170532733,0.986334626734254,0.8308453314138058
0.7236818539838505,0.8156289498194812,0.8549208098720498,0.8644893813856113,0.8763152040480306,0.8978981505579825,0.9093760793924752,0.9113531125581328,0.9371757642456602,0.7659934453923054,0.8133092661040737,0.8408154409790096,0.9413364377903278,0.893765007337816,0.7558742889414771,0.9181740426199263,0.0,0.9486010679965853,0.8112904733997273,0.8079033499481016,0.8136190248472466,0.6491116661422205,0.6073095880961605,0.6303070745391268,0.5741653828541935,0.342477255015913,0.5400217404927417,0.5827761891404108,0.4798761531738193,0.6470611615574534,0.742251249183915,0.6356864447668025,0.7861732590252902,0.4924050081312068,0.7605322608272583,0.823204055093091,0.7715805032749296,0.7603870820215457,0.5941531834651846,0.8783517437906706,0.7426105054635963,0.8096866663619138,0.8088636497742216,0.877242423817963,0.9111319289060145,0.9134817240747795,0.6881619790394586,0.7266469646114885,0.8893424287242717,0.9512321980142241,0.9200501194388849,0.9506168410734248,0.8140017389710063
0.661526600013091,0.7718462065355087,0.8023429950326826,0.8698376524467546,0.7976045980463418,0.9342644258947653,0.8793703290406242,0.8884696865001794,0.9293909789477632,0.8613134876145431,0.8542017221248361,0.7606311567574208,0.9108187362165108,0.8405161434546135,0.6874680753859564,0.9047354566070089,0.9486010679965853,0.0,0.7121495937876993,0.7385802759498287,0.716144780417757,0.5917828911282985,0.5566208229737403,0.5346758795787696,0.5185776249619186,0.2951454776082631,0.5276478050425774,0.5526202537568216,0.4048009403176395,0.6258833637593554,0.6574945052209976,0.5486654335071063,0.6676725987548232,0.4443894050661373,0.7076094545841368,0.7965717428427642,0.721739212604555,0.6415716180481019,0.5389509096624102,0.8684601432313827,0.7919765909999655,0.7395263729405901,0.6921702791220049,0.8615580286500626,0.7996866167674024,0.9200035848857355,0.5965080450960322,0.6799824333842049,0.8158500053742564,0.9799389461755736,0.9578995791547378,0.9545307700208119,0.8628252422603067
0.9900738693617339,0.7681226087559628,0.8723054067245068,0.8986309872080038,0.9227221606250852,0.8819802963340788,0.8559375914490701,0.8216074956402678,0.7067161154815768,0.5869438896155654,0.6142876482971393,0.8014653494594415,0.7981470805415007,0.7665063217427257,0.8777827858356655,0.6844025178767232,0.8112904733997273,0.7121495937876993,0.0,0.9132517931547788,0.9612414920757125,0.9391807812881181,0.8925171399577809,0.9238580463427623,0.8449985691479496,0.5448564575959273,0.8607357881201103,0.844063738983559,0.7086281223496331,0.9080325462739884,0.9260192806690214,0.8157246806229641,0.9979690648358566,0.7650439902299588,0.8142337855912043,0.7553974398443767,0.9313544632695199,0.9167442999420342,0.86947426276521,0.7714733264221338,0.9348776143838103,0.8451738431071004,0.928908809071466,0.7024663100343038,0.8870880695701016,0.7742679121549925,0.8381097815951314,0.8009997488866104,0.7084005981704864,0.7153166994725493,0.7460370230147763,0.7834227916017187,0.7031606300761798
0.9535216909250007,0.7310370379165774,0.8471679811985843,0.8453339432826886,0.8659676451035652,0.862380554943605,0.8199049332827177,0.8194910185774789,0.7654832450005423,0.6130861979956821,0.6400657001754416,0.8430287163688783,0.8087082286937223,0.758679459297257,0.8736893464717104,0.7040205051083496,0.8079033499481016,0.7385802759498287,0.9132517931547788,0.0,0.9631237824889405,0.8836042444594926,0.8144272814944366,0.8533560972936871,0.8251889012669769,0.5027086383319304,0.753987166386774,0.8175506791843306,0.666378476954223,0.8027758194684099,0.8655085300862073,0.7885031165280851,0.9496697998542232,0.6831128471154166,0.8300745398077876,0.794026687452465,0.8797623039214707,0.9018715643683158,0.847486325396924,0.8260151043307338,0.8613347489959842,0.8338311395537878,0.9505424963680867,0.7576078363587043,0.8745870330554586,0.8162235049613753,0.886493846291172,0.8097322263810648,0.7276672914105463,0.7245945736999085,0.7199394464491237,0.7791072154222027,0.6876301891120985
0.9834234321556894,0.7264124289924552,0.9066354688802866,0.8628350979502878,0.9393652467660915,0.8593148321338192,0.864213083020745,0.833320389883516,0.720983706850111,0.6031859403995752,0.5987783705428856,0.8089224390256027,0.8971437771307884,0.796216277870412,0.9080024626250527,0.6897878529049766,0.8136190248472466,0.716144780417757,0.9612414920757125,0.9631237824889405,0.0,0.8912113302939421,0.861918442931292,0.912261679655533,0.8302374095244259,0.5343945628125778,0.8413698355000928,0.8509801456608582,0.7253385438868167,0.8742242495136244,0.9045556450713615,0.8282766967742732,0.9923590294958144,0.8179615060892296,0.8549876681834365,0.7136340792939032,0.9295829785437246,0.8921106344927607,0.8826899577695992,0.7605754961689349,0.9265191778334636,0.8595220903769089,0.9507639893852181,0.7814159265598641,0.9119687232659495,0.8028555571228254,0.8864373486583483,0.8617758475304564,0.7640283917421617,0.7495234449412017,0.7195997810807911,0.7825336508946626,0.7534659460490438
1.0,0.6371414218811517,0.8173503811564584,0.8023277738392739,0.7792235312730441,0.760985964591733,0.7251964354442486,0.7086346851833053,0.5948782741426264,0.5023899012168961,0.4865052636674895,0.7282638426756368,0.6813579700040971,0.6488076202598291,0.7852326952181641,0.5480255506231764,0.6491116661422205,0.5917828911282985,0.9391807812881181,0.8836042444594926,0.8912113302939421,0.0,1.0,0.9982217003501431,0.9191618540326069,0.7848452464575919,0.9693456672618896,0.9991319799231945,0.8654709653213105,0.9907481659869426,0.8828016470642677,0.8235585955063475,1.0,0.9443071663043405,0.7511929341220006,0.6216904738432851,0.9416601507102615,0.9194844803737299,0.9400649080231224,0.6092349287756545,0.8560878482442239,0.7149460274565824,0.8354571460448512,0.5988119481129515,0.7636479316562622,0.6683303139917315,0.8136112750061081,0.746360836848865,0.5934272479594083,0.5783180766183039,0.5700401025595591,0.6096431517119181,0.5399026365457257
0.9728215575683186,0.6699888388730312,0.812776747299208,0.766590555808972,0.7569952434001104,0.6786606119202073,0.7008521260148218,0.6832294753052857,0.5567965311454106,0.4692981680214425,0.4974673192442344,0.6729332674224834,0.6381168033659778,0.6273357634859799,0.7439210968965815,0.5272653739042767,0.6073095880961605,0.5566208229737403,0.8925171399577809,0.8144272814944366,0.861918442931292,1.0,0.0,0.9766661881754998,0.8591368855266501,0.7880469073319204,0.9630099666151912,0.9879346224758657,0.9002605956434306,0.9465198276126958,0.8289905292475318,0.9248884424479671,1.0,0.8753119943479396,0.8057000676026421,0.6376282681155672,0.892090943745379,0.9890607732169625,0.9995310818756198,0.5734303469424099,0.8499966490327024,0.7168981221203036,0.8656242603573377,0.5503019519379476,0.7765691928561084,0.6107683714983941,0.8017055131936404,0.7206865812751563,0.604395011663035,0.5739227407964616,0.550503042095845,0.5780359187797175,0.5358314922030664
0.8855395307059432,0.6513678328909902,0.7686445926655361,0.723101090129549,0.7574788832131175,0.7225933306160762,0.7402629522732137,0.6975664382198159,0.5847504496158024,0.5049383666344277,0.4891483921216792,0.6818438138804903,0.6826976671620646,0.6207820224644525,0.7961116438203102,0.5234820073980215,0.6303070745391268,0.5346758795787696,0.9238580463427623,0.8533560972936871,0.912261679655533,0.9982217003501431,0.9766661881754998,0.0,0.9485832540967821,0.6885479076388318,0.8844179798857897,0.8960792859177048,0.7927813160426094,0.9218041107881966,0.8095905148733643,0.7967994142183764,0.973023103488033,0.8238522369255162,0.7256260846969226,0.6210567309470307,0.9149005723575403,0.981056377988941,0.8912146125898447,0.5870445097076149,0.8036449181615416,0.6924174227285158,0.8498274908349341,0.590833199105263,0.7312327033802799,0.6427493051068576,0.8281443434029165,0.7409599108581316,0.5902836133877437,0.5622951426190631,0.5374537016764948,0.6008897535059387,0.5611566954029622
0.7969876993851778,0.629438932993931,0.700668618017127,0.6914220074421146,0.7823234536786455,0.7260597682064442,0.6762324872009476,0.733696259785438,0.5472650358904517,0.4985377417667382,0.5167420999779859,0.7341595090032471,0.6369939000663812,0.6231294510963592,0.7869682206928249,0.4997385490581019,0.5741653828541935,0.5185776249619186,0.8449985691479496,0.8251889012669769,0.8302374095244259,0.9191618540326069,0.8591368855266501,0.9485832540967821,0.0,0.6231230743923308,0.9085666880279066,0.8994854498705418,0.7533790703493509,0.8507166060899312,0.7000121368754639,0.682341655506307,0.8844477748984012,0.8204974720813595,0.6472104200528679,0.5387779690155017,0.7978381999722374,0.7998026960687651,0.7487943945740678,0.54431633371063,0.7712273602364119,0.6758997217418791,0.7887982830032885,0.6050387155718746,0.7338622216957847,0.6298333968436435,0.7283075547270284,0.73951261445637,0.5430031334456218,0.5486983613405662,0.5072983554119754,0.5761095866617713,0.5674352014345572
0.6480678836239427,0.3815191342021608,0.44924415398987766,0.4038395843853155,0.42600788654759814,0.3910687383508054,0.37448489942378205,0.36541913121984576,0.31246268639837654,0.2501992815196428,0.26364354219733965,0.4082647075714109,0.3744888962509344,0.3690712439005725,0.46789178756416494,0.2814438281959959,0.342477255015913,0.2951454776082631,0.5448564575959273,0.5027086383319304,0.5343945628125778,0.7848452464575919,0.7880469073319204,0.6885479076388318,0.6231230743923308,0.0,0.72937995509726,0.7742681814884419,0.9230029697980854,0.6139170194979469,0.5622673064296732,0.6782337271687174,0.6324669669284402,0.7093820986016699,0.4755951203721597,0.36201190471042255,0.5236141546915702,0.6664219298535909,0.7283469528453079,0.31090005322546704,0.47624369073742173,0.42131684684498477,0.5170967654502061,0.2990040773266162,0.4164169544450948,0.31530869323931626,0.5989781820713546,0.4332484220971932,0.346531367980745,0.29848372579723853,0.2974018639209718,0.3145422828223833,0.28055797804882665
0.9112799965764642,0.5937196713162987,0.7301765730100668,0.7316621491865617,0.7386503766528005,0.6871115509192154,0.6771973985321278,0.6857989108548028,0.5334666340739485,0.46966305198167696,0.4717373846466908,0.6215619303754725,0.6067556938688613,0.5822000698606924,0.7213570774147094,0.4976957708295538,0.5400217404927417,0.5276478050425774,0.8607357881201103,0.753987166386774,0.8413698355000928,0.9693456672618896,0.9630099666151912,0.8844179798857897,0.9085666880279066,0.72937995509726,0.0,0.9503324693805739,0.8423951675184601,0.9759904590849136,0.7034726824993802,0.7510884597745471,0.9961029471450208,0.8708503208206027,0.7064408370063029,0.5586561483319319,0.8463637924043667,0.859074361161652,0.8635885486706951,0.5536050898305781,0.8315600014502444,0.6709140651186423,0.7432186904209181,0.5725445107865913,0.6824063383140432,0.6244434756393188,0.7410792601392358,0.6969915876389818,0.49214152046584486,0.5361794597643808,0.5281984969576042,0.543791551475537,0.5270786403080012
0.9362439166623848,0.7038557165169849,0.7212929013639807,0.7673299070645788,0.7487508425082181,0.6865816984091649,0.6773552097424922,0.6688202958137648,0.5254068473855426,0.4967562822728089,0.4862585531415265,0.6878292405164161,0.657543890523107,0.611561320774567,0.778528838209522,0.5092528391384374,0.5827761891404108,0.5526202537568216,0.844063738983559,0.8175506791843306,0.8509801456608582,0.9991319799231945,0.9879346224758657,0.8960792859177048,0.8994854498705418,0.7742681814884419,0.9503324693805739,0.0,0.880892161115788,0.8495558044200693,0.7684538584299102,0.8146668165436767,0.9832157792277868,0.9026969582287784,0.7152497226417146,0.618103782335825,0.8361298780109481,0.9552863375057651,0.9066456943486619,0.5724675151329216,0.7847959666505268,0.6896377111112174,0.7601691244348424,0.5693175064618533,0.6891269586126434,0.6219867170747412,0.7378864375551992,0.7374251358476825,0.5471817348773296,0.546602785254437,0.5452482782798093,0.5573088221970084,0.5301547223843127
0.8200008270304043,0.505407161746273,0.6009875181949942,0.5342203116916013,0.5761067355626378,0.5612282265384091,0.5436355155015213,0.507540066077,0.431209985620085,0.3540940458967528,0.3725829828542319,0.5416003150369347,0.5183756951732628,0.49587345314410186,0.6186920397895884,0.41037943243319847,0.4798761531738193,0.4048009403176395,0.7086281223496331,0.666378476954223,0.7253385438868167,0.8654709653213105,0.9002605956434306,0.7927813160426094,0.7533790703493509,0.9230029697980854,0.8423951675184601,0.880892161115788,0.0,0.7713350031608567,0.683258401124907,0.7727119337791442,0.8160036699944471,0.8132152952335062,0.6546304188920595,0.4935024598773251,0.7189426114508592,0.8314744779572234,0.869116443912704,0.475498924860129,0.6695116991388934,0.5869662795491905,0.6579647305537986,0.4423682665738817,0.5931753824210949,0.4625301243724265,0.6950418525945585,0.6223076813609593,0.45939239159861484,0.43028262812936924,0.41758977861734725,0.44749474019386337,0.41377713213047423
0.9279730819636316,0.6607706072022361,0.8714254208433375,0.8430065296940554,0.809699342680628,0.8012546308124067,0.7822037735407009,0.7949626151464744,0.6099448747651771,0.5566435624198935,0.5466506261525976,0.6645681584584291,0.7233013721720489,0.6465811595716155,0.7728239413633977,0.6010838147133033,0.6470611615574534,0.6258833637593554,0.9080325462739884,0.8027758194684099,0.8742242495136244,0.9907481659869426,0.9465198276126958,0.9218041107881966,0.8507166060899312,0.6139170194979469,0.9759904590849136,0.8495558044200693,0.7713350031608567,0.0,0.750240844484471,0.78869583575478,0.9757644390556657,0.7568757022596212,0.7398120061227776,0.672463335781438,0.9217133020204172,0.970653903752745,0.8558635005582226,0.6320564036972998,0.8800981627681328,0.7255422046692215,0.7780977151878088,0.6484097522279533,0.7779730038608432,0.7004686220294876,0.7767241051882563,0.7400570641016505,0.5785271983846094,0.6470606863119299,0.639012600310011,0.6604487188222827,0.6004649955985514
0.8967859104238685,0.7052575326504382,0.7837965963436039,0.7347537009302808,0.7511967532232388,0.7315098526405688,0.7651078469436843,0.694895818504888,0.7039913097472448,0.5068287718455023,0.5334053414484347,0.7583408098150247,0.7643587113568882,0.7405213923499601,0.7179467401726385,0.6359656992014769,0.742251249183915,0.6574945052209976,0.9260192806690214,0.8655085300862073,0.9045556450713615,0.8828016470642677,0.8289905292475318,0.8095905148733643,0.7000121368754639,0.5622673064296732,0.7034726824993802,0.7684538584299102,0.683258401124907,0.750240844484471,0.0,0.8686016545527764,0.9081144169347639,0.7095939928955627,0.9512471214168401,0.7965800263981965,0.7840435432797457,0.8936136794278698,0.8539175783885704,0.7611537645763993,0.754271003170093,0.8718389951861037,0.9481418143451148,0.5932713033118797,0.7829357454781063,0.6482610235054962,0.9045761002450764,0.6945566603834585,0.7610870362910005,0.6347991432500425,0.6883516567172775,0.7001646906740553,0.5753688456292638
0.874912234706464,0.6155174006466341,0.7659395552450032,0.6723383552688832,0.6967537102923301,0.6541824317224965,0.6562279185709411,0.6077837185384891,0.5743707378911141,0.4255560856879773,0.43987257742613456,0.6535440750900219,0.63019517668915,0.6144840220527306,0.6808371305656367,0.5325448324489186,0.6356864447668025,0.5486654335071063,0.8157246806229641,0.7885031165280851,0.8282766967742732,0.8235585955063475,0.9248884424479671,0.7967994142183764,0.682341655506307,0.6782337271687174,0.7510884597745471,0.8146668165436767,0.7727119337791442,0.78869583575478,0.8686016545527764,0.0,0.8864769727180776,0.7359748166975936,0.9319698447964905,0.7419455119847488,0.7865188235017239,0.9114197954556924,0.9639710288523996,0.6613818263098544,0.7243402279287182,0.7966642483988742,0.8122212629043292,0.5260852178540201,0.7025006687242852,0.5583606630169223,0.7583061235507219,0.6636564449669953,0.6209187490670626,0.547439069640434,0.5536266840783767,0.5746664423291754,0.5050123603312736
0.9863909979646585,0.8301325571059333,0.876544784306218,0.8653169323345169,0.9085712479266688,0.83809157771936,0.8598538437355105,0.8332319763460415,0.6586667390206737,0.5698436510438686,0.6139648013789784,0.7747040033783038,0.7986484866333338,0.7247199726303836,0.8532298804362828,0.624382514352973,0.7861732590252902,0.6676725987548232,0.9979690648358566,0.9496697998542232,0.9923590294958144,1.0,1.0,0.973023103488033,0.8844477748984012,0.6324669669284402,0.9961029471450208,0.9832157792277868,0.8160036699944471,0.9757644390556657,0.9081144169347639,0.8864769727180776,0.0,0.8829958170994915,0.8728348549874995,0.7307285858223102,0.9764985887133628,0.9800152422290609,0.9294195570943685,0.7322327623105058,0.9265317703713518,0.8746890014248793,0.882960366523899,0.6816690493596018,0.8554979266784207,0.7498773972906178,0.8001645386106486,0.8655874402651282,0.6681326994156337,0.6870522923893966,0.6634125808224051,0.711336320713619,0.672071228932385
0.8201267589390687,0.5238121426036796,0.6190625429501734,0.5864215507706162,0.6302152755300852,0.5572413644442845,0.5621413683506055,0.5338530962979166,0.45044840303626743,0.37148101921231674,0.3735135844774452,0.5681387787912313,0.5355339267498488,0.5217619152957028,0.6639728660498605,0.41244571449838935,0.4924050081312068,0.4443894050661373,0.7650439902299588,0.6831128471154166,0.8179615060892296,0.9443071663043405,0.8753119943479396,0.8238522369255162,0.8204974720813595,0.7093820986016699,0.8708503208206027,0.9026969582287784,0.8132152952335062,0.7568757022596212,0.7095939928955627,0.7359748166975936,0.8829958170994915,0.0,0.6592931079784472,0.5047775105099152,0.7096292080853254,0.7687975393339598,0.8241677460486322,0.4937291001093528,0.6811227264545983,0.6152238439469154,0.6999301342163433,0.4831645090704258,0.6175448151671953,0.49407822244611393,0.7171459709218309,0.6166618215272802,0.48552316290829783,0.42903461884116584,0.4320095733009652,0.47742974116614934,0.4517328168697467
0.8356061849177725,0.7068901986020943,0.8283244907994441,0.7519294997701512,0.79768615339003,0.7288695187130666,0.7755964509367362,0.7336862036366264,0.7341868047722063,0.5307697726474279,0.5889524657667902,0.7540722429063398,0.7815550541934255,0.737600584135917,0.7076481998950032,0.6921631937028636,0.7605322608272583,0.7076094545841368,0.8142337855912043,0.8300745398077876,0.8549876681834365,0.7511929341220006,0.8057000676026421,0.7256260846969226,0.6472104200528679,0.4755951203721597,0.7064408370063029,0.7152497226417146,0.6546304188920595,0.7398120061227776,0.9512471214168401,0.9319698447964905,0.8728348549874995,0.6592931079784472,0.0,0.8592909757958755,0.8185953092405835,0.8518792835228349,0.8815925410864571,0.8662523647032302,0.7912340987941584,0.9056895022763305,0.839869156273688,0.6254843518171109,0.8121509182254707,0.684045110855017,0.7500414284192303,0.7148258840454503,0.7502107929650711,0.6810663694242288,0.7070361543892716,0.7087318952103029,0.6307872590303281
0.708247720520236,0.7827246395156384,0.8128110720579727,0.7587275199472562,0.7507095018666641,0.7887390498332723,0.856909289377779,0.7786494930668136,0.7490498601746408,0.6551447627784305,0.6552241208885787,0.7446469627652403,0.7896432530166576,0.7576390771906499,0.6346030296461367,0.7959561403905905,0.823204055093091,0.7965717428427642,0.7553974398443767,0.794026687452465,0.7136340792939032,0.6216904738432851,0.6376282681155672,0.6210567309470307,0.5387779690155017,0.36201190471042255,0.5586561483319319,0.618103782335825,0.4935024598773251,0.672463335781438,0.7965800263981965,0.7419455119847488,0.7307285858223102,0.5047775105099152,0.8592909757958755,0.0,0.6966463314033111,0.7580261263327848,0.6786503256135145,0.8870494615643878,0.677990899676156,0.8444774436842263,0.7154399423512563,0.6747514177763437,0.7588985708506848,0.7573677867536912,0.6372486732304464,0.6570430615461824,0.7345006465705146,0.7618111219586933,0.8201723489235107,0.8228991393838079,0.691706627129388
0.968255380386643,0.7639209136882166,0.9068226804009173,0.9596233823934951,0.9382502445209318,0.890769846647091,0.8897613553137584,0.8588683894500729,0.7393302425154117,0.6253626977361404,0.6179981698538954,0.7690354854113441,0.7944388235013569,0.7936190037753366,0.8266626121464161,0.6887721462550016,0.7715805032749296,0.721739212604555,0.9313544632695199,0.8797623039214707,0.9295829785437246,0.9416601507102615,0.892090943745379,0.9149005723575403,0.7978381999722374,0.5236141546915702,0.8463637924043667,0.8361298780109481,0.7189426114508592,0.9217133020204172,0.7840435432797457,0.7865188235017239,0.9764985887133628,0.7096292080853254,0.8185953092405835,0.6966463314033111,0.0,0.9491644365777686,0.8279041398618732,0.7092855209995961,0.9786202364769552,0.8142997321148648,0.8265680071639916,0.7510013961424856,0.8871049195721401,0.8296759394641258,0.8382288008434394,0.7995933818421394,0.6917391137699724,0.7255697285417932,0.6900678919216511,0.8160285577479283,0.6844571049272408
1.0,0.7147924647501465,0.8709592450788927,0.8487135361507027,0.8492461845203106,0.8356871701139424,0.7861536906283879,0.8041939177782655,0.6885425945950288,0.5421383263175196,0.5523346019464547,0.7861573059852659,0.7719130356465698,0.8014680516463719,0.864994817410137,0.6331453469647714,0.7603870820215457,0.6415716180481019,0.9167442999420342,0.9018715643683158,0.8921106344927607,0.9194844803737299,0.9890607732169625,0.981056377988941,0.7998026960687651,0.6664219298535909,0.859074361161652,0.9552863375057651,0.8314744779572234,0.970653903752745,0.8936136794278698,0.9114197954556924,0.9800152422290609,0.7687975393339598,0.8518792835228349,0.7580261263327848,0.9491644365777686,0.0,0.9219346714803225,0.665575610817666,0.9150836966596255,0.8317378147459854,0.956300318282998,0.6404571103551646,0.874362665469173,0.6945714774341092,0.9585292369446533,0.7917049318906711,0.7259696822460623,0.6452292018634656,0.6958514504271106,0.7111156133888975,0.6214805881419007
0.9360240979405495,0.5758649636093548,0.716718363878491,0.6875500571817954,0.7029396054646836,0.671552540106281,0.6818013319585378,0.6174248177748334,0.522725467887949,0.4304819500725907,0.41860170121821644,0.623281961006409,0.6147970521212949,0.5822284636533307,0.6914488517683667,0.5105427971015851,0.5941531834651846,0.5389509096624102,0.86947426276521,0.847486325396924,0.8826899577695992,0.9400649080231224,0.9995310818756198,0.8912146125898447,0.7487943945740678,0.7283469528453079,0.8635885486706951,0.9066456943486619,0.869116443912704,0.8558635005582226,0.8539175783885704,0.9639710288523996,0.9294195570943685,0.8241677460486322,0.8815925410864571,0.6786503256135145,0.8279041398618732,0.9219346714803225,0.0,0.6267269813594525,0.8407390392146261,0.7729003836492759,0.8109234316511378,0.527684711317,0.6956438351842922,0.5826521025608283,0.8420453450725155,0.6668346676628726,0.5778955771230354,0.5229856850124811,0.5442581183625632,0.5595796200919466,0.4999763335415669
