Cingulate area 2,Frontal association cortex,Cornu ammonis 3,Dentate gyrus,Cornu ammonis 2,Cornu ammonis 1,Fasciola cinereum,Subiculum,Postrhinal cortex,Presubiculum,Parasubiculum,Perirhinal area 35,Perirhinal area 36,Medial entorhinal cortex,Lateral entorhinal cortex,Primary auditory area,"Secondary auditory area, dorsal part","Secondary auditory area, ventral part","Piriform cortex, layer 1","Piriform cortex, layer 2","Piriform cortex, layer 3",Ventrolateral orbital area,Lateral orbital area,Ventral orbital area,Medial orbital area,Dorsolateral orbital area,Prelimbic area,Secondary motor area,Frontal association area 3,Primary motor area,"Agranular insular cortex, ventral area",Agranular insular cortex dorsal area,Cingulate area 1,Infralimbic area,Dysgranular insular cortex,Granular insular cortex,"Primary somatosensory area, forelimb representation","Primary somatosensory area, dysgranular zone","Primary somatosensory area, face representation",Secondary somatosensory area,"Primary somatosensory area, hindlimb representation","Agranular insular cortex, posterior area","Primary somatosensory area, barrel field",Retrosplenial dysgranular area,"Primary somatosensory area, trunk representation",Retrosplenial granular area,"Parietal association cortex, lateral area","Parietal association cortex, medial area","Parietal association cortex, posterior area",Primary visual area,"Secondary visual area, lateral part",Temporal association cortex,"Secondary visual area, medial part"
0.0,0.4616554381156313,0.7418143196942417,0.6764786517657286,0.8435529170265064,0.7605766814838656,0.7356439033986739,0.6935501570625863,0.7536512265831734,0.651402020787377,0.6193124687263347,0.6781377276421999,0.7195682846055745,0.6196784181045345,0.6837272091420078,0.6909373113446856,0.7777879985286245,0.588813568215342,0.6982946897812713,0.8223241122169872,0.7643321957104079,0.6758235184229482,0.651066439032701,0.7506301762421057,0.493639265274519,0.578135630820624,0.6906943846129354,0.6636473271815716,0.5602658156140325,0.7477258741884113,0.7605898416902012,0.5911440585857533,0.8503115470985212,0.9214913554045202,0.681530712081781,0.5891114220542133,0.8745656305625794,0.8956251717677407,0.6993218832101584,0.6579830988544496,0.885980964511219,0.655207885626651,0.7726580686885522,0.8449312933736086,0.70601371024163,0.7358118583239683,0.4639375547547196,0.6085620260109106,0.7575905373592915,0.7597878491709968,0.714115577583292,0.6694415098167323,0.7447878750813863
0.4616554381156313,0.0,0.8000964958758213,0.7991598055121916,0.7181774904693929,0.7882965144857799,0.7248840979147066,0.798235292658933,0.7340086227544848,0.8314548939738944,0.8230239804749155,0.7575206414852941,0.760149344494915,0.8064156080471335,0.77095059378725,0.7149767934486115,0.7398162280867635,0.7942180205024264,0.895220257015671,0.7975345480369063,0.7259154629914323,0.8403458992450059,0.8162111313748189,0.9019286294898408,0.9884327296818641,0.9245688426335423,0.8647516442860935,0.8457970758138484,0.9169507096607601,0.7732408877737872,0.866518443674676,0.9582500132138928,0.6473272983752021,0.6560278231097154,0.808755741431526,0.8294711313194307,0.7137702776610075,0.6797923314779418,0.825097466667933,0.7580987052332077,0.5693499360335613,0.6608697662580164,0.7653108176304594,0.7284247812469236,0.5460082423966798,0.7308324274039298,0.9323109217337765,0.7187330558820008,0.6910129174575291,0.7189690004057161,0.806343876034973,0.678485833943344,0.7473885299876217
0.7418143196942417,0.8000964958758213,0.0,0.9688139523662845,1.0,0.920314302786691,0.8585273305518135,0.9704926975624957,0.9237225922223367,0.964042186270159,0.9536350441638963,0.9400800043388502,0.9753619927573216,0.9170135566610847,0.8687015986161847,0.8971005549416963,0.9841177642817933,0.8965931388675904,0.956437858518543,1.0,0.9256291769208475,0.8681545998718958,0.9054429338336661,0.85470363354614,0.8307794202973467,0.8311518028117042,0.8665639626887617,0.9205911990596343,0.9189091820757864,0.9172129743847239,1.0,0.9792515211346272,0.8496912192443727,0.9179528295737697,0.9823697803979258,0.9308529700550658,0.9609314468409946,0.9804665691833702,0.9355451520159587,0.911789422233247,0.7900924594953651,0.8521691979156248,0.93030026511575,0.9755721222167605,0.8504828471630312,0.9881306648412694,0.8139797217564008,0.9112804254447985,0.8998582768915356,0.9830468822586383,0.9676018474576615,0.9230381339491817,0.9842115683314152
0.6764786517657286,0.7991598055121916,0.9688139523662845,0.0,0.9434215429883135,0.9054978132222057,0.8259560965322732,0.9367262269566672,0.9255314357300282,0.9545222782259349,0.9244400568617881,0.8636032317472666,0.9225513670695521,0.9137612898227552,0.863402400125482,0.8195448485593143,0.8512872601654592,0.8690176344564698,0.9149670439991646,0.9466986188079429,0.8648210296187124,0.8401260427332731,0.843219817378716,0.8861394971853833,0.7758187785142145,0.8255685490963266,0.9067308143151726,0.8945197500571875,0.789746013774077,0.8583805233480076,0.923159763781554,0.902226866179016,0.7877905741227347,0.9291180187833378,0.8930445300699311,0.8613221285782786,0.863921854179564,0.8481749269782808,0.8929895460759484,0.8252147719981048,0.7809145309692298,0.7621374162905062,0.8764846561794917,0.9442472108544426,0.7233825084439746,0.87775691784347,0.7625281361582039,0.7937009966340712,0.8980148388685599,0.9679546873877829,0.8909736410335363,0.8132388479014818,0.9479994435860223
0.8435529170265064,0.7181774904693929,1.0,0.9434215429883135,0.0,1.0,0.919543762541417,0.9584688006388591,1.0,1.0,0.9801319793168546,0.9710571146827295,0.99074274797785,0.9388358026118131,0.9460514025426963,0.9766097922748114,1.0,0.9424166259712407,0.9786045969544608,1.0,0.9563577997162399,0.8407511337791683,0.8734584983494101,0.923183183743588,0.7605113751524871,0.8773480428426905,0.8489231873733072,0.8779693235834216,0.8738373187951809,0.889579035812979,0.9895476574488591,0.8985758972676996,0.9396679676724996,0.9596281598517408,0.9468215082609106,0.9159565172007755,0.9745354360807599,0.971205802149912,0.9791844147321909,0.9246879388387849,0.8440032677448421,0.8516616458975623,0.9285025565106227,1.0,0.8515136790876711,0.8794151595166384,0.7669343710215942,0.7978248223454725,0.9627031506087763,0.9754802179202412,0.9815985546525232,0.9292709838108585,0.9208488746061644
0.7605766814838656,0.7882965144857799,0.920314302786691,0.9054978132222057,1.0,0.0,0.9020137018183834,0.9418089921159918,0.9360830422178372,0.9360058639007768,0.9593508389436403,0.9194491747359047,0.9389798164730481,0.8902565298385282,0.8738009236035232,0.8878172190186296,0.9488059808158604,0.8831477690093218,0.9411783771521354,0.9786799892694341,0.862294253318016,0.8459246167393983,0.8427104345423414,0.921701682191257,0.7644003275022268,0.808059767008932,0.8452628820319513,0.9000988232039733,0.8388963726845118,0.8598781101966009,0.9125379527850908,0.8779785344489899,0.8247350829689054,0.9196792851150163,0.8883137380849504,0.8373357789511955,0.9493159898986575,0.8666507937084187,0.8880648010706813,0.7752913475754524,0.800535200122376,0.878032761328176,0.8615021330448934,1.0,0.7514212218102305,0.9623652997436978,0.7983001517965083,0.838890440516971,0.8926508788213032,0.8867308111585892,0.9508181231653601,0.889583670098301,0.9503271956974895
0.7356439033986739,0.7248840979147066,0.8585273305518135,0.8259560965322732,0.919543762541417,0.9020137018183834,0.0,0.8365956027526348,0.8201257829692935,0.7928981989143161,0.7614579756026829,0.8080429674990423,0.8150510496512633,0.7644292611006441,0.7769999794041785,0.7495369209492742,0.8281665209976817,0.713663266666157,0.8083081851427673,0.8916040832467743,0.7900086063832934,0.8554404808160527,0.8822922406249829,0.8533888052380368,0.730359025972133,0.769214117980096,0.8825506948593504,0.8240523572935077,0.7621450602055068,0.8240078537354736,0.9261914029683908,0.7679182001316092,0.8544636540447238,0.8514534372402479,0.8306097053302324,0.7648909309842279,0.8547612771782191,0.8444012779416767,0.7872852705899774,0.7557592877413629,0.7665539941711739,0.7944283263323557,0.8573656412301947,0.913272476250707,0.7318591653986966,0.908344174840002,0.7176696428498704,0.8602711126662272,0.7748877527453969,0.8053244121888766,0.839519626788425,0.7611812105186341,0.8534244405741059
0.6935501570625863,0.798235292658933,0.9704926975624957,0.9367262269566672,0.9584688006388591,0.9418089921159918,0.8365956027526348,0.0,0.9258689937709282,0.9810288262769331,0.933469464037726,0.8924276665196723,0.9432163513980563,0.9917863848237856,0.8929681685058479,0.8411957678975323,0.9050701017596755,0.9789059150598178,0.9064817157918521,0.9249283676731038,0.868164275807437,0.7636719949463061,0.8837255713164359,0.8630428969358811,0.8392863716210835,0.881669317387572,0.9033143865701129,0.8547862278764123,0.9139905020848809,0.8565339107679246,0.9186844685966408,0.9309765939213258,0.7915338592517256,0.9490130735768726,0.8831248996096771,0.888374482000791,0.910310438689168,0.8516745949353686,0.9410536692661956,0.8355870961351436,0.7280139185166267,0.7818052994250714,0.9006155586176607,0.9452036839590976,0.777943058182198,0.8749389988695409,0.8242677252864977,0.8232059546156085,0.8539276719910055,0.9205898105236553,0.9724450938330264,0.9592550555551127,0.9689285833273646
0.7536512265831734,0.7340086227544848,0.9237225922223367,0.9255314357300282,1.0,0.9360830422178372,0.8201257829692935,0.9258689937709282,0.0,0.9874261726724184,0.9830495391536207,0.9766662103067634,0.9839584148670871,0.9926024159976986,0.9450844835204728,0.9556251261587092,0.9898584711302818,1.0,0.8669812482377864,0.8876500181254579,0.811793776847789,0.7334284395749369,0.7414220767176125,0.8181381827347682,0.7375207106409887,0.7841215617663005,0.7756460411242474,0.8042374808866553,0.8471211398447303,0.7157236440968946,0.9104360021481503,0.9072399507862294,0.7623404000369969,0.9330007376702283,0.8810201194133276,0.8832627018111586,0.8168884952978944,0.8033655699479592,0.8276224074280842,0.839239475905888,0.738597251715148,0.815375667357633,0.8942692415308656,0.9926767393295451,0.8722229468471343,0.8834379235077474,0.8123557696829363,0.8321190366220881,0.88067335627475,0.9726760306370777,0.8989163398343304,0.9715912541248763,0.9049355123687142
0.651402020787377,0.8314548939738944,0.964042186270159,0.9545222782259349,1.0,0.9360058639007768,0.7928981989143161,0.9810288262769331,0.9874261726724184,0.0,1.0,0.9522946623805949,0.9664976518014173,0.9869550482404923,0.9161147271766348,0.9146301284500384,0.9598667507920045,0.9969736544891223,0.9363514983553559,0.9491630872763274,0.8541708443579485,0.7685029652562462,0.8357036379001482,0.9010820255114171,0.8021725827679556,0.8684357573824035,0.8387796151849753,0.8311057008890047,0.9381231905500023,0.7910716663934728,0.9317817560954303,0.9574792920137588,0.7293452904531504,0.8296314041670708,0.9427412047032925,0.9275078699827497,0.9115667636166356,0.7715591738459924,0.9728501579367816,0.8693446037572703,0.7056353422681744,0.7900413323966556,0.8430386436525109,0.8932172740544941,0.7189602632557304,0.8506476474175393,0.8548036272029679,0.7643035206400486,0.9076375093546366,0.9511714664158507,0.9396363615214075,0.9784496073302632,0.9205081579348892
0.6193124687263347,0.8230239804749155,0.9536350441638963,0.9244400568617881,0.9801319793168546,0.9593508389436403,0.7614579756026829,0.933469464037726,0.9830495391536207,1.0,0.0,0.9939510320331896,0.9505267193302711,0.9794837579623575,0.9065763401759229,0.8929242689613928,0.9357726064596658,1.0,0.8793047849996719,0.9402961661452365,0.8120478418439031,0.7839409950398117,0.8135639707198755,0.8823783108208216,0.9014303511704864,0.8512630527961356,0.8098939900381696,0.8310777427492688,0.9166236854949387,0.782246703192444,0.9713505854649426,0.9425959183954608,0.718937400445855,0.895903753252424,0.9105748853855318,0.952746933795402,0.7989925836464798,0.7919036423626212,0.905527424428968,0.8768575769748469,0.6962959289085033,0.8212344218374187,0.8319613890092744,0.8318016893688893,0.725055598510534,0.9453432774516692,0.9242531436637157,0.773737038910112,0.854897091425465,0.9830543581730318,0.9244507546722506,0.9321374344420332,0.8881279261192822
0.6781377276421999,0.7575206414852941,0.9400800043388502,0.8636032317472666,0.9710571146827295,0.9194491747359047,0.8080429674990423,0.8924276665196723,0.9766662103067634,0.9522946623805949,0.9939510320331896,0.0,1.0,0.9303538237442281,0.9363065012194369,0.9423154399853237,0.9034037554130387,0.9169196839840464,0.895453764857516,0.8982045517876178,0.808147730975279,0.7517024886372128,0.7890648531938524,0.8165768982053763,0.7717805542037011,0.7666434547842889,0.7886734662128081,0.8005401285986308,0.8247191799475925,0.7796060983470947,0.8832248844832159,0.9177183468603521,0.7229426782580046,0.9315439011632156,0.9611044602393881,0.8453422085405257,0.8231033332496636,0.7915797203665053,0.8497390628052367,0.8050218665775654,0.7561600654944859,0.82378950546312,0.83614342987677,0.9164333847730917,0.8097009220221284,0.9062325843309571,0.7828629630289335,0.7250408817829198,0.878380215064136,0.8631021690765515,0.9463798062272621,0.8890225717514666,0.8708276794215261
0.7195682846055745,0.760149344494915,0.9753619927573216,0.9225513670695521,0.99074274797785,0.9389798164730481,0.8150510496512633,0.9432163513980563,0.9839584148670871,0.9664976518014173,0.9505267193302711,1.0,0.0,0.942527514266078,0.8484216017986527,0.9526696856697591,0.9859716708430406,0.9331516339264845,0.894287043666664,0.9777752298063502,0.8948367739629614,0.8004585223089198,0.8473805050640155,0.8845702324632212,0.8261451129337118,0.8756730755487004,0.8016989952483867,0.7707048476001208,0.8376624720079073,0.8458830635737097,0.957672649458481,0.9266156109270154,0.8001113870376358,0.8906062330518976,0.9617127355851719,0.9447621957244958,0.935192278051284,0.8922243255173032,0.8862850734125373,0.8903787836184982,0.7738125124191388,0.8884023446324515,0.8990009262748513,0.9147067209964862,0.8487366214816736,0.9356950483998601,0.8313140470392543,0.7972992618233892,0.9456197633196225,0.9485805490393584,0.9034380081523521,0.8951319526994932,0.8907475050522748
0.6196784181045345,0.8064156080471335,0.9170135566610847,0.9137612898227552,0.9388358026118131,0.8902565298385282,0.7644292611006441,0.9917863848237856,0.9926024159976986,0.9869550482404923,0.9794837579623575,0.9303538237442281,0.942527514266078,0.0,0.8831167208845464,0.8748734883129801,0.9273583688857806,0.9842133748986308,0.8020823801280405,0.8699394071349277,0.7455390368276915,0.7515869346091298,0.7600099282233269,0.8027109762204906,0.8387619638965805,0.7887692746620464,0.7845686679172683,0.7579876546497842,0.8490208644911708,0.7132501764892686,0.9150871406480374,0.9262596764726544,0.7150627281292815,0.8282601459712184,0.8722781815737742,0.8807985906548071,0.8092299276821591,0.738087747138191,0.8324951407844582,0.7665190520905752,0.6918278410120422,0.7481407518477253,0.7779056234215236,0.866034921117451,0.732158964665914,0.8626427893068218,0.8462780106761902,0.7792810862113789,0.8517046241425377,0.9197607005707544,0.8850446759581684,0.933270663131724,0.8829465981946776
0.6837272091420078,0.77095059378725,0.8687015986161847,0.863402400125482,0.9460514025426963,0.8738009236035232,0.7769999794041785,0.8929681685058479,0.9450844835204728,0.9161147271766348,0.9065763401759229,0.9363065012194369,0.8484216017986527,0.8831167208845464,0.0,0.8724426998122651,0.8493878380670251,0.9043106223788636,0.8401589927799141,0.9226859652332849,0.7818255078400298,0.7276792180346594,0.771153859280589,0.8098099220642893,0.7708123406588931,0.7855360091915792,0.7769414662346013,0.7686059813186925,0.8206015843956362,0.7540512078864983,0.9256508556545823,0.8300280816677369,0.7344829269370513,0.812058391422809,0.8287534128053591,0.8498983451038491,0.850313115081324,0.781541698760843,0.8330658609587421,0.7667293024729948,0.7080924991960439,0.7640379767073259,0.828965171712261,0.8892810429506838,0.7383359500846784,0.8047412163701674,0.7478424819967713,0.7152293508403155,0.8629187095118055,0.8866220227291776,0.8899602562880659,0.8636425716662445,0.8242231411227262
0.6909373113446856,0.7149767934486115,0.8971005549416963,0.8195448485593143,0.9766097922748114,0.8878172190186296,0.7495369209492742,0.8411957678975323,0.9556251261587092,0.9146301284500384,0.8929242689613928,0.9423154399853237,0.9526696856697591,0.8748734883129801,0.8724426998122651,0.0,0.9664718755675754,0.8944550998514621,0.8683160339526101,0.8940293490232907,0.8069108497464688,0.7141730970770931,0.7686808419374618,0.8112405113501753,0.794946319971508,0.7726726279520001,0.7606195390329262,0.7752159014856703,0.8211331078441864,0.7539925584396963,0.8646197257334811,0.9013904460748502,0.7327166565446358,0.8942339778035349,0.9173513496329915,0.9185518690962072,0.884009301045089,0.7960334481456874,0.8513782493415586,0.8079405022910132,0.7093698281273001,0.8278097061769045,0.8609705624624939,0.8188409425936903,0.7851505178488036,0.8369863503940163,0.7663840905779613,0.6954639508126123,0.8794640617221315,0.8685342128047621,0.9068337321972152,0.9246014106681113,0.884424525608565
0.7777879985286245,0.7398162280867635,0.9841177642817933,0.8512872601654592,1.0,0.9488059808158604,0.8281665209976817,0.9050701017596755,0.9898584711302818,0.9598667507920045,0.9357726064596658,0.9034037554130387,0.9859716708430406,0.9273583688857806,0.8493878380670251,0.9664718755675754,0.0,0.8592086384237198,0.9672531144492527,0.978939662476744,0.9088048143810373,0.7747268054090916,0.8280390856260976,0.8892164073190096,0.8189227084879077,0.7992465290637092,0.8157790299418993,0.8350012955008207,0.8012597176294725,0.7954209515939887,0.9262697347069677,0.8567797487817289,0.7844602259489569,0.9576943513920713,0.9701385933684304,0.9520367476347157,0.8593066441383928,0.8931577727586217,0.9478659460589006,0.9584550599638585,0.779991973864004,0.978763433689276,0.9822651195622727,0.9778779456909149,0.9426226707239534,0.9412392472965039,0.7745253261756578,0.7853209470805237,0.9262687211042813,0.8917231878112901,0.9555043259137586,0.9133998805915216,0.917824400877613
0.588813568215342,0.7942180205024264,0.8965931388675904,0.8690176344564698,0.9424166259712407,0.8831477690093218,0.713663266666157,0.9789059150598178,1.0,0.9969736544891223,1.0,0.9169196839840464,0.9331516339264845,0.9842133748986308,0.9043106223788636,0.8944550998514621,0.8592086384237198,0.0,0.8565517451135394,0.8842244947615175,0.8444317363305633,0.6774110905656738,0.7358889796694484,0.7411170718358405,0.776307546788823,0.7491663791171327,0.7209844196397266,0.7432316533553264,0.8908947650621357,0.7210824032166364,0.860274930643625,0.8817535585338357,0.6592744233416662,0.845107228145796,0.8774604943163995,0.9264756297801173,0.8259836421738733,0.7412757389812584,0.8502365541385674,0.8386140318415988,0.6586789229797777,0.8382921076021635,0.8198651212699667,0.8896262435166145,0.8169939460312555,0.8564377679567435,0.9100202471206226,0.7439435006712996,0.8533166230745374,0.8804082029146953,0.8653608717121658,0.9875486248825852,0.8301471419317679
0.6982946897812713,0.895220257015671,0.956437858518543,0.9149670439991646,0.9786045969544608,0.9411783771521354,0.8083081851427673,0.9064817157918521,0.8669812482377864,0.9363514983553559,0.8793047849996719,0.895453764857516,0.894287043666664,0.8020823801280405,0.8401589927799141,0.8683160339526101,0.9672531144492527,0.8565517451135394,0.0,1.0,0.9228647987663227,0.9293277751361478,0.9371199165654841,0.9591505220709561,0.8466504640882137,0.9745044473165613,0.9386882973135274,0.9589402357635923,0.8352725515035623,0.9472321539080151,0.9154493350960694,0.8901146899172675,0.8719636198483284,0.8849853654824084,0.9904203593228424,0.895783130737228,0.9212765874233748,0.8960066038736583,0.9687946083469484,0.9014824588408311,0.8428448305586254,0.9644446337763897,0.9924836096410795,0.8989303085053684,0.7701222754822272,0.9296721197572305,0.8011717464859818,0.8469215278407752,0.9237666898138629,0.8864966628260084,0.9009304506460001,0.8669428444440761,0.9420619485522892
0.8223241122169872,0.7975345480369063,1.0,0.9466986188079429,1.0,0.9786799892694341,0.8916040832467743,0.9249283676731038,0.8876500181254579,0.9491630872763274,0.9402961661452365,0.8982045517876178,0.9777752298063502,0.8699394071349277,0.9226859652332849,0.8940293490232907,0.978939662476744,0.8842244947615175,1.0,0.0,0.9300816858132047,0.8730287451434361,0.9978943743666957,1.0,0.7912860654018988,0.8642929851634166,0.964273361645071,0.8763942607119699,0.873352976684276,0.9332826597173277,1.0,0.9561114825633782,0.9610604449915594,0.9562007725305891,0.9955331063746679,0.9711142408894335,0.9804066505874249,0.9962909034619322,0.9562848467180873,0.9152662760920804,0.8757902138675177,0.9278247805359479,1.0,0.9541895258910295,0.7818673561798117,0.9457145279010908,0.7599275257704456,0.8434514188294929,1.0,0.9128603735578315,0.9867004887179718,0.8991808361870997,0.9613248249434643
0.7643321957104079,0.7259154629914323,0.9256291769208475,0.8648210296187124,0.9563577997162399,0.862294253318016,0.7900086063832934,0.868164275807437,0.811793776847789,0.8541708443579485,0.8120478418439031,0.808147730975279,0.8948367739629614,0.7455390368276915,0.7818255078400298,0.8069108497464688,0.9088048143810373,0.8444317363305633,0.9228647987663227,0.9300816858132047,0.0,0.8280714787974165,0.8598871009035118,0.89036015930479,0.7283247571599302,0.8351066927402933,0.8669897330834998,0.8809383425890234,0.7742695746788335,0.8751574145703116,0.8970827043602551,0.8127784024285204,0.7995429920290165,0.902603800742384,0.941166756803589,0.883047684548753,0.8920016204874629,0.913638611089632,0.8860854735224984,0.8446627443438194,0.7805417416935906,0.9170019117101528,0.9592906080801563,0.8768728129247447,0.7966753192268806,0.8269725922406369,0.6990891565582185,0.7402729831609379,0.8614105326571576,0.8336475762171728,0.8302895703794374,0.8307552230274816,0.8727745241545946
0.6758235184229482,0.8403458992450059,0.8681545998718958,0.8401260427332731,0.8407511337791683,0.8459246167393983,0.8554404808160527,0.7636719949463061,0.7334284395749369,0.7685029652562462,0.7839409950398117,0.7517024886372128,0.8004585223089198,0.7515869346091298,0.7276792180346594,0.7141730970770931,0.7747268054090916,0.6774110905656738,0.9293277751361478,0.8730287451434361,0.8280714787974165,0.0,0.9358456917610101,1.0,0.8017984713728548,0.8984381884232143,0.9945656468136812,0.9428189396870656,0.771067662403092,0.8907472287415038,0.9063239922193786,0.8491119960473278,0.8718387760878957,0.7147649698724433,0.7478793720262473,0.7735029571093307,0.8724173489746145,0.8400240245785456,0.849712230762971,0.7669916088728145,0.7487613185920727,0.7135752359771912,0.8106866416468858,0.8206032088999266,0.599306758304691,0.845482466561391,0.7181924340251146,0.8048215957033259,0.800137484240462,0.8204022718273203,0.8636913122862749,0.6870750017098404,0.8004101069207548
0.651066439032701,0.8162111313748189,0.9054429338336661,0.843219817378716,0.8734584983494101,0.8427104345423414,0.8822922406249829,0.8837255713164359,0.7414220767176125,0.8357036379001482,0.8135639707198755,0.7890648531938524,0.8473805050640155,0.7600099282233269,0.771153859280589,0.7686808419374618,0.8280390856260976,0.7358889796694484,0.9371199165654841,0.9978943743666957,0.8598871009035118,0.9358456917610101,0.0,0.9476849262136753,0.8754350916622178,0.8904116190980781,0.9536721343647626,0.9508866529506211,0.7867014322633538,0.8980546167433714,0.9808428226641966,0.8572843950410968,0.8646262819306093,0.7794477089095413,0.8640757871215089,0.8955120325806268,0.8862445461383438,0.9232468917750016,0.9460496555995958,0.8471937064321415,0.7620055856610132,0.8332243367273874,0.890169664022327,0.8717635843887936,0.6606467177880495,0.8385795045504442,0.7596891733469866,0.8425196331784867,0.8602443904567334,0.8509464476095516,0.8917729315935451,0.7660464928424223,0.8243235595243679
0.7506301762421057,0.9019286294898408,0.85470363354614,0.8861394971853833,0.923183183743588,0.921701682191257,0.8533888052380368,0.8630428969358811,0.8181381827347682,0.9010820255114171,0.8823783108208216,0.8165768982053763,0.8845702324632212,0.8027109762204906,0.8098099220642893,0.8112405113501753,0.8892164073190096,0.7411170718358405,0.9591505220709561,1.0,0.89036015930479,1.0,0.9476849262136753,0.0,0.9146391507585765,1.0,0.9990702864051265,0.9842345825639573,0.9395358953557872,0.9860459736559534,0.9224805864322997,0.8946151477364884,0.9132002170843384,0.867232291683787,0.869050335663038,0.81027807026315,0.9520675222751503,0.9719997492032558,0.9705971053195891,0.8193592903131481,0.8059385825654564,0.7465654936407288,0.8660258997714833,0.900557265280856,0.619635824141854,0.8301179667514351,0.7943303792740989,0.804913303677611,0.8625445882617603,0.8827459095536025,0.907510144912483,0.7719740184721896,0.8622066381524277
0.493639265274519,0.9884327296818641,0.8307794202973467,0.7758187785142145,0.7605113751524871,0.7644003275022268,0.730359025972133,0.8392863716210835,0.7375207106409887,0.8021725827679556,0.9014303511704864,0.7717805542037011,0.8261451129337118,0.8387619638965805,0.7708123406588931,0.794946319971508,0.8189227084879077,0.776307546788823,0.8466504640882137,0.7912860654018988,0.7283247571599302,0.8017984713728548,0.8754350916622178,0.9146391507585765,0.0,0.9164187438269181,0.7894930302943096,0.8393975687957514,0.8935911207934233,0.8320122409677108,0.8468184761491947,0.9420032774874463,0.6727313698162413,0.6821574481053035,0.7626617451030796,0.8536104877713743,0.7213485831458765,0.6813068102075002,0.8375500197245325,0.7498588304362536,0.5783869915944773,0.6928955242746881,0.7803185107608103,0.7291829954028486,0.5363022036397902,0.75108436211476,0.9397510352479522,0.7890044198148265,0.7630539787936641,0.8001996009670983,0.8120484949567688,0.7571216773877203,0.7615986038204472
0.578135630820624,0.9245688426335423,0.8311518028117042,0.8255685490963266,0.8773480428426905,0.808059767008932,0.769214117980096,0.881669317387572,0.7841215617663005,0.8684357573824035,0.8512630527961356,0.7666434547842889,0.8756730755487004,0.7887692746620464,0.7855360091915792,0.7726726279520001,0.7992465290637092,0.7491663791171327,0.9745044473165613,0.8642929851634166,0.8351066927402933,0.8984381884232143,0.8904116190980781,1.0,0.9164187438269181,0.0,0.9106609893210807,0.9039589843075296,0.9646430960190129,0.9260229977706005,0.917624210253944,0.9776705973011736,0.7564308032204451,0.8037480205859688,0.8560253495322862,0.8641036282796338,0.8359694509599046,0.8236510156717722,0.8949987413493857,0.8168559981002859,0.7315307627409157,0.7121961275048266,0.8289810780722127,0.8014821156921172,0.5939234053877949,0.796035131421622,0.781573011849145,0.6982604773031802,0.7919122372518875,0.8219785606161968,0.8577945147816112,0.7605423191039372,0.7844318276415158
0.6906943846129354,0.8647516442860935,0.8665639626887617,0.9067308143151726,0.8489231873733072,0.8452628820319513,0.8825506948593504,0.9033143865701129,0.7756460411242474,0.8387796151849753,0.8098939900381696,0.7886734662128081,0.8016989952483867,0.7845686679172683,0.7769414662346013,0.7606195390329262,0.8157790299418993,0.7209844196397266,0.9386882973135274,0.964273361645071,0.8669897330834998,0.9945656468136812,0.9536721343647626,0.9990702864051265,0.7894930302943096,0.9106609893210807,0.0,0.997316297433201,0.8723238269242847,0.9344488644323371,0.945222229832221,0.87221242393231,0.8997554971629779,0.8073791019867107,0.8231268274372454,0.8038161361122468,0.9539523212205497,0.9201346037972459,0.9271314626749706,0.753342873066315,0.8302503255310889,0.6985817220024496,0.8266956568500599,0.9083565891712629,0.6446188284918525,0.8619933360081456,0.7209506849262832,0.7909837926205074,0.8057446746772187,0.8676338046108326,0.8633375644292458,0.7370949643894262,0.8424785398376237
0.6636473271815716,0.8457970758138484,0.9205911990596343,0.8945197500571875,0.8779693235834216,0.9000988232039733,0.8240523572935077,0.8547862278764123,0.8042374808866553,0.8311057008890047,0.8310777427492688,0.8005401285986308,0.7707048476001208,0.7579876546497842,0.7686059813186925,0.7752159014856703,0.8350012955008207,0.7432316533553264,0.9589402357635923,0.8763942607119699,0.8809383425890234,0.9428189396870656,0.9508866529506211,0.9842345825639573,0.8393975687957514,0.9039589843075296,0.997316297433201,0.0,0.8953073853050316,0.9220436755531826,0.9889318272417217,0.8828797094360933,0.8646847383440892,0.8048151045220809,0.8422430563813236,0.8187411485318093,0.9226565445696248,0.8555712021442605,0.975585635253625,0.8127756329209214,0.8012907679561986,0.7495742671460964,0.8520575708794044,0.8599945572898624,0.6568182803524404,0.8477987698124686,0.7694477863594551,0.8321333064899611,0.8430166124408647,0.877232013214653,0.9266039441965336,0.7168559389616675,0.8973689988740183
0.5602658156140325,0.9169507096607601,0.9189091820757864,0.789746013774077,0.8738373187951809,0.8388963726845118,0.7621450602055068,0.9139905020848809,0.8471211398447303,0.9381231905500023,0.9166236854949387,0.8247191799475925,0.8376624720079073,0.8490208644911708,0.8206015843956362,0.8211331078441864,0.8012597176294725,0.8908947650621357,0.8352725515035623,0.873352976684276,0.7742695746788335,0.771067662403092,0.7867014322633538,0.9395358953557872,0.8935911207934233,0.9646430960190129,0.8723238269242847,0.8953073853050316,0.0,0.7995010646414121,0.8838589750601973,0.950871274203064,0.7108185370681341,0.8269061718157461,0.8485777786792704,0.8700811457892308,0.7895459939119278,0.7808006927265241,0.9027715270931562,0.8406686248968148,0.6757139857829334,0.705962046627888,0.7753872590868768,0.8016183991390964,0.6202793258717634,0.7903465336236207,0.8925623027547291,0.7315139142925703,0.8031206134882558,0.8521975442100284,0.900560844240059,0.7946255175759832,0.8000382031113272
0.7477258741884113,0.7732408877737872,0.9172129743847239,0.8583805233480076,0.889579035812979,0.8598781101966009,0.8240078537354736,0.8565339107679246,0.7157236440968946,0.7910716663934728,0.782246703192444,0.7796060983470947,0.8458830635737097,0.7132501764892686,0.7540512078864983,0.7539925584396963,0.7954209515939887,0.7210824032166364,0.9472321539080151,0.9332826597173277,0.8751574145703116,0.8907472287415038,0.8980546167433714,0.9860459736559534,0.8320122409677108,0.9260229977706005,0.9344488644323371,0.9220436755531826,0.7995010646414121,0.0,0.9168514510436416,0.9100115828256986,0.9306698487537598,0.8587830589933024,0.7966635531595356,0.788805134042257,0.9949702994982214,0.9593840205780281,0.9380412000741088,0.7761420456050385,0.83732170598042,0.7506953315249747,0.8782875420343706,0.8594534424510248,0.644575434346727,0.8507819813226307,0.6834052552076775,0.7214208535183948,0.8105234976637068,0.8417752235311617,0.8217855685598194,0.7754123589497898,0.8530540175008375
0.7605898416902012,0.866518443674676,1.0,0.923159763781554,0.9895476574488591,0.9125379527850908,0.9261914029683908,0.9186844685966408,0.9104360021481503,0.9317817560954303,0.9713505854649426,0.8832248844832159,0.957672649458481,0.9150871406480374,0.9256508556545823,0.8646197257334811,0.9262697347069677,0.860274930643625,0.9154493350960694,1.0,0.8970827043602551,0.9063239922193786,0.9808428226641966,0.9224805864322997,0.8468184761491947,0.917624210253944,0.945222229832221,0.9889318272417217,0.8838589750601973,0.9168514510436416,0.0,0.9691747888228026,0.8978258934940533,0.9399552411303991,0.8870670756386866,0.9215203333277402,1.0,0.9244373263907675,0.9304365706839081,0.8444708880046208,0.8385755899326904,0.7846285929443131,0.8917212091940354,0.933253026643565,0.7479641337124204,0.9466721875735251,0.8061062987960916,0.8695250151782403,0.9199686044914046,0.9119812603047747,0.9792744487888541,0.8663261282251907,0.9387227244195062
0.5911440585857533,0.9582500132138928,0.9792515211346272,0.902226866179016,0.8985758972676996,0.8779785344489899,0.7679182001316092,0.9309765939213258,0.9072399507862294,0.9574792920137588,0.9425959183954608,0.9177183468603521,0.9266156109270154,0.9262596764726544,0.8300280816677369,0.9013904460748502,0.8567797487817289,0.8817535585338357,0.8901146899172675,0.9561114825633782,0.8127784024285204,0.8491119960473278,0.8572843950410968,0.8946151477364884,0.9420032774874463,0.9776705973011736,0.87221242393231,0.8828797094360933,0.950871274203064,0.9100115828256986,0.9691747888228026,0.0,0.7892284885994904,0.8393058791176257,0.8431057388483725,0.90223160471321,0.8775851801278753,0.8288919620806918,0.9380156273053052,0.8223285845592875,0.719423523444133,0.7712247067335726,0.8692624873249312,0.8385676265237423,0.6375357388211493,0.8909267704834277,0.9123951499000823,0.7786795932725955,0.8264856841539486,0.899881755536,0.9219661981610084,0.9010025860158237,0.8385955755264509
0.8503115470985212,0.6473272983752021,0.8496912192443727,0.7877905741227347,0.9396679676724996,0.8247350829689054,0.8544636540447238,0.7915338592517256,0.7623404000369969,0.7293452904531504,0.718937400445855,0.7229426782580046,0.8001113870376358,0.7150627281292815,0.7344829269370513,0.7327166565446358,0.7844602259489569,0.6592744233416662,0.8719636198483284,0.9610604449915594,0.7995429920290165,0.8718387760878957,0.8646262819306093,0.9132002170843384,0.6727313698162413,0.7564308032204451,0.8997554971629779,0.8646847383440892,0.7108185370681341,0.9306698487537598,0.8978258934940533,0.7892284885994904,0.0,0.875726679622943,0.7490826819216454,0.714283630405771,0.9552036163634656,0.9532657574443998,0.8715298759357087,0.7332615378899221,0.9039301006823506,0.7351306441138785,0.8206309673151311,0.8375018841459764,0.6851333757379322,0.8698459799782994,0.5927428005848127,0.709506692704771,0.7987262473590276,0.8002894723197329,0.7804130748225416,0.6850883390125813,0.8205588293654839
0.9214913554045202,0.6560278231097154,0.9179528295737697,0.9291180187833378,0.9596281598517408,0.9196792851150163,0.8514534372402479,0.9490130735768726,0.9330007376702283,0.8296314041670708,0.895903753252424,0.9315439011632156,0.8906062330518976,0.8282601459712184,0.812058391422809,0.8942339778035349,0.9576943513920713,0.845107228145796,0.8849853654824084,0.9562007725305891,0.902603800742384,0.7147649698724433,0.7794477089095413,0.867232291683787,0.6821574481053035,0.8037480205859688,0.8073791019867107,0.8048151045220809,0.8269061718157461,0.8587830589933024,0.9399552411303991,0.8393058791176257,0.875726679622943,0.0,0.8362047408348972,0.8003252456146781,0.9529113441835101,0.9293498151533065,0.8253592770866094,0.7818624056571082,0.9223017744250989,0.7702614838079783,0.9230124513701062,0.9743873254727313,0.7916727908777966,0.848882488122052,0.6376615799560603,0.7258393487052546,0.9080118754807984,0.8942129055546608,0.852001210450674,0.8595866846189052,0.9246013564118858
0.681530712081781,0.808755741431526,0.9823697803979258,0.8930445300699311,0.9468215082609106,0.8883137380849504,0.8306097053302324,0.8831248996096771,0.8810201194133276,0.9427412047032925,0.9105748853855318,0.9611044602393881,0.9617127355851719,0.8722781815737742,0.8287534128053591,0.9173513496329915,0.9701385933684304,0.8774604943163995,0.9904203593228424,0.9955331063746679,0.941166756803589,0.7478793720262473,0.8640757871215089,0.869050335663038,0.7626617451030796,0.8560253495322862,0.8231268274372454,0.8422430563813236,0.8485777786792704,0.7966635531595356,0.8870670756386866,0.8431057388483725,0.7490826819216454,0.8362047408348972,0.0,0.9749034896269818,0.8523475672518196,0.878287180081698,0.9216754652543648,0.9868006309122647,0.7379518299290809,0.9858853385753966,0.9319878381468422,0.9100418950086578,0.8009196425957501,0.9136539045743407,0.8133176047488936,0.8295337119466724,0.9024933822084622,0.847729410554008,0.9038740614899956,0.8991875051189795,0.8906821130916761
0.5891114220542133,0.8294711313194307,0.9308529700550658,0.8613221285782786,0.9159565172007755,0.8373357789511955,0.7648909309842279,0.888374482000791,0.8832627018111586,0.9275078699827497,0.952746933795402,0.8453422085405257,0.9447621957244958,0.8807985906548071,0.8498983451038491,0.9185518690962072,0.9520367476347157,0.9264756297801173,0.895783130737228,0.9711142408894335,0.883047684548753,0.7735029571093307,0.8955120325806268,0.81027807026315,0.8536104877713743,0.8641036282796338,0.8038161361122468,0.8187411485318093,0.8700811457892308,0.788805134042257,0.9215203333277402,0.90223160471321,0.714283630405771,0.8003252456146781,0.9749034896269818,0.0,0.8211041535040329,0.8358678610797826,0.8703054116175791,0.9604167697889407,0.6834119511136082,0.9227189645716642,0.9213968015917935,0.8636150180485865,0.7529120650966281,0.9100686256426984,0.8807447123469013,0.7863293509849854,0.8641566404547133,0.9134927351352011,0.9260753842525928,0.9114573390723841,0.8763168288351341
0.8745656305625794,0.7137702776610075,0.9609314468409946,0.863921854179564,0.9745354360807599,0.9493159898986575,0.8547612771782191,0.910310438689168,0.8168884952978944,0.9115667636166356,0.7989925836464798,0.8231033332496636,0.935192278051284,0.8092299276821591,0.850313115081324,0.884009301045089,0.8593066441383928,0.8259836421738733,0.9212765874233748,0.9804066505874249,0.8920016204874629,0.8724173489746145,0.8862445461383438,0.9520675222751503,0.7213485831458765,0.8359694509599046,0.9539523212205497,0.9226565445696248,0.7895459939119278,0.9949702994982214,1.0,0.8775851801278753,0.9552036163634656,0.9529113441835101,0.8523475672518196,0.8211041535040329,0.0,0.9943558588677589,0.9255734701337194,0.8197588775191211,0.9313715535999723,0.8095963813532419,0.9578860539531112,0.9224965368546758,0.7616673456269933,0.8928704859732702,0.6385603225268103,0.7677438303939528,0.9245909300204321,0.9547874167316945,0.8779711186268606,0.8336499229212793,0.9101011313035063
0.8956251717677407,0.6797923314779418,0.9804665691833702,0.8481749269782808,0.971205802149912,0.8666507937084187,0.8444012779416767,0.8516745949353686,0.8033655699479592,0.7715591738459924,0.7919036423626212,0.7915797203665053,0.8922243255173032,0.738087747138191,0.781541698760843,0.7960334481456874,0.8931577727586217,0.7412757389812584,0.8960066038736583,0.9962909034619322,0.913638611089632,0.8400240245785456,0.9232468917750016,0.9719997492032558,0.6813068102075002,0.8236510156717722,0.9201346037972459,0.8555712021442605,0.7808006927265241,0.9593840205780281,0.9244373263907675,0.8288919620806918,0.9532657574443998,0.9293498151533065,0.878287180081698,0.8358678610797826,0.9943558588677589,0.0,0.9656425329119163,0.8116832186103635,0.8552418210070286,0.8834589989828581,0.9252418305234803,0.8951179608721894,0.7340693268891535,0.861953250100948,0.6214313814206135,0.7200281201947155,0.8680777830936108,0.8809835250920063,0.8500384556495063,0.7665898947745475,0.8832628097375363
0.6993218832101584,0.825097466667933,0.9355451520159587,0.8929895460759484,0.9791844147321909,0.8880648010706813,0.7872852705899774,0.9410536692661956,0.8276224074280842,0.9728501579367816,0.905527424428968,0.8497390628052367,0.8862850734125373,0.8324951407844582,0.8330658609587421,0.8513782493415586,0.9478659460589006,0.8502365541385674,0.9687946083469484,0.9562848467180873,0.8860854735224984,0.849712230762971,0.9460496555995958,0.9705971053195891,0.8375500197245325,0.8949987413493857,0.9271314626749706,0.975585635253625,0.9027715270931562,0.9380412000741088,0.9304365706839081,0.9380156273053052,0.8715298759357087,0.8253592770866094,0.9216754652543648,0.8703054116175791,0.9255734701337194,0.9656425329119163,0.0,0.8687641104093989,0.8125569989122876,0.8193755263044841,0.9060856356271302,0.860299217139926,0.7232504006709235,0.9084120127690112,0.7365553604972865,0.710251467599452,0.8588627507949415,0.9299603031035996,0.8804917348322535,0.8357201857785418,0.9176352532496126
