Cingulate area 2,Frontal association cortex,Cornu ammonis 3,Dentate gyrus,Cornu ammonis 2,Cornu ammonis 1,Fasciola cinereum,Subiculum,Postrhinal cortex,Presubiculum,Parasubiculum,Perirhinal area 35,Perirhinal area 36,Medial entorhinal cortex,Lateral entorhinal cortex,Primary auditory area,"Secondary auditory area, dorsal part","Secondary auditory area, ventral part","Piriform cortex, layer 1","Piriform cortex, layer 2","Piriform cortex, layer 3",Ventrolateral orbital area,Lateral orbital area,Ventral orbital area,Medial orbital area,Dorsolateral orbital area,Prelimbic area,Secondary motor area,Frontal association area 3,Primary motor area,"Agranular insular cortex, ventral area",Agranular insular cortex dorsal area,Cingulate area 1,Infralimbic area,Dysgranular insular cortex,Granular insular cortex,"Primary somatosensory area, forelimb representation","Primary somatosensory area, dysgranular zone","Primary somatosensory area, face representation",Secondary somatosensory area,"Primary somatosensory area, hindlimb representation","Agranular insular cortex, posterior area","Primary somatosensory area, barrel field",Retrosplenial dysgranular area,"Primary somatosensory area, trunk representation",Retrosplenial granular area,"Parietal association cortex, lateral area","Parietal association cortex, medial area","Parietal association cortex, posterior area",Primary visual area,"Secondary visual area, lateral part",Temporal association cortex,"Secondary visual area, medial part"
0.0,0.2955490805836081,0.928682176369831,0.8488769713382722,0.9011622879531573,0.9308217119912291,0.8384325599769334,0.8192357280900551,0.7665686223339587,0.9062686629973385,0.8637608468087631,0.9008364320170381,0.8850016754743618,0.7585999066717697,0.885241171516142,0.8788306037908178,0.9247194426841735,0.8117024480847425,0.5939711870329532,0.5599927710753902,0.710917106211062,0.31040598863794716,0.28841363065954817,0.2978513948363499,0.2577248177431781,0.2672892831007779,0.48073268286776616,0.4901511463423708,0.3432778211024677,0.6128387371412598,0.33288861683089105,0.41065096706662174,0.8872420357787757,0.31433439664470325,0.5719696497194069,0.6686149405064408,0.9215700162892937,0.9195008700110835,0.6077854209993973,0.835172842134935,0.8706185746127278,0.9601965201312964,0.9400230810241236,0.8704633424395558,0.9039985943528769,0.9287539488265686,0.730807295136458,0.7309819888727906,0.8475886673981596,0.9017715199873275,0.8594606276484101,0.7572741377733508,0.8578318487939782
0.2955490805836081,0.0,0.33472511035214403,0.3598392289261798,0.3662956311406034,0.37016365049954986,0.3383019318590266,0.4021022372044526,0.445946510294022,0.37254544904363707,0.36696766630237804,0.35736518826114966,0.37586895421137606,0.3614628489630602,0.3965477730847331,0.3980128529200095,0.34059007317994333,0.4233408696025019,0.46111160186597355,0.5095344065523798,0.3939085033893181,0.5446265653888274,0.45035357719502506,0.5803384904683601,0.5716849761668429,0.44242620721268494,0.6424243367945539,0.5715719233451717,0.5110923814076686,0.438938290222384,0.49280881234186336,0.6212951890931068,0.42891749990872613,0.5011205632292631,0.5050960767653863,0.4654342390141419,0.3581980512825846,0.3250301720915198,0.49531800553316085,0.4131020648670023,0.3071665417705188,0.29029194966567234,0.29609730639710996,0.3148878168886778,0.3219490514099197,0.2937621183310356,0.44061960760847607,0.3551572138168911,0.3041344351063572,0.35753842050159185,0.42007763471945303,0.4046019744123085,0.30157549089844216
0.928682176369831,0.33472511035214403,0.0,0.9479050436179791,0.9410665833228798,1.0,0.8250035387110385,0.8774925058917813,0.7996861270798941,0.9823967104689981,0.8758121849384174,0.9434108963021467,0.9601863717599318,0.8463237741981944,0.9450383445738171,0.9517499185944205,0.9914100575359356,0.8824109265686673,0.6408095515820853,0.6344959833713562,0.7589940387735533,0.33059427136041347,0.30849863446657527,0.33089705343863896,0.28498941120892896,0.2957854063109006,0.5175898186548866,0.5374001519070253,0.36490631844435417,0.6583661288128059,0.3559052623498457,0.4602098953818292,0.9261890858270979,0.33601034810187824,0.6205744493363006,0.71075706129274,0.9755619715580023,0.8574406646783448,0.6517936169638279,0.878036073681895,0.9087375451571068,0.9665856303792191,0.9724251604878689,0.8977595479625485,0.979088135794472,0.9034513942029968,0.8185972062037596,0.7868628582308876,0.8460547825754647,0.9893156330239004,0.9040801394122381,0.8871744375199567,0.9328775799344481
0.8488769713382722,0.3598392289261798,0.9479050436179791,0.0,0.8796845784265286,0.9936009968207199,0.893377562047931,0.9167235648932917,0.9135971558182677,0.9313906826366112,0.7957628287567765,0.8816083499892432,0.9880623772533986,0.9269574931567225,0.9835711434299627,0.9151688974190914,0.9702887725414032,0.856866077870586,0.6380633568337746,0.6177845905470761,0.7438222767253897,0.3776267222806825,0.32596561162760224,0.35159649217389927,0.31473106289274094,0.29875118614376844,0.6074348201897548,0.5794981408882433,0.3926964148883539,0.6525283726388613,0.37209624911069533,0.46807018630764324,0.8418961288738236,0.3517090963852726,0.6974913933238388,0.7564659222937229,0.9263455068576368,0.8518282476020957,0.6655863004255452,0.9335364432652616,0.9048608773312875,0.9068839644706246,0.8855715407011038,0.9068937486523916,0.8833267931710801,0.9265216624377878,0.8567289081547974,0.8299122357632769,0.7162808020102802,0.9648603741482966,0.8452381356641411,0.8297250060559445,0.868319017825681
0.9011622879531573,0.3662956311406034,0.9410665833228798,0.8796845784265286,0.0,0.9922104966876722,0.7968008251118746,0.8580471774087189,0.8335914822717504,0.9872643819140591,0.9226036091739306,0.9542857161975575,1.0,0.8211425157142698,0.9431899422007255,0.9317548228060218,0.978187971503303,0.9514849087073013,0.6375503015241704,0.6509685557758604,0.7710072382664941,0.3340888478976494,0.301255881854017,0.3271873847032696,0.28419113351810965,0.2788444325516832,0.5281636175453771,0.5266854141214072,0.3516777114116991,0.6516293696919646,0.36568087403494537,0.46090137045772483,0.8453894564427087,0.3458141860089166,0.6507752512667527,0.7739756993463082,0.9326595577862474,0.8739868548103532,0.6410778758745959,0.857953248159264,0.8676983136491307,0.9368455369935275,0.8547549361681364,0.9354613959814088,0.8691880671470773,0.9140360934140248,0.8361032463780518,0.8374931260814391,0.8859799142800153,0.9234843695186737,0.886742625025213,0.9243727332505344,0.8715539321534719
0.9308217119912291,0.37016365049954986,1.0,0.9936009968207199,0.9922104966876722,0.0,0.8914071878729766,0.9401743832952911,0.8315442885285372,1.0,0.9410508747217043,0.948948673320219,0.9993185345285059,0.9095212757775428,1.0,1.0,1.0,0.9888623148035467,0.7020321175174531,0.7132239181077333,0.8399808532538716,0.38030024630046505,0.36017489028692906,0.38026128827204164,0.3197778771803755,0.3346555384583818,0.5951654342641628,0.6126059145530297,0.41432329898688636,0.6979452956564387,0.412676590086782,0.5229676687608692,0.9394214438369463,0.3903957465173898,0.7029408466457875,0.791918962457085,0.9997936889680258,0.9687448034334578,0.7036213310270777,0.9763832727352967,0.9556418117296851,0.9628602161296513,0.9875774634744487,0.9788453012220293,0.9669527118982032,0.9959558396993914,0.9166017926441822,0.8350624407903341,0.8678357416102496,1.0,0.9622836153420093,0.9523003980268029,0.9951960993682866
0.8384325599769334,0.3383019318590266,0.8250035387110385,0.893377562047931,0.7968008251118746,0.8914071878729766,0.0,0.7440958477606229,0.8990270463245925,0.93808884416932,0.8286813499664116,0.793964743467509,0.8845427730769531,0.903689915622622,0.9270699025020948,0.877909157829028,0.8730504838584806,0.83593626692568,0.5665735194896919,0.5296676806206021,0.6311560847300728,0.30482758301729024,0.2660719059045092,0.28772232167809975,0.25564358091483996,0.24340353468299739,0.5075995263796876,0.4799472060738853,0.34104997700343836,0.5404172756587515,0.30055549466631865,0.41264542516156644,0.7378793089146963,0.3058186344865489,0.5432752845449665,0.6755242735622324,0.8614168765667777,0.7728083033499531,0.5333643586172325,0.7843001898326688,0.767494122153162,0.8826087276127643,0.8421674738712859,0.8413760284635649,0.8112024927516226,0.7793137104763493,0.8379930367311965,0.7861563981344332,0.6439320225173549,0.9379157177568868,0.8369940446645439,0.8380842041027133,0.7784947390571817
0.8192357280900551,0.4021022372044526,0.8774925058917813,0.9167235648932917,0.8580471774087189,0.9401743832952911,0.7440958477606229,0.0,0.8655313666829709,0.9077840237203372,0.8302771326531179,0.9104563879154498,0.9174019939329131,0.7944806611180044,0.9717126834351277,0.9478610909300053,0.9064770000311198,0.8694082615832472,0.7634480693531451,0.7764672340602603,0.8319325522245419,0.43618885863678664,0.38970083734178024,0.4181303009726395,0.36040422742916545,0.3582582942666317,0.6737058212813943,0.7033311064297856,0.4540290950699729,0.7615611269157871,0.4492457361949922,0.5729263910997908,0.9438378619151981,0.4222994361079623,0.8033249844593806,0.8493684156104351,0.9614752073315456,0.9607631423558536,0.797741200312404,0.9394793733964544,0.8480272596766275,0.8165068857593316,0.8255359449910665,0.8639193067648373,0.8141873446339551,0.8150650675561876,0.8290748716282988,0.7801168860584607,0.8080497755403738,0.9190708604478558,0.9145948833212971,0.9130424781097735,0.7808958716634042
0.7665686223339587,0.445946510294022,0.7996861270798941,0.9135971558182677,0.8335914822717504,0.8315442885285372,0.8990270463245925,0.8655313666829709,0.0,0.9402153743175528,0.8811910502986391,0.7652588517881845,0.9344113557764704,1.0,0.9634081502627784,0.9629572320751827,0.8536926027040639,0.9176742582294672,0.6698626649506068,0.7134075270418654,0.7256372026768105,0.41835360511749353,0.3524690279422425,0.39050573974971947,0.34517210183406055,0.32663455741251907,0.7058806862192378,0.6663342415832783,0.4672381002312126,0.6319860250132064,0.4157906026291881,0.5568873060382539,0.8178382488789088,0.4035261556710578,0.7258991323891769,0.904780799477038,0.8334881356387716,0.7826069945629388,0.7367652100649623,0.924457564606487,0.710149106641388,0.7401229365097871,0.7329347038779019,0.7243173552738356,0.7909326257170961,0.6935442429313926,0.8404051388604217,0.7504618558915451,0.5935766719560681,0.9002526386211249,0.8863505061688937,0.9725022514174076,0.6882582112450529
0.9062686629973385,0.37254544904363707,0.9823967104689981,0.9313906826366112,0.9872643819140591,1.0,0.93808884416932,0.9077840237203372,0.9402153743175528,0.0,0.9208645264989378,0.9255176654650955,0.9956889312399938,0.9127048826489905,0.9991914374191598,1.0,0.9591969391425487,0.980204043330526,0.6612582487380949,0.6727837108890838,0.7517337649099427,0.34682276776391024,0.29810671824372204,0.33577579762276805,0.289541843421437,0.27472056501223263,0.54581026666488,0.5401165575207,0.3652981150099315,0.6114586354775557,0.3528079484808818,0.4761887912477473,0.9280518023266197,0.33910289208227334,0.6597537559625012,0.7801916824769641,0.9297773433767504,0.9701958370324805,0.6753075311759331,0.9151175409181378,0.896716996119866,0.9996906056545521,0.9265640533815475,0.8480116452814823,0.967919171406964,0.8413720415507815,0.8921640309409126,0.7969964018470137,0.753971426741697,1.0,0.9346254454823678,0.981795942407951,0.8476540730786895
0.8637608468087631,0.36696766630237804,0.8758121849384174,0.7957628287567765,0.9226036091739306,0.9410508747217043,0.8286813499664116,0.8302771326531179,0.8811910502986391,0.9208645264989378,0.0,0.887402836329859,0.9186721679353936,0.7869739148474193,0.985562730201036,0.9392528117365871,0.9668513758874512,0.9091095155363527,0.6468739966489565,0.6623466380086529,0.7609247843475757,0.3367835758300122,0.3002714736549581,0.32977453810313084,0.2814128099245077,0.27518610557312245,0.5461137632160364,0.5394560217733422,0.3660569580438231,0.607694665964255,0.34972486795840885,0.4752390140699744,0.8894059359224676,0.34210252218099685,0.6678760277372966,0.7560877283997806,0.9126293354571781,0.8695913680921022,0.6359438269320294,0.85550109238943,0.8112897588835936,0.8339563238286307,0.8192751095734406,0.8650222440397138,0.8272054961315312,0.8445066789757789,0.8612019065121049,0.8229266519123942,0.8063120020190822,0.9373732624123836,0.8891749716291963,0.9129286780661106,0.7617444483861613
0.9008364320170381,0.35736518826114966,0.9434108963021467,0.8816083499892432,0.9542857161975575,0.948948673320219,0.793964743467509,0.9104563879154498,0.7652588517881845,0.9255176654650955,0.887402836329859,0.0,0.9369184157345709,0.7845344998956306,0.9685088832314914,0.8714510539974386,0.9045496836504396,0.9059451734544145,0.6541824442804406,0.6664614821644739,0.7539018342780762,0.34757541608158943,0.3143931250818603,0.34854147592937174,0.2985424777955406,0.2921477379581781,0.5437624978497367,0.5348099756633184,0.3674725445600431,0.623546706832979,0.3666804814454542,0.4611347752090008,0.8316195921817092,0.34671050633256223,0.6811437800506852,0.7418512291152117,0.9082911163972429,0.9022139733468663,0.6503023141677535,0.8743089646115142,0.9068627323972587,0.8538376696398479,0.8307481897195909,0.8767985163676961,0.871111789518381,0.8328293669860671,0.7968327873826295,0.7850267037986793,0.8385784170624787,0.9292016654642403,0.872486656286276,0.8541803370197202,0.8273638748588545
0.8850016754743618,0.37586895421137606,0.9601863717599318,0.9880623772533986,1.0,0.9993185345285059,0.8845427730769531,0.9174019939329131,0.9344113557764704,0.9956889312399938,0.9186721679353936,0.9369184157345709,0.0,0.8691338678567481,0.9747405628376347,1.0,0.9471339759405006,0.9991802498659493,0.6836042004112093,0.6716250774075353,0.7891651220037543,0.3693630764237717,0.3064593361245373,0.3571674974365614,0.3099884461813089,0.2865627925745379,0.6030206148159277,0.5621791651127337,0.3761383945343227,0.6795610425895497,0.36830856034858683,0.49059519902439047,0.8759631024321125,0.34866929437473065,0.6773241014329644,0.7682583643687683,0.9701895707004842,0.8586510383169649,0.6964178626518335,0.9514656667383767,0.8488499179956012,0.9195255371565373,0.8753865023103706,0.8838032197745916,0.8926944176917189,0.8532449323190606,0.9768984518208592,0.9163123001493646,0.8535524145957757,0.9538555866021364,0.8893238958207034,0.998222062497233,0.9383000046626107
0.7585999066717697,0.3614628489630602,0.8463237741981944,0.9269574931567225,0.8211425157142698,0.9095212757775428,0.903689915622622,0.7944806611180044,1.0,0.9127048826489905,0.7869739148474193,0.7845344998956306,0.8691338678567481,0.0,0.9633406414789426,0.9018593372726177,0.8529674414458759,0.8423577359791325,0.5699993401322146,0.5558096871073793,0.6311056829620868,0.33928991333203873,0.2858576116099042,0.3234212111559225,0.28462401679641985,0.2629275478687568,0.6006791285476233,0.5349490634025424,0.37291912536255106,0.5426958356863382,0.3321569001098553,0.45633772070693024,0.7460297097211875,0.3334668712298865,0.6024284124561315,0.6804832722958248,0.8293150487008175,0.7752131552080352,0.6080806559960308,0.820151442187528,0.7651377173245522,0.8333519557826781,0.866247472794351,0.8000460514386546,0.8173302799312704,0.8186778194971321,0.8541724869091872,0.7614950650507653,0.5715714778817395,0.9710352302653691,0.876857970090194,0.8601560152416106,0.7873699596382597
0.885241171516142,0.3965477730847331,0.9450383445738171,0.9835711434299627,0.9431899422007255,1.0,0.9270699025020948,0.9717126834351277,0.9634081502627784,0.9991914374191598,0.985562730201036,0.9685088832314914,0.9747405628376347,0.9633406414789426,0.0,1.0,1.0,0.979700372127635,0.7273267454451245,0.6947045997273327,0.8153567528364863,0.39307620207055094,0.3416374009129794,0.3858808744565593,0.32704328843497477,0.3216071497597972,0.6310643293800869,0.6265955615247168,0.4365006690128621,0.7200720897374384,0.40642074238754494,0.5348705532719471,0.9430627352320176,0.37950665369860775,0.7657733020902505,0.843011260147622,1.0,0.9496203777060159,0.7650884567506551,0.9703654000409323,0.949232032115996,0.9294124573873204,0.9298795947071953,0.8856180993649334,0.9760875567800801,0.9294888127752139,0.8640040759067371,0.8585911273900192,0.7746652665932245,1.0,0.9717718546339321,0.9270529400674683,0.8685145411772404
0.8788306037908178,0.3980128529200095,0.9517499185944205,0.9151688974190914,0.9317548228060218,1.0,0.877909157829028,0.9478610909300053,0.9629572320751827,1.0,0.9392528117365871,0.8714510539974386,1.0,0.9018593372726177,1.0,0.0,0.9962242400157454,0.9889774176703747,0.6634304566785082,0.6735572462500503,0.8098513195358058,0.366097020171133,0.3264413486673784,0.36239204761823884,0.31192877223947824,0.3020143106413831,0.5784722389493663,0.582945785719548,0.39922090046645176,0.6923163944397568,0.3861731232936218,0.5081098036002921,0.8952299394847103,0.36745925079997227,0.7424864798847891,0.7801233666810792,0.9489728189252663,0.808169625117073,0.7026078698012206,0.9160691105421112,0.8820048628610888,0.8770339536050112,0.8720319057729314,0.8866788901424758,0.9278501715599963,0.9574536927970487,0.8829212331197273,0.852026520650165,0.7716078518328912,0.9968257858180434,0.9739852724260246,0.9975138124065158,0.9064677331670107
0.9247194426841735,0.34059007317994333,0.9914100575359356,0.9702887725414032,0.978187971503303,1.0,0.8730504838584806,0.9064770000311198,0.8536926027040639,0.9591969391425487,0.9668513758874512,0.9045496836504396,0.9471339759405006,0.8529674414458759,1.0,0.9962242400157454,0.0,0.9285973595368132,0.6251293345569738,0.6295717764642352,0.7890952597167771,0.3402774094349314,0.29211080152606217,0.32577332726339536,0.2794856873617991,0.26957528518812074,0.5236240861914881,0.5261846183540644,0.3521150968291834,0.6029032531264847,0.3421496478561481,0.44455317354963286,0.8746984014625959,0.3363785843730692,0.6319013393901078,0.7529641746651367,0.9838263550884232,0.9378432422506146,0.6275852433247985,0.8872519369867741,0.9111342292623145,0.9991028621526643,0.9151822695013941,0.981592363357392,0.9812566573369744,0.987768232645824,0.9314605594708404,0.8675322302869553,0.8468335291596116,0.9857342132933956,0.9101551952355419,0.8876551850881778,0.9525996645928306
0.8117024480847425,0.4233408696025019,0.8824109265686673,0.856866077870586,0.9514849087073013,0.9888623148035467,0.83593626692568,0.8694082615832472,0.9176742582294672,0.980204043330526,0.9091095155363527,0.9059451734544145,0.9991802498659493,0.8423577359791325,0.979700372127635,0.9889774176703747,0.9285973595368132,0.0,0.7626011928934731,0.7459616217200751,0.8126021075190796,0.41878182520463597,0.3904790222009947,0.4256021974203616,0.37142972181505346,0.374347480916183,0.6667131146437341,0.7064199326413338,0.4837574872857262,0.7407753307673864,0.47082000332475976,0.594328173022298,0.991770717053966,0.4494414425105366,0.7709224222991139,0.9092431016394041,0.920587134596054,0.8577223996714939,0.7900060728887578,0.9168464732690127,0.8240993971445275,0.8695099464918673,0.771701695311382,0.8400105576892666,0.8480196793967272,0.7975833591228527,0.8593728283214085,0.8472047679980841,0.7684470824083781,0.9418953443148781,0.9100278426295474,0.9652007150294304,0.824571372110387
0.5939711870329532,0.46111160186597355,0.6408095515820853,0.6380633568337746,0.6375503015241704,0.7020321175174531,0.5665735194896919,0.7634480693531451,0.6698626649506068,0.6612582487380949,0.6468739966489565,0.6541824442804406,0.6836042004112093,0.5699993401322146,0.7273267454451245,0.6634304566785082,0.6251293345569738,0.7626011928934731,0.0,0.9208196374824688,0.8326461635511088,0.6084534097145651,0.5969493396215686,0.5915456164115818,0.5016555456975129,0.560566517853011,0.7848386468760344,0.8320370014256684,0.6370996329551827,0.908131843753467,0.659793966065192,0.7569580581502763,0.8319591569694589,0.6195706055950544,0.9401078654877704,0.8719918627306937,0.7784215586233029,0.6874802289589161,0.8905218960669113,0.7996720573828028,0.642677392409027,0.5816690498764527,0.625517914764206,0.5831791015889367,0.6220347535179526,0.5410953527757011,0.6459365845450505,0.5991618152784757,0.6208822460060817,0.684948338701595,0.7402389285123453,0.7619421303936842,0.5840377712812485
0.5599927710753902,0.5095344065523798,0.6344959833713562,0.6177845905470761,0.6509685557758604,0.7132239181077333,0.5296676806206021,0.7764672340602603,0.7134075270418654,0.6727837108890838,0.6623466380086529,0.6664614821644739,0.6716250774075353,0.5558096871073793,0.6947045997273327,0.6735572462500503,0.6295717764642352,0.7459616217200751,0.9208196374824688,0.0,0.8742781224805547,0.6225309921904567,0.6488768077965544,0.6043803902933131,0.5348287295056922,0.5996564989412002,0.84369178398453,0.864879168344639,0.6895974969697728,0.9045420828661802,0.7487662911052198,0.8569466499698298,0.8457611878960558,0.7113912000926451,0.9752374263163729,0.9374082832203361,0.7239944504514001,0.6792826841781432,0.9715202568932425,0.7763221775139562,0.6008756207739111,0.5958722404910637,0.5913460324735315,0.5719509157982354,0.6190213611116953,0.5342800547625719,0.6568665940401635,0.5787364784488108,0.6451344445995045,0.6333958785108477,0.7578726933162052,0.7416292320944036,0.5443338988107825
0.710917106211062,0.3939085033893181,0.7589940387735533,0.7438222767253897,0.7710072382664941,0.8399808532538716,0.6311560847300728,0.8319325522245419,0.7256372026768105,0.7517337649099427,0.7609247843475757,0.7539018342780762,0.7891651220037543,0.6311056829620868,0.8153567528364863,0.8098513195358058,0.7890952597167771,0.8126021075190796,0.8326461635511088,0.8742781224805547,0.0,0.5117501172019095,0.5208944489070466,0.4810404861376706,0.4167659333705615,0.4746583667087793,0.6825668662611045,0.7645098332858805,0.5685917844843831,0.8769517731594033,0.5578238522665198,0.653994696201445,0.9293705285124845,0.538178912670922,0.8794345979129201,0.8817886587581901,0.8986085373455144,0.8159013633008096,0.9360247466776739,0.8608762998678637,0.7766095398753288,0.7405636996932057,0.7478343174485378,0.7250248780991649,0.7201215010885912,0.6780234572561574,0.6770409736775211,0.6831093993146675,0.7647470543610325,0.7741057826254913,0.8161736211294701,0.7947237627864108,0.6856584778791893
0.31040598863794716,0.5446265653888274,0.33059427136041347,0.3776267222806825,0.3340888478976494,0.38030024630046505,0.30482758301729024,0.43618885863678664,0.41835360511749353,0.34682276776391024,0.3367835758300122,0.34757541608158943,0.3693630764237717,0.33928991333203873,0.39307620207055094,0.366097020171133,0.3402774094349314,0.41878182520463597,0.6084534097145651,0.6225309921904567,0.5117501172019095,0.0,0.8536664339470195,0.8662616147952129,0.8645856348615606,0.8418896532030514,0.7640977517602642,0.7987821753665989,0.858545574567372,0.6232684864606358,0.8397541290442506,0.8002731850775716,0.47959492612730487,0.8613056067845288,0.6710087089342993,0.534883487083224,0.39810772790883825,0.3663186062066225,0.673520202638395,0.45904324748613173,0.3523841505495614,0.3052625646198458,0.3179442961677173,0.3151904913298748,0.33610163568589463,0.2919144396315391,0.37874256959268876,0.34838057738900013,0.3209081849800497,0.35029828505961524,0.4205683606425208,0.4350515819462343,0.33186361333951925
0.28841363065954817,0.45035357719502506,0.30849863446657527,0.32596561162760224,0.301255881854017,0.36017489028692906,0.2660719059045092,0.38970083734178024,0.3524690279422425,0.29810671824372204,0.3002714736549581,0.3143931250818603,0.3064593361245373,0.2858576116099042,0.3416374009129794,0.3264413486673784,0.29211080152606217,0.3904790222009947,0.5969493396215686,0.6488768077965544,0.5208944489070466,0.8536664339470195,0.0,0.896267209499761,0.8490185500797819,1.0,0.67735338896564,0.7425775675157471,0.8905413164716859,0.6242645438734039,0.9914380898583828,0.8335710467774797,0.4492330475127626,0.9107016498206401,0.6513004921726003,0.5340900803209955,0.3785356021488557,0.3355930014294458,0.6557212258170177,0.41869117835277186,0.32913872752625123,0.28733690040474824,0.30423528369072556,0.29323193364842787,0.3173202293277962,0.2691593838506727,0.3243206151065268,0.2961388666216041,0.31647436623108144,0.313387317564885,0.3769334266588767,0.39043804955114914,0.2902047179144265
0.2978513948363499,0.5803384904683601,0.33089705343863896,0.35159649217389927,0.3271873847032696,0.38026128827204164,0.28772232167809975,0.4181303009726395,0.39050573974971947,0.33577579762276805,0.32977453810313084,0.34854147592937174,0.3571674974365614,0.3234212111559225,0.3858808744565593,0.36239204761823884,0.32577332726339536,0.4256021974203616,0.5915456164115818,0.6043803902933131,0.4810404861376706,0.8662616147952129,0.896267209499761,0.0,0.9285506643437371,0.8558269633200565,0.7102013918059993,0.8159072287494838,0.786859328048467,0.6098575327835224,0.8269976100039685,0.830426613725715,0.48764541564467523,0.8161419112352057,0.6167319443053814,0.5364068345905038,0.3914626988246436,0.3680535193915226,0.6465970535633162,0.45883051289422955,0.3304604157835464,0.295482955595479,0.3105221524197757,0.30660843684770583,0.32671366820296605,0.28294620310994045,0.36060996356964253,0.32576404676987786,0.31948111514516486,0.3434057349476842,0.4198222832775541,0.4158334081616246,0.3244984549023943
0.2577248177431781,0.5716849761668429,0.28498941120892896,0.31473106289274094,0.28419113351810965,0.3197778771803755,0.25564358091483996,0.36040422742916545,0.34517210183406055,0.289541843421437,0.2814128099245077,0.2985424777955406,0.3099884461813089,0.28462401679641985,0.32704328843497477,0.31192877223947824,0.2794856873617991,0.37142972181505346,0.5016555456975129,0.5348287295056922,0.4167659333705615,0.8645856348615606,0.8490185500797819,0.9285506643437371,0.0,0.8769679509738435,0.6524681063781379,0.6939950660369651,0.764753186019613,0.5078287123212137,0.7548447676629433,0.7193747983497811,0.4024549851332917,0.7577598917982621,0.5282758863535465,0.477216798016125,0.326018280662429,0.31341687072613567,0.5473306705863601,0.38033385969854155,0.2902139793290087,0.258395435913896,0.2705653425401473,0.26759739402054716,0.28324853524782884,0.2476120550696116,0.32210262714350374,0.291734472997089,0.27610725299309336,0.29647579849653494,0.34853534478094517,0.36007984796325704,0.2821051722029387
0.2672892831007779,0.44242620721268494,0.2957854063109006,0.29875118614376844,0.2788444325516832,0.3346555384583818,0.24340353468299739,0.3582582942666317,0.32663455741251907,0.27472056501223263,0.27518610557312245,0.2921477379581781,0.2865627925745379,0.2629275478687568,0.3216071497597972,0.3020143106413831,0.26957528518812074,0.374347480916183,0.560566517853011,0.5996564989412002,0.4746583667087793,0.8418896532030514,1.0,0.8558269633200565,0.8769679509738435,0.0,0.6375446962942785,0.7310649437771427,0.8090184521033217,0.5799847720195912,0.9447331715660293,0.7390604002139889,0.4346243722762867,0.8954745107915965,0.5797323267849976,0.48764142172094455,0.34330226195487,0.31853214208589686,0.582652010343948,0.3852513767274144,0.30377273320389797,0.2723805161849922,0.2835198003205919,0.2725027686909875,0.29261720709573596,0.2556964207019999,0.29828017985166827,0.2754655926190332,0.308543069402341,0.2820080441233166,0.35359963317261467,0.3649208352616382,0.27462908550038106
0.48073268286776616,0.6424243367945539,0.5175898186548866,0.6074348201897548,0.5281636175453771,0.5951654342641628,0.5075995263796876,0.6737058212813943,0.7058806862192378,0.54581026666488,0.5461137632160364,0.5437624978497367,0.6030206148159277,0.6006791285476233,0.6310643293800869,0.5784722389493663,0.5236240861914881,0.6667131146437341,0.7848386468760344,0.84369178398453,0.6825668662611045,0.7640977517602642,0.67735338896564,0.7102013918059993,0.6524681063781379,0.6375446962942785,0.0,0.9791310344200903,0.8043456991806863,0.8041347738879888,0.7091617167878942,0.8803797016799114,0.6942303733926749,0.7292493578735126,0.8942594538427123,0.8648457705484974,0.6209046467809629,0.5730914453821081,0.9321764322436533,0.7338846486665157,0.5071029413796333,0.47657852516960525,0.4921692760045634,0.482706142816537,0.5197653924343519,0.4605310946743605,0.603480550169604,0.5413491034815242,0.4535293498012605,0.5794277329309758,0.6703328869570608,0.7100238593916222,0.4910326062134901
0.4901511463423708,0.5715719233451717,0.5374001519070253,0.5794981408882433,0.5266854141214072,0.6126059145530297,0.4799472060738853,0.7033311064297856,0.6663342415832783,0.5401165575207,0.5394560217733422,0.5348099756633184,0.5621791651127337,0.5349490634025424,0.6265955615247168,0.582945785719548,0.5261846183540644,0.7064199326413338,0.8320370014256684,0.864879168344639,0.7645098332858805,0.7987821753665989,0.7425775675157471,0.8159072287494838,0.6939950660369651,0.7310649437771427,0.9791310344200903,0.0,0.831273427432264,0.9570710613057787,0.823005903446622,0.9524049265048002,0.754770300111613,0.7494349225766236,0.9888909270018597,0.8791939446148374,0.6310260594299528,0.583417266790015,0.974115748977274,0.7414473652385932,0.5277481092392134,0.4730979297614136,0.4999933160925881,0.48488000831532996,0.5283709366765611,0.4589989773178652,0.572684884051549,0.530586327164729,0.5003584353279528,0.5693642314305185,0.6474050743266979,0.6768949794852053,0.5011698479868909
0.3432778211024677,0.5110923814076686,0.36490631844435417,0.3926964148883539,0.3516777114116991,0.41432329898688636,0.34104997700343836,0.4540290950699729,0.4672381002312126,0.3652981150099315,0.3660569580438231,0.3674725445600431,0.3761383945343227,0.37291912536255106,0.4365006690128621,0.39922090046645176,0.3521150968291834,0.4837574872857262,0.6370996329551827,0.6895974969697728,0.5685917844843831,0.858545574567372,0.8905413164716859,0.786859328048467,0.764753186019613,0.8090184521033217,0.8043456991806863,0.831273427432264,0.0,0.6448071517995738,0.8112134015293957,0.86223299633648,0.5267781274070307,0.8725613559847525,0.7458890412402662,0.6328345293166299,0.4579691083767121,0.40149311453514225,0.7336907638947989,0.5178919871639625,0.3759637093128639,0.33493042769105746,0.35432034207314533,0.33753541521275554,0.3758977205420119,0.31851064821221364,0.38564787766337444,0.35277587500979346,0.3392374341761727,0.3841297944850584,0.47073407750639534,0.48815354600489763,0.3483846482634536
0.6128387371412598,0.438938290222384,0.6583661288128059,0.6525283726388613,0.6516293696919646,0.6979452956564387,0.5404172756587515,0.7615611269157871,0.6319860250132064,0.6114586354775557,0.607694665964255,0.623546706832979,0.6795610425895497,0.5426958356863382,0.7200720897374384,0.6923163944397568,0.6029032531264847,0.7407753307673864,0.908131843753467,0.9045420828661802,0.8769517731594033,0.6232684864606358,0.6242645438734039,0.6098575327835224,0.5078287123212137,0.5799847720195912,0.8041347738879888,0.9570710613057787,0.6448071517995738,0.0,0.713143732598235,0.7586354068566797,0.820925336930569,0.6098408220668553,0.9382018019822693,0.8626606647636065,0.7674838353502568,0.7071510015918068,0.9508867111921947,0.8141305576214277,0.6710283465576344,0.6107014744152085,0.6240715940811237,0.6007323757411266,0.6310750382835623,0.5650529509602147,0.6138913330096405,0.6026922824669813,0.6591551411992914,0.648467961479238,0.7195235034101136,0.7553134473071635,0.6094460681735897
0.33288861683089105,0.49280881234186336,0.3559052623498457,0.37209624911069533,0.36568087403494537,0.412676590086782,0.30055549466631865,0.4492457361949922,0.4157906026291881,0.3528079484808818,0.34972486795840885,0.3666804814454542,0.36830856034858683,0.3321569001098553,0.40642074238754494,0.3861731232936218,0.3421496478561481,0.47082000332475976,0.659793966065192,0.7487662911052198,0.5578238522665198,0.8397541290442506,0.9914380898583828,0.8269976100039685,0.7548447676629433,0.9447331715660293,0.7091617167878942,0.823005903446622,0.8112134015293957,0.713143732598235,0.0,0.8954089854472107,0.5351493875086981,0.9703019334816358,0.7303656664905654,0.6229613519478252,0.43972423308542274,0.39590213350713804,0.7134262193302083,0.46920636507881996,0.37896469659088305,0.3346698622933378,0.3442868747772582,0.33029797911769815,0.3599691933164871,0.3195264144754623,0.37990275509905413,0.3441916670941307,0.37321774934363583,0.36392720494441566,0.4496088001548007,0.4438775771698488,0.3374437819378754
0.41065096706662174,0.6212951890931068,0.4602098953818292,0.46807018630764324,0.46090137045772483,0.5229676687608692,0.41264542516156644,0.5729263910997908,0.5568873060382539,0.4761887912477473,0.4752390140699744,0.4611347752090008,0.49059519902439047,0.45633772070693024,0.5348705532719471,0.5081098036002921,0.44455317354963286,0.594328173022298,0.7569580581502763,0.8569466499698298,0.653994696201445,0.8002731850775716,0.8335710467774797,0.830426613725715,0.7193747983497811,0.7390604002139889,0.8803797016799114,0.9524049265048002,0.86223299633648,0.7586354068566797,0.8954089854472107,0.0,0.6214975773443927,0.9183846478731497,0.8615243832816082,0.7384217916027923,0.541592399212592,0.47874824264541305,0.8752609489904867,0.606353700525888,0.4529390485304907,0.40940046299321065,0.41360794979115956,0.4294104860202745,0.4492557048936322,0.391744503360929,0.5204589075358141,0.45254609764700476,0.43699090135709967,0.49527354416808167,0.5680541683976565,0.5835476159348673,0.421085335905482
0.8872420357787757,0.42891749990872613,0.9261890858270979,0.8418961288738236,0.8453894564427087,0.9394214438369463,0.7378793089146963,0.9438378619151981,0.8178382488789088,0.9280518023266197,0.8894059359224676,0.8316195921817092,0.8759631024321125,0.7460297097211875,0.9430627352320176,0.8952299394847103,0.8746984014625959,0.991770717053966,0.8319591569694589,0.8457611878960558,0.9293705285124845,0.47959492612730487,0.4492330475127626,0.48764541564467523,0.4024549851332917,0.4346243722762867,0.6942303733926749,0.754770300111613,0.5267781274070307,0.820925336930569,0.5351493875086981,0.6214975773443927,0.0,0.48752600278294195,0.8860027985904682,0.9360988330791064,0.9501272651566538,0.9069069883261399,0.8493046043681904,0.9658676739121386,0.8647138187925117,0.7951739888624961,0.8008263424118859,0.7969544919788395,0.8918740805576149,0.759199944967133,0.7711302850088004,0.7545834983742211,0.8159585705379222,0.8804518698964324,0.9912168481825213,0.8401676942781281,0.7631066095054586
0.31433439664470325,0.5011205632292631,0.33601034810187824,0.3517090963852726,0.3458141860089166,0.3903957465173898,0.3058186344865489,0.4222994361079623,0.4035261556710578,0.33910289208227334,0.34210252218099685,0.34671050633256223,0.34866929437473065,0.3334668712298865,0.37950665369860775,0.36745925079997227,0.3363785843730692,0.4494414425105366,0.6195706055950544,0.7113912000926451,0.538178912670922,0.8613056067845288,0.9107016498206401,0.8161419112352057,0.7577598917982621,0.8954745107915965,0.7292493578735126,0.7494349225766236,0.8725613559847525,0.6098408220668553,0.9703019334816358,0.9183846478731497,0.48752600278294195,0.0,0.7032345929766236,0.5725928039087719,0.41605035112715943,0.3564958146034389,0.7059195850659342,0.43818276588956667,0.3549733101343606,0.3102890316067523,0.32592372455047763,0.32063327602097397,0.3412038857504811,0.2907825816835317,0.3675760173142106,0.33522522565594315,0.33733556911281826,0.35097665076583845,0.4180389907420552,0.42056448659802187,0.31553264134070846
0.5719696497194069,0.5050960767653863,0.6205744493363006,0.6974913933238388,0.6507752512667527,0.7029408466457875,0.5432752845449665,0.8033249844593806,0.7258991323891769,0.6597537559625012,0.6678760277372966,0.6811437800506852,0.6773241014329644,0.6024284124561315,0.7657733020902505,0.7424864798847891,0.6319013393901078,0.7709224222991139,0.9401078654877704,0.9752374263163729,0.8794345979129201,0.6710087089342993,0.6513004921726003,0.6167319443053814,0.5282758863535465,0.5797323267849976,0.8942594538427123,0.9888909270018597,0.7458890412402662,0.9382018019822693,0.7303656664905654,0.8615243832816082,0.8860027985904682,0.7032345929766236,0.0,0.9309612720371094,0.7374123683820423,0.6951825482951408,1.0,0.8363205949401626,0.6399780186167192,0.5967385331160324,0.5984383567489653,0.5702363584351863,0.6403890351949693,0.5633917966300664,0.6416347360627794,0.6086302098588576,0.6184653757663986,0.6366317340870483,0.8257363744376724,0.82822402743703,0.5577283322807
0.6686149405064408,0.4654342390141419,0.71075706129274,0.7564659222937229,0.7739756993463082,0.791918962457085,0.6755242735622324,0.8493684156104351,0.904780799477038,0.7801916824769641,0.7560877283997806,0.7418512291152117,0.7682583643687683,0.6804832722958248,0.843011260147622,0.7801233666810792,0.7529641746651367,0.9092431016394041,0.8719918627306937,0.9374082832203361,0.8817886587581901,0.534883487083224,0.5340900803209955,0.5364068345905038,0.477216798016125,0.48764142172094455,0.8648457705484974,0.8791939446148374,0.6328345293166299,0.8626606647636065,0.6229613519478252,0.7384217916027923,0.9360988330791064,0.5725928039087719,0.9309612720371094,0.0,0.8589290700644875,0.7746555027924281,0.9620490992892157,0.8913840015768972,0.7073109394719437,0.6484055348708674,0.6755688633020377,0.6616259600552853,0.7239312278388869,0.6270687541996125,0.7338838262672133,0.7272323654193271,0.6678671501588432,0.7754862299610732,0.8702945053765787,0.887562899895615,0.6604982252963111
0.9215700162892937,0.3581980512825846,0.9755619715580023,0.9263455068576368,0.9326595577862474,0.9997936889680258,0.8614168765667777,0.9614752073315456,0.8334881356387716,0.9297773433767504,0.9126293354571781,0.9082911163972429,0.9701895707004842,0.8293150487008175,1.0,0.9489728189252663,0.9838263550884232,0.920587134596054,0.7784215586233029,0.7239944504514001,0.8986085373455144,0.39810772790883825,0.3785356021488557,0.3914626988246436,0.326018280662429,0.34330226195487,0.6209046467809629,0.6310260594299528,0.4579691083767121,0.7674838353502568,0.43972423308542274,0.541592399212592,0.9501272651566538,0.41605035112715943,0.7374123683820423,0.8589290700644875,0.0,0.9534622431240627,0.7387112370506943,0.9761565184612954,0.8963601539803953,0.9630163362194437,0.8978753714451144,0.9007460906148349,0.872110040894889,0.8371682488428696,0.7882522380489163,0.8133793977292414,0.8737410165582946,0.9194048620290184,0.9362949784277278,0.9295471937074925,0.8518543946871898
0.9195008700110835,0.3250301720915198,0.8574406646783448,0.8518282476020957,0.8739868548103532,0.9687448034334578,0.7728083033499531,0.9607631423558536,0.7826069945629388,0.9701958370324805,0.8695913680921022,0.9022139733468663,0.8586510383169649,0.7752131552080352,0.9496203777060159,0.808169625117073,0.9378432422506146,0.8577223996714939,0.6874802289589161,0.6792826841781432,0.8159013633008096,0.3663186062066225,0.3355930014294458,0.3680535193915226,0.31341687072613567,0.31853214208589686,0.5730914453821081,0.583417266790015,0.40149311453514225,0.7071510015918068,0.39590213350713804,0.47874824264541305,0.9069069883261399,0.3564958146034389,0.6951825482951408,0.7746555027924281,0.9534622431240627,0.0,0.7159930312654187,0.9498992957839245,0.9117995734410954,0.93548119034075,0.9075047421723135,0.8637322618136831,0.8677488165231512,0.7787758483978083,0.7914479033382564,0.7114183832296436,0.8063981813215991,0.8969812470203159,0.9072379010705821,0.8684184746562975,0.8590278077472508
0.6077854209993973,0.49531800553316085,0.6517936169638279,0.6655863004255452,0.6410778758745959,0.7036213310270777,0.5333643586172325,0.797741200312404,0.7367652100649623,0.6753075311759331,0.6359438269320294,0.6503023141677535,0.6964178626518335,0.6080806559960308,0.7650884567506551,0.7026078698012206,0.6275852433247985,0.7900060728887578,0.8905218960669113,0.9715202568932425,0.9360247466776739,0.673520202638395,0.6557212258170177,0.6465970535633162,0.5473306705863601,0.582652010343948,0.9321764322436533,0.974115748977274,0.7336907638947989,0.9508867111921947,0.7134262193302083,0.8752609489904867,0.8493046043681904,0.7059195850659342,1.0,0.9620490992892157,0.7387112370506943,0.7159930312654187,0.0,0.8548092281296257,0.6358216219791667,0.6001853408735162,0.5873464627557896,0.5813150279606641,0.6264949181899601,0.5537512313101153,0.6353505612350615,0.5983587326165383,0.5789939569946099,0.6582127108723338,0.8160833901433792,0.8247430391511674,0.5707281073503919
