Cingulate area 2,Frontal association cortex,Cornu ammonis 3,Dentate gyrus,Cornu ammonis 2,Cornu ammonis 1,Fasciola cinereum,Subiculum,Postrhinal cortex,Presubiculum,Parasubiculum,Perirhinal area 35,Perirhinal area 36,Medial entorhinal cortex,Lateral entorhinal cortex,Primary auditory area,"Secondary auditory area, dorsal part","Secondary auditory area, ventral part","Piriform cortex, layer 1","Piriform cortex, layer 2","Piriform cortex, layer 3",Ventrolateral orbital area,Lateral orbital area,Ventral orbital area,Medial orbital area,Dorsolateral orbital area,Prelimbic area,Secondary motor area,Frontal association area 3,Primary motor area,"Agranular insular cortex, ventral area",Agranular insular cortex dorsal area,Cingulate area 1,Infralimbic area,Dysgranular insular cortex,Granular insular cortex,"Primary somatosensory area, forelimb representation","Primary somatosensory area, dysgranular zone","Primary somatosensory area, face representation",Secondary somatosensory area,"Primary somatosensory area, hindlimb representation","Agranular insular cortex, posterior area","Primary somatosensory area, barrel field",Retrosplenial dysgranular area,"Primary somatosensory area, trunk representation",Retrosplenial granular area,"Parietal association cortex, lateral area","Parietal association cortex, medial area","Parietal association cortex, posterior area",Primary visual area,"Secondary visual area, lateral part",Temporal association cortex,"Secondary visual area, medial part"
0.0,0.4444572248094922,0.8339845405363131,0.7878342623532014,0.8040296703390333,0.8301591753583405,0.7335405300098885,0.7279983317039671,0.6229742222806833,0.5564368723136259,0.47253508701106367,0.7769197396647948,0.805885548309702,0.5396218505939444,0.8005556831695324,0.7073429793910075,0.6606760566466495,0.7282298557985021,0.8246569842523056,0.7749653356902921,0.7824153105312762,0.857550316429978,0.8815105048587616,0.6254759241517196,0.4154170719341649,0.8141346654963324,0.7987431925688167,0.758701365417234,0.9223884649717343,0.9150063320617713,0.950338427962412,0.8446327547836988,0.9344811237405228,0.7295349924384333,0.8715205184753005,0.7095436772057744,1.0,0.9168226334889503,0.8545220313059751,0.6973517456224271,0.897997290460895,0.6016622657335121,0.9360641274579858,0.7063643090305192,0.7928750618716057,0.7766767665509419,0.8678637254545524,0.8163506537565557,0.6704241591562675,0.6168124122282662,0.6494076220923574,0.6230554273796485,0.7596191905981949
0.4444572248094922,0.0,0.6125960054866647,0.6121225827917308,0.5312249385477196,0.6037409381714094,0.616974906478111,0.737725411504324,0.6496090058568118,0.7625951128337409,0.7592341808440084,0.6491862192014138,0.5609213617282013,0.6599570472725244,0.6319944938775174,0.5963282943048092,0.6202397418015788,0.5847266116454357,0.556406746387916,0.6171261498685201,0.6500053974902734,0.5880978905627692,0.49097781131070695,0.8745213795420712,0.9844113988456634,0.6274532313745143,0.7214316211441543,0.6640398173742373,0.6535780140005735,0.5377114793600906,0.45998131712216545,0.35448074435036037,0.48626257161503406,0.5895431867452513,0.4862700743861289,0.5233870618473645,0.4479443876789254,0.4096960316524505,0.5245425154949013,0.5033712169909688,0.5452947615149627,0.5586716308705154,0.5308577778817111,0.6454217637141335,0.492967200083514,0.7217803310577692,0.5002445186775415,0.5735253249967476,0.6057136020405982,0.7297795043359446,0.713809885102019,0.5974278349398708,0.6804516662441301
0.8339845405363131,0.6125960054866647,0.0,0.8815788243707773,0.8855364693327307,0.9587163500777104,0.8107004298846736,0.8958692685830677,0.7350773624539864,0.7402890677587471,0.6603412704552455,0.9153396690788945,0.8665296086798862,0.7092956680293585,0.9681869730390139,0.8731619244606469,0.8803656062370343,0.7675831294277362,0.8957867887272251,0.8935026960947536,0.934146016731738,0.9283001859208886,0.8075414951641237,0.8090782809921679,0.6040168001478753,0.8549349957177748,0.95317199597136,0.9142279263753086,0.9887574187105367,0.8534697498620984,0.8131127796711295,0.687474710069694,0.810411412827613,0.8290922519009503,0.8439158335398333,0.7236841700419077,0.9412702942144973,0.780781348336907,0.853248907349476,0.7376134798823146,0.8836115989657187,0.7161556727021998,0.9482985506215394,0.8540074514860462,0.8440478897213626,0.983039291252623,0.9146683087799713,0.9173791967342416,0.829585956949287,0.8749546405237666,0.7708662495613666,0.8289260390241647,0.8562969280262355
0.7878342623532014,0.6121225827917308,0.8815788243707773,0.0,0.9123705775598525,0.9734496701537004,0.8409692262747975,0.9273830346918265,0.7941828155990979,0.8117797363371254,0.6671102926164271,0.8576697469024726,0.8729317731337172,0.730249258733657,0.9290491039844848,0.8450465163370137,0.8856490976874921,0.8205609340350235,0.9111022286891146,0.9045815202571735,0.9525724449829805,0.889193116625776,0.7914814493825334,0.7835331901960693,0.6069723485447225,0.7988109616351944,0.9432820796294409,0.9122737391937547,0.958152823273317,0.868888045035524,0.804282330045415,0.6552198762099124,0.8775863876533305,0.798087677803143,0.8820278517663414,0.8141316237017514,0.8967334474659203,0.7465586876386779,0.9201844882856621,0.7497457380598905,0.9166163738017185,0.729240113618656,0.913227105556175,0.9078817981718451,0.8612113348296708,0.9115453599881098,0.8662643248444303,0.8838611402087396,0.8571375009187819,0.8250243929442249,0.7948662211218257,0.762022683740131,0.8578300895208774
0.8040296703390333,0.5312249385477196,0.8855364693327307,0.9123705775598525,0.0,0.8894337944234842,0.7000358041020613,0.849996489371502,0.7644722595763508,0.6729381431293814,0.5967970676737401,0.8863761746056282,0.8646919447974166,0.7299888583759011,0.9245074943694761,0.8822702471728676,0.8079832723895011,0.8105311847542983,0.8583903571239123,0.8204149583781779,0.903143506759215,0.9319570144491851,0.7600816969662145,0.7606905022311438,0.5532289176010423,0.8132328441528196,0.8195331732476746,0.9127980636183185,0.9050093896004086,0.8929322588656817,0.7857771700446847,0.6610946112878517,0.9067002808399967,0.720100428757032,0.8545744974544505,0.7516836259581989,0.9304949430501165,0.8291160364249797,0.9555958866194493,0.7366581539749478,0.8640009013421196,0.7091662292659912,0.8974287778513823,0.8485450832010059,0.935880739430759,0.8236270624728982,0.8455463298505395,0.9784360773456539,0.7808030041767395,0.7330773867046669,0.726797735824261,0.7546127476749623,0.87053947263783
0.8301591753583405,0.6037409381714094,0.9587163500777104,0.9734496701537004,0.8894337944234842,0.0,0.8252946983696986,0.8678231870822652,0.8234413664859761,0.7679790529463609,0.6880127580536806,0.8950728313942353,0.8449513391131842,0.7934845171283742,0.9608012022056615,0.8926613736137264,0.8476949890415739,0.945621939826929,0.8858867825491747,0.841357735324644,0.9833587400542059,0.8504687879617749,0.7686282246129826,0.7570725714699582,0.5750860182488541,0.8190998625935373,0.9114913128182484,0.8720408356976884,0.9077976925953846,0.8703331400032382,0.8349379499106653,0.6783374041731021,0.8006172361499837,0.7920116783734719,0.798851377349825,0.7387456978810085,0.8952310479132134,0.7818995028420369,0.9431210572376039,0.7013305357870894,0.8920208801801044,0.7050878881045329,0.8995044186250075,0.9063677872132636,0.903051253428358,0.9432332958835269,0.937619175177796,0.8565309278494052,0.8388210499950435,0.8294120674963009,0.8444944609464304,0.8237670302354649,0.9364170526719401
0.7335405300098885,0.616974906478111,0.8107004298846736,0.8409692262747975,0.7000358041020613,0.8252946983696986,0.0,0.7991789285061552,0.6402791181540836,0.7043102723620759,0.6394256552409784,0.7229784005463167,0.6936959036894721,0.5865579284724416,0.79021237176675,0.7015872488438822,0.6886563789331952,0.6753534969424884,0.7555373194294718,0.7844869425872832,0.7770510813234589,0.83695866885364,0.7996266108606737,0.7981154476575772,0.5766367473428334,0.8890543619137617,0.9088449980606852,0.8004624141035183,0.9307779244984495,0.7975720875998356,0.8222838175560934,0.6618494635226514,0.7825470390336141,0.8648973087964597,0.6759826438539663,0.6737669122407353,0.789122892058307,0.7026912482841562,0.7460785207523061,0.6627217899461646,0.752848384741167,0.5885046039701451,0.7754289753737754,0.7451973558724231,0.6759481422259516,0.9350868193980337,0.7587835167274454,0.7734750229907321,0.7740868932331938,0.7531098744291537,0.6960677153386915,0.6138021710127898,0.7751302200669644
0.7279983317039671,0.737725411504324,0.8958692685830677,0.9273830346918265,0.849996489371502,0.8678231870822652,0.7991789285061552,0.0,0.8475891167882079,0.9824348962858306,0.8195464618096063,0.8526195736784536,0.7637348198037104,0.8422089925710187,0.9160914165712735,0.8739383316921736,0.8537382483124673,0.9015303648006412,0.8364812160908764,0.8769564112867255,0.8865831637859327,0.7706444534533652,0.6806506304298908,0.846290150755133,0.7638224050061452,0.8348598474154095,0.8996686898835405,0.8775288845798492,0.8821767097488717,0.7786652775577473,0.669118504811336,0.5582960861779269,0.7315645173230082,0.809241382519424,0.6980577857088556,0.683133370697849,0.727330730307493,0.6709146294855042,0.7705039114051737,0.6862165743841655,0.7800703749380284,0.6860111083693079,0.8126519710883076,0.8747689845768201,0.7571701815905896,0.9739606861090223,0.8180849469985157,0.8001591606277568,0.8506921997690624,0.9004950494990717,0.9073802776685584,0.8514968812296034,0.9662260408098735
0.6229742222806833,0.6496090058568118,0.7350773624539864,0.7941828155990979,0.7644722595763508,0.8234413664859761,0.6402791181540836,0.8475891167882079,0.0,0.8214758736878568,0.822113675696803,0.8995834266545915,0.8795502159202012,0.9334328464124411,0.9813197637748031,0.910925893080401,0.9304406506697576,0.9116395217746869,0.7116843953243288,0.7348446064746594,0.8249838141454138,0.6337481059839747,0.5522861003069012,0.7473127413221664,0.6776340477838031,0.6349591944891401,0.7285183745554823,0.7113442976881261,0.7459617847182247,0.6250857877034397,0.5323151583436925,0.4408240724854092,0.6428643759503418,0.5826626989434148,0.6790090398530996,0.6845102122306436,0.6182410247779112,0.5667134989823511,0.749875362492943,0.6283790190409893,0.6964170595835572,0.758426156959297,0.7386354019981655,0.9440305034828138,0.8292421684188018,0.8382603679085369,0.7695929187821847,0.7800535338773346,0.8114833782065917,0.8566714620983478,0.962866189977128,0.9997903310204378,0.9116170476186903
0.5564368723136259,0.7625951128337409,0.7402890677587471,0.8117797363371254,0.6729381431293814,0.7679790529463609,0.7043102723620759,0.9824348962858306,0.8214758736878568,0.0,1.0,0.7724550874850038,0.706902953906775,0.8648890219455801,0.8085334042514676,0.8223093317829179,0.8736245633932843,0.7797431271650226,0.6665298697578782,0.6749748561623654,0.8413886352469476,0.5955718588618583,0.5463219448633275,0.805229186203717,0.7334686048184016,0.6548928872454512,0.7902442022078262,0.7322043452068765,0.731146696282119,0.6074550930495212,0.5403335341797073,0.4505919609305579,0.5604486293887632,0.6991044605171028,0.590227223318782,0.6066694995870704,0.556999484095814,0.5119544127894604,0.6873859027901141,0.5784920684961399,0.6330351760562919,0.6656940973179081,0.6862891593603753,0.8103044404554642,0.637019516809888,0.8997560609125297,0.7363150525311488,0.6387370818401964,0.8308670321575524,0.9792141239792486,0.9727951956815344,0.829524846036413,0.8908252462373351
0.47253508701106367,0.7592341808440084,0.6603412704552455,0.6671102926164271,0.5967970676737401,0.6880127580536806,0.6394256552409784,0.8195464618096063,0.822113675696803,1.0,0.0,0.6944925291157459,0.6445335448067426,0.9163586210214052,0.7439932218475932,0.7103742432732527,0.8261845265601636,0.7036615812126962,0.6014052042863142,0.6226656342140272,0.699488877509726,0.5406724418383831,0.4792637014662324,0.7309895473010001,0.7750079800549304,0.5692743918077827,0.688726199371036,0.6599803864795115,0.6178910032627642,0.5314680410965692,0.46637006399246533,0.37887503687171914,0.49232080512090953,0.6374101006763466,0.5060479280932406,0.5522114577188504,0.47527406406711203,0.43326551587880957,0.5848324983758776,0.5261339707397859,0.5700679819272673,0.6182335716352789,0.5663961336191403,0.776851314379358,0.5735288141923041,0.8107597015046211,0.6033308432028356,0.5817434412421709,0.7169532698368039,0.8055623925508655,0.9342595664705209,0.7798163099894099,0.7631042912967028
0.7769197396647948,0.6491862192014138,0.9153396690788945,0.8576697469024726,0.8863761746056282,0.8950728313942353,0.7229784005463167,0.8526195736784536,0.8995834266545915,0.7724550874850038,0.6944925291157459,0.0,0.9726322666191347,0.8147393731411391,0.9985469314331967,0.9278255777495497,0.910465796964661,0.9793338385843824,0.8735477062086059,0.8278999834260965,0.9591111282332895,0.7907255203565342,0.6832360729638425,0.806264857448744,0.6397241924397729,0.7961032207043038,0.8752860889235671,0.8598647522924154,0.9272211312889492,0.8246338601898863,0.7410450640253596,0.5475064753721122,0.8018296605668757,0.7132623305590848,0.8918601040489015,0.8758694363533229,0.8195879577666567,0.7246742097339666,0.8682525880092177,0.8309373330420731,0.8017183817726139,0.8437934611971227,0.9339177334570736,0.9027777358454389,0.9882125101414528,0.8906328896333994,0.8580413788458513,0.9130240388209567,0.916544215331612,0.8372700050788362,0.8574569380337748,0.8836150915586181,0.9689905324099914
0.805885548309702,0.5609213617282013,0.8665296086798862,0.8729317731337172,0.8646919447974166,0.8449513391131842,0.6936959036894721,0.7637348198037104,0.8795502159202012,0.706902953906775,0.6445335448067426,0.9726322666191347,0.0,0.7536293645112497,0.9921111802228718,0.9233223610524849,0.8524766865045944,0.9394152927209808,0.8769618025781841,0.8105533092725349,0.9736249873382753,0.816239810438991,0.671770122173652,0.746445345719347,0.5490616256227454,0.7569206345206937,0.8300076522355925,0.8265202927413972,0.8785113539298031,0.7862474312753868,0.7273756569993339,0.5537445995826256,0.769952884052562,0.685078564814069,0.8466174943903119,0.7658606806450713,0.772310821473907,0.7356656028767358,0.8820865040131152,0.7479615446201118,0.7919140018632175,0.8042975244583129,0.8795928510492924,0.8836803577647203,0.8977654486833913,0.8463275377192363,0.8719768101856706,0.8911743778716874,0.8514953498557186,0.7748458433175347,0.7562944599847479,0.8818790445258798,0.8895413652000191
0.5396218505939444,0.6599570472725244,0.7092956680293585,0.730249258733657,0.7299888583759011,0.7934845171283742,0.5865579284724416,0.8422089925710187,0.9334328464124411,0.8648890219455801,0.9163586210214052,0.8147393731411391,0.7536293645112497,0.0,0.82931761157988,0.8616755186354377,0.8637532724592153,0.8275940262279136,0.677572338147773,0.667690342080035,0.7629191249911288,0.5966430867750977,0.5016600628065765,0.719301062748297,0.7467443344695474,0.5918368727345206,0.6793681337555482,0.7277972078854639,0.6814152906408033,0.6132947335172602,0.47935116817816187,0.4085504729026701,0.5564095993102077,0.581910196680242,0.6019236704359174,0.6332678394270511,0.5628973448428739,0.49062090833699284,0.7204623668308703,0.5918423874581847,0.6388818886790946,0.731789739918825,0.6761467872583647,0.8192208497588757,0.7430921904023118,0.8087153232394775,0.6957120933360761,0.7359427620004754,0.7859592938902271,0.7985623282175147,0.8857936157822113,0.8827313730087734,0.8760685878825427
0.8005556831695324,0.6319944938775174,0.9681869730390139,0.9290491039844848,0.9245074943694761,0.9608012022056615,0.79021237176675,0.9160914165712735,0.9813197637748031,0.8085334042514676,0.7439932218475932,0.9985469314331967,0.9921111802228718,0.82931761157988,0.0,0.9838890322312909,0.9569129344959499,0.976288021273936,0.9122592953550381,0.8583420619786116,0.9801233448245058,0.9122729216118426,0.7461727691408346,0.8239925468788474,0.6536570074272676,0.8922434923321048,0.9628933234357799,0.905070946567631,0.9560764445044007,0.9081875024767452,0.7572508666465622,0.6323738263553687,0.8083317299925018,0.8121073803806139,0.8704021980653153,0.8268611680929742,0.9125086537664514,0.7399824153735851,0.9439168770902308,0.7935807202731958,0.8479100236480646,0.8384100918428916,0.9613468608839083,0.9308241891772313,0.9728564806445218,0.9202845777354002,0.9552943855295705,1.0,0.9124312360836037,0.8903150563267325,0.8995457000680461,0.9607967780638706,1.0
0.7073429793910075,0.5963282943048092,0.8731619244606469,0.8450465163370137,0.8822702471728676,0.8926613736137264,0.7015872488438822,0.8739383316921736,0.910925893080401,0.8223093317829179,0.7103742432732527,0.9278255777495497,0.9233223610524849,0.8616755186354377,0.9838890322312909,0.0,0.9110486965269219,0.964333074560058,0.8082225444523052,0.843099804919964,0.8650370794997848,0.7359354143146695,0.6333824525469209,0.7962447094743706,0.5916151983237877,0.7300369186064881,0.885972643699972,0.7676029016456947,0.8652548091775675,0.7883175041732571,0.6913128483382432,0.549847277596498,0.7171368133901777,0.6763077916060255,0.7749124888156409,0.7596653552305787,0.753342847846608,0.6614316123397472,0.8276950974964423,0.679056043009591,0.7794592637047163,0.7665400204908253,0.8007549801581358,0.9652060657354674,0.8545734276265488,0.8893831552041228,0.8642435190536558,0.830466720183972,0.8433521232761074,0.8720090376991795,0.8989121946507118,0.9386460233189102,0.9402350475930524
0.6606760566466495,0.6202397418015788,0.8803656062370343,0.8856490976874921,0.8079832723895011,0.8476949890415739,0.6886563789331952,0.8537382483124673,0.9304406506697576,0.8736245633932843,0.8261845265601636,0.910465796964661,0.8524766865045944,0.8637532724592153,0.9569129344959499,0.9110486965269219,0.0,0.9904141317907573,0.8040200647588881,0.7940187933127048,0.8538332809187555,0.680369301515651,0.6143108571070016,0.851788063201207,0.6585294730896614,0.7045759734821117,0.8226722801704782,0.7951356819917333,0.807278074822585,0.703450264850038,0.6027816588454556,0.48376785145736495,0.641588189090109,0.6691495186403406,0.7039936877204844,0.7586252843788053,0.695533814894239,0.5988911382385332,0.7569732282497293,0.7043571501172156,0.7807856928314624,0.8082118030959734,0.8179710925743138,0.8836786784933607,0.8228148424156942,0.9357891026006258,0.8138239310211614,0.7777543148761786,0.8958230633372793,0.8731527968961481,0.9364411843506958,0.989238975587817,0.9430092404084157
0.7282298557985021,0.5847266116454357,0.7675831294277362,0.8205609340350235,0.8105311847542983,0.945621939826929,0.6753534969424884,0.9015303648006412,0.9116395217746869,0.7797431271650226,0.7036615812126962,0.9793338385843824,0.9394152927209808,0.8275940262279136,0.976288021273936,0.964333074560058,0.9904141317907573,0.0,0.8654048966933021,0.8444457457521368,0.9025746545547777,0.7982864370285018,0.6670388553044555,0.7304636513762096,0.5796814412051302,0.7225547011650019,0.8595746535868318,0.7803972593358875,0.893468954500369,0.7407989020386694,0.6850722823827963,0.551353704000937,0.7578604961050488,0.6596421850692354,0.7979559491174136,0.7550357526755357,0.7466443749869623,0.6944776739005253,0.8505106416899484,0.7175620226399764,0.7569972242548677,0.7613066147459325,0.8506782779329892,0.9110385596950622,0.8907780259483202,0.8704812203656278,0.9022995127932925,0.9003921460558786,0.85223098966195,0.8103582569782014,0.8565931671750231,0.9500464682088947,0.9169744134663013
0.8246569842523056,0.556406746387916,0.8957867887272251,0.9111022286891146,0.8583903571239123,0.8858867825491747,0.7555373194294718,0.8364812160908764,0.7116843953243288,0.6665298697578782,0.6014052042863142,0.8735477062086059,0.8769618025781841,0.677572338147773,0.9122592953550381,0.8082225444523052,0.8040200647588881,0.8654048966933021,0.0,0.9370314940087257,0.9063552684061537,0.8943904407754086,0.8199148535997918,0.7514728618173492,0.5722516961599882,0.8529091287979266,0.8798833985710606,0.8479950909700914,0.8999050135705203,0.8287491184025165,0.8276784505918953,0.6660227457355213,0.8643694241864301,0.8015624383559361,0.9064538729244596,0.9187816876839044,0.8390907245026964,0.7821300173686704,0.966242008566383,0.829675264662782,0.9209926282767396,0.7912213522806952,0.9612885071257905,0.8700172314581582,0.8561824442592292,0.9201388649857284,0.8503448796304978,0.8705230412679222,0.8886080806364859,0.7492519613796816,0.73808853945407,0.7409127940896898,0.9034384375860182
0.7749653356902921,0.6171261498685201,0.8935026960947536,0.9045815202571735,0.8204149583781779,0.841357735324644,0.7844869425872832,0.8769564112867255,0.7348446064746594,0.6749748561623654,0.6226656342140272,0.8278999834260965,0.8105533092725349,0.667690342080035,0.8583420619786116,0.843099804919964,0.7940187933127048,0.8444457457521368,0.9370314940087257,0.0,0.8832117777446175,0.883115351948461,0.8005742323514795,0.7852164214444647,0.580312628319633,0.8034011727801511,0.8651366686911851,0.8735575300348153,0.9200705802046605,0.841427242656714,0.7838136441566843,0.610559475032765,0.8119185322988555,0.7040487487980174,0.8709786578594337,0.8555053900164676,0.8109209681527921,0.7403684397359646,0.9390413253351669,0.7631680006295158,0.8911114670704673,0.8123910628204589,0.9063757951591473,0.8588206115971286,0.8581482961825401,0.8826788545577103,0.8260731656307057,0.848616104489391,0.81654793878785,0.7557026885264796,0.7471807143562265,0.7441074267443668,0.8889404095221701
0.7824153105312762,0.6500053974902734,0.934146016731738,0.9525724449829805,0.903143506759215,0.9833587400542059,0.7770510813234589,0.8865831637859327,0.8249838141454138,0.8413886352469476,0.699488877509726,0.9591111282332895,0.9736249873382753,0.7629191249911288,0.9801233448245058,0.8650370794997848,0.8538332809187555,0.9025746545547777,0.9063552684061537,0.8832117777446175,0.0,0.9121734289393042,0.7748244823291965,0.7774510615980106,0.632129448859122,0.842091926222847,0.9030181119366039,0.9412585620660066,0.921529443215563,0.8982482306170181,0.7707957740927625,0.5865077995026102,0.8073754438122553,0.7970530220105736,0.9404383727357476,0.8745519908592866,0.8134831435294245,0.7504469813940119,0.9935713370123447,0.8487339308432903,0.8851754246654492,0.853316111824748,0.9828615416494768,0.86807086377673,0.8555297402355239,0.981599032681316,0.8355320129149153,0.9367788361142995,0.8997070711765781,0.8442015921658718,0.8484095773436187,0.8105679726465922,0.9416880015902183
0.857550316429978,0.5880978905627692,0.9283001859208886,0.889193116625776,0.9319570144491851,0.8504687879617749,0.83695866885364,0.7706444534533652,0.6337481059839747,0.5955718588618583,0.5406724418383831,0.7907255203565342,0.816239810438991,0.5966430867750977,0.9122729216118426,0.7359354143146695,0.680369301515651,0.7982864370285018,0.8943904407754086,0.883115351948461,0.9121734289393042,0.0,0.9589344086801644,0.7785915507188027,0.5616220357448604,0.9635084380160889,0.8902007667675096,0.9271734342014086,1.0,0.9741094948613144,0.9512225975184616,0.7602546066910683,0.9895658471114113,0.8043774478653987,0.8258738036503238,0.8302570752780398,0.9724667098593689,0.910754458380103,0.8352582515085857,0.7574779239827221,0.9209499081683248,0.700022651863158,0.9422516694997166,0.7949958724090448,0.8292279889848433,0.8833016214548023,0.8245281418422409,0.9179084991392273,0.7199196533156789,0.6969968901683515,0.6548435025642286,0.6605749647551641,0.8010250989616026
0.8815105048587616,0.49097781131070695,0.8075414951641237,0.7914814493825334,0.7600816969662145,0.7686282246129826,0.7996266108606737,0.6806506304298908,0.5522861003069012,0.5463219448633275,0.4792637014662324,0.6832360729638425,0.671770122173652,0.5016600628065765,0.7461727691408346,0.6333824525469209,0.6143108571070016,0.6670388553044555,0.8199148535997918,0.8005742323514795,0.7748244823291965,0.9589344086801644,0.0,0.6756647713580348,0.46568349169339485,0.8332258293496774,0.816129131182855,0.8693815203491942,0.9260458267359212,0.8677188519885805,0.8998502810279657,0.7949700798636615,0.9523472523775035,0.7447272802379744,0.7521356048527649,0.6804092499973059,0.8937890209828134,0.9237695335799598,0.781414282478346,0.6413541238378254,0.8926784348276824,0.5772542871866285,0.8054368275321653,0.6724893199872312,0.7067984565778422,0.7605678037796656,0.7809426423924535,0.7859647098425155,0.6729228706506059,0.6253434099548164,0.5742089887778825,0.5560248089146621,0.6917615302138954
0.6254759241517196,0.8745213795420712,0.8090782809921679,0.7835331901960693,0.7606905022311438,0.7570725714699582,0.7981154476575772,0.846290150755133,0.7473127413221664,0.805229186203717,0.7309895473010001,0.806264857448744,0.746445345719347,0.719301062748297,0.8239925468788474,0.7962447094743706,0.851788063201207,0.7304636513762096,0.7514728618173492,0.7852164214444647,0.7774510615980106,0.7785915507188027,0.6756647713580348,0.0,0.7965540421557953,0.7760461235089572,0.8463730002328268,0.7834766161260814,0.8312621742163301,0.7129504785742712,0.6318993209872803,0.5071452317831202,0.6821379710727299,0.6887028761816407,0.6660041349946592,0.6986420131006696,0.6673070285186802,0.5806065547928224,0.6942528607230066,0.649198613436713,0.7328251570027899,0.6727714451485979,0.7251225826323972,0.8169339329929217,0.6987247369431763,0.9149450215855283,0.7440259458963288,0.7550696722031146,0.7612540968315799,0.7990692920934713,0.8021821800206189,0.7481601550902224,0.8400024083172097
0.4154170719341649,0.9844113988456634,0.6040168001478753,0.6069723485447225,0.5532289176010423,0.5750860182488541,0.5766367473428334,0.7638224050061452,0.6776340477838031,0.7334686048184016,0.7750079800549304,0.6397241924397729,0.5490616256227454,0.7467443344695474,0.6536570074272676,0.5916151983237877,0.6585294730896614,0.5796814412051302,0.5722516961599882,0.580312628319633,0.632129448859122,0.5616220357448604,0.46568349169339485,0.7965540421557953,0.0,0.5628299519787497,0.6682669327646956,0.6707436639679663,0.6181213606850104,0.5322627309964678,0.4031296888252077,0.3150164460424568,0.4551901889046436,0.5324737447050456,0.44580736787300174,0.5089318482976525,0.4216646522170021,0.39195418396392134,0.5099421882037953,0.47700170060028835,0.5395816159756398,0.5288253434182727,0.5048388120960041,0.6583928387590986,0.49847350755646386,0.64650929405196,0.46854018545111437,0.5972560721032526,0.5810596511176322,0.6856217045122754,0.7184157019242988,0.5922390147569684,0.665854702059114
0.8141346654963324,0.6274532313745143,0.8549349957177748,0.7988109616351944,0.8132328441528196,0.8190998625935373,0.8890543619137617,0.8348598474154095,0.6349591944891401,0.6548928872454512,0.5692743918077827,0.7961032207043038,0.7569206345206937,0.5918368727345206,0.8922434923321048,0.7300369186064881,0.7045759734821117,0.7225547011650019,0.8529091287979266,0.8034011727801511,0.842091926222847,0.9635084380160889,0.8332258293496774,0.7760461235089572,0.5628299519787497,0.0,0.880099092946668,0.9373152290957366,0.9470429184975866,0.8719209309440178,0.9314539779948497,0.7486584805133385,0.8804396400909884,0.8577895243353286,0.776108998757604,0.7161565448354418,0.8577665182917619,0.8386149954022767,0.7933874935547123,0.6720693270908148,0.86494174792628,0.611225739800542,0.853308253463601,0.7247598759033079,0.7097864847162259,0.8689852290055929,0.7808198353277511,0.8357786910109586,0.7370909344571165,0.7181639239921342,0.6808880190526828,0.6414748301134968,0.7473180469989064
0.7987431925688167,0.7214316211441543,0.95317199597136,0.9432820796294409,0.8195331732476746,0.9114913128182484,0.9088449980606852,0.8996686898835405,0.7285183745554823,0.7902442022078262,0.688726199371036,0.8752860889235671,0.8300076522355925,0.6793681337555482,0.9628933234357799,0.885972643699972,0.8226722801704782,0.8595746535868318,0.8798833985710606,0.8651366686911851,0.9030181119366039,0.8902007667675096,0.816129131182855,0.8463730002328268,0.6682669327646956,0.880099092946668,0.0,0.8945789696628348,0.9900996872095035,0.8314203304502492,0.8291672003046827,0.6590668726526365,0.8501382056332103,0.8642681377482521,0.8371321707915297,0.756397460572655,0.8539396713327915,0.7722463776134691,0.8696382336559481,0.7520076850329639,0.8472115703075499,0.7038803731603921,0.8510016369869547,0.8590309472888394,0.8204534129035936,1.0,0.8686919475010927,0.8928997874367159,0.7827318017281337,0.8448041268890775,0.8129937505327782,0.7590804293794298,0.8950508235893804
0.758701365417234,0.6640398173742373,0.9142279263753086,0.9122737391937547,0.9127980636183185,0.8720408356976884,0.8004624141035183,0.8775288845798492,0.7113442976881261,0.7322043452068765,0.6599803864795115,0.8598647522924154,0.8265202927413972,0.7277972078854639,0.905070946567631,0.7676029016456947,0.7951356819917333,0.7803972593358875,0.8479950909700914,0.8735575300348153,0.9412585620660066,0.9271734342014086,0.8693815203491942,0.7834766161260814,0.6707436639679663,0.9373152290957366,0.8945789696628348,0.0,1.0,0.9355614576735706,0.8085446379982767,0.6621764297799846,0.8969417640678883,0.8354415567835566,0.7455547255022514,0.7382014465603435,0.8451805652510165,0.810173520935176,0.8906259572992534,0.7243120633803924,0.8912047087755622,0.6991566239418997,0.8743648141883977,0.8204615377645712,0.8288834462538259,0.9268707637936926,0.8071641711364805,0.9308952495696903,0.8000413736706337,0.8016821525511889,0.7083086020331549,0.7190408219614491,0.8683850158656364
0.9223884649717343,0.6535780140005735,0.9887574187105367,0.958152823273317,0.9050093896004086,0.9077976925953846,0.9307779244984495,0.8821767097488717,0.7459617847182247,0.731146696282119,0.6178910032627642,0.9272211312889492,0.8785113539298031,0.6814152906408033,0.9560764445044007,0.8652548091775675,0.807278074822585,0.893468954500369,0.8999050135705203,0.9200705802046605,0.921529443215563,1.0,0.9260458267359212,0.8312621742163301,0.6181213606850104,0.9470429184975866,0.9900996872095035,1.0,0.0,0.9133995319994035,0.9908830000572711,0.7552693599534065,0.8944685017878444,0.8724544102041728,0.8059051538092394,0.7629666921876816,0.9413535366801152,0.873435843282147,0.9365078524368345,0.6653615449198768,0.9480104126533179,0.6627252380629581,0.9637026836271788,0.8587469692439677,0.8362704599120323,0.9547721367348899,0.9810012952331689,0.9394463008966337,0.8146041280959675,0.8014868039787967,0.7709376812337873,0.7596259196032323,0.8903257138192199
0.9150063320617713,0.5377114793600906,0.8534697498620984,0.868888045035524,0.8929322588656817,0.8703331400032382,0.7975720875998356,0.7786652775577473,0.6250857877034397,0.6074550930495212,0.5314680410965692,0.8246338601898863,0.7862474312753868,0.6132947335172602,0.9081875024767452,0.7883175041732571,0.703450264850038,0.7407989020386694,0.8287491184025165,0.841427242656714,0.8982482306170181,0.9741094948613144,0.8677188519885805,0.7129504785742712,0.5322627309964678,0.8719209309440178,0.8314203304502492,0.9355614576735706,0.9133995319994035,0.0,0.85991904023372,0.8593810755138491,0.9241257672470021,0.7690878846152646,0.8089727790162077,0.7958367410606452,0.9780417221960681,0.85030057647331,0.968579377169961,0.7427356255532739,0.9405155443664359,0.6624412516260743,0.9763026246760479,0.7994234150997702,0.9027252902253784,0.8300510204441082,0.9092160939744972,0.9251619147169804,0.7325582804397928,0.7319737827617375,0.6628547839889173,0.6657707908830575,0.7910924865308295
0.950338427962412,0.45998131712216545,0.8131127796711295,0.804282330045415,0.7857771700446847,0.8349379499106653,0.8222838175560934,0.669118504811336,0.5323151583436925,0.5403335341797073,0.46637006399246533,0.7410450640253596,0.7273756569993339,0.47935116817816187,0.7572508666465622,0.6913128483382432,0.6027816588454556,0.6850722823827963,0.8276784505918953,0.7838136441566843,0.7707957740927625,0.9512225975184616,0.8998502810279657,0.6318993209872803,0.4031296888252077,0.9314539779948497,0.8291672003046827,0.8085446379982767,0.9908830000572711,0.85991904023372,0.0,0.9003501520332122,0.9242285234549609,0.7998209295536299,0.8036895688712582,0.6954489597846175,1.0,0.9695429117546737,0.8314834633562254,0.6499302783149415,0.8453412377615553,0.5573908351857731,0.8942030063232039,0.6679946461434998,0.7233372956074243,0.8025507481011216,0.8601912278826149,0.8103172486800586,0.6331320673518493,0.6483558996245424,0.5928056194618961,0.5532104529366788,0.7096346879273725
0.8446327547836988,0.35448074435036037,0.687474710069694,0.6552198762099124,0.6610946112878517,0.6783374041731021,0.6618494635226514,0.5582960861779269,0.4408240724854092,0.4505919609305579,0.37887503687171914,0.5475064753721122,0.5537445995826256,0.4085504729026701,0.6323738263553687,0.549847277596498,0.48376785145736495,0.551353704000937,0.6660227457355213,0.610559475032765,0.5865077995026102,0.7602546066910683,0.7949700798636615,0.5071452317831202,0.3150164460424568,0.7486584805133385,0.6590668726526365,0.6621764297799846,0.7552693599534065,0.8593810755138491,0.9003501520332122,0.0,0.8571430012835628,0.674500260489421,0.633832554412129,0.5489273399314387,0.9148227012171112,0.9055975586915971,0.7004388469201238,0.5076046953997005,0.7281830227231697,0.4090954681760951,0.7319600081559758,0.558841474138834,0.5924560635265893,0.6523320653643195,0.7649546832424406,0.5991652929617449,0.4995757939258524,0.515479384632528,0.4679757739884557,0.47592976128607445,0.5554393119799228
0.9344811237405228,0.48626257161503406,0.810411412827613,0.8775863876533305,0.9067002808399967,0.8006172361499837,0.7825470390336141,0.7315645173230082,0.6428643759503418,0.5604486293887632,0.49232080512090953,0.8018296605668757,0.769952884052562,0.5564095993102077,0.8083317299925018,0.7171368133901777,0.641588189090109,0.7578604961050488,0.8643694241864301,0.8119185322988555,0.8073754438122553,0.9895658471114113,0.9523472523775035,0.6821379710727299,0.4551901889046436,0.8804396400909884,0.8501382056332103,0.8969417640678883,0.8944685017878444,0.9241257672470021,0.9242285234549609,0.8571430012835628,0.0,0.7463867527953975,0.8397908774888324,0.7852784857562116,1.0,0.9350281075647005,0.895648178774392,0.6929668137175862,0.9358069200388869,0.6030882289998449,0.9198415441872215,0.7555784207333236,0.8037812668583458,0.827432797554895,0.9557816988922124,0.8150593791936754,0.7192615287709745,0.6678778904742395,0.6139707605001165,0.6495769752551555,0.7202761980408573
0.7295349924384333,0.5895431867452513,0.8290922519009503,0.798087677803143,0.720100428757032,0.7920116783734719,0.8648973087964597,0.809241382519424,0.5826626989434148,0.6991044605171028,0.6374101006763466,0.7132623305590848,0.685078564814069,0.581910196680242,0.8121073803806139,0.6763077916060255,0.6691495186403406,0.6596421850692354,0.8015624383559361,0.7040487487980174,0.7970530220105736,0.8043774478653987,0.7447272802379744,0.6887028761816407,0.5324737447050456,0.8577895243353286,0.8642681377482521,0.8354415567835566,0.8724544102041728,0.7690878846152646,0.7998209295536299,0.674500260489421,0.7463867527953975,0.0,0.680520397058694,0.6032765422542091,0.7298830297360493,0.7172961447157159,0.8051735270172186,0.5835169961959196,0.7275425868372918,0.5656146707016867,0.8220559823042815,0.7039035195460295,0.6335482586412309,0.8776982280771183,0.7596366526960047,0.6815355212770902,0.730627154958378,0.7629895578564376,0.7112023428962387,0.5940968514853319,0.7217234788635631
0.8715205184753005,0.4862700743861289,0.8439158335398333,0.8820278517663414,0.8545744974544505,0.798851377349825,0.6759826438539663,0.6980577857088556,0.6790090398530996,0.590227223318782,0.5060479280932406,0.8918601040489015,0.8466174943903119,0.6019236704359174,0.8704021980653153,0.7749124888156409,0.7039936877204844,0.7979559491174136,0.9064538729244596,0.8709786578594337,0.9404383727357476,0.8258738036503238,0.7521356048527649,0.6660041349946592,0.44580736787300174,0.776108998757604,0.8371321707915297,0.7455547255022514,0.8059051538092394,0.8089727790162077,0.8036895688712582,0.633832554412129,0.8397908774888324,0.680520397058694,0.0,0.9256285378051742,0.8881131957652504,0.78243161703762,1.0,0.864061231921598,0.8929612105306504,0.7976500452960026,0.9014128161410803,0.8195891748461732,0.8788547266265451,0.7977491659795068,0.8315744684296371,0.8363366045699957,0.8152351887314502,0.6819925764408287,0.6658525694341916,0.6859079905989605,0.8508628641213296
0.7095436772057744,0.5233870618473645,0.7236841700419077,0.8141316237017514,0.7516836259581989,0.7387456978810085,0.6737669122407353,0.683133370697849,0.6845102122306436,0.6066694995870704,0.5522114577188504,0.8758694363533229,0.7658606806450713,0.6332678394270511,0.8268611680929742,0.7596653552305787,0.7586252843788053,0.7550357526755357,0.9187816876839044,0.8555053900164676,0.8745519908592866,0.8302570752780398,0.6804092499973059,0.6986420131006696,0.5089318482976525,0.7161565448354418,0.756397460572655,0.7382014465603435,0.7629666921876816,0.7958367410606452,0.6954489597846175,0.5489273399314387,0.7852784857562116,0.6032765422542091,0.9256285378051742,0.0,0.741625502168686,0.6549192428873869,0.9614547432526435,0.9496391439691366,0.7995540248034719,0.9465766982206335,0.858174011717901,0.8123565173802909,0.8953968962855189,0.7468282617221064,0.7057143309784275,0.8302118299030626,0.8449583425562984,0.6831392963099091,0.640118061672578,0.6915859545692981,0.7887877654678297
1.0,0.4479443876789254,0.9412702942144973,0.8967334474659203,0.9304949430501165,0.8952310479132134,0.789122892058307,0.727330730307493,0.6182410247779112,0.556999484095814,0.47527406406711203,0.8195879577666567,0.772310821473907,0.5628973448428739,0.9125086537664514,0.753342847846608,0.695533814894239,0.7466443749869623,0.8390907245026964,0.8109209681527921,0.8134831435294245,0.9724667098593689,0.8937890209828134,0.6673070285186802,0.4216646522170021,0.8577665182917619,0.8539396713327915,0.8451805652510165,0.9413535366801152,0.9780417221960681,1.0,0.9148227012171112,1.0,0.7298830297360493,0.8881131957652504,0.741625502168686,0.0,1.0,0.9213455975051877,0.710942541829126,0.909264095970297,0.5878736955501389,0.9050065691443516,0.7774165844817563,0.872996456895354,0.8428077048933893,0.9938334213562416,0.836397493301151,0.6731659311898911,0.6599444473087033,0.6123625568126578,0.641816729062071,0.7519312649547206
0.9168226334889503,0.4096960316524505,0.780781348336907,0.7465586876386779,0.8291160364249797,0.7818995028420369,0.7026912482841562,0.6709146294855042,0.5667134989823511,0.5119544127894604,0.43326551587880957,0.7246742097339666,0.7356656028767358,0.49062090833699284,0.7399824153735851,0.6614316123397472,0.5988911382385332,0.6944776739005253,0.7821300173686704,0.7403684397359646,0.7504469813940119,0.910754458380103,0.9237695335799598,0.5806065547928224,0.39195418396392134,0.8386149954022767,0.7722463776134691,0.810173520935176,0.873435843282147,0.85030057647331,0.9695429117546737,0.9055975586915971,0.9350281075647005,0.7172961447157159,0.78243161703762,0.6549192428873869,1.0,0.0,0.8302361199596837,0.6875193136948381,0.8670205172211802,0.5081309848515401,0.8756814563433506,0.6619547710911532,0.7259733426985053,0.7249589853699934,0.8800659820507042,0.7931312935396739,0.6492066566882169,0.5982008609761886,0.5582699811962668,0.5729960982940843,0.6842006083690273
0.8545220313059751,0.5245425154949013,0.853248907349476,0.9201844882856621,0.9555958866194493,0.9431210572376039,0.7460785207523061,0.7705039114051737,0.749875362492943,0.6873859027901141,0.5848324983758776,0.8682525880092177,0.8820865040131152,0.7204623668308703,0.9439168770902308,0.8276950974964423,0.7569732282497293,0.8505106416899484,0.966242008566383,0.9390413253351669,0.9935713370123447,0.8352582515085857,0.781414282478346,0.6942528607230066,0.5099421882037953,0.7933874935547123,0.8696382336559481,0.8906259572992534,0.9365078524368345,0.968579377169961,0.8314834633562254,0.7004388469201238,0.895648178774392,0.8051735270172186,1.0,0.9614547432526435,0.9213455975051877,0.8302361199596837,0.0,0.8807932765096722,0.890033105919104,0.8186721882523033,0.98255327902314,0.8386665836557382,0.871161401831076,0.8856982124385131,0.8402383464404579,0.9045764807314494,0.898092039302166,0.7480958874163299,0.7157492745628208,0.7231122219360421,0.8538334197784392
