Cingulate area 2,Frontal association cortex,Cornu ammonis 3,Dentate gyrus,Cornu ammonis 2,Cornu ammonis 1,Fasciola cinereum,Subiculum,Postrhinal cortex,Presubiculum,Parasubiculum,Perirhinal area 35,Perirhinal area 36,Medial entorhinal cortex,Lateral entorhinal cortex,Primary auditory area,"Secondary auditory area, dorsal part","Secondary auditory area, ventral part","Piriform cortex, layer 1","Piriform cortex, layer 2","Piriform cortex, layer 3",Ventrolateral orbital area,Lateral orbital area,Ventral orbital area,Medial orbital area,Dorsolateral orbital area,Prelimbic area,Secondary motor area,Frontal association area 3,Primary motor area,"Agranular insular cortex, ventral area",Agranular insular cortex dorsal area,Cingulate area 1,Infralimbic area,Dysgranular insular cortex,Granular insular cortex,"Primary somatosensory area, forelimb representation","Primary somatosensory area, dysgranular zone","Primary somatosensory area, face representation",Secondary somatosensory area,"Primary somatosensory area, hindlimb representation","Agranular insular cortex, posterior area","Primary somatosensory area, barrel field",Retrosplenial dysgranular area,"Primary somatosensory area, trunk representation",Retrosplenial granular area,"Parietal association cortex, lateral area","Parietal association cortex, medial area","Parietal association cortex, posterior area",Primary visual area,"Secondary visual area, lateral part",Temporal association cortex,"Secondary visual area, medial part"
0.0,0.550935120584727,0.808607225085188,0.8673313485353205,0.686551802317291,0.77585175044832,0.7086900223704918,0.818741039238565,0.7747056724945339,0.7853162060064732,0.7412154627545077,0.7209849764091191,0.6876611042387106,0.8002763741674325,0.7937241264306453,0.7095947498132739,0.7080924533557721,0.6656156557568386,0.8644025627759693,0.8671935186743036,0.7955520210726388,0.5627790518726209,0.5773012801285875,0.5497283815101313,0.5214033888475801,0.5099028167920493,0.6509167283506379,0.8807561239747935,0.5161653565117418,0.8350357995984388,0.6966057833609929,0.7673796219099462,0.7082124901834208,0.7953594463453214,0.9001024323437185,0.8140226478742887,0.7921892266623176,0.7885468948684042,0.791034283757116,0.7583779358423379,0.7946581926641206,0.8709527202020438,0.7800198802183641,0.9074093219704114,0.8452518115923197,0.9255814713885502,0.81828169650957,0.8325506929684318,0.9307455156716109,0.8559479537292917,0.8001177181080771,0.739680414216745,0.88244611813383
0.550935120584727,0.0,0.4533845851458051,0.5503757093881176,0.4288173907496899,0.5431991433483644,0.4350323685299555,0.6541355808106274,0.6666379489646992,0.651750971738688,0.7032825765324505,0.6779581483063443,0.7235174125738854,0.7291939451230693,0.7080173904761817,0.6961829296871209,0.64979509235918,0.7997846706566142,0.6961094971436409,0.7647937212763867,0.6012939375522451,0.6980337022532593,0.8247005564805744,0.7869471568538363,0.7855687297062713,0.7329237813372989,0.7609422887845081,0.757489242830441,0.70585700001632,0.605977975326862,0.8233958128785891,0.8688521399429016,0.3415262321083945,0.8123320691694169,0.8004687726134305,0.6726169760218381,0.5867850784518811,0.5714210607546666,0.7293490564520109,0.6312073409744482,0.4450551510166813,0.5169585862003269,0.5782327013929391,0.6807921371505822,0.577516423550377,0.6126476937620543,0.5850042498337722,0.623555537032483,0.5533859277061954,0.6135912136825891,0.6411231152787749,0.6712570634656356,0.6543230814820448
0.808607225085188,0.4533845851458051,0.0,0.89657997201069,0.9216206408117801,0.8871691857369215,0.852036699210126,0.7976036577970276,0.7199402183622909,0.712684179093019,0.6510391396256334,0.6788031378178013,0.6272109526715178,0.7614062788473516,0.7487393218847999,0.7039006467142499,0.7106643713608731,0.6619037984301284,0.7953009031518531,0.7285961842390759,0.8022820665156374,0.4191509591674499,0.43436908491889353,0.4313754817021978,0.3923543339778766,0.368738544866859,0.5066941230144125,0.6828125731556012,0.4245216471100224,0.7876891949680279,0.5396340701528411,0.5664282333272974,0.8632916407725312,0.6015608164273804,0.7921538143555293,0.7665257245334974,0.8543812809365898,0.824879496265176,0.7304769600406966,0.8288523600487995,0.9690780024320699,0.9434287975241422,0.8302926394447735,0.7777294194325794,0.872953978881379,0.8422711207297656,0.8906406599021399,0.8180925877477936,0.9369978343349329,0.8068739822802297,0.8172624966929156,0.7245885527063596,0.8229256950487167
0.8673313485353205,0.5503757093881176,0.89657997201069,0.0,0.8637683452050402,0.9917847466422428,0.8605572746274824,0.8593068064294151,0.828375641822352,0.8368192805645016,0.7225263083667913,0.8021444945335392,0.7514291431291211,0.8112619944653452,0.8469191164514069,0.8077976152303312,0.8105900448274126,0.7405560339279997,0.8369941027060779,0.8158539730451982,0.8864485284051804,0.5013469349517606,0.5084836132501298,0.49708415489337504,0.45398323553394615,0.45453734181836325,0.5578971153850181,0.8016731311572103,0.48588594110251515,0.8809576353359935,0.6231111136743435,0.6715965148681443,0.7482149547024282,0.6540733377483937,0.8746939987779725,0.8482087388037409,0.9124421431168487,0.8818133635136441,0.7865426742022006,0.9071000518480157,0.8842620113666191,0.903357254578669,0.8887871224784861,0.9151588432014004,0.9951271026563091,0.9330401272462956,0.9002368414313364,0.9170913332913819,0.8777846445626593,0.8456521968318234,0.8344201385632899,0.8229746459384012,0.8403605456884624
0.686551802317291,0.4288173907496899,0.9216206408117801,0.8637683452050402,0.0,0.881341235594231,0.8198265189036953,0.749588867352943,0.7446070209863134,0.7665957872890142,0.7130087050158718,0.7555104200131648,0.667422675542663,0.7660509237511337,0.8106546331610145,0.7049538067599846,0.7893464495943388,0.6323169372690294,0.7003252088287668,0.6363710005667755,0.7357673689798235,0.36997619815421673,0.39276105575452586,0.35234171865413927,0.3323622541788103,0.3147229690902492,0.42397526882422465,0.5535724370770846,0.3664080212140596,0.7468930056270954,0.4512479221628641,0.48056476813650806,0.8661138929182631,0.49846493336919506,0.6591960947722721,0.6851503548768617,0.7904862076393165,0.8120730668755738,0.5982506744959021,0.7386902537129127,0.942904304314306,0.915929201018823,0.7559415597281205,0.8025684947426924,0.9379778854397361,0.9107410682874079,0.8954232347111435,0.8226683646229065,0.8852419666366024,0.7819882972268836,0.7931636186215044,0.7661524507466487,0.756344584099742
0.77585175044832,0.5431991433483644,0.8871691857369215,0.9917847466422428,0.881341235594231,0.0,0.8931181975697638,0.8751509920021973,0.8061620210116692,0.8437207948539671,0.7956009768465132,0.8304845071685624,0.782353297266263,0.8800563596182547,0.8716613224807327,0.8264881609009258,0.8824429223218663,0.7674823590470238,0.8191330215124828,0.7928141797005078,0.8354280571348518,0.4739509111065955,0.49931736558793116,0.4726728471901016,0.43879521525002,0.4104484660118348,0.5343914181139033,0.7232614985645436,0.45519684174964353,0.8534852900750695,0.5923962421747871,0.6220791218367049,0.7836479221646147,0.6293617589128336,0.8327440674992164,0.8533815080034572,0.8592846172139236,0.8719374342840309,0.7456372474336654,0.8492938048493092,0.8826913550887129,0.915172957618703,0.8061712707641631,0.8747467814850507,0.896603092260531,0.9627152357533755,0.927221174951488,0.8639109830435553,0.923020886599376,0.9432168052437053,0.8523254601362588,0.8497082003007239,0.9024350442732856
0.7086900223704918,0.4350323685299555,0.852036699210126,0.8605572746274824,0.8198265189036953,0.8931181975697638,0.0,0.7384508734678727,0.7063180411281976,0.7519143950451899,0.6915411733481277,0.7061643061230024,0.6117012734490512,0.7074298765306515,0.7575846509584001,0.6921274744635129,0.7867327143833381,0.6578373363997555,0.7146975890203244,0.6407706263459876,0.7392376778553289,0.3592366177813877,0.4012235805350726,0.3592823447326833,0.3304018696040613,0.3241061775792202,0.41754961324368634,0.5590517398714808,0.3620735848257098,0.718744510436715,0.4497100256415423,0.4842736006898408,0.807387993492506,0.49454751135885416,0.6864888038522734,0.7270511570817899,0.8220103773482798,0.7926109657664441,0.6764083973960334,0.791070091024638,0.8496127195213111,0.8502647790541246,0.8369990144394724,0.7596458447559208,0.8255383154190779,0.9185171413017463,0.8225451116055805,0.7943727857054106,0.8575642433261175,0.8155227969693796,0.8089329346657929,0.6932801208108699,0.7544945074257066
0.818741039238565,0.6541355808106274,0.7976036577970276,0.8593068064294151,0.749588867352943,0.8751509920021973,0.7384508734678727,0.0,0.8781013240351484,0.9018045129914146,0.8743574271636992,0.9484954014491561,0.8270602888631908,0.9759784626548877,0.9506541514568217,0.8227965640405038,0.8926375161515095,0.8557032505795739,0.858726933957486,0.9068548823147687,0.8282528626016005,0.5671611539714106,0.5763033366406495,0.5636263105825057,0.5169342917459963,0.4953103050818942,0.6377380657089391,0.8475292240836962,0.5865378899580616,0.8748358040657658,0.7071347324770918,0.7023976427567986,0.6499979455377999,0.6923732510285839,0.9074252896715782,0.8291239894348639,0.8543275654635201,0.9009525742837576,0.7988500266521104,0.77901684986312,0.7595606441273155,0.8590193395177532,0.8247330085839127,0.947259112041362,0.9080288491542275,0.9098926507794087,0.9265640473542999,0.9836103290356567,0.8825348201010781,0.9750570772013404,0.8778389034956345,0.9324270676686144,0.9228677514862331
0.7747056724945339,0.6666379489646992,0.7199402183622909,0.828375641822352,0.7446070209863134,0.8061620210116692,0.7063180411281976,0.8781013240351484,0.0,0.9019516851402652,0.887380926494648,0.9931922017014817,0.9032456714341791,1.0,0.9632416424781881,0.8619482729168615,0.8718977883450962,0.8925961911242254,0.8400912495281743,0.845113057921583,0.8369950956898232,0.5264017187943768,0.5608584053437413,0.5155266680271421,0.47800085140678256,0.4610461372367285,0.640540997455327,0.7701566226514281,0.524123944548246,0.7767254435872811,0.6431525567370652,0.679623755212212,0.5772277537547841,0.6949990164025056,0.879483720341725,0.8442289338170137,0.8484559215007128,0.8478341975208821,0.8429461527674138,0.8384799562384987,0.7745717014889695,0.8855637742065604,0.9256625051669154,0.9034725101757811,0.9364315752793042,0.8751439265970741,0.8859940180721956,0.921555185163777,0.8734664684998815,0.9456935426689592,0.9420062975195261,0.9757820329722275,0.8816223776633396
0.7853162060064732,0.651750971738688,0.712684179093019,0.8368192805645016,0.7665957872890142,0.8437207948539671,0.7519143950451899,0.9018045129914146,0.9019516851402652,0.0,0.9257429694296343,0.9071396967513834,0.8461304412220549,0.9459047804319719,0.980192887101066,0.9013896168068005,0.9124534751141209,0.8797002668761915,0.8640515873504526,0.8211517905812497,0.7415011907458156,0.5140468788268958,0.5984923518697474,0.515277375061674,0.49075301319291775,0.438772390509625,0.5943746997833691,0.7402858856855065,0.5019957911174102,0.833179026672937,0.6725512381425276,0.6749644723561085,0.6292111950678345,0.7423704841931634,0.8139490066650911,0.833405710391906,0.8479009779557919,0.8786864023873774,0.790330877651899,0.8563164284669301,0.7353443102863166,0.8192024057794355,0.8032746880233477,0.9307639017357926,0.9000745090304331,0.9300719521067505,0.8593944746130993,0.9489826058357326,0.9742001899084627,0.9482913792498091,0.9476890377980117,0.9295147228597934,0.9094154178321029
0.7412154627545077,0.7032825765324505,0.6510391396256334,0.7225263083667913,0.7130087050158718,0.7956009768465132,0.6915411733481277,0.8743574271636992,0.887380926494648,0.9257429694296343,0.0,0.9119171128308647,0.8850799794498118,0.9122543190205455,0.9576781434588472,0.8810263703791987,0.9138671930159342,0.8356031204790221,0.8355069327921634,0.8603271962267949,0.742764681133197,0.5851000210817263,0.663836263818011,0.5754406188250296,0.5710371751711868,0.5174819779046967,0.6542098203951704,0.7802603610570338,0.580542344211961,0.7692034842081571,0.6890134904674423,0.7242753620451167,0.5497142661155587,0.7170805307365586,0.8456065511214942,0.8116850019516232,0.786075196811437,0.8163737649243099,0.7926392984482111,0.782197109228375,0.6753532158401675,0.7560949412440007,0.7544828030115109,0.9027662072686568,0.8416593866151484,0.9041986084276882,0.8494338578651737,0.922352790335675,0.8844861936241342,0.9438405490453583,0.8348704549655241,0.8778806063234853,0.9259357824731144
0.7209849764091191,0.6779581483063443,0.6788031378178013,0.8021444945335392,0.7555104200131648,0.8304845071685624,0.7061643061230024,0.9484954014491561,0.9931922017014817,0.9071396967513834,0.9119171128308647,0.0,0.8854845970405358,0.9305327840647017,1.0,0.8466983528508426,1.0,0.8959963425448186,0.822568051225831,0.8145151100370696,0.7683385040007982,0.503495729840135,0.5716819507288163,0.49160513488861785,0.4838195055101811,0.4355468362780938,0.5591437343205692,0.693512983580953,0.5116158580039903,0.7941589430085987,0.6202744188517718,0.6428852987863795,0.5854018890725015,0.619281108091713,0.8522712802065748,0.7822060983259967,0.8191703560062493,0.8705167258623746,0.7432662203903464,0.8527976829177113,0.7161694945822235,0.8180984228864383,0.7746996839808682,0.8468051466410649,0.9003388951421659,0.9769604606740452,0.8501133422747431,0.9301832536932808,0.8865010799432621,0.9112200099592338,0.9190240160142151,0.9798980076283311,0.8834094460116189
0.6876611042387106,0.7235174125738854,0.6272109526715178,0.7514291431291211,0.667422675542663,0.782353297266263,0.6117012734490512,0.8270602888631908,0.9032456714341791,0.8461304412220549,0.8850799794498118,0.8854845970405358,0.0,0.9278915801280758,0.9761327287853429,0.8617158768425758,0.8507650268649817,0.9161134463173176,0.8541079649627009,0.8803805149936365,0.8009455099640479,0.558377731468755,0.5955104148450514,0.5616630119047875,0.521787632659893,0.5036143661011767,0.611764387086861,0.7067562644448881,0.5470168514042177,0.789660261242043,0.7127783090565466,0.7263309195163087,0.5183786828740133,0.6685342821718134,0.9035936468190305,0.7882869276572292,0.7891851345530716,0.8511819877922088,0.7874598290313789,0.8099734892241952,0.6716724318394579,0.7672686259379238,0.75146207393643,0.8881030753857883,0.7810738878905609,0.8299565441271889,0.8407547744599464,0.8883594759557036,0.7774920932695879,0.8975500092035955,0.8713334945435129,0.9132987988611901,0.869497087445998
0.8002763741674325,0.7291939451230693,0.7614062788473516,0.8112619944653452,0.7660509237511337,0.8800563596182547,0.7074298765306515,0.9759784626548877,1.0,0.9459047804319719,0.9122543190205455,0.9305327840647017,0.9278915801280758,0.0,1.0,0.9281025227460412,0.9607965081021771,0.9207702187081946,0.8995647247423785,0.9403617073994728,0.9037450998405453,0.6134984233484078,0.6737501052137671,0.6094230201992339,0.5589925903829001,0.5588159376549067,0.7085472056262405,0.832170694455654,0.627857328342773,0.8532723140471627,0.7430617062552027,0.7951783111578304,0.6001347423717627,0.8016155778288601,1.0,0.8612226834276011,0.8514414241234493,0.9106125722234371,0.8416858016404773,0.8690705273513347,0.7463941897490478,0.8908824326557099,0.8482622606164376,0.9124344946389996,0.9191778475321636,0.9260152482775709,0.9546851267815837,0.997648168047414,0.9494416985628807,0.9924035357320656,0.9688018791962831,0.9724389503198012,0.9807949333637316
0.7937241264306453,0.7080173904761817,0.7487393218847999,0.8469191164514069,0.8106546331610145,0.8716613224807327,0.7575846509584001,0.9506541514568217,0.9632416424781881,0.980192887101066,0.9576781434588472,1.0,0.9761327287853429,1.0,0.0,0.9415379275503946,0.9739834276921641,0.9591580593687294,0.8711991376741162,0.9821358921940968,0.8460357846777578,0.6334750117517793,0.6610045918979538,0.6196964533422089,0.5884885237739421,0.5238672776482259,0.7161027220565724,0.8801579208651672,0.6383832437409653,0.9165383820677039,0.772711527476323,0.8034781683269951,0.6137231076589719,0.7711948520239477,0.992462305367404,0.8796612039083709,0.9015428739386712,0.9280375050361654,0.8186928830730921,0.8606653697905517,0.7527531169386669,0.9273985926536208,0.8634531274953131,0.9981740422010137,0.939414206503748,1.0,0.9937299466620203,0.9643758267739108,0.9168788664151062,0.9893263765142563,0.9608538912920741,1.0,0.939869071143269
0.7095947498132739,0.6961829296871209,0.7039006467142499,0.8077976152303312,0.7049538067599846,0.8264881609009258,0.6921274744635129,0.8227965640405038,0.8619482729168615,0.9013896168068005,0.8810263703791987,0.8466983528508426,0.8617158768425758,0.9281025227460412,0.9415379275503946,0.0,0.8994694157988994,0.8908069544215469,0.8148065580010178,0.8588612904164438,0.7553914599134561,0.547564285288218,0.626642907990471,0.5502578224314503,0.5417935837730309,0.511857664658143,0.6268807007177608,0.7365779871801688,0.5532243455946099,0.7824316008608476,0.6933810262059444,0.7264799681664348,0.5390318075751662,0.7089718243593757,0.8919395785636869,0.8214441198845182,0.784374115259669,0.8032570686898535,0.7595884836988611,0.8536782370465795,0.7064796797104163,0.7686525263717945,0.7935158607104904,0.8228348067690255,0.8169800136667248,0.8920061781695802,0.8749812706998689,0.8652091268352008,0.8181609187006631,0.8540384605513416,0.8641728306542512,0.8862969761260999,0.8458111223204101
0.7080924533557721,0.64979509235918,0.7106643713608731,0.8105900448274126,0.7893464495943388,0.8824429223218663,0.7867327143833381,0.8926375161515095,0.8718977883450962,0.9124534751141209,0.9138671930159342,1.0,0.8507650268649817,0.9607965081021771,0.9739834276921641,0.8994694157988994,0.0,0.8737707751939378,0.7824702005891475,0.884161126059532,0.7999414831173337,0.550665721134172,0.6047053870562467,0.5477610349953661,0.5175543838178075,0.4635292656816841,0.5989812990170518,0.7172710541640885,0.5431253051534861,0.8365420631334586,0.658598423070535,0.6930703928968142,0.5826350427659465,0.6379986358962977,0.8387773023267924,0.7835094764249223,0.8092857321002066,0.7882466308702606,0.7158789294359842,0.8053684578645824,0.7498025642732051,0.8512333906408744,0.7447189668294091,0.9476802414116777,0.9181577413088415,0.9922085440965979,0.9388492159248565,0.9070967304534058,0.8500639595253786,0.963926202972335,0.925498102053059,0.938293325465866,0.9004714002057401
0.6656156557568386,0.7997846706566142,0.6619037984301284,0.7405560339279997,0.6323169372690294,0.7674823590470238,0.6578373363997555,0.8557032505795739,0.8925961911242254,0.8797002668761915,0.8356031204790221,0.8959963425448186,0.9161134463173176,0.9207702187081946,0.9591580593687294,0.8908069544215469,0.8737707751939378,0.0,0.8656975715516456,0.896502560953226,0.7415074075835157,0.5655793155569359,0.6452103349544622,0.6053081598380482,0.5637725592897708,0.5421881854534805,0.6544075028726517,0.7756036056422636,0.570196745656597,0.8048888770732335,0.7111605024904428,0.7480531411199757,0.4969634080936504,0.7100326029757397,0.8407832649987382,0.857585580639013,0.7742929930342414,0.791325992084451,0.7658581031471684,0.8126946110576895,0.6360495778285377,0.7349843494007943,0.7204359940123222,0.8384959047965129,0.7729736636810954,0.8444012628220092,0.7948384324041268,0.8423566733208708,0.7702681207572473,0.8844381950472265,0.8289651847630944,0.8352269385336327,0.8340955181100623
0.8644025627759693,0.6961094971436409,0.7953009031518531,0.8369941027060779,0.7003252088287668,0.8191330215124828,0.7146975890203244,0.858726933957486,0.8400912495281743,0.8640515873504526,0.8355069327921634,0.822568051225831,0.8541079649627009,0.8995647247423785,0.8711991376741162,0.8148065580010178,0.7824702005891475,0.8656975715516456,0.0,0.9509975719506456,0.9989313344652534,0.5957067498164369,0.644512817645623,0.6001881727494026,0.5525087310788683,0.5542908121561998,0.6944288299726691,0.9058191805485307,0.6024122579028609,0.9026620108489207,0.763184973639273,0.809202706590304,0.6410400737481501,0.8098791011174257,0.9503722172610083,0.9064445309925291,0.8958982075520118,0.886162101042925,0.9638094510432189,0.8513974026138641,0.7504521912385059,0.8379539696093784,0.9135301392662817,0.9409611158154434,0.8479034069496811,0.8512669828762269,0.8937581263836174,0.8778012999237,0.8802305926559331,0.8201717294587124,0.8541985187631264,0.8529406594413189,0.9237512852137182
0.8671935186743036,0.7647937212763867,0.7285961842390759,0.8158539730451982,0.6363710005667755,0.7928141797005078,0.6407706263459876,0.9068548823147687,0.845113057921583,0.8211517905812497,0.8603271962267949,0.8145151100370696,0.8803805149936365,0.9403617073994728,0.9821358921940968,0.8588612904164438,0.884161126059532,0.896502560953226,0.9509975719506456,0.0,0.8065929997393732,0.7196274029785702,0.7208192023397219,0.7044083956389733,0.670899123143181,0.6134411707793304,0.7970974455655166,0.9818696396998176,0.7544232597024342,0.8915321020514417,0.8784042786925792,0.9310785558107441,0.5793602644097379,0.7985741363598591,0.9977049330622638,0.8413260810952078,0.837502474546227,0.7958910777313918,0.8120184104118132,0.7983010582143829,0.6783862739592356,0.8339632789752276,0.7629976725248566,0.9446034523318889,0.8309903453728459,0.9008368293179085,0.8756687119618305,0.9354934962053444,0.8961508027633358,0.8731654832367005,0.8492718724185606,0.88378317561962,0.9763483681201455
0.7955520210726388,0.6012939375522451,0.8022820665156374,0.8864485284051804,0.7357673689798235,0.8354280571348518,0.7392376778553289,0.8282528626016005,0.8369950956898232,0.7415011907458156,0.742764681133197,0.7683385040007982,0.8009455099640479,0.9037450998405453,0.8460357846777578,0.7553914599134561,0.7999414831173337,0.7415074075835157,0.9989313344652534,0.8065929997393732,0.0,0.5130975936706889,0.5327103632460362,0.503739974921511,0.46964328848803333,0.463409289959767,0.600584153010487,0.7958769847637861,0.5006997944242543,0.8313530434671497,0.6312211361049835,0.6652850930713815,0.6910122242518217,0.7046453251956631,0.8265071463567152,0.9236908180621551,0.9151632445224737,0.9275889550948246,0.9443843760162572,0.930832629377996,0.8011053728295509,0.8798130425668893,0.904912796521891,0.8718109465781647,0.9037368115199632,0.8343242765925749,0.8460916010548529,0.8510648265446054,0.8583495198615322,0.8356178056169867,0.8635165107202579,0.7589261415130713,0.8246783060242131
0.5627790518726209,0.6980337022532593,0.4191509591674499,0.5013469349517606,0.36997619815421673,0.4739509111065955,0.3592366177813877,0.5671611539714106,0.5264017187943768,0.5140468788268958,0.5851000210817263,0.503495729840135,0.558377731468755,0.6134984233484078,0.6334750117517793,0.547564285288218,0.550665721134172,0.5655793155569359,0.5957067498164369,0.7196274029785702,0.5130975936706889,0.0,0.9723989554508692,0.9870613321011882,0.8816133854486173,0.8976831408533348,0.8804323070320333,0.7914393617454546,0.9244534878157149,0.6366017386120925,0.9336396591788703,0.8672420211817818,0.3247088529954284,0.6894317640169115,0.6844832627567544,0.5638329972829559,0.5070073866725825,0.44806384992523896,0.5718849467569144,0.4940937945697721,0.3947750221216256,0.43699557693424584,0.4658118059820888,0.6213916584568758,0.4913496501304628,0.5691259785288667,0.48489351478448645,0.5329880433276597,0.48947328395981843,0.5339391843579085,0.5408608600842296,0.5468346318250983,0.5850891822826478
0.5773012801285875,0.8247005564805744,0.43436908491889353,0.5084836132501298,0.39276105575452586,0.49931736558793116,0.4012235805350726,0.5763033366406495,0.5608584053437413,0.5984923518697474,0.663836263818011,0.5716819507288163,0.5955104148450514,0.6737501052137671,0.6610045918979538,0.626642907990471,0.6047053870562467,0.6452103349544622,0.644512817645623,0.7208192023397219,0.5327103632460362,0.9723989554508692,0.0,0.9260663305095672,0.9898284576014763,0.9636383919132108,0.8852414540895643,0.7743725199949154,0.9370336423383104,0.6689498059354538,0.9482028688646976,0.8930520223802402,0.33061798027588146,0.7513853398101349,0.7229703287165917,0.6213475389872025,0.5441852146114868,0.5029028671394996,0.6356147632653166,0.5229979245768664,0.39688955587244507,0.4621966343524777,0.5074332672782804,0.6401525028451167,0.5091039695024835,0.5796506574591506,0.5241816323281453,0.5961493009089069,0.5268161063281406,0.5925294671619614,0.5886688387478555,0.5961756722937759,0.6072544322400955
0.5497283815101313,0.7869471568538363,0.4313754817021978,0.49708415489337504,0.35234171865413927,0.4726728471901016,0.3592823447326833,0.5636263105825057,0.5155266680271421,0.515277375061674,0.5754406188250296,0.49160513488861785,0.5616630119047875,0.6094230201992339,0.6196964533422089,0.5502578224314503,0.5477610349953661,0.6053081598380482,0.6001881727494026,0.7044083956389733,0.503739974921511,0.9870613321011882,0.9260663305095672,0.0,0.9549879569902329,0.9179744988274355,0.9202201399822091,0.8141047071925673,1.0,0.6439488872234856,0.8776356740267617,0.9537655328323428,0.32756653684117526,0.7044652022613095,0.7372957009838047,0.5733039416273789,0.5101575463173694,0.4649641456714379,0.6136611942100123,0.4937106663209413,0.39900327067703567,0.4380402236762338,0.4739009178543592,0.6563354186283961,0.48520175365820084,0.5405486815362973,0.4802767810340629,0.5200589356020202,0.46711338944270514,0.529508692748567,0.5183385278571339,0.5551432043083216,0.5837484035942089
0.5214033888475801,0.7855687297062713,0.3923543339778766,0.45398323553394615,0.3323622541788103,0.43879521525002,0.3304018696040613,0.5169342917459963,0.47800085140678256,0.49075301319291775,0.5710371751711868,0.4838195055101811,0.521787632659893,0.5589925903829001,0.5884885237739421,0.5417935837730309,0.5175543838178075,0.5637725592897708,0.5525087310788683,0.670899123143181,0.46964328848803333,0.8816133854486173,0.9898284576014763,0.9549879569902329,0.0,1.0,0.8061851668180364,0.7538300344973172,0.880553829426406,0.5603051826179443,0.862788943280629,0.8886318648252624,0.30059180875683633,0.7149827600821921,0.7037092370675154,0.5378167442639328,0.45729585497357916,0.42354281733316324,0.5540467871466772,0.47246112889037667,0.35958917953231,0.40404030007424513,0.43011136156349056,0.5999041404012699,0.4487692605131449,0.5069336517376486,0.4488143401799652,0.5088109868158278,0.4502015465161193,0.4824223680935439,0.47493563868979977,0.5023806952592716,0.5542739832168984
0.5099028167920493,0.7329237813372989,0.368738544866859,0.45453734181836325,0.3147229690902492,0.4104484660118348,0.3241061775792202,0.4953103050818942,0.4610461372367285,0.438772390509625,0.5174819779046967,0.4355468362780938,0.5036143661011767,0.5588159376549067,0.5238672776482259,0.511857664658143,0.4635292656816841,0.5421881854534805,0.5542908121561998,0.6134411707793304,0.463409289959767,0.8976831408533348,0.9636383919132108,0.9179744988274355,1.0,0.0,0.8350872079224363,0.7729477636028257,0.8629225724109598,0.5433666156253533,0.8740247368405863,0.8511144659147672,0.286850618227956,0.7156211473854382,0.6376030205204543,0.5316400404924505,0.44915560786439596,0.4137475967445199,0.5671585012049996,0.4599846532094894,0.33839593211449515,0.3887757202578937,0.4257786418379915,0.5500880226921874,0.4279774571202597,0.4756548657070021,0.43819047007911216,0.46504653964970916,0.42614957713410867,0.47874249303470684,0.45280327310604235,0.4898450142481845,0.5079955678946219
0.6509167283506379,0.7609422887845081,0.5066941230144125,0.5578971153850181,0.42397526882422465,0.5343914181139033,0.41754961324368634,0.6377380657089391,0.640540997455327,0.5943746997833691,0.6542098203951704,0.5591437343205692,0.611764387086861,0.7085472056262405,0.7161027220565724,0.6268807007177608,0.5989812990170518,0.6544075028726517,0.6944288299726691,0.7970974455655166,0.600584153010487,0.8804323070320333,0.8852414540895643,0.9202201399822091,0.8061851668180364,0.8350872079224363,0.0,0.9269565615410607,0.9063712196366026,0.763369383280655,0.8880522340661443,0.910933309202013,0.3852339462124697,0.8062375741631828,0.8541423280366782,0.6609536571798764,0.6312855907213833,0.5650873961728422,0.7314586787262987,0.5761554175863018,0.46107775413088,0.5295169858081121,0.5861396501296796,0.6973006357575271,0.5700636986638989,0.6185246165874284,0.5916291013722135,0.6286375601195002,0.5743980855743818,0.6310186650569276,0.6027386265239834,0.6385472208939028,0.6898934580945122
0.8807561239747935,0.757489242830441,0.6828125731556012,0.8016731311572103,0.5535724370770846,0.7232614985645436,0.5590517398714808,0.8475292240836962,0.7701566226514281,0.7402858856855065,0.7802603610570338,0.693512983580953,0.7067562644448881,0.832170694455654,0.8801579208651672,0.7365779871801688,0.7172710541640885,0.7756036056422636,0.9058191805485307,0.9818696396998176,0.7958769847637861,0.7914393617454546,0.7743725199949154,0.8141047071925673,0.7538300344973172,0.7729477636028257,0.9269565615410607,0.0,0.7458898266286527,0.9428767755754398,0.9160834379746241,0.9556393727980859,0.5427376430689194,0.9911004359495099,0.940935357186619,0.8155634351059748,0.8065080588891327,0.705617012872142,0.9332447136854891,0.7379607411210619,0.6160552743412169,0.6944286631343445,0.7564051186471875,0.9471150380721213,0.7189863947582505,0.7713640760751137,0.7511139178925176,0.7993182663898636,0.8124382406144288,0.7982642688543228,0.7939065408481099,0.7990433757286176,0.8096034523632714
0.5161653565117418,0.70585700001632,0.4245216471100224,0.48588594110251515,0.3664080212140596,0.45519684174964353,0.3620735848257098,0.5865378899580616,0.524123944548246,0.5019957911174102,0.580542344211961,0.5116158580039903,0.5470168514042177,0.627857328342773,0.6383832437409653,0.5532243455946099,0.5431253051534861,0.570196745656597,0.6024122579028609,0.7544232597024342,0.5006997944242543,0.9244534878157149,0.9370336423383104,1.0,0.880553829426406,0.8629225724109598,0.9063712196366026,0.7458898266286527,0.0,0.6425199553652866,0.8491683294735923,0.8110090989237384,0.31958434944869624,0.6487271876778443,0.7023162049527454,0.5568974716017112,0.5223045931010102,0.4772844025186846,0.5829445741031485,0.500116727195705,0.39136450478413026,0.44884823800388174,0.47390393329970987,0.6026191611704476,0.49963980100438243,0.5427606154382502,0.47720480630484946,0.5081473864518296,0.45442511088570836,0.5333130735170339,0.5367652467335351,0.5487991167995236,0.577902587530595
0.8350357995984388,0.605977975326862,0.7876891949680279,0.8809576353359935,0.7468930056270954,0.8534852900750695,0.718744510436715,0.8748358040657658,0.7767254435872811,0.833179026672937,0.7692034842081571,0.7941589430085987,0.789660261242043,0.8532723140471627,0.9165383820677039,0.7824316008608476,0.8365420631334586,0.8048888770732335,0.9026620108489207,0.8915321020514417,0.8313530434671497,0.6366017386120925,0.6689498059354538,0.6439488872234856,0.5603051826179443,0.5433666156253533,0.763369383280655,0.9428767755754398,0.6425199553652866,0.0,0.8003281729268404,0.8067219754581366,0.6936203169047711,0.7943194547309916,0.9632163633174717,0.8744595971010473,0.8757203337792235,0.786438621333465,0.7499425862443468,0.7952819790860423,0.7556157146387166,0.8361314336139802,0.7874649646497331,0.8899430199482183,0.897128275662651,0.8717605561736679,0.8512486067350002,0.8998024635080002,0.8540758810827482,0.9012270762728137,0.8687013431541873,0.8224819174823563,0.8846493415022735
0.6966057833609929,0.8233958128785891,0.5396340701528411,0.6231111136743435,0.4512479221628641,0.5923962421747871,0.4497100256415423,0.7071347324770918,0.6431525567370652,0.6725512381425276,0.6890134904674423,0.6202744188517718,0.7127783090565466,0.7430617062552027,0.772711527476323,0.6933810262059444,0.658598423070535,0.7111605024904428,0.763184973639273,0.8784042786925792,0.6312211361049835,0.9336396591788703,0.9482028688646976,0.8776356740267617,0.862788943280629,0.8740247368405863,0.8880522340661443,0.9160834379746241,0.8491683294735923,0.8003281729268404,0.0,0.9815847189695421,0.40768048297015497,0.9350184894681163,0.8650870170305467,0.7351255042111183,0.6087621140063623,0.5557313291897547,0.7084753591107966,0.6200329833119539,0.4863089713898089,0.537217261138465,0.5890726522700819,0.7875904484085409,0.6190810337075694,0.6672396062709782,0.5894661215595682,0.7197812292398409,0.6492310528031575,0.6924948502816829,0.6507786734584088,0.6863642801206651,0.7652340480311783
0.7673796219099462,0.8688521399429016,0.5664282333272974,0.6715965148681443,0.48056476813650806,0.6220791218367049,0.4842736006898408,0.7023976427567986,0.679623755212212,0.6749644723561085,0.7242753620451167,0.6428852987863795,0.7263309195163087,0.7951783111578304,0.8034781683269951,0.7264799681664348,0.6930703928968142,0.7480531411199757,0.809202706590304,0.9310785558107441,0.6652850930713815,0.8672420211817818,0.8930520223802402,0.9537655328323428,0.8886318648252624,0.8511144659147672,0.910933309202013,0.9556393727980859,0.8110090989237384,0.8067219754581366,0.9815847189695421,0.0,0.4436725799610722,0.8988034480077279,0.9552218181433977,0.7327929089353036,0.6562319121587561,0.5833744557990498,0.7870582367148948,0.6818839464116756,0.5167287574053187,0.5784239829897352,0.6106650090255602,0.8245841902254378,0.6201032595800281,0.7836471070201035,0.6956986915874608,0.7680145249461731,0.6827776229581031,0.7250187276782413,0.6999239471626671,0.7323724638014467,0.7630395350548386
0.7082124901834208,0.3415262321083945,0.8632916407725312,0.7482149547024282,0.8661138929182631,0.7836479221646147,0.807387993492506,0.6499979455377999,0.5772277537547841,0.6292111950678345,0.5497142661155587,0.5854018890725015,0.5183786828740133,0.6001347423717627,0.6137231076589719,0.5390318075751662,0.5826350427659465,0.4969634080936504,0.6410400737481501,0.5793602644097379,0.6910122242518217,0.3247088529954284,0.33061798027588146,0.32756653684117526,0.30059180875683633,0.286850618227956,0.3852339462124697,0.5427376430689194,0.31958434944869624,0.6936203169047711,0.40768048297015497,0.4436725799610722,0.0,0.4565840213881116,0.5954821249468834,0.628010973641081,0.7539372552159457,0.690976322503119,0.5681188769077178,0.6711409390339337,0.9067708144387601,0.8306636245812926,0.7038082307478798,0.6568323240483367,0.7156665931610843,0.78378069128417,0.7570696935757784,0.6580952908049453,0.812156927692877,0.6753302460026762,0.6530989534331013,0.5755774052471281,0.651642841668818
0.7953594463453214,0.8123320691694169,0.6015608164273804,0.6540733377483937,0.49846493336919506,0.6293617589128336,0.49454751135885416,0.6923732510285839,0.6949990164025056,0.7423704841931634,0.7170805307365586,0.619281108091713,0.6685342821718134,0.8016155778288601,0.7711948520239477,0.7089718243593757,0.6379986358962977,0.7100326029757397,0.8098791011174257,0.7985741363598591,0.7046453251956631,0.6894317640169115,0.7513853398101349,0.7044652022613095,0.7149827600821921,0.7156211473854382,0.8062375741631828,0.9911004359495099,0.6487271876778443,0.7943194547309916,0.9350184894681163,0.8988034480077279,0.4565840213881116,0.0,0.896226240406775,0.7720795509639462,0.6484642095208107,0.6287606097415877,0.7797031075614944,0.6771164715422084,0.5014566414503083,0.5868730901235621,0.644866866442827,0.7910760588595973,0.6467919664022015,0.7140081871509965,0.648522488187672,0.7668870896622823,0.7445715008210239,0.7207811266411451,0.6763715452979308,0.6978384487415187,0.7255649594900127
0.9001024323437185,0.8004687726134305,0.7921538143555293,0.8746939987779725,0.6591960947722721,0.8327440674992164,0.6864888038522734,0.9074252896715782,0.879483720341725,0.8139490066650911,0.8456065511214942,0.8522712802065748,0.9035936468190305,1.0,0.992462305367404,0.8919395785636869,0.8387773023267924,0.8407832649987382,0.9503722172610083,0.9977049330622638,0.8265071463567152,0.6844832627567544,0.7229703287165917,0.7372957009838047,0.7037092370675154,0.6376030205204543,0.8541423280366782,0.940935357186619,0.7023162049527454,0.9632163633174717,0.8650870170305467,0.9552218181433977,0.5954821249468834,0.896226240406775,0.0,0.9603058245463918,0.8702015729273358,0.8316190520176859,0.9097357252025396,0.8645935409497296,0.6835370540940379,0.8202988605222954,0.8458702984732887,0.903825247783572,0.873300655555831,0.9398429261371288,0.8473989099388538,0.878690288168827,0.8252653364859264,0.8374967519449307,0.9178699695463152,0.8858307261666383,0.9462272095239262
0.8140226478742887,0.6726169760218381,0.7665257245334974,0.8482087388037409,0.6851503548768617,0.8533815080034572,0.7270511570817899,0.8291239894348639,0.8442289338170137,0.833405710391906,0.8116850019516232,0.7822060983259967,0.7882869276572292,0.8612226834276011,0.8796612039083709,0.8214441198845182,0.7835094764249223,0.857585580639013,0.9064445309925291,0.8413260810952078,0.9236908180621551,0.5638329972829559,0.6213475389872025,0.5733039416273789,0.5378167442639328,0.5316400404924505,0.6609536571798764,0.8155634351059748,0.5568974716017112,0.8744595971010473,0.7351255042111183,0.7327929089353036,0.628010973641081,0.7720795509639462,0.9603058245463918,0.0,0.8860103493133223,0.8784495225163457,0.95559438310221,0.8967608396435152,0.7558549685922274,0.8401346076725896,0.9062019318431063,0.888021398983217,0.8165326999761837,0.9247024850582177,0.8381141728352595,0.8734214150557469,0.8360258607230725,0.8760730203550018,0.8366847401249626,0.7636810376053018,0.9075939870725795
0.7921892266623176,0.5867850784518811,0.8543812809365898,0.9124421431168487,0.7904862076393165,0.8592846172139236,0.8220103773482798,0.8543275654635201,0.8484559215007128,0.8479009779557919,0.786075196811437,0.8191703560062493,0.7891851345530716,0.8514414241234493,0.9015428739386712,0.784374115259669,0.8092857321002066,0.7742929930342414,0.8958982075520118,0.837502474546227,0.9151632445224737,0.5070073866725825,0.5441852146114868,0.5101575463173694,0.45729585497357916,0.44915560786439596,0.6312855907213833,0.8065080588891327,0.5223045931010102,0.8757203337792235,0.6087621140063623,0.6562319121587561,0.7539372552159457,0.6484642095208107,0.8702015729273358,0.8860103493133223,0.0,0.9139715440720692,0.9377785634608603,0.9006038832428213,0.8592381796254405,0.9488112768001654,0.9378214262474858,0.8994505345727136,0.8880899498303624,0.9096061774749752,0.989354130415824,0.8435807136715401,0.9080387543926683,0.8476800614215777,0.9171202252253355,0.8479928893153844,0.8503880976221876
0.7885468948684042,0.5714210607546666,0.824879496265176,0.8818133635136441,0.8120730668755738,0.8719374342840309,0.7926109657664441,0.9009525742837576,0.8478341975208821,0.8786864023873774,0.8163737649243099,0.8705167258623746,0.8511819877922088,0.9106125722234371,0.9280375050361654,0.8032570686898535,0.7882466308702606,0.791325992084451,0.886162101042925,0.7958910777313918,0.9275889550948246,0.44806384992523896,0.5029028671394996,0.4649641456714379,0.42354281733316324,0.4137475967445199,0.5650873961728422,0.705617012872142,0.4772844025186846,0.786438621333465,0.5557313291897547,0.5833744557990498,0.690976322503119,0.6287606097415877,0.8316190520176859,0.8784495225163457,0.9139715440720692,0.0,0.8517402612386716,0.8873540581125829,0.8980633867270572,0.9849386376877918,0.9509783346592541,0.8333989907542407,0.9598117954266985,0.9030888128779897,0.9466670386731342,0.8471172748445496,0.9182212949620789,0.9112950987449784,0.9222097251519888,0.8374065254956691,0.9110864831061444
0.791034283757116,0.7293490564520109,0.7304769600406966,0.7865426742022006,0.5982506744959021,0.7456372474336654,0.6764083973960334,0.7988500266521104,0.8429461527674138,0.790330877651899,0.7926392984482111,0.7432662203903464,0.7874598290313789,0.8416858016404773,0.8186928830730921,0.7595884836988611,0.7158789294359842,0.7658581031471684,0.9638094510432189,0.8120184104118132,0.9443843760162572,0.5718849467569144,0.6356147632653166,0.6136611942100123,0.5540467871466772,0.5671585012049996,0.7314586787262987,0.9332447136854891,0.5829445741031485,0.7499425862443468,0.7084753591107966,0.7870582367148948,0.5681188769077178,0.7797031075614944,0.9097357252025396,0.95559438310221,0.9377785634608603,0.8517402612386716,0.0,0.9593555221175741,0.6955736042226999,0.7580607859990721,0.9045927521286103,0.8278450831436593,0.7923782142940797,0.8730322288070331,0.8183425201496807,0.8381027951950558,0.7541746173114985,0.8035863521110218,0.8093783827744622,0.8000713893457463,0.8651459641063917
