Cingulate area 2,Frontal association cortex,Cornu ammonis 3,Dentate gyrus,Cornu ammonis 2,Cornu ammonis 1,Fasciola cinereum,Subiculum,Postrhinal cortex,Presubiculum,Parasubiculum,Perirhinal area 35,Perirhinal area 36,Medial entorhinal cortex,Lateral entorhinal cortex,Primary auditory area,"Secondary auditory area, dorsal part","Secondary auditory area, ventral part","Piriform cortex, layer 1","Piriform cortex, layer 2","Piriform cortex, layer 3",Ventrolateral orbital area,Lateral orbital area,Ventral orbital area,Medial orbital area,Dorsolateral orbital area,Prelimbic area,Secondary motor area,Frontal association area 3,Primary motor area,"Agranular insular cortex, ventral area",Agranular insular cortex dorsal area,Cingulate area 1,Infralimbic area,Dysgranular insular cortex,Granular insular cortex,"Primary somatosensory area, forelimb representation","Primary somatosensory area, dysgranular zone","Primary somatosensory area, face representation",Secondary somatosensory area,"Primary somatosensory area, hindlimb representation","Agranular insular cortex, posterior area","Primary somatosensory area, barrel field",Retrosplenial dysgranular area,"Primary somatosensory area, trunk representation",Retrosplenial granular area,"Parietal association cortex, lateral area","Parietal association cortex, medial area","Parietal association cortex, posterior area",Primary visual area,"Secondary visual area, lateral part",Temporal association cortex,"Secondary visual area, medial part"
0.0,0.31227673649918963,0.9128015386874675,0.8128856526418198,0.8642036557647922,0.8122152311971054,0.9037758707093039,0.8690166743655838,0.7185825199605113,0.7629587122636496,0.5587345281765755,0.9333871630050237,0.8892552514493532,0.6963234548904669,0.8120658166767356,0.8969259546292118,0.8736784151965395,0.8692346178151238,0.8672852451834915,0.799134770076325,0.901225100728969,0.6598147736497513,0.6701120577065386,0.6113244540509136,0.42551139028175844,0.5736317868926237,0.9194967960667234,0.7700010238409115,0.8305866396219274,0.864828790186941,0.8482291278428156,0.7137861301986477,0.8376844049013837,0.884728435815764,0.8648714943058179,0.7702546079126094,0.9100798734957947,0.8314670033311358,0.8185094981568691,0.7590192895979321,0.6967467443104868,0.840023042260048,0.8164220607458201,0.7747731050583092,0.8113510127153798,0.7559519269184599,0.8834790256504854,0.775408309422741,0.8457080489761726,0.7424416667725439,0.7396159774891826,0.8337974836294957,0.8296978173858803
0.31227673649918963,0.0,0.39035111535753536,0.39489447978261755,0.40130175580230765,0.41396651860581773,0.41746139967711526,0.43895365176575535,0.40576567640672245,0.4140057073627084,0.44707813647831923,0.3074151408372457,0.33707012504782424,0.40885900492662053,0.4026226715955641,0.42094374839542714,0.4643466176504446,0.35698170567798354,0.39864677122031683,0.4569889116471174,0.4064995746958909,0.6581380612100931,0.6251028474460705,0.6182470953864828,0.8056045167652612,0.7434396049475179,0.4459585156112396,0.47476013221183694,0.4465120935724725,0.452683095603184,0.4583544564697309,0.5842435798447158,0.3013633737411308,0.3113068395180959,0.49225682462471065,0.5280844201255259,0.3352356232343826,0.35851274268016037,0.40102344169324167,0.5107233488642154,0.39970931868642295,0.42647291481277444,0.4211749255342182,0.5086224930576767,0.36992673933530545,0.47722005811620344,0.3968562636183525,0.3243811848179575,0.3167465472335586,0.5507147534464159,0.44125484272181004,0.33193372128590143,0.4591639942551729
0.9128015386874675,0.39035111535753536,0.0,0.9547979644087383,0.9682809639925064,0.8681581150912218,0.9018607615043295,0.8920174998404783,0.797625807735074,0.8134753673683278,0.677990822567887,0.9295417157999958,0.9395496297368536,0.7351946096759194,0.9001058457227732,0.8974697289668343,0.9229166326846152,0.954574469443753,0.8542023632045467,0.8439897527760988,0.8691863480164564,0.846930059856065,0.8370960119801208,0.7246589670524954,0.548809086267478,0.6966957282764389,0.9847419875917109,0.822239222642156,0.8894761869985974,0.8951580697184408,0.8632877302360966,0.8190016629644616,0.7436559768004455,0.8383463775025973,0.9568393879956154,0.8124066283625541,0.8168376244056771,0.8084702544529611,0.7508277263472934,0.8663806396527507,0.7454900550490466,0.9121370215702329,0.8221868344325208,0.8427979356909671,0.8217947845464102,0.8854729156433284,0.9035149041257745,0.6923416438262645,0.7929720026303325,0.8363848717192488,0.9031077200461941,0.9197653243663247,0.8360191239587724
0.8128856526418198,0.39489447978261755,0.9547979644087383,0.0,0.9994339424890267,0.9810232397422922,0.932908542677781,1.0,0.9152460112414966,0.8676813591053891,0.7688909171856524,0.9682913092848042,0.9198488415745406,0.8489663361929751,1.0,0.8941861878963889,0.8873787346170279,0.9514676401079413,0.8031030204237847,0.7974216124815446,0.8223732503143584,0.8449446063033776,0.8456139087189908,0.8431143030025706,0.6025970352270344,0.6821886305000465,1.0,0.7758039510554705,0.8853681769117588,0.8806078361937689,0.8092411676306095,0.7457975088948298,0.6733388761255104,0.7866970984180018,0.8832685429308769,0.8511611281937467,0.8097665956117035,0.7692839683682091,0.7534742432740442,0.8671625317206045,0.7414957029413071,0.9456066134419098,0.8277476514156441,0.8953714945646297,0.8273445055056495,0.9483880983497976,0.8733579118273752,0.7005301320518246,0.7690072880017496,0.9717374268748108,0.9324296464398323,1.0,0.9277444492481883
0.8642036557647922,0.40130175580230765,0.9682809639925064,0.9994339424890267,0.0,0.9247602161815373,0.9844139801646202,1.0,0.8562578204524701,0.8868975613641885,0.7173401916690492,0.903946817983008,0.8645703160502272,0.8132731805906653,0.8872971443555931,0.9511754239466244,0.9091922394065777,0.9890610729228558,0.8318334141135605,0.8667183523788099,0.8090275835220686,0.8820993732132254,0.8369358347194114,0.8243839266589474,0.5864676441931319,0.7337657753684873,0.9935310485445227,0.7785315400195738,0.867168395086321,0.8716470272167088,0.8686110756505351,0.8478169516229703,0.7233838569691253,0.829837676048291,0.9129199480459209,0.8799556677701407,0.7809174763779095,0.7698185044477117,0.7557656433322735,0.8361399084275399,0.768659889273144,0.9378695572574477,0.7929147116284067,0.8556546966111351,0.8427960453411618,0.8794601157104504,0.879799130172638,0.6792714576912183,0.7667939297911188,0.9130403616564519,0.8951301929969482,0.9076874360753115,0.9351918002000835
0.8122152311971054,0.41396651860581773,0.8681581150912218,0.9810232397422922,0.9247602161815373,0.0,0.8675586366597842,0.9678135442076974,0.8720301238028167,0.8377705928478614,0.6905548088086251,0.9439641286541435,0.890294303051313,0.8471287118219011,0.9862873354935213,0.8676114302478328,0.8386638616852397,0.853788422414239,0.8153642668718323,0.806258131206414,0.8433421687930329,0.8591336935317929,0.82760780392484,0.7697013462295437,0.5790927388431274,0.6980941689275317,0.952075728158058,0.8214000481423854,0.8512978928091809,0.828064653372038,0.7794760711751249,0.8133785947179994,0.6775209218455618,0.7482451255540696,0.8576941611407772,0.834212329644518,0.7669030015304539,0.7740360276797795,0.7673258171499038,0.8313280657360017,0.7422922214245627,0.8785998882517645,0.8174350072677995,0.8694202204507632,0.8403351954227304,0.9079180643275202,0.8303664057963703,0.7019640427789603,0.8024718087964277,0.8894561851234734,0.88219466193516,0.9286550856656783,0.8768922962468149
0.9037758707093039,0.41746139967711526,0.9018607615043295,0.932908542677781,0.9844139801646202,0.8675586366597842,0.0,0.9406067214399397,0.8247918378743888,0.8055517473475802,0.6509919406627426,0.8994317947781487,0.8316997921997022,0.8381107102790596,0.9275407543172411,0.946763757023251,0.9332901396320538,0.844849188918794,0.9360177235766506,0.8556532314129485,0.9017449442580912,0.8476634304357409,0.8400716112353469,0.7747930944246794,0.5554610680667162,0.7211665405670161,1.0,0.8852344095993043,0.9074738116298975,0.9690788811579902,0.8897437471722385,0.8508430789803038,0.7544075189860829,0.7784731640219862,1.0,0.9209259831920696,0.8860597734698642,0.8935406517986472,0.8729825953401259,0.9066717219385636,0.8270815469582131,0.9800264058754428,0.9097950521995896,0.9069359354198634,0.915949032875239,0.9229928081758242,0.9404624027966194,0.7987514419131466,0.9178279785070174,0.9639353093805036,0.9223402692629277,0.8956230739885969,0.9987470194036245
0.8690166743655838,0.43895365176575535,0.8920174998404783,1.0,1.0,0.9678135442076974,0.9406067214399397,0.0,0.9670294487302477,0.9919628480985174,0.8690196493652648,0.9948197256381707,0.9302641993368229,0.8930437026528125,0.9900247874996843,0.8901826753133619,0.8771869482714229,0.9877499951614036,0.8017877736363184,0.7792870086035503,0.7652557810142353,0.8782335662512585,0.9091789968078703,0.8724311016666755,0.6426358365243252,0.756881403676296,0.9989858959719001,0.8016146317881301,0.8418809271727496,0.8529302523176269,0.8431524057333583,0.7980335273837896,0.6435862440359263,0.8054379368746075,0.8662779624741458,0.8737951598679103,0.7566550434724633,0.7415731781888714,0.7066477321843049,0.88417413002427,0.7098842715543564,0.9052783121414065,0.8587034255162301,0.9006494699362803,0.8506511610722628,1.0,0.8433360758697918,0.686206989504625,0.7459285628964911,1.0,1.0,1.0,0.9497277403288834
0.7185825199605113,0.40576567640672245,0.797625807735074,0.9152460112414966,0.8562578204524701,0.8720301238028167,0.8247918378743888,0.9670294487302477,0.0,0.8506431474553888,0.8181106791786986,0.8865426085247237,0.8467114227497327,0.983847160506471,0.9698795881270281,0.7609563796801075,0.7073483460874519,0.7804563298846897,0.7201212833808268,0.6525634293118899,0.6640356033707325,0.7657744973982505,0.7367900291638452,0.8166388806533282,0.6050329082105409,0.67821591442947,0.8395484895701268,0.6731881776438465,0.685232864704524,0.7345800141776065,0.7049660024204979,0.676522715041527,0.5636540141681002,0.6465055166006268,0.7044521792994602,0.7249669761853174,0.643964389634668,0.6340695674584813,0.6198940640479953,0.7789908456950465,0.7089323253850922,0.75014449361593,0.748900282619585,0.8781366865305754,0.7141702198030802,0.9162736557333288,0.7446597506699691,0.6042571701971846,0.6334487803633783,0.8704495716038813,0.8684024962898863,0.9211079586226524,0.8975274837112188
0.7629587122636496,0.4140057073627084,0.8134753673683278,0.8676813591053891,0.8868975613641885,0.8377705928478614,0.8055517473475802,0.9919628480985174,0.8506431474553888,0.0,0.8252128154132917,0.8210948137700916,0.7658117028314827,0.8906522225216258,0.8436953588079997,0.8235920514062595,0.7010590277522469,0.8376301354608714,0.6476932284394568,0.6687512183073794,0.6609103475972399,0.7316528863347612,0.7865889143766952,0.7805674364652536,0.5923185586275013,0.6926202926160813,0.8591485487831452,0.619979773949079,0.7553938347306967,0.7057998294587906,0.7011626958140216,0.6919218959635124,0.5525351655860452,0.7614719268078995,0.7393780459924224,0.7257295838909599,0.6191305714411747,0.5948819189285772,0.5714566516620831,0.7237261320699812,0.6243249232012251,0.8001132560793668,0.670287923429996,0.8216405998936308,0.6526800719708703,0.8384308744708447,0.6846426363748324,0.554482104038795,0.6320459407661653,0.9061389955833982,0.8360335948537793,0.8720347476338849,0.7889941302095882
0.5587345281765755,0.44707813647831923,0.677990822567887,0.7688909171856524,0.7173401916690492,0.6905548088086251,0.6509919406627426,0.8690196493652648,0.8181106791786986,0.8252128154132917,0.0,0.6724965289716824,0.7071273139807793,0.9186813878538357,0.7863947049524057,0.6753105079694742,0.5728983879481756,0.685511487407368,0.5270634037319314,0.5231340817905474,0.49686607601484856,0.7367698616806146,0.7644182656058259,0.7702289701893964,0.6952419932490037,0.675981808521005,0.7219278639092955,0.5256294174431063,0.5818628836443162,0.5459210892356332,0.5780129684277879,0.5815153196331465,0.4239540813768903,0.597512099384099,0.5843631791255255,0.6085098261074554,0.4700558686839449,0.4732484011683434,0.45101102200063214,0.6193348950474798,0.5031228439810179,0.6309135457398256,0.540717127251232,0.7281562943700669,0.5142666788307729,0.7712846071730409,0.5602964042332318,0.44967530514265036,0.48564872809088433,0.7938889082527119,0.8150569423449636,0.8250213149141664,0.7115457272183828
0.9333871630050237,0.3074151408372457,0.9295417157999958,0.9682913092848042,0.903946817983008,0.9439641286541435,0.8994317947781487,0.9948197256381707,0.8865426085247237,0.8210948137700916,0.6724965289716824,0.0,0.9787020637586558,0.7970973047973735,0.9313184030522087,0.8927591306152214,0.8744783765153722,0.9672884040862925,0.8905820962299261,0.7609158895091944,0.9020255587402269,0.6980511855288599,0.7121023991571904,0.6567952425385063,0.44910468307146895,0.5657677949981794,0.9435547783395888,0.7723561013943607,0.797036177980504,0.8373791237887166,0.8199626046670772,0.6721202871779602,0.76532340966961,0.8932393415681148,0.8087407127955625,0.7223281759558778,0.8544111926147568,0.7770362623757546,0.753383939348728,0.783943179884799,0.6513718194914897,0.8923556410555652,0.7875485024198067,0.777631957791975,0.8536515360007583,0.8344078336488171,0.8052094537243363,0.6663953791332827,0.8592457859500748,0.7924905603263485,0.8933825855520012,0.9623420666853745,0.856891695658384
0.8892552514493532,0.33707012504782424,0.9395496297368536,0.9198488415745406,0.8645703160502272,0.890294303051313,0.8316997921997022,0.9302641993368229,0.8467114227497327,0.7658117028314827,0.7071273139807793,0.9787020637586558,0.0,0.7634427041309946,0.9518903094118197,0.8988483159672853,0.7986451503861338,0.9399063081725949,0.8158510209735905,0.7338598331935909,0.7849950501040113,0.7346512919047742,0.7145136657650611,0.6900882240093356,0.49617013246284686,0.5952143846040797,0.9083208861608038,0.7205975005091672,0.8083819246409504,0.7946750885020507,0.8060531278498001,0.6654693335268554,0.6844070729327332,0.8082420060765291,0.8504456908179715,0.7467980456440417,0.7223411701490928,0.6975402396347076,0.6853790209877515,0.7714205827797191,0.6595403500840136,0.8079738651976348,0.7729504827207194,0.7323447811048012,0.7820974559421914,0.8202136080591175,0.7742181467066624,0.6460721001621227,0.8084185980369291,0.8227836582879218,0.8739560180862349,0.9801550602920018,0.8412063980951215
0.6963234548904669,0.40885900492662053,0.7351946096759194,0.8489663361929751,0.8132731805906653,0.8471287118219011,0.8381107102790596,0.8930437026528125,0.983847160506471,0.8906522225216258,0.9186813878538357,0.7970973047973735,0.7634427041309946,0.0,0.9373109536567161,0.75608454180208,0.686788084271844,0.7811937735000941,0.6642027868470674,0.6342219868244064,0.6351632447231145,0.8370335456453649,0.8112753593819261,0.7654415368764943,0.6255306222073349,0.6872279284522796,0.8536272458992687,0.7013377483750178,0.7200527708856662,0.683725185764395,0.6749837150576931,0.710172438317437,0.5183497683340536,0.6198491692863588,0.6947988435596313,0.7552094123829107,0.6803747573992505,0.647768995707969,0.5990000737965018,0.7842582756509549,0.6689264682345015,0.7218536762382699,0.6983587439815,0.8739427117381557,0.7229837300726403,0.8935608266742949,0.7217693491303814,0.5963810458740745,0.6149266010796743,0.9123528437280958,0.9152184560491201,0.8841194699577432,0.9514575180799916
0.8120658166767356,0.4026226715955641,0.9001058457227732,1.0,0.8872971443555931,0.9862873354935213,0.9275407543172411,0.9900247874996843,0.9698795881270281,0.8436953588079997,0.7863947049524057,0.9313184030522087,0.9518903094118197,0.9373109536567161,0.0,0.8187708168476006,0.7959040426342029,0.8443315141723381,0.7899977046773891,0.7728419245287977,0.8147135191194615,0.8461784566518877,0.8540129589793011,0.7660083107481502,0.5983840965752981,0.7021999007019732,0.9563319044116847,0.7642587575294547,0.8400423961316054,0.8086384478288323,0.7993038768668184,0.7865255870043834,0.6532639869715606,0.7023280189762302,0.8025569495353965,0.8679511326149483,0.7460805219718829,0.696705389018936,0.7196468499554909,0.8631653796484781,0.7557079825714519,0.9149110584757666,0.8094251176280075,0.9026558877868051,0.8051074443675224,1.0,0.8244608997098649,0.6896425329363225,0.7543827315879348,0.9357556015857236,1.0,0.9166211793744156,0.9615855433232021
0.8969259546292118,0.42094374839542714,0.8974697289668343,0.8941861878963889,0.9511754239466244,0.8676114302478328,0.946763757023251,0.8901826753133619,0.7609563796801075,0.8235920514062595,0.6753105079694742,0.8927591306152214,0.8988483159672853,0.75608454180208,0.8187708168476006,0.0,0.8643480114076223,0.9265036512962269,0.864812482186532,0.8370687974264105,0.8296759557936106,0.8855944373199861,0.839989292741085,0.7660256855078574,0.567823987136689,0.6885214532621597,0.95724739055525,0.7990508851584157,0.8861716889471736,0.839679175041796,0.8668193037201442,0.8616438443263218,0.7253645349744472,0.8103333506055885,0.9433248737125485,0.8256295972284934,0.7417175808814914,0.7443323924939088,0.72492684574921,0.7941507929154206,0.7035966338725478,0.9341944460267442,0.7837918755677015,0.7865233410973991,0.774191468522594,0.8400823265497818,0.833750830922038,0.6413763337419124,0.8190406900883768,0.8845161889596858,0.827749208020673,0.9100096313372312,0.8411924314073549
0.8736784151965395,0.4643466176504446,0.9229166326846152,0.8873787346170279,0.9091922394065777,0.8386638616852397,0.9332901396320538,0.8771869482714229,0.7073483460874519,0.7010590277522469,0.5728983879481756,0.8744783765153722,0.7986451503861338,0.686788084271844,0.7959040426342029,0.8643480114076223,0.0,0.8148652934473539,0.9834643524656831,1.0,0.9759392728169258,0.9585518499653721,0.8357930996740985,0.7713767173277531,0.5896728705281503,0.786041056865961,0.9774311173922821,0.9747463125297106,0.9790719151369353,1.0,0.9636648411052985,0.9294504969158154,0.838624587911195,0.7209118994977197,0.9870711925316926,0.9552548268980956,0.9250776372399613,0.857223135534761,0.9714278433251637,0.8753742447391685,0.8686898863732939,0.9605975538166976,1.0,0.8121544962135056,0.9717430312903647,0.8864694492975868,0.9451567658386265,0.8276367390815508,0.8258132979847423,0.8727727739260894,0.8218480045555228,0.754434687017679,0.8629105238419548
0.8692346178151238,0.35698170567798354,0.954574469443753,0.9514676401079413,0.9890610729228558,0.853788422414239,0.844849188918794,0.9877499951614036,0.7804563298846897,0.8376301354608714,0.685511487407368,0.9672884040862925,0.9399063081725949,0.7811937735000941,0.8443315141723381,0.9265036512962269,0.8148652934473539,0.0,0.8254614363386166,0.7718755366593176,0.8388466184286514,0.7289587927540395,0.7404980697599185,0.6772237594153498,0.498416796642721,0.6198776876672735,0.9609314820946029,0.7091597102729953,0.8092360388651564,0.774087182596283,0.7561776947704689,0.7426185428686717,0.7255310474783754,0.9750418806286144,0.8403319047259283,0.7508468567557016,0.7102322242983562,0.7156199787309969,0.7053829325541365,0.7734356202546648,0.6283287862441727,0.816320710766447,0.7534263392031272,0.7667325181751726,0.7679393767442485,0.7884752625955143,0.7903897932923661,0.6342076606488459,0.8016673766545827,0.8421828295259819,0.857620070591533,0.9881630257865155,0.7768742565822446
0.8672852451834915,0.39864677122031683,0.8542023632045467,0.8031030204237847,0.8318334141135605,0.8153642668718323,0.9360177235766506,0.8017877736363184,0.7201212833808268,0.6476932284394568,0.5270634037319314,0.8905820962299261,0.8158510209735905,0.6642027868470674,0.7899977046773891,0.864812482186532,0.9834643524656831,0.8254614363386166,0.0,0.9403289516971444,0.966160584825178,0.7907697800003433,0.8127841402144577,0.6922783599305663,0.4942247888124352,0.6840840128118322,0.9830809258179107,0.9565350815757234,0.9914611698561497,0.9748733641984455,0.8716771264210004,0.8576773048035218,0.9028102916361964,0.7402196626841214,0.9627991101907877,0.8922845697582931,0.96582944428866,0.9105913124932646,1.0,0.8533654150187209,0.8495011313081943,0.921181441290001,0.97031558484585,0.7953070383287666,0.9581864774999437,0.7699097441832476,0.9329250961546766,0.8423033077573338,0.976140415861405,0.7820965912431883,0.802222908335072,0.766416454556512,0.8946906173814098
0.799134770076325,0.4569889116471174,0.8439897527760988,0.7974216124815446,0.8667183523788099,0.806258131206414,0.8556532314129485,0.7792870086035503,0.6525634293118899,0.6687512183073794,0.5231340817905474,0.7609158895091944,0.7338598331935909,0.6342219868244064,0.7728419245287977,0.8370687974264105,1.0,0.7718755366593176,0.9403289516971444,0.0,0.937304074573631,0.8601045717201501,0.8419862097455615,0.6882473370722126,0.5399811932980936,0.6932412458958845,0.9207606514306924,0.9644561156656468,0.9303862746481627,0.8825219720299005,0.9324517591615882,0.9098117827048455,0.8502356288229069,0.7111629852500707,0.979872640656653,0.9267229299618681,0.860279206236139,0.8925792871826081,0.9830245601958941,0.8730490913915807,0.7764162213334526,0.9419786143125782,0.8873339097415274,0.7878197451627009,0.9182854811350624,0.790924425275868,0.8623515980410861,0.7717872752691782,0.8657314592632103,0.7990812423194401,0.7518414589042164,0.6785360065287269,0.8049319163209586
0.901225100728969,0.4064995746958909,0.8691863480164564,0.8223732503143584,0.8090275835220686,0.8433421687930329,0.9017449442580912,0.7652557810142353,0.6640356033707325,0.6609103475972399,0.49686607601484856,0.9020255587402269,0.7849950501040113,0.6351632447231145,0.8147135191194615,0.8296759557936106,0.9759392728169258,0.8388466184286514,0.966160584825178,0.937304074573631,0.0,0.809058305519014,0.7766915952891624,0.6687065893100202,0.5017160102155088,0.6981179446302872,0.930746416082965,0.9743604709744261,0.943996167664484,0.9826397820177163,0.9890289456111957,0.8676700628796832,0.92187266848403,0.7608950998248457,0.9504548638295821,0.8934672651734608,0.9517349914860115,0.9843805238244809,0.9585503875488557,0.9124635944687345,0.8338226854517238,0.9286280940838725,0.9130313221977865,0.7752412786307513,0.9428453773595935,0.8135106575655138,1.0,0.8124525923310436,0.9344341024763304,0.7633694412275642,0.7780898034585295,0.7319339648665625,0.8511583042250485
0.6598147736497513,0.6581380612100931,0.846930059856065,0.8449446063033776,0.8820993732132254,0.8591336935317929,0.8476634304357409,0.8782335662512585,0.7657744973982505,0.7316528863347612,0.7367698616806146,0.6980511855288599,0.7346512919047742,0.8370335456453649,0.8461784566518877,0.8855944373199861,0.9585518499653721,0.7289587927540395,0.7907697800003433,0.8601045717201501,0.809058305519014,0.0,0.9807938837850844,0.9521874714726124,0.8115946312417497,0.9599716603900194,0.9106080126032973,0.8115299120056081,0.851082172146165,0.8925793583430024,0.9102302731155796,0.9779552316493962,0.5788558195445596,0.6529495846401674,0.8860568825649484,0.9962376257842686,0.6862845627700851,0.6631094812606426,0.7222260127894062,0.9136320221905363,0.7108662744978375,0.7960876973619371,0.750820167381657,0.8945935464892864,0.7200169265999206,0.9014964743968474,0.8098593509152918,0.6095851299855538,0.6417764470297141,0.9469854240520078,0.8618269799117213,0.7136714459573122,0.863563685150886
0.6701120577065386,0.6251028474460705,0.8370960119801208,0.8456139087189908,0.8369358347194114,0.82760780392484,0.8400716112353469,0.9091789968078703,0.7367900291638452,0.7865889143766952,0.7644182656058259,0.7121023991571904,0.7145136657650611,0.8112753593819261,0.8540129589793011,0.839989292741085,0.8357930996740985,0.7404980697599185,0.8127841402144577,0.8419862097455615,0.7766915952891624,0.9807938837850844,0.0,0.9123074416937638,0.8574380897886836,0.9974403571967447,0.924899410677383,0.8002047824499495,0.8814623902239396,0.8111078390747402,0.8451053023824385,0.9090300618517007,0.591675769773854,0.658194815745158,0.8791269686935755,0.9219229288983958,0.6681129820858966,0.699789710066025,0.6948458383095784,0.950508815045423,0.7639714895575764,0.8535306722203083,0.7619276370118209,0.8798908014359182,0.75102354876524,0.8503429213405606,0.7671116729931553,0.645556837619647,0.6631639593005741,0.9793795290257394,0.8349291049030253,0.7308472370675747,0.8933068644871759
0.6113244540509136,0.6182470953864828,0.7246589670524954,0.8431143030025706,0.8243839266589474,0.7697013462295437,0.7747930944246794,0.8724311016666755,0.8166388806533282,0.7805674364652536,0.7702289701893964,0.6567952425385063,0.6900882240093356,0.7654415368764943,0.7660083107481502,0.7660256855078574,0.7713767173277531,0.6772237594153498,0.6922783599305663,0.6882473370722126,0.6687065893100202,0.9521874714726124,0.9123074416937638,0.0,0.9129100532493822,0.9231078039412098,0.8239145729478549,0.7076192898606131,0.6992008280613619,0.7248258160130542,0.786950538721387,0.8872758788016311,0.5164250708770375,0.6154089635711415,0.7767087415485954,0.8248848948652835,0.5954012793610877,0.5808206555017582,0.5977524312729088,0.7929807492829815,0.6176420703283898,0.7481560930119255,0.687234085290355,0.7976503758845234,0.6636349721022654,0.85867972129592,0.6688656854052539,0.5240760404215588,0.5892008108356601,0.9582615450989314,0.8508043997373984,0.7397252074771034,0.8172875625760344
0.42551139028175844,0.8056045167652612,0.548809086267478,0.6025970352270344,0.5864676441931319,0.5790927388431274,0.5554610680667162,0.6426358365243252,0.6050329082105409,0.5923185586275013,0.6952419932490037,0.44910468307146895,0.49617013246284686,0.6255306222073349,0.5983840965752981,0.567823987136689,0.5896728705281503,0.498416796642721,0.4942247888124352,0.5399811932980936,0.5017160102155088,0.8115946312417497,0.8574380897886836,0.9129100532493822,0.0,0.8322790044737652,0.6164752499303067,0.5414087708665242,0.551360047263364,0.5320148391076626,0.5766133319090332,0.6925367093804438,0.3645600091731168,0.42369859992269926,0.574190065748131,0.6604399829617718,0.41636999937520947,0.42263426358817313,0.4623479719510394,0.6269327509590539,0.4859541716949761,0.5298730701905606,0.5017485009297596,0.643078540026025,0.47364390659915173,0.651465008976581,0.5029970693625389,0.38915170191460674,0.3955056002615419,0.7430622078031878,0.643745284680258,0.5109463367337007,0.6152981673533204
0.5736317868926237,0.7434396049475179,0.6966957282764389,0.6821886305000465,0.7337657753684873,0.6980941689275317,0.7211665405670161,0.756881403676296,0.67821591442947,0.6926202926160813,0.675981808521005,0.5657677949981794,0.5952143846040797,0.6872279284522796,0.7021999007019732,0.6885214532621597,0.786041056865961,0.6198776876672735,0.6840840128118322,0.6932412458958845,0.6981179446302872,0.9599716603900194,0.9974403571967447,0.9231078039412098,0.8322790044737652,0.0,0.7953177658448781,0.769371177649347,0.7131718758744515,0.7309303732453761,0.7732860928122429,0.8629543074829708,0.4909873620569544,0.5503378676096387,0.835703857468768,0.8626113724800102,0.5745013423831028,0.5886790985538305,0.6547254812980773,0.8092738409882864,0.621450957494944,0.7153488079258788,0.7105567500954338,0.8025120039017374,0.6386688025093882,0.8032953616035176,0.6700612145016489,0.5550874949913879,0.5380425791789907,0.8221311385149769,0.73234533159845,0.6145801735748588,0.7709532310619138
0.9194967960667234,0.4459585156112396,0.9847419875917109,1.0,0.9935310485445227,0.952075728158058,1.0,0.9989858959719001,0.8395484895701268,0.8591485487831452,0.7219278639092955,0.9435547783395888,0.9083208861608038,0.8536272458992687,0.9563319044116847,0.95724739055525,0.9774311173922821,0.9609314820946029,0.9830809258179107,0.9207606514306924,0.930746416082965,0.9106080126032973,0.924899410677383,0.8239145729478549,0.6164752499303067,0.7953177658448781,0.0,0.939732671778432,0.9808261340637761,0.9665459506570434,0.9260642594764525,0.9246952721046129,0.8179463898278084,0.7864185199865079,0.9851085174926385,0.9836461745920655,0.9146234287792123,0.8976970327452238,0.8641067158482367,0.9753813354253635,0.8074172009532539,0.9642241384970381,0.9413167516315953,0.9008823995266182,0.9546422403781331,0.9297854434727733,0.9809532766487274,0.7548156469931904,0.8673622197875606,0.9331012788407403,0.9342525778200403,0.9077020084400083,0.9848321143544845
0.7700010238409115,0.47476013221183694,0.822239222642156,0.7758039510554705,0.7785315400195738,0.8214000481423854,0.8852344095993043,0.8016146317881301,0.6731881776438465,0.619979773949079,0.5256294174431063,0.7723561013943607,0.7205975005091672,0.7013377483750178,0.7642587575294547,0.7990508851584157,0.9747463125297106,0.7091597102729953,0.9565350815757234,0.9644561156656468,0.9743604709744261,0.8115299120056081,0.8002047824499495,0.7076192898606131,0.5414087708665242,0.769371177649347,0.939732671778432,0.0,0.9387002468919522,0.928831754902944,0.9062587234042276,0.97673273353253,0.8105016098720977,0.6587349317358859,1.0,0.9294204275552954,0.8338439756571264,0.8735883210745937,0.970339535443253,0.9406086138891859,0.8282005085322401,0.8797110861439769,0.8928755520417369,0.7911947893236654,0.9127444769262629,0.8395319820553337,0.9112741482805242,0.7605831403096988,0.8551671569343633,0.7732692650033174,0.7522421785439289,0.6718969596551928,0.8426433174404824
0.8305866396219274,0.4465120935724725,0.8894761869985974,0.8853681769117588,0.867168395086321,0.8512978928091809,0.9074738116298975,0.8418809271727496,0.685232864704524,0.7553938347306967,0.5818628836443162,0.797036177980504,0.8083819246409504,0.7200527708856662,0.8400423961316054,0.8861716889471736,0.9790719151369353,0.8092360388651564,0.9914611698561497,0.9303862746481627,0.943996167664484,0.851082172146165,0.8814623902239396,0.6992008280613619,0.551360047263364,0.7131718758744515,0.9808261340637761,0.9387002468919522,0.0,0.9785471758425953,0.9599142011073468,0.901012382750026,0.8598999783588022,0.7336573994659067,1.0,0.9595421729268452,0.918032615440444,0.9762056154738493,0.9781396215271955,0.9731172883774482,0.7936054234736643,0.9794013180248161,0.9357844592928065,0.8442074804919781,0.9471139897539154,0.877016733421379,0.9645106574169559,0.7671246147026693,0.8871867500685195,0.8474515950701453,0.817932325358951,0.7880615423402305,0.907519737983302
0.864828790186941,0.452683095603184,0.8951580697184408,0.8806078361937689,0.8716470272167088,0.828064653372038,0.9690788811579902,0.8529302523176269,0.7345800141776065,0.7057998294587906,0.5459210892356332,0.8373791237887166,0.7946750885020507,0.683725185764395,0.8086384478288323,0.839679175041796,1.0,0.774087182596283,0.9748733641984455,0.8825219720299005,0.9826397820177163,0.8925793583430024,0.8111078390747402,0.7248258160130542,0.5320148391076626,0.7309303732453761,0.9665459506570434,0.928831754902944,0.9785471758425953,0.0,0.9005567904597208,0.9322584647485774,0.8729437097578959,0.7040057647452972,1.0,0.9484079833004817,0.9006491851239883,0.8933453142351399,0.9619665140839734,0.8906447326662161,0.8829127232065631,0.9561123214100204,0.9920207611105096,0.8681953986246543,0.951954623426516,0.8907348563302954,0.9682161727399993,0.8860076710890122,0.8930017857720755,0.895689046277563,0.8462374134446857,0.736544118890563,0.9244939851177147
0.8482291278428156,0.4583544564697309,0.8632877302360966,0.8092411676306095,0.8686110756505351,0.7794760711751249,0.8897437471722385,0.8431524057333583,0.7049660024204979,0.7011626958140216,0.5780129684277879,0.8199626046670772,0.8060531278498001,0.6749837150576931,0.7993038768668184,0.8668193037201442,0.9636648411052985,0.7561776947704689,0.8716771264210004,0.9324517591615882,0.9890289456111957,0.9102302731155796,0.8451053023824385,0.786950538721387,0.5766133319090332,0.7732860928122429,0.9260642594764525,0.9062587234042276,0.9599142011073468,0.9005567904597208,0.0,0.9189046855295889,0.7655476232146154,0.7673909866996387,0.9338862395612502,0.872707623660414,0.8630869675776737,0.7832670858159178,0.8689503840987128,0.8420688417973606,0.7611984467161947,0.9446408741489436,0.8533455753631366,0.7946958484700275,0.8411099415320499,0.8188612989078102,0.9277064096183861,0.6994072193229587,0.8436664267567666,0.85930666261413,0.8036152034311227,0.7604961132228686,0.8223381358495478
0.7137861301986477,0.5842435798447158,0.8190016629644616,0.7457975088948298,0.8478169516229703,0.8133785947179994,0.8508430789803038,0.7980335273837896,0.676522715041527,0.6919218959635124,0.5815153196331465,0.6721202871779602,0.6654693335268554,0.710172438317437,0.7865255870043834,0.8616438443263218,0.9294504969158154,0.7426185428686717,0.8576773048035218,0.9098117827048455,0.8676700628796832,0.9779552316493962,0.9090300618517007,0.8872758788016311,0.6925367093804438,0.8629543074829708,0.9246952721046129,0.97673273353253,0.901012382750026,0.9322584647485774,0.9189046855295889,0.0,0.6592098952423634,0.6723685368335862,0.9312937080494883,0.9293744836957722,0.7366009574730116,0.7923210454538441,0.8286878879040109,0.9692264164681046,0.763463056300088,0.8290812058754982,0.8461382793147131,0.8766973442205225,0.8274105375840554,0.8534787883190372,0.8178289167091086,0.6818792187039523,0.7093166075157408,0.8865321454797145,0.7904160074184581,0.6537459051224057,0.8983471916746146
0.8376844049013837,0.3013633737411308,0.7436559768004455,0.6733388761255104,0.7233838569691253,0.6775209218455618,0.7544075189860829,0.6435862440359263,0.5636540141681002,0.5525351655860452,0.4239540813768903,0.76532340966961,0.6844070729327332,0.5183497683340536,0.6532639869715606,0.7253645349744472,0.838624587911195,0.7255310474783754,0.9028102916361964,0.8502356288229069,0.92187266848403,0.5788558195445596,0.591675769773854,0.5164250708770375,0.3645600091731168,0.4909873620569544,0.8179463898278084,0.8105016098720977,0.8598999783588022,0.8729437097578959,0.7655476232146154,0.6592098952423634,0.0,0.7655907413152087,0.8289763718153581,0.750986398110654,0.8102774222797355,0.9056820855384888,0.894527181023376,0.7154048762894406,0.6589925741366146,0.8066096267074991,0.7915373908097073,0.6230607439235949,0.8171650095101545,0.6348597482196233,0.7964734727432378,0.7166660312059625,0.882960548573369,0.6150944071658144,0.6060322874714508,0.6395567987707833,0.6769077375319978
0.884728435815764,0.3113068395180959,0.8383463775025973,0.7866970984180018,0.829837676048291,0.7482451255540696,0.7784731640219862,0.8054379368746075,0.6465055166006268,0.7614719268078995,0.597512099384099,0.8932393415681148,0.8082420060765291,0.6198491692863588,0.7023280189762302,0.8103333506055885,0.7209118994977197,0.9750418806286144,0.7402196626841214,0.7111629852500707,0.7608950998248457,0.6529495846401674,0.658194815745158,0.6154089635711415,0.42369859992269926,0.5503378676096387,0.7864185199865079,0.6587349317358859,0.7336573994659067,0.7040057647452972,0.7673909866996387,0.6723685368335862,0.7655907413152087,0.0,0.7933190872744242,0.6970392361511946,0.6501307622118742,0.6457337042191016,0.6323393262110298,0.6928450052354437,0.5472519518645053,0.8132667718274961,0.6396789351513823,0.6662561810927738,0.6725772256335039,0.7052537586280057,0.7199630711266832,0.5750629781796104,0.7538414008737546,0.7085426661445143,0.7324225938005314,0.8047293289017934,0.6477716075097006
0.8648714943058179,0.49225682462471065,0.9568393879956154,0.8832685429308769,0.9129199480459209,0.8576941611407772,1.0,0.8662779624741458,0.7044521792994602,0.7393780459924224,0.5843631791255255,0.8087407127955625,0.8504456908179715,0.6947988435596313,0.8025569495353965,0.9433248737125485,0.9870711925316926,0.8403319047259283,0.9627991101907877,0.979872640656653,0.9504548638295821,0.8860568825649484,0.8791269686935755,0.7767087415485954,0.574190065748131,0.835703857468768,0.9851085174926385,1.0,1.0,1.0,0.9338862395612502,0.9312937080494883,0.8289763718153581,0.7933190872744242,0.0,1.0,0.908307186139941,0.9397494363853128,0.9295841314504256,0.9174427889772493,0.8066375332851501,0.965650089245472,0.9547825060085944,0.8579804047963656,0.9068742716893953,0.8629898650349679,0.9847493789918347,0.8094299622866548,0.8636962839044491,0.9137763003735074,0.8610375457221914,0.7780459522358445,0.8814922166663135
0.7702546079126094,0.5280844201255259,0.8124066283625541,0.8511611281937467,0.8799556677701407,0.834212329644518,0.9209259831920696,0.8737951598679103,0.7249669761853174,0.7257295838909599,0.6085098261074554,0.7223281759558778,0.7467980456440417,0.7552094123829107,0.8679511326149483,0.8256295972284934,0.9552548268980956,0.7508468567557016,0.8922845697582931,0.9267229299618681,0.8934672651734608,0.9962376257842686,0.9219229288983958,0.8248848948652835,0.6604399829617718,0.8626113724800102,0.9836461745920655,0.9294204275552954,0.9595421729268452,0.9484079833004817,0.872707623660414,0.9293744836957722,0.750986398110654,0.6970392361511946,1.0,0.0,0.8039628760548932,0.7977558258677676,0.8753904668092516,0.8879794392956891,0.7845974824230828,0.9479618206563133,0.890183162142188,0.8787789711004219,0.8524883482408273,0.9059859975532518,0.9402866088988434,0.7498151350880771,0.7786813997082852,0.8816974313570898,0.8253222823974474,0.666173916110101,0.9066737631050272
0.9100798734957947,0.3352356232343826,0.8168376244056771,0.8097665956117035,0.7809174763779095,0.7669030015304539,0.8860597734698642,0.7566550434724633,0.643964389634668,0.6191305714411747,0.4700558686839449,0.8544111926147568,0.7223411701490928,0.6803747573992505,0.7460805219718829,0.7417175808814914,0.9250776372399613,0.7102322242983562,0.96582944428866,0.860279206236139,0.9517349914860115,0.6862845627700851,0.6681129820858966,0.5954012793610877,0.41636999937520947,0.5745013423831028,0.9146234287792123,0.8338439756571264,0.918032615440444,0.9006491851239883,0.8630869675776737,0.7366009574730116,0.8102774222797355,0.6501307622118742,0.908307186139941,0.8039628760548932,0.0,0.9412822489318898,0.944815083462131,0.8155338173234582,0.9111062205783329,0.816114507087192,1.0,0.6999419434546041,0.9567872102404725,0.7686288728165832,0.9027246035335922,0.9206665701579999,0.997531876468853,0.6919113808564545,0.7185570157335379,0.7249589945326705,0.8612780583483364
0.8314670033311358,0.35851274268016037,0.8084702544529611,0.7692839683682091,0.7698185044477117,0.7740360276797795,0.8935406517986472,0.7415731781888714,0.6340695674584813,0.5948819189285772,0.4732484011683434,0.7770362623757546,0.6975402396347076,0.647768995707969,0.696705389018936,0.7443323924939088,0.857223135534761,0.7156199787309969,0.9105913124932646,0.8925792871826081,0.9843805238244809,0.6631094812606426,0.699789710066025,0.5808206555017582,0.42263426358817313,0.5886790985538305,0.8976970327452238,0.8735883210745937,0.9762056154738493,0.8933453142351399,0.7832670858159178,0.7923210454538441,0.9056820855384888,0.6457337042191016,0.9397494363853128,0.7977558258677676,0.9412822489318898,0.0,0.9872923231781536,0.8224209114659505,0.917983126626669,0.8585796687638668,1.0,0.742851065310178,0.9364793968449924,0.7588510209886064,0.9867606178713272,0.9474734711413072,0.9032783085380587,0.7167234484000259,0.7233985575500761,0.6955739144183644,0.8699083038018305
0.8185094981568691,0.40102344169324167,0.7508277263472934,0.7534742432740442,0.7557656433322735,0.7673258171499038,0.8729825953401259,0.7066477321843049,0.6198940640479953,0.5714566516620831,0.45101102200063214,0.753383939348728,0.6853790209877515,0.5990000737965018,0.7196468499554909,0.72492684574921,0.9714278433251637,0.7053829325541365,1.0,0.9830245601958941,0.9585503875488557,0.7222260127894062,0.6948458383095784,0.5977524312729088,0.4623479719510394,0.6547254812980773,0.8641067158482367,0.970339535443253,0.9781396215271955,0.9619665140839734,0.8689503840987128,0.8286878879040109,0.894527181023376,0.6323393262110298,0.9295841314504256,0.8753904668092516,0.944815083462131,0.9872923231781536,0.0,0.8304845890377044,0.868852962342977,0.892273757050919,0.9907611151671051,0.7527812208682243,0.9487387709500248,0.7471231522687042,0.907451009564424,0.871435354613739,0.8800372011860303,0.7291502312009832,0.6915935147386706,0.632098129414809,0.8658220476699193
