Cingulate area 2,Frontal association cortex,Cornu ammonis 3,Dentate gyrus,Cornu ammonis 2,Cornu ammonis 1,Fasciola cinereum,Subiculum,Postrhinal cortex,Presubiculum,Parasubiculum,Perirhinal area 35,Perirhinal area 36,Medial entorhinal cortex,Lateral entorhinal cortex,Primary auditory area,"Secondary auditory area, dorsal part","Secondary auditory area, ventral part","Piriform cortex, layer 1","Piriform cortex, layer 2","Piriform cortex, layer 3",Ventrolateral orbital area,Lateral orbital area,Ventral orbital area,Medial orbital area,Dorsolateral orbital area,Prelimbic area,Secondary motor area,Frontal association area 3,Primary motor area,"Agranular insular cortex, ventral area",Agranular insular cortex dorsal area,Cingulate area 1,Infralimbic area,Dysgranular insular cortex,Granular insular cortex,"Primary somatosensory area, forelimb representation","Primary somatosensory area, dysgranular zone","Primary somatosensory area, face representation",Secondary somatosensory area,"Primary somatosensory area, hindlimb representation","Agranular insular cortex, posterior area","Primary somatosensory area, barrel field",Retrosplenial dysgranular area,"Primary somatosensory area, trunk representation",Retrosplenial granular area,"Parietal association cortex, lateral area","Parietal association cortex, medial area","Parietal association cortex, posterior area",Primary visual area,"Secondary visual area, lateral part",Temporal association cortex,"Secondary visual area, medial part"
0.0,0.4533766320933875,0.8672362998371015,0.9453139267066996,0.8769429752997431,0.9063842965851713,0.8095103826414178,0.7929957016203308,0.7113591874156138,0.8532135592277782,0.7574836022438893,0.7804262142766762,0.9636949060065891,0.7243384432445849,0.7283583178100299,0.6239258298828863,0.5197371692361938,0.824882849189171,0.9355221196556331,0.8362552445737039,0.8407102064332906,0.6421356740269542,0.7572762663459663,0.7940990566456803,0.6144134805677478,0.7013934091477908,0.8079324216965638,0.7831609314529444,0.794470410340383,0.8833389778846078,0.844057549552699,0.8901278992236462,0.9584651601822717,0.7320150055708979,0.9548121452362919,0.953228949212669,0.9538935072435035,0.8682620089036602,0.8068007380104474,0.7013489813641052,0.7331713172401847,0.9319428619744458,0.7222523987656561,0.8088454210761572,0.90784353138446,0.7170506222592686,0.8039863723531294,0.8532071376453273,0.7923122089099917,0.838091710722277,0.6576337353030219,0.7757619962767337,0.7649438461563423
0.4533766320933875,0.0,0.5198339791794562,0.48984477691534367,0.5652162459217446,0.4708585032658761,0.46957729336320664,0.5289401257408435,0.6319279005971223,0.5049790958620765,0.5076744115620817,0.37832783147117816,0.4769825551317745,0.66705067049736,0.5056084960571121,0.6453753769021056,0.7250618706508862,0.44602713996353827,0.43691797004951166,0.3912570262808302,0.39144744889487515,0.6787136452283709,0.5843008193495673,0.6299791432878743,0.7788095272365652,0.5601379871328048,0.639000606318802,0.688235080536987,0.4141533831225612,0.5700229846366476,0.36305172612504394,0.35855468811112207,0.543037688796474,0.40634515668811133,0.4302339534027672,0.541525879823805,0.3489151209515131,0.35010239140852684,0.4050554782472797,0.5736936600777489,0.48935918658217514,0.35125247909136303,0.47408682871298313,0.42933354876479063,0.5262237724014104,0.43146834574764703,0.3481209229893505,0.5380220138770747,0.5728488184537868,0.5818477535249449,0.6693309620257074,0.614739608048469,0.5802762054594803
0.8672362998371015,0.5198339791794562,0.0,0.9967717445884865,0.9143530810007369,0.919236111126281,0.8582320138145727,0.9506837427016627,0.8751514452039987,0.9717187735789495,0.9495515303563646,0.8404682845736019,0.953418058591113,0.8767043991541154,0.871089505749557,0.8806222054089288,0.668132236541788,0.9655864707190368,0.9470830708057106,0.8405468155147455,0.8802941328597699,0.7874178266382675,0.8395948667397358,0.8628207730319701,0.747744602996576,0.7839992239371698,0.8176039514174835,0.7848287126669047,0.9803151138304388,0.8817752167161476,0.8077914696835718,0.807891166472393,0.9103488858679976,0.741400777277628,0.8479920788039237,0.9620999940349607,0.8550642489913485,0.776245789666632,0.8624359485992753,0.8106492019800331,0.8118759889319164,0.8492893266455356,0.724689907050804,0.904711525369036,0.8914377599391857,0.8175272790045854,0.7836098174094506,0.8737200594218573,0.9130919064369343,0.9014465356585186,0.808761370142555,0.9500695077760211,0.9621885678481245
0.9453139267066996,0.48984477691534367,0.9967717445884865,0.0,0.9718645541259117,0.942493674597247,0.8465704713217175,0.9177232743493401,0.856042858978796,0.9381168177293628,0.9546096166038979,0.9009520493945403,0.9958747312381593,0.8640485480536153,0.8442001570624831,0.737134095006048,0.6133665879720546,0.9920533905605328,0.9666161859674166,0.8852931500206799,0.8999488665357206,0.7411404161673834,0.8652201235199035,0.774438322894497,0.7025549134994968,0.7793190255635771,0.7767083099367793,0.7917727634385847,0.9155922145127942,0.9135174873935529,0.8770216443880533,0.8091274749622458,0.9122761943764659,0.7453713680229747,0.8972499385729144,0.9639628692691856,0.9166515651825996,0.8054064148536764,0.8157012016007701,0.7255596237152534,0.734107952758693,0.8735539728835628,0.7077790155098694,0.9304330032266894,0.8528756086944093,0.8028563204585277,0.877050930383161,0.8750841861868169,0.8854774419229118,0.9266173873442975,0.7463616377005967,0.9558626156197871,0.8873654810074496
0.8769429752997431,0.5652162459217446,0.9143530810007369,0.9718645541259117,0.0,0.9595625196762195,0.8565780474404043,0.9341053694054312,0.8770345775177532,0.9528775747110022,0.9366059065349983,0.824935837854885,0.9281252775277513,0.8897452430967464,0.9196120620958879,0.875627206608562,0.7568332306796077,0.9117615608364045,0.8579133524247697,0.8035210428147732,0.827893123697412,0.777913898586738,0.8440347043688663,0.827347014845912,0.7833229195563473,0.9235176430370315,0.8849604059410059,0.8634356257279633,0.8946085933449023,0.9232578369154396,0.8089806392261928,0.7921525104381559,0.8395516889042799,0.7346303647320152,0.8839737632763341,1.0,0.7562903942854684,0.7527453921776822,0.8134410971868786,0.8420127353787183,0.8162234133773694,0.8313520342137646,0.7750833094794018,0.9017314758611981,0.9886018609821577,0.802326746100421,0.7756346390648178,0.9645736180759847,0.9836105727288879,1.0,0.9034587271459621,0.9879603727675152,0.9261120876988531
0.9063842965851713,0.4708585032658761,0.919236111126281,0.942493674597247,0.9595625196762195,0.0,0.8677252903644205,0.9013560168443975,0.837290948232434,0.8798782374238169,0.9465759915214306,0.8177481724684861,0.9650116667430174,0.8150358289771816,0.8707604514113906,0.8017108590533985,0.633504185842777,0.9167056079570604,0.9091985849678893,0.8763120609994698,0.828198390128495,0.7691698076262299,0.8329176962503436,0.8635685342956726,0.7076869510631079,0.7711601564749132,0.7693791049781071,0.7972317765946209,0.9642214494818564,0.9786346132430492,0.8889422879861244,0.8066810443527663,0.9437482068774959,0.7927627680670923,0.8884920068879761,0.9753039703530717,0.8373541757128373,0.8091022799480332,0.832515762500135,0.7718899098366087,0.8112917277951898,0.8613492721584445,0.7425684024267893,0.8964174030053782,0.8989255266681844,0.8457831421609581,0.849835537623053,0.9212106661780378,0.9136537969480363,0.9343546229623888,0.7376111956993612,0.8790097557084929,0.8867146718033927
0.8095103826414178,0.46957729336320664,0.8582320138145727,0.8465704713217175,0.8565780474404043,0.8677252903644205,0.0,0.8128192703655805,0.7226398058724361,0.7833711385460838,0.8499461879479869,0.8087109404202067,0.9004937467293651,0.8417604676007953,0.9445648299811963,0.6685667017435939,0.5875958885930432,0.7453899517152417,0.9505937168909658,0.8620344746496961,0.8802039935911598,0.7777695080248795,0.9084534537812903,0.9216931553393383,0.740159088119598,0.8310758905168653,0.8209083819439985,0.8424462084799251,0.8988430908732877,0.8981712768076701,0.942340556186494,0.8865819133815991,0.8877672611204334,0.9014917886847149,0.8980760061818669,0.8843973540976346,0.8605718049275426,0.8116544166640725,0.9062454867465202,0.733165087861419,0.8491574819228074,0.8685649847743824,0.8217977319981787,0.9322157273589623,0.92981587031339,0.8720548264100376,0.7302400459270549,0.9062829991979308,0.8752111317458762,0.7726691771459855,0.6690454008029407,0.7956651926934973,0.8690296600072077
0.7929957016203308,0.5289401257408435,0.9506837427016627,0.9177232743493401,0.9341053694054312,0.9013560168443975,0.8128192703655805,0.0,0.8541631628836833,0.9798168311940063,0.8700295407586297,0.8138291305326474,0.9340595328280825,0.9053144742967252,0.8915526854346899,0.8697050600422,0.7014711919027445,0.8646533482760086,0.884260513640952,0.7609781072154794,0.7921059165117739,0.7359668937641936,0.8359939243182479,0.8258756446900368,0.7491115273806659,0.8541638768289125,0.7914100320885854,0.8243906846187383,0.865026020049107,0.8643106374036403,0.765207665405689,0.6884469235355948,0.8984617054725968,0.7407658865949814,0.828317670754637,0.9194529849944622,0.7563700963436455,0.667661909932007,0.7190170099518459,0.7324517672835944,0.7582831141686436,0.7981028315147919,0.6863056625318732,0.8317891919763855,0.8661973702167427,0.7998383295096025,0.7363035429578386,0.9108949378554727,0.9652626617992233,0.9322626386433585,0.8217603067763887,0.9250643664249587,0.9386936276149934
0.7113591874156138,0.6319279005971223,0.8751514452039987,0.856042858978796,0.8770345775177532,0.837290948232434,0.7226398058724361,0.8541631628836833,0.0,0.8369499438729145,0.8655820038773463,0.6712285170095026,0.8247686382556966,0.9197102982968826,0.7627884713776958,0.8495372848573396,0.7583771178706803,0.9029582204704624,0.724810261247222,0.6551529134990641,0.6646654944800957,0.7786079352803091,0.7419064044000658,0.8122480246347091,0.8181962132989231,0.7765931533032114,0.8219408128037917,0.7948118100144476,0.7988877673452315,0.8142895248621608,0.6099540678217129,0.5869441658865683,0.7858779414973459,0.6029097086905376,0.7333067192530026,0.8841458450124875,0.6585602876636272,0.6058008084378904,0.682584658453881,0.7444223801154941,0.7218765350319079,0.6610103288815846,0.6794007560284633,0.7545443120267689,0.7832788316596734,0.6659977049102906,0.6569332869535299,0.7747613686381523,0.9018054802281201,0.9599103020332632,0.8194706351571168,0.979690181591889,0.9198062768402506
0.8532135592277782,0.5049790958620765,0.9717187735789495,0.9381168177293628,0.9528775747110022,0.8798782374238169,0.7833711385460838,0.9798168311940063,0.8369499438729145,0.0,0.9072270557285245,0.8118651056148246,0.916397615920395,0.8140961739083046,0.8048770423059889,0.7827694866791373,0.6905526645641307,0.9052882332027149,0.8673214458001086,0.8344897352655191,0.7965859792839804,0.7110684426403928,0.7665496504199117,0.7821347843717704,0.6945050824743042,0.7778090639551474,0.7691542945803708,0.8147223785685122,0.928598735104205,0.9283983333629363,0.7548521266932213,0.7269418309285367,0.8887905799608526,0.723507707186451,0.8424478321818232,0.9170056258996853,0.8387916627403734,0.7290441027146809,0.8292474728980495,0.7340359355765319,0.8217750120051198,0.8062433767570931,0.7579226897078997,0.8970382428172359,0.8781331076685907,0.7932796085772303,0.7819499687687659,0.9400281115578362,0.8200356384151662,0.9367939738689903,0.7870541697121038,0.9059088709593283,0.9581663055563109
0.7574836022438893,0.5076744115620817,0.9495515303563646,0.9546096166038979,0.9366059065349983,0.9465759915214306,0.8499461879479869,0.8700295407586297,0.8655820038773463,0.9072270557285245,0.0,0.8735928467113506,0.9492190838910798,0.9572168648213037,0.9967478385049804,0.820758953531328,0.6768665292460482,0.9099566752616599,0.8791458411405432,0.8004782152480088,0.8461234920044486,0.8209974100656577,0.8352742627378053,0.8566906697794201,0.7569294971672907,0.8789346273855927,0.81095908056421,0.7877940936129227,0.9254141621296502,0.8514381639908924,0.806740921095813,0.7090542782637612,0.8583651695496167,0.7309825256965135,0.8620773449281841,0.908399168895118,0.7639787264443478,0.7130246158882659,0.7564861302578577,0.7635529051381589,0.787134789343121,0.8362717474022867,0.7412027158589899,0.9147430921997382,0.9575775299658597,0.8528964025563002,0.7748419236085181,0.8942647662968001,0.9610394347367425,0.9005076029575785,0.7820284850989027,0.9426407363611157,0.8776581784793939
0.7804262142766762,0.37832783147117816,0.8404682845736019,0.9009520493945403,0.824935837854885,0.8177481724684861,0.8087109404202067,0.8138291305326474,0.6712285170095026,0.8118651056148246,0.8735928467113506,0.0,0.9725453128470922,0.7675793672043156,0.9173194882662082,0.6450771849656869,0.5274233591144175,0.8082435232580848,0.9047367648346616,0.9255776132092671,0.9067621628465548,0.6278338671503279,0.757327408824236,0.742806418289209,0.5451311641323047,0.7298750722168122,0.6679372252839276,0.6404552348803613,0.9575669887737898,0.8158942563844386,0.8881525778137369,0.807421065735904,0.8227872913908184,0.7934751023845436,0.938937162667258,0.8484183801783349,0.8865277112644405,0.8563402857869135,0.76163622359086,0.6501939241738539,0.8232388403996609,0.932426622136213,0.6597457007588281,0.9959456464596693,0.8687426470146652,0.9143062875428487,0.7664367948470691,0.8262338665792215,0.7839118167820419,0.80546562941625,0.6279028150553444,0.7390510287838443,0.8536272148947612
0.9636949060065891,0.4769825551317745,0.953418058591113,0.9958747312381593,0.9281252775277513,0.9650116667430174,0.9004937467293651,0.9340595328280825,0.8247686382556966,0.916397615920395,0.9492190838910798,0.9725453128470922,0.0,0.8713625415993156,0.8620043577149945,0.6902199899633977,0.5612095610108306,0.9424041735470317,0.9795549381934281,0.9556483499065788,0.9553251007676261,0.7807482419186008,0.8825017631347896,0.8423244945469064,0.671755282539186,0.801176328344147,0.8352695842365012,0.8342829405174761,1.0,0.9648383916307394,0.9406757657648525,0.8937173372973939,0.980683364380781,0.832887602255216,0.9545644596411714,0.9795424804063505,1.0,0.9237305351275269,0.883426160395633,0.7325977980569747,0.8711521084450574,0.9805792259301583,0.7417704800928338,1.0,0.9740377297711107,0.8861494743178904,0.9205935524155159,0.8849328084392325,0.9654757252902211,0.8739019861998872,0.6627143744315448,0.885798371884689,0.8870266234555372
0.7243384432445849,0.66705067049736,0.8767043991541154,0.8640485480536153,0.8897452430967464,0.8150358289771816,0.8417604676007953,0.9053144742967252,0.9197102982968826,0.8140961739083046,0.9572168648213037,0.7675793672043156,0.8713625415993156,0.0,0.9905437330753314,0.8192136749523595,0.7424012952973933,0.7850215559472973,0.791339349405083,0.7419149237398134,0.744926531697854,0.9200581994567492,0.8703523462318405,0.9514550034633784,0.8735029913406146,0.8996347836941158,0.8480909639555733,0.9211797028348295,0.8046477978437938,0.860272674583275,0.706633005648487,0.6700503252289995,0.9416451070761099,0.7131738949394157,0.8215904396023023,0.9180149967145448,0.694459861274967,0.6187547792153681,0.6907949217844328,0.7995486921290371,0.7716382505134928,0.691597916935522,0.7380030406992307,0.8073825861537797,0.8484274709993993,0.7986603765730186,0.634387171382612,0.8790015778483721,0.9140500573031869,0.9071612578408889,0.832618403819157,0.8942547662616477,0.9599625421550921
0.7283583178100299,0.5056084960571121,0.871089505749557,0.8442001570624831,0.9196120620958879,0.8707604514113906,0.9445648299811963,0.8915526854346899,0.7627884713776958,0.8048770423059889,0.9967478385049804,0.9173194882662082,0.8620043577149945,0.9905437330753314,0.0,0.7474568364866504,0.7293515645260431,0.68650872903508,0.9324908591922321,0.8895267218560148,0.8718995948724091,0.8923305437757122,0.9504357022957659,0.9062539617560651,0.7671159135200628,0.9594428274167763,0.7908515747403129,0.7470207111490345,0.9916105819966751,0.8600601471717968,0.8794723104378982,0.8199053776941229,0.8281291492288767,0.892930178927209,0.8071171030947063,0.8529102003929494,0.7541746615649846,0.712670428350874,0.7622364056493732,0.9062630865818166,0.8950039390286999,0.7976238909486123,0.8179882399624269,1.0,1.0,0.9351381021482325,0.6735692603488757,1.0,0.9886605959456315,0.798475740158617,0.8479443611645698,0.8225100792902272,1.0
0.6239258298828863,0.6453753769021056,0.8806222054089288,0.737134095006048,0.875627206608562,0.8017108590533985,0.6685667017435939,0.8697050600422,0.8495372848573396,0.7827694866791373,0.820758953531328,0.6450771849656869,0.6902199899633977,0.8192136749523595,0.7474568364866504,0.0,0.864776403826794,0.7055007209198554,0.6821991746026831,0.5998359325393031,0.6453335392119764,0.7673267373278913,0.716551418657873,0.743818984327748,0.8167821108714601,0.7847154092904332,0.7124849173050569,0.74784679674022,0.7213926985110062,0.7284979720865273,0.5877276782938332,0.554933929181563,0.742949153216088,0.6024870997390479,0.675990857571599,0.7952604130349755,0.5443400766972716,0.553434442887017,0.6333474666774631,0.7931424954335121,0.6646139424965583,0.6001896226386613,0.6160757067526628,0.6649630116304697,0.7663341242736232,0.6374229080719267,0.5757326646271236,0.7657762385815144,0.8601606702774048,0.9069888613554246,0.9022899113665636,0.8393869207439579,0.7778867925706388
0.5197371692361938,0.7250618706508862,0.668132236541788,0.6133665879720546,0.7568332306796077,0.633504185842777,0.5875958885930432,0.7014711919027445,0.7583771178706803,0.6905526645641307,0.6768665292460482,0.5274233591144175,0.5612095610108306,0.7424012952973933,0.7293515645260431,0.864776403826794,0.0,0.5564334751296164,0.580662813608924,0.5009626746478488,0.49426360945805736,0.7854992749849397,0.7001432653665312,0.6945328144285793,0.7544733181615315,0.7646419506997449,0.6830296889352422,0.6842223444768367,0.6065312716336437,0.6439374235833092,0.49887451831129603,0.4504023596330651,0.5889505032582262,0.5370631936013714,0.5587757780962278,0.6712056234595932,0.4376625881429225,0.43695924199411235,0.5203793341106285,0.8112768172250266,0.6012082023093541,0.45900171481225804,0.6393165006408741,0.6081256994775281,0.6585797585668326,0.575116267384758,0.45737185698056737,0.7820084756931448,0.7745619988795138,0.7522394118048404,0.9088134381110303,0.7370626080863983,0.7574993053617727
0.824882849189171,0.44602713996353827,0.9655864707190368,0.9920533905605328,0.9117615608364045,0.9167056079570604,0.7453899517152417,0.8646533482760086,0.9029582204704624,0.9052882332027149,0.9099566752616599,0.8082435232580848,0.9424041735470317,0.7850215559472973,0.68650872903508,0.7055007209198554,0.5564334751296164,0.0,0.7718348440544185,0.7523018738920267,0.8234052312540054,0.6377088434887952,0.6887618620345829,0.7100587751509124,0.6254639062398133,0.6561649498533881,0.729627553042513,0.7250598242118086,0.8979531835716485,0.862996662194247,0.7399481973110226,0.7345256394765651,0.8729763535867907,0.6299555012882815,0.8107615276187521,0.8863244108959362,0.8566459758123987,0.7273376567111004,0.7235870307019165,0.5736623658058355,0.6495102501292757,0.8492503345964089,0.574682331194099,0.7838286208609004,0.7660099868170424,0.6772925496118675,0.8619436497803662,0.731059561791653,0.8364939860804711,0.9564973450368252,0.6914021649146953,0.9475339191761722,0.8411228761135947
0.9355221196556331,0.43691797004951166,0.9470830708057106,0.9666161859674166,0.8579133524247697,0.9091985849678893,0.9505937168909658,0.884260513640952,0.724810261247222,0.8673214458001086,0.8791458411405432,0.9047367648346616,0.9795549381934281,0.791339349405083,0.9324908591922321,0.6821991746026831,0.580662813608924,0.7718348440544185,0.0,0.9998091649847589,0.9962823540330209,0.7316948438986877,0.8581422239223134,0.8675180424882325,0.6586281544414024,0.8227997269022536,0.8235437855664703,0.8114737032390511,0.9349799469360409,0.9536010846993923,0.9918401004335173,0.9484290030079723,0.9795234799364911,0.8967963548782276,1.0,0.9319420459593992,0.9431396165128895,0.9328181875623572,0.9958887413291794,0.7761522847495428,0.8274471669732356,0.9572289598195101,0.8175034953268974,0.9972467626457189,1.0,0.8968874699394106,0.8996779900907836,0.8606173746960076,0.9251653927726115,0.831653044828606,0.6934228045981273,0.8067819978893359,0.9118243410683153
0.8362552445737039,0.3912570262808302,0.8405468155147455,0.8852931500206799,0.8035210428147732,0.8763120609994698,0.8620344746496961,0.7609781072154794,0.6551529134990641,0.8344897352655191,0.8004782152480088,0.9255776132092671,0.9556483499065788,0.7419149237398134,0.8895267218560148,0.5998359325393031,0.5009626746478488,0.7523018738920267,0.9998091649847589,0.0,0.9820877086731404,0.6813111130722246,0.813360014870031,0.8015220958221602,0.580794842343438,0.7536020118960595,0.7598307978612403,0.7718493987328738,0.9568943302513941,0.9115949214083748,0.9593805947818896,0.9364380753614197,0.8826325390882654,0.8562467795410541,0.9041969027315436,0.9181674571874747,0.965796214796012,0.9094636584127416,0.9651921633565265,0.6841444626567535,0.8319228648525046,0.8687343878544441,0.7361747126670473,0.9226771842551346,0.941941714622385,0.9454647445502398,0.8250941138553537,0.893219217901217,0.8239468477740634,0.712837461812082,0.6000406172533157,0.7395736392845871,0.8006314401475886
0.8407102064332906,0.39144744889487515,0.8802941328597699,0.8999488665357206,0.827893123697412,0.828198390128495,0.8802039935911598,0.7921059165117739,0.6646654944800957,0.7965859792839804,0.8461234920044486,0.9067621628465548,0.9553251007676261,0.744926531697854,0.8718995948724091,0.6453335392119764,0.49426360945805736,0.8234052312540054,0.9962823540330209,0.9820877086731404,0.0,0.6703215722319412,0.8064232954509166,0.7958161817815469,0.5796072548160216,0.7317679402087709,0.6988731639223199,0.7081269421576736,0.921929310564875,0.8667876072702685,0.9411171163814039,0.9486776443851208,0.868128584737758,0.8095872183731403,0.9646677674238404,0.8835081027481686,0.9553663686562951,0.8565445940722201,0.8884649160772649,0.6898057548581921,0.7842262494005792,0.9512754728635943,0.7784290416518932,0.9121640733472487,0.8952215865602552,0.8600880645767126,0.8711069853831903,0.8066761781342681,0.808698706783889,0.7537520326322201,0.6317882144384535,0.7185933734158911,0.8608434574612677
0.6421356740269542,0.6787136452283709,0.7874178266382675,0.7411404161673834,0.777913898586738,0.7691698076262299,0.7777695080248795,0.7359668937641936,0.7786079352803091,0.7110684426403928,0.8209974100656577,0.6278338671503279,0.7807482419186008,0.9200581994567492,0.8923305437757122,0.7673267373278913,0.7854992749849397,0.6377088434887952,0.7316948438986877,0.6813111130722246,0.6703215722319412,0.0,0.8899922879847519,0.9198940732935246,0.8767513257903835,0.8650207453364889,0.8780798202491175,0.9722929132072333,0.7055828566695749,0.8330233682282303,0.6538779551613617,0.6185172730966532,0.7923369655850244,0.7051791154967243,0.7106535841219728,0.8158628977128418,0.5817633277560728,0.5685355720696528,0.6864086696704245,0.8528991228081167,0.853395294890647,0.5936960883356404,0.8241229541238307,0.7675987494914126,0.891832709345178,0.7098783474823984,0.5498253497115201,0.7953745532916802,0.8325219851296337,0.7165634708377253,0.7418773876163726,0.7766391701977634,0.8465166797919967
0.7572762663459663,0.5843008193495673,0.8395948667397358,0.8652201235199035,0.8440347043688663,0.8329176962503436,0.9084534537812903,0.8359939243182479,0.7419064044000658,0.7665496504199117,0.8352742627378053,0.757327408824236,0.8825017631347896,0.8703523462318405,0.9504357022957659,0.716551418657873,0.7001432653665312,0.6887618620345829,0.8581422239223134,0.813360014870031,0.8064232954509166,0.8899922879847519,0.0,0.9725310361690889,0.7814057604639172,0.8277953544313145,0.9078407500224757,0.9225265656829834,0.7985497841242329,0.8735012230837078,0.7885483188412387,0.7231652933672588,0.8755625043193243,0.7934896155986617,0.8195526589328037,0.8801673766543967,0.7218672996048929,0.6903454991762878,0.7745265168547665,0.8355570648612693,0.8933645476334507,0.740013157974695,0.8559317701413184,0.8791415741663074,0.9008385955980757,0.8707888918731476,0.6740349335354386,0.8942551022113374,0.8958793549511396,0.7515441425371663,0.7518140255907331,0.7721988811986463,0.9505335187586659
0.7940990566456803,0.6299791432878743,0.8628207730319701,0.774438322894497,0.827347014845912,0.8635685342956726,0.9216931553393383,0.8258756446900368,0.8122480246347091,0.7821347843717704,0.8566906697794201,0.742806418289209,0.8423244945469064,0.9514550034633784,0.9062539617560651,0.743818984327748,0.6945328144285793,0.7100587751509124,0.8675180424882325,0.8015220958221602,0.7958161817815469,0.9198940732935246,0.9725310361690889,0.0,0.8451354756533855,0.918932799572588,0.9639007168265414,1.0,0.7803943997233495,0.9268593578640699,0.7538407996135961,0.7218766846195588,0.8997316147476601,0.7856453656196828,0.8361167694493564,0.882802465207412,0.6929603406838869,0.6783810045854409,0.7639289718797728,0.8800212815005646,0.8883523502765497,0.7022534247551329,0.9249481202061091,0.8574596224557933,0.9475575446128004,0.8677083084319274,0.6437374173970556,0.9200253105926118,0.8977833923963716,0.7936797166400981,0.7880507206058402,0.8134421558047741,0.9411341281359313
0.6144134805677478,0.7788095272365652,0.747744602996576,0.7025549134994968,0.7833229195563473,0.7076869510631079,0.740159088119598,0.7491115273806659,0.8181962132989231,0.6945050824743042,0.7569294971672907,0.5451311641323047,0.671755282539186,0.8735029913406146,0.7671159135200628,0.8167821108714601,0.7544733181615315,0.6254639062398133,0.6586281544414024,0.580794842343438,0.5796072548160216,0.8767513257903835,0.7814057604639172,0.8451354756533855,0.0,0.7928526435005341,0.8178803690654094,0.856350990102494,0.6174651744355787,0.7799003309532202,0.5501485256175309,0.5247502749790377,0.6984929838390305,0.6000490744540637,0.6252992472444289,0.7633629730538102,0.5111608462334096,0.5047664956399782,0.5944149419481833,0.8110595769765345,0.6948565764260111,0.5285377869570826,0.6866723342309111,0.6215437586026834,0.775624050719017,0.6346495907702427,0.5148680466256449,0.7583128623558796,0.784816090997752,0.7564656239572121,0.8050358573036357,0.7986255831947202,0.7998914113230207
0.7013934091477908,0.5601379871328048,0.7839992239371698,0.7793190255635771,0.9235176430370315,0.7711601564749132,0.8310758905168653,0.8541638768289125,0.7765931533032114,0.7778090639551474,0.8789346273855927,0.7298750722168122,0.801176328344147,0.8996347836941158,0.9594428274167763,0.7847154092904332,0.7646419506997449,0.6561649498533881,0.8227997269022536,0.7536020118960595,0.7317679402087709,0.8650207453364889,0.8277953544313145,0.918932799572588,0.7928526435005341,0.0,0.786021762717294,0.7970117258663607,0.8400958633530005,0.8239175823109257,0.7152845561467036,0.6398672484965333,0.7696344260333126,0.7704804884265015,0.7793708571671315,0.8816284288747442,0.6469926818408841,0.653503626699089,0.7570884478291711,0.8421755076817078,0.7940226354351418,0.7072740373570381,0.7949381117705837,0.8195247814818423,0.9568956285080917,0.8242104668612171,0.6465636374320427,0.8782364162018668,0.914042342745803,0.809753044136756,0.847589188344508,0.8044433702697857,0.9229107832243825
0.8079324216965638,0.639000606318802,0.8176039514174835,0.7767083099367793,0.8849604059410059,0.7693791049781071,0.8209083819439985,0.7914100320885854,0.8219408128037917,0.7691542945803708,0.81095908056421,0.6679372252839276,0.8352695842365012,0.8480909639555733,0.7908515747403129,0.7124849173050569,0.6830296889352422,0.729627553042513,0.8235437855664703,0.7598307978612403,0.6988731639223199,0.8780798202491175,0.9078407500224757,0.9639007168265414,0.8178803690654094,0.786021762717294,0.0,0.9920784787015229,0.7479767078922656,0.8947430012102243,0.6859692567502701,0.6855515281422165,0.892851449421795,0.7427925341679064,0.8100979304860754,0.8622431691400615,0.7418065261468316,0.7050704732650055,0.7649208469155426,0.8057075201885353,0.7914466827098597,0.6994353731851494,0.8477974475233448,0.8108369683255129,0.8420507416911939,0.6962231329354586,0.6674142222933367,0.8259195537455648,0.8315024263325413,0.7831533903747158,0.7201764859117005,0.8190548226547008,0.8185839775583036
0.7831609314529444,0.688235080536987,0.7848287126669047,0.7917727634385847,0.8634356257279633,0.7972317765946209,0.8424462084799251,0.8243906846187383,0.7948118100144476,0.8147223785685122,0.7877940936129227,0.6404552348803613,0.8342829405174761,0.9211797028348295,0.7470207111490345,0.74784679674022,0.6842223444768367,0.7250598242118086,0.8114737032390511,0.7718493987328738,0.7081269421576736,0.9722929132072333,0.9225265656829834,1.0,0.856350990102494,0.7970117258663607,0.9920784787015229,0.0,0.6953139118373888,0.9137627001463015,0.712218596263212,0.7111749348093428,0.932838474720692,0.7239674610776783,0.7923570885091763,0.9129682543356408,0.6863505216755952,0.6734469132150696,0.7450872474011656,0.8332247115081006,0.8136663621839642,0.655137825232964,0.7984086222324134,0.7787958551645974,0.8941592883965565,0.6716874554298927,0.6454297468364549,0.796329306834258,0.8445269539244239,0.7891542311797285,0.7460179058450047,0.8302371358711615,0.8337161196200217
0.794470410340383,0.4141533831225612,0.9803151138304388,0.9155922145127942,0.8946085933449023,0.9642214494818564,0.8988430908732877,0.865026020049107,0.7988877673452315,0.928598735104205,0.9254141621296502,0.9575669887737898,1.0,0.8046477978437938,0.9916105819966751,0.7213926985110062,0.6065312716336437,0.8979531835716485,0.9349799469360409,0.9568943302513941,0.921929310564875,0.7055828566695749,0.7985497841242329,0.7803943997233495,0.6174651744355787,0.8400958633530005,0.7479767078922656,0.6953139118373888,0.0,0.891735238248504,0.9280417419273314,0.864871174233554,0.866051835177169,0.8590108594710716,0.8799131617808558,0.944798323218991,0.9343554345203148,0.8021483157891655,0.9585282127586142,0.7269360921135711,0.8467058714411604,0.981939803173476,0.7619909541064258,0.9886717522073303,0.9462319983396738,0.9549536324150537,0.915241757801485,0.9340537447902639,0.94723195942049,0.8553670860855932,0.7095483282110647,0.8565835972748144,0.9336945974645644
0.8833389778846078,0.5700229846366476,0.8817752167161476,0.9135174873935529,0.9232578369154396,0.9786346132430492,0.8981712768076701,0.8643106374036403,0.8142895248621608,0.9283983333629363,0.8514381639908924,0.8158942563844386,0.9648383916307394,0.860272674583275,0.8600601471717968,0.7284979720865273,0.6439374235833092,0.862996662194247,0.9536010846993923,0.9115949214083748,0.8667876072702685,0.8330233682282303,0.8735012230837078,0.9268593578640699,0.7799003309532202,0.8239175823109257,0.8947430012102243,0.9137627001463015,0.891735238248504,0.0,0.8604672877037444,0.8612206155438586,0.9546311715316497,0.8277375283165964,0.9095408080107514,0.9810615334390241,0.8240126189964249,0.7996153274789222,0.8649604950612793,0.796991400429463,0.8294179866073458,0.8089569894756297,0.8264151293776093,0.8844115010586182,0.9795606408283719,0.7757748214470531,0.7648229786933985,0.8503316909425497,0.8605171381745884,0.8011177873977244,0.7366786810925984,0.8776117873756574,0.866882238745044
0.844057549552699,0.36305172612504394,0.8077914696835718,0.8770216443880533,0.8089806392261928,0.8889422879861244,0.942340556186494,0.765207665405689,0.6099540678217129,0.7548521266932213,0.806740921095813,0.8881525778137369,0.9406757657648525,0.706633005648487,0.8794723104378982,0.5877276782938332,0.49887451831129603,0.7399481973110226,0.9918401004335173,0.9593805947818896,0.9411171163814039,0.6538779551613617,0.7885483188412387,0.7538407996135961,0.5501485256175309,0.7152845561467036,0.6859692567502701,0.712218596263212,0.9280417419273314,0.8604672877037444,0.0,1.0,0.822282572559613,0.8706850295579459,0.9032184341818031,0.859861435929197,0.9631138576810383,0.9155514013171113,0.8993016102869528,0.6602100791392347,0.7973623069125629,0.9890382490676715,0.7187802433101942,0.977256345978583,0.855276636768816,0.8188901045879898,0.8176087582320674,0.8475564397935503,0.8074956720968843,0.7168696541362142,0.6069331164756008,0.689223318803435,0.7862000815648391
0.8901278992236462,0.35855468811112207,0.807891166472393,0.8091274749622458,0.7921525104381559,0.8066810443527663,0.8865819133815991,0.6884469235355948,0.5869441658865683,0.7269418309285367,0.7090542782637612,0.807421065735904,0.8937173372973939,0.6700503252289995,0.8199053776941229,0.554933929181563,0.4504023596330651,0.7345256394765651,0.9484290030079723,0.9364380753614197,0.9486776443851208,0.6185172730966532,0.7231652933672588,0.7218766846195588,0.5247502749790377,0.6398672484965333,0.6855515281422165,0.7111749348093428,0.864871174233554,0.8612206155438586,1.0,0.0,0.8405177851206335,0.9294894531901845,0.9430992644868162,0.8049096343253674,0.9781380976472916,0.9606705786209506,0.9815584123035289,0.6599709519264101,0.7931179952800225,0.9809613417523849,0.7546522179250478,0.8589297429606231,0.8569195512090884,0.8203337521666422,0.8285159538843392,0.7763988218215471,0.7240531321949136,0.6882059603338438,0.5535960876905166,0.7086315737559223,0.7534436200154975
0.9584651601822717,0.543037688796474,0.9103488858679976,0.9122761943764659,0.8395516889042799,0.9437482068774959,0.8877672611204334,0.8984617054725968,0.7858779414973459,0.8887905799608526,0.8583651695496167,0.8227872913908184,0.980683364380781,0.9416451070761099,0.8281291492288767,0.742949153216088,0.5889505032582262,0.8729763535867907,0.9795234799364911,0.8826325390882654,0.868128584737758,0.7923369655850244,0.8755625043193243,0.8997316147476601,0.6984929838390305,0.7696344260333126,0.892851449421795,0.932838474720692,0.866051835177169,0.9546311715316497,0.822282572559613,0.8405177851206335,0.0,0.7405140068345178,0.9294483474109834,0.9412526029817818,0.8959622847458709,0.7928061045308671,0.7782717627354685,0.7761084601395549,0.8275539617415423,0.8333547419560884,0.7155212071925157,0.9138245754033613,0.8977185925965178,0.7864857039977128,0.7772483990469737,0.8785881896965382,0.8751641145070984,0.8848931504840694,0.7243251348710487,0.8537026361088292,0.8874242398555021
0.7320150055708979,0.40634515668811133,0.741400777277628,0.7453713680229747,0.7346303647320152,0.7927627680670923,0.9014917886847149,0.7407658865949814,0.6029097086905376,0.723507707186451,0.7309825256965135,0.7934751023845436,0.832887602255216,0.7131738949394157,0.892930178927209,0.6024870997390479,0.5370631936013714,0.6299555012882815,0.8967963548782276,0.8562467795410541,0.8095872183731403,0.7051791154967243,0.7934896155986617,0.7856453656196828,0.6000490744540637,0.7704804884265015,0.7427925341679064,0.7239674610776783,0.8590108594710716,0.8277375283165964,0.8706850295579459,0.9294894531901845,0.7405140068345178,0.0,0.8362569697838211,0.8301759268539153,0.8028122378004633,0.8033390477543001,0.8202993214060339,0.710118317466205,0.8208459889539219,0.7935633897949238,0.8273586960563862,0.9157448148551477,0.8958191006173881,0.9059669006687151,0.692988128718885,0.8508459843710413,0.8004380353450807,0.6576041705129656,0.6399987591169277,0.702856487180167,0.8298124288454103
0.9548121452362919,0.4302339534027672,0.8479920788039237,0.8972499385729144,0.8839737632763341,0.8884920068879761,0.8980760061818669,0.828317670754637,0.7333067192530026,0.8424478321818232,0.8620773449281841,0.938937162667258,0.9545644596411714,0.8215904396023023,0.8071171030947063,0.675990857571599,0.5587757780962278,0.8107615276187521,1.0,0.9041969027315436,0.9646677674238404,0.7106535841219728,0.8195526589328037,0.8361167694493564,0.6252992472444289,0.7793708571671315,0.8100979304860754,0.7923570885091763,0.8799131617808558,0.9095408080107514,0.9032184341818031,0.9430992644868162,0.9294483474109834,0.8362569697838211,0.0,0.9799380547037282,0.9416551236741749,0.882738179710362,0.9627232704470616,0.75429933250639,0.7765949200550051,0.9628026624434556,0.7733323379298044,0.976545534391229,0.9071341241914097,0.8344867083146505,0.8312064211829524,0.8570393044845676,0.8413238699229919,0.8538916436535472,0.6872430254657077,0.8067373152481951,0.841127465451663
0.953228949212669,0.541525879823805,0.9620999940349607,0.9639628692691856,1.0,0.9753039703530717,0.8843973540976346,0.9194529849944622,0.8841458450124875,0.9170056258996853,0.908399168895118,0.8484183801783349,0.9795424804063505,0.9180149967145448,0.8529102003929494,0.7952604130349755,0.6712056234595932,0.8863244108959362,0.9319420459593992,0.9181674571874747,0.8835081027481686,0.8158628977128418,0.8801673766543967,0.882802465207412,0.7633629730538102,0.8816284288747442,0.8622431691400615,0.9129682543356408,0.944798323218991,0.9810615334390241,0.859861435929197,0.8049096343253674,0.9412526029817818,0.8301759268539153,0.9799380547037282,0.0,0.8388015574577982,0.8285058738542589,0.8951987802597817,0.8360690586984255,0.848414618384803,0.8792108947889015,0.7975285090784606,0.909240029324944,0.9816645232667321,0.8240550370653665,0.8217236665668051,0.894732329124642,0.9470268753760407,0.9685271318488718,0.7643459556234502,0.9025684453628222,0.8963336677610239
0.9538935072435035,0.3489151209515131,0.8550642489913485,0.9166515651825996,0.7562903942854684,0.8373541757128373,0.8605718049275426,0.7563700963436455,0.6585602876636272,0.8387916627403734,0.7639787264443478,0.8865277112644405,1.0,0.694459861274967,0.7541746615649846,0.5443400766972716,0.4376625881429225,0.8566459758123987,0.9431396165128895,0.965796214796012,0.9553663686562951,0.5817633277560728,0.7218672996048929,0.6929603406838869,0.5111608462334096,0.6469926818408841,0.7418065261468316,0.6863505216755952,0.9343554345203148,0.8240126189964249,0.9631138576810383,0.9781380976472916,0.8959622847458709,0.8028122378004633,0.9416551236741749,0.8388015574577982,0.0,0.9802431012801841,0.902402842169558,0.6094666661026051,0.78062778476863,0.9689448568017306,0.6885850452012154,0.9085813409166879,0.8152099538196057,0.8196067919751557,0.8752631707341864,0.7901471794146318,0.7328122878243688,0.7159222869071137,0.5354676369716999,0.7447850914594517,0.7745691385056809
0.8682620089036602,0.35010239140852684,0.776245789666632,0.8054064148536764,0.7527453921776822,0.8091022799480332,0.8116544166640725,0.667661909932007,0.6058008084378904,0.7290441027146809,0.7130246158882659,0.8563402857869135,0.9237305351275269,0.6187547792153681,0.712670428350874,0.553434442887017,0.43695924199411235,0.7273376567111004,0.9328181875623572,0.9094636584127416,0.8565445940722201,0.5685355720696528,0.6903454991762878,0.6783810045854409,0.5047664956399782,0.653503626699089,0.7050704732650055,0.6734469132150696,0.8021483157891655,0.7996153274789222,0.9155514013171113,0.9606705786209506,0.7928061045308671,0.8033390477543001,0.882738179710362,0.8285058738542589,0.9802431012801841,0.0,0.8987555686580356,0.6396579905815869,0.7527187477993387,0.9331890833032978,0.7261247047864446,0.8067369308477421,0.8125894980151948,0.76098152459013,0.8531631299323961,0.7794521954455366,0.7199376738543364,0.7004970662950322,0.5264811332629866,0.6481448521035003,0.6958947645777779
0.8068007380104474,0.4050554782472797,0.8624359485992753,0.8157012016007701,0.8134410971868786,0.832515762500135,0.9062454867465202,0.7190170099518459,0.682584658453881,0.8292474728980495,0.7564861302578577,0.76163622359086,0.883426160395633,0.6907949217844328,0.7622364056493732,0.6333474666774631,0.5203793341106285,0.7235870307019165,0.9958887413291794,0.9651921633565265,0.8884649160772649,0.6864086696704245,0.7745265168547665,0.7639289718797728,0.5944149419481833,0.7570884478291711,0.7649208469155426,0.7450872474011656,0.9585282127586142,0.8649604950612793,0.8993016102869528,0.9815584123035289,0.7782717627354685,0.8202993214060339,0.9627232704470616,0.8951987802597817,0.902402842169558,0.8987555686580356,0.0,0.7385122549183603,0.8374563224777815,0.8620218878359696,0.8462220450205559,0.8616213851810682,0.9201046652628732,0.8122470123499085,0.8356945448842367,0.8168184533871065,0.8013272373177821,0.7018999849255863,0.5961930111896514,0.7515994133889989,0.7824785623776286
